6 0.2095 0.41154422788606 0.057 0.088455772113943
6 0.592 0.69415292353823 0.06 0.095952023988006
6 0.728 0.44677661169415 0.064 0.098950524737631
6 0.631 0.41529235382309 0.062 0.098950524737631
6 0.293 0.25937031484258 0.07 0.10494752623688
6 0.731 0.26836581709145 0.07 0.10794602698651
6 0.5175 0.54422788605697 0.061 0.095952023988006
6 0.1895 0.29310344827586 0.063 0.10044977511244
6 0.2415 0.31559220389805 0.057 0.088455772113943
6 0.8905 0.43328335832084 0.063 0.098950524737631
6 0.561 0.41304347826087 0.062 0.097451274362819
6 0.304 0.4287856071964 0.056 0.092953523238381
6 0.686 0.35157421289355 0.062 0.097451274362819
6 0.7725 0.51349325337331 0.065 0.10344827586207
6 0.8305 0.43928035982009 0.065 0.098950524737631
6 0.2295 0.17466266866567 0.071 0.10944527736132
6 0.411 0.39730134932534 0.06 0.095952023988006
6 0.093 0.39130434782609 0.054 0.083958020989505
6 0.419 0.72338830584708 0.048 0.076461769115442
6 0.348 0.36506746626687 0.06 0.097451274362819
6 0.7715 0.35457271364318 0.069 0.10944527736132
6 0.683 0.51124437781109 0.06 0.095952023988006
6 0.634 0.27511244377811 0.068 0.10644677661169
6 0.177 0.3575712143928 0.048 0.076461769115442
6 0.14 0.37631184407796 0.054 0.08695652173913
6 0.1885 0.51499250374813 0.059 0.091454272863568
6 0.5975 0.33658170914543 0.063 0.10344827586207
6 0.5975 0.8448275862069 0.063 0.091454272863568
6 0.45 0.45352323838081 0.062 0.10044977511244
6 0.2575 0.57871064467766 0.059 0.092953523238381
6 0.3455 0.50524737631184 0.057 0.089955022488756
6 0.57 0.31934032983508 0.032 0.050974512743628
6 0.5915 0.48350824587706 0.063 0.10644677661169
6 0.4875 0.39955022488756 0.063 0.097451274362819
6 0.6875 0.62893553223388 0.061 0.094452773613193
6 0.678 0.18440779610195 0.068 0.10494752623688