19 0.6365 0.15733333333333 0.023 0.026666666666667
19 0.144 0.368 0.028 0.037333333333333
19 0.232 0.564 0.018 0.021333333333333
19 0.09 0.24733333333333 0.038 0.044
19 0.366 0.37 0.028 0.038666666666667
19 0.6025 0.72066666666667 0.021 0.028
19 0.137 0.58066666666667 0.034 0.044
19 0.604 0.58133333333333 0.02 0.029333333333333
19 0.213 0.28133333333333 0.022 0.032
19 0.1645 0.446 0.021 0.028
19 0.3985 0.642 0.025 0.033333333333333
19 0.518 0.44866666666667 0.026 0.036
19 0.4565 0.41733333333333 0.019 0.024
19 0.224 0.66933333333333 0.018 0.024
19 0.5055 0.716 0.041 0.053333333333333
19 0.268 0.47466666666667 0.032 0.045333333333333
19 0.751 0.21266666666667 0.026 0.036
19 0.351 0.476 0.024 0.026666666666667
19 0.442 0.13266666666667 0.028 0.036
19 0.72 0.16066666666667 0.024 0.030666666666667
19 0.913 0.378 0.026 0.038666666666667
19 0.276 0.40533333333333 0.028 0.04
19 0.8275 0.24133333333333 0.029 0.037333333333333
19 0.3225 0.42866666666667 0.019 0.028
19 0.604 0.344 0.03 0.037333333333333
19 0.467 0.65866666666667 0.02 0.026666666666667
19 0.1425 0.506 0.033 0.041333333333333
19 0.501 0.58933333333333 0.026 0.032
19 0.345 0.536 0.028 0.037333333333333
19 0.982 0.26733333333333 0.028 0.038666666666667
19 0.4545 0.53866666666667 0.027 0.037333333333333
19 0.6165 0.124 0.027 0.034666666666667
19 0.4385 0.23866666666667 0.063 0.072
19 0.676 0.076666666666667 0.022 0.030666666666667
19 0.77 0.34533333333333 0.028 0.04
19 0.8425 0.016 0.031 0.032
19 0.7585 0.52733333333333 0.021 0.025333333333333
19 0.2455 0.18 0.025 0.029333333333333
19 0.6185 0.166 0.019 0.025333333333333
19 0.249 0.039333333333333 0.038 0.044
19 0.258 0.58466666666667 0.028 0.044
19 0.311 0.17133333333333 0.034 0.046666666666667