19 0.86458333333333 0.498046875 0.083333333333333 0.05078125
19 0.69097222222222 0.49609375 0.076388888888889 0.046875
19 0.66666666666667 0.728515625 0.090277777777778 0.05859375
19 0.80381944444444 0.6650390625 0.079861111111111 0.048828125
19 0.34548611111111 0.6416015625 0.086805555555556 0.048828125
19 0.75 0.755859375 0.090277777777778 0.0546875
19 0.421875 0.599609375 0.11458333333333 0.0703125
19 0.22743055555556 0.2587890625 0.17013888888889 0.103515625
19 0.84895833333333 0.544921875 0.086805555555556 0.05859375
19 0.52951388888889 0.3466796875 0.10069444444444 0.056640625
19 0.21180555555556 0.794921875 0.083333333333333 0.05078125
19 0.91840277777778 0.4677734375 0.10763888888889 0.068359375
19 0.42013888888889 0.5224609375 0.11111111111111 0.060546875
19 0.53298611111111 0.609375 0.10763888888889 0.05859375
19 0.37847222222222 0.9375 0.069444444444444 0.04296875
19 0.16666666666667 0.4794921875 0.13888888888889 0.091796875
19 0.37847222222222 0.5048828125 0.125 0.072265625
19 0.68576388888889 0.953125 0.09375 0.0625
19 0.97222222222222 0.625 0.055555555555556 0.046875
19 0.16666666666667 0.3134765625 0.1875 0.107421875
19 0.96527777777778 0.83984375 0.069444444444444 0.05859375
19 0.68576388888889 0.787109375 0.072916666666667 0.04296875
19 0.46875 0.4296875 0.11111111111111 0.06640625
19 0.86979166666667 0.6416015625 0.072916666666667 0.044921875
19 0.16319444444444 0.4560546875 0.11111111111111 0.064453125
19 0.51388888888889 0.6884765625 0.090277777777778 0.052734375
19 0.859375 0.818359375 0.079861111111111 0.0546875
19 0.95138888888889 0.5517578125 0.097222222222222 0.080078125
19 0.63020833333333 0.36328125 0.10069444444444 0.05859375
19 0.84027777777778 0.4287109375 0.097222222222222 0.060546875
19 0.088541666666667 0.9296875 0.10763888888889 0.06640625
19 0.22569444444444 0.6611328125 0.13888888888889 0.083984375
19 0.48090277777778 0.376953125 0.079861111111111 0.046875
19 0.090277777777778 0.404296875 0.18055555555556 0.09765625
19 0.44097222222222 0.1181640625 0.11111111111111 0.064453125
19 0.734375 0.4462890625 0.086805555555556 0.052734375
19 0.546875 0.9619140625 0.09375 0.052734375
19 0.25173611111111 0.6201171875 0.13541666666667 0.083984375
19 0.51215277777778 0.4423828125 0.19791666666667 0.060546875
19 0.84201388888889 0.861328125 0.072916666666667 0.05078125
19 0.78298611111111 0.82421875 0.086805555555556 0.0546875
19 0.60763888888889 0.6396484375 0.083333333333333 0.048828125
19 0.97395833333333 0.7158203125 0.052083333333333 0.041015625
19 0.87326388888889 0.4482421875 0.13541666666667 0.076171875
19 0.11979166666667 0.345703125 0.16319444444444 0.09375
19 0.029513888888889 0.689453125 0.059027777777778 0.05078125
19 0.57291666666667 0.453125 0.097222222222222 0.05859375
19 0.88368055555556 0.7578125 0.086805555555556 0.0546875
19 0.064236111111111 0.1337890625 0.12847222222222 0.083984375
19 0.88888888888889 0.9873046875 0.076388888888889 0.025390625
19 0.43055555555556 0.7958984375 0.11805555555556 0.072265625
19 0.21006944444444 0.2919921875 0.16319444444444 0.107421875
19 0.47222222222222 0.955078125 0.076388888888889 0.046875
19 0.58159722222222 0.765625 0.072916666666667 0.04296875
19 0.32638888888889 0.8125 0.076388888888889 0.04296875
19 0.734375 0.59765625 0.079861111111111 0.046875
19 0.828125 0.7158203125 0.079861111111111 0.044921875
19 0.63541666666667 0.560546875 0.069444444444444 0.04296875
19 0.034722222222222 0.21875 0.069444444444444 0.0703125
19 0.93576388888889 0.9013671875 0.086805555555556 0.052734375
19 0.78472222222222 0.6220703125 0.069444444444444 0.044921875
19 0.83680555555556 0.78515625 0.069444444444444 0.04296875
19 0.1875 0.9375 0.097222222222222 0.05859375
19 0.40104166666667 0.3486328125 0.13541666666667 0.076171875
19 0.72048611111111 0.4140625 0.12847222222222 0.078125
19 0.32291666666667 0.880859375 0.083333333333333 0.046875
19 0.203125 0.556640625 0.11458333333333 0.0703125
19 0.020833333333333 0.9873046875 0.041666666666667 0.025390625
19 0.66145833333333 0.841796875 0.10069444444444 0.0625