17 0.73291666666667 0.5144596651446 0.085833333333333 0.19482496194825
17 0.575 0.20319634703196 0.09 0.20852359208524
17 0.72916666666667 0.20091324200913 0.096666666666667 0.20091324200913
17 0.095 0.20015220700152 0.098333333333333 0.15981735159817
17 0.40583333333333 0.20015220700152 0.088333333333333 0.20547945205479
17 0.72666666666667 0.79223744292237 0.083333333333333 0.17503805175038
17 0.255 0.1910197869102 0.093333333333333 0.18721461187215
17 0.10583333333333 0.78158295281583 0.09 0.19634703196347
17 0.10125 0.46955859969559 0.0825 0.20852359208524
17 0.90041666666667 0.19939117199391 0.090833333333333 0.21917808219178
17 0.57375 0.779299847793 0.0875 0.18569254185693
17 0.89958333333333 0.78995433789954 0.0875 0.19786910197869
17 0.415 0.76712328767123 0.095 0.15829528158295
17 0.8875 0.47640791476408 0.10666666666667 0.1765601217656
17 0.4125 0.47716894977169 0.10166666666667 0.16590563165906
17 0.26375 0.77092846270928 0.0975 0.17808219178082
17 0.57625 0.4703196347032 0.0925 0.19482496194825
17 0.26041666666667 0.47184170471842 0.095833333333333 0.20091324200913
17 0.10041666666667 0.48021308980213 0.12916666666667 0.20547945205479
17 0.10166666666667 0.77701674277017 0.135 0.19634703196347
17 0.575 0.47412480974125 0.12833333333333 0.19634703196347
17 0.57208333333333 0.20167427701674 0.12416666666667 0.20852359208524
17 0.41833333333333 0.47716894977169 0.12666666666667 0.19634703196347
17 0.89458333333333 0.47640791476408 0.1275 0.19178082191781
17 0.099583333333333 0.19178082191781 0.1275 0.19178082191781
17 0.89541666666667 0.77549467275495 0.1225 0.19634703196347
17 0.25625 0.19786910197869 0.12583333333333 0.18873668188737
17 0.73208333333333 0.48477929984779 0.1175 0.19939117199391
17 0.26041666666667 0.47412480974125 0.12083333333333 0.19330289193303
17 0.41541666666667 0.76788432267884 0.11583333333333 0.19634703196347
17 0.27208333333333 0.77549467275495 0.1175 0.19634703196347
17 0.89625 0.19558599695586 0.1175 0.19330289193303
17 0.57166666666667 0.77321156773212 0.11833333333333 0.18873668188737
17 0.41 0.19558599695586 0.11833333333333 0.18721461187215
17 0.73125 0.19558599695586 0.11583333333333 0.18721461187215
17 0.73416666666667 0.78310502283105 0.10333333333333 0.18721461187215