17 0.177734375 0.66319444444444 0.12734375 0.2375
17 0.1203125 0.23958333333333 0.1078125 0.20138888888889
17 0.877734375 0.22430555555556 0.09296875 0.16527777777778
17 0.578125 0.24861111111111 0.08125 0.16111111111111
17 0.2796875 0.24097222222222 0.125 0.2125
17 0.662890625 0.67291666666667 0.13828125 0.26527777777778
17 0.728515625 0.24930555555556 0.09453125 0.21527777777778
17 0.428125 0.25208333333333 0.08125 0.2375
17 0.5109375 0.68055555555556 0.11875 0.22777777777778
17 0.341015625 0.68472222222222 0.11015625 0.21666666666667
17 0.834765625 0.69444444444444 0.16015625 0.25555555555556