19 0.179 0.059253246753247 0.066 0.095779220779221
19 0.739 0.91233766233766 0.082 0.11688311688312
19 0.103 0.51461038961039 0.066 0.10714285714286
19 0.9325 0.82467532467532 0.111 0.11688311688312
19 0.471 0.25649350649351 0.062 0.097402597402597
19 0.6495 0.76217532467532 0.087 0.15097402597403
19 0.307 0.86282467532468 0.066 0.11201298701299
19 0.2865 0.36607142857143 0.057 0.086038961038961
19 0.5245 0.5974025974026 0.059 0.097402597402597
19 0.3105 0.30113636363636 0.061 0.099025974025974
19 0.387 0.44561688311688 0.052 0.086038961038961
19 0.035 0.56655844155844 0.066 0.10714285714286
19 0.828 0.57467532467532 0.06 0.094155844155844
19 0.382 0.86850649350649 0.058 0.094155844155844
19 0.962 0.79301948051948 0.07 0.10551948051948
19 0.751 0.65340909090909 0.064 0.099025974025974
19 0.46 0.75162337662338 0.066 0.11363636363636
19 0.6245 0.10227272727273 0.067 0.1038961038961
19 0.627 0.28814935064935 0.064 0.099025974025974
19 0.684 0.62012987012987 0.086 0.12012987012987
19 0.881 0.8538961038961 0.068 0.097402597402597
19 0.6145 0.71834415584416 0.061 0.099025974025974
19 0.6105 0.46753246753247 0.059 0.097402597402597
19 0.789 0.51785714285714 0.074 0.12337662337662
19 0.107 0.13555194805195 0.068 0.099025974025974
19 0.575 0.6112012987013 0.06 0.10551948051948
19 0.298 0.12256493506494 0.058 0.089285714285714
19 0.5335 0.46753246753247 0.059 0.097402597402597
19 0.5425 0.37743506493506 0.061 0.099025974025974
19 0.6865 0.3262987012987 0.063 0.10064935064935
19 0.243 0.84253246753247 0.066 0.1038961038961
19 0.388 0.35551948051948 0.062 0.097402597402597
19 0.9145 0.85146103896104 0.075 0.10551948051948
19 0.6665 0.54545454545455 0.063 0.10064935064935
19 0.451 0.63555194805195 0.064 0.10551948051948
19 0.6635 0.91477272727273 0.081 0.12824675324675
19 0.235 0.61931818181818 0.064 0.10876623376623
19 0.179 0.31655844155844 0.068 0.10714285714286
19 0.8065 0.82792207792208 0.073 0.1038961038961
19 0.616 0.84821428571429 0.06 0.092532467532468
19 0.3905 0.14366883116883 0.063 0.10551948051948
19 0.2695 0.19480519480519 0.059 0.084415584415584
19 0.3755 0.068181818181818 0.059 0.094155844155844
19 0.7295 0.80113636363636 0.073 0.10876623376623
19 0.564 0.86038961038961 0.068 0.1038961038961
19 0.336 0.47402597402597 0.07 0.14285714285714
19 0.471 0.39772727272727 0.062 0.1038961038961
19 0.624 0.40503246753247 0.056 0.089285714285714
19 0.666 0.62743506493506 0.052 0.089285714285714