19 0.583 0.23851851851852 0.042 0.068148148148148
19 0.6075 0.16074074074074 0.033 0.048888888888889
19 0.6365 0.36888888888889 0.037 0.053333333333333
19 0.762 0.20148148148148 0.038 0.059259259259259
19 0.34 0.26666666666667 0.036 0.056296296296296
19 0.517 0.36148148148148 0.03 0.047407407407407
19 0.417 0.38666666666667 0.028 0.041481481481481
19 0.174 0.46518518518519 0.034 0.044444444444444
19 0.596 0.31777777777778 0.034 0.054814814814815
19 0.574 0.18 0.03 0.037037037037037
19 0.587 0.34888888888889 0.028 0.042962962962963