29 0.6515625 0.52421875 0.11354166666667 0.0515625
29 0.5484375 0.80078125 0.046875 0.0609375
29 0.11145833333333 0.459375 0.010416666666667 0.03125
29 0.50260416666667 0.75 0.028125 0.034375
29 0.36302083333333 0.8953125 0.032291666666667 0.04375
29 0.55208333333333 0.90859375 0.08125 0.0609375
29 0.76458333333333 0.5375 0.041666666666667 0.05
29 0.44010416666667 0.49453125 0.086458333333333 0.0765625
29 0.146875 0.978125 0.025 0.034375
29 0.6625 0.9171875 0.01875 0.034375
29 0.64583333333333 0.26171875 0.033333333333333 0.0390625
29 0.39114583333333 0.753125 0.017708333333333 0.01875
29 0.3453125 0.42890625 0.030208333333333 0.0453125
29 0.66770833333333 0.68984375 0.027083333333333 0.0359375
29 0.16302083333333 0.6625 0.026041666666667 0.03125
29 0.7515625 0.7125 0.026041666666667 0.028125
29 0.71145833333333 0.98984375 0.01875 0.0203125
29 0.0057291666666667 0.1953125 0.009375 0.034375
29 0.1609375 0.796875 0.030208333333333 0.01875
29 0.82604166666667 0.3203125 0.34791666666667 0.55
29 0.80833333333333 0.434375 0.027083333333333 0.028125