17 0.52626811594203 0.62589285714286 0.019927536231884 0.019642857142857
17 0.52445652173913 0.50803571428571 0.034420289855072 0.033928571428571
17 0.52264492753623 0.45446428571429 0.048913043478261 0.048214285714286
17 0.52989130434783 0.68392857142857 0.023550724637681 0.021428571428571
17 0.52536231884058 0.56696428571429 0.028985507246377 0.030357142857143
17 0.39673913043478 0.45982142857143 0.090579710144928 0.10892857142857
17 0.84510869565217 0.45267857142857 0.17572463768116 0.16607142857143
17 0.17572463768116 0.46071428571429 0.19202898550725 0.19642857142857
17 0.51811594202899 0.28928571428571 0.10507246376812 0.096428571428571
17 0.65579710144928 0.45714285714286 0.083333333333333 0.089285714285714
17 0.51539855072464 0.38303571428571 0.063405797101449 0.044642857142857