17 0.56727574750831 0.63421828908555 0.074750830564784 0.14749262536873
17 0.75664451827243 0.36873156342183 0.071428571428571 0.13569321533923
17 0.38704318936877 0.6401179941003 0.06312292358804 0.10619469026549
17 0.39285714285714 0.38938053097345 0.088039867109635 0.18289085545723
17 0.57641196013289 0.12684365781711 0.083056478405316 0.16519174041298
17 0.75332225913621 0.8598820058997 0.071428571428571 0.15044247787611
17 0.20099667774086 0.61504424778761 0.083056478405316 0.17994100294985
17 0.75996677740864 0.12536873156342 0.071428571428571 0.14454277286136
17 0.75581395348837 0.63421828908555 0.066445182724252 0.15929203539823
17 0.55813953488372 0.85398230088496 0.07641196013289 0.15044247787611
17 0.20431893687708 0.13274336283186 0.093023255813953 0.14749262536873
17 0.3812292358804 0.86578171091445 0.064784053156146 0.15634218289086
17 0.57308970099668 0.38053097345133 0.069767441860465 0.15929203539823
17 0.1968438538206 0.86725663716814 0.078073089700997 0.14749262536873
17 0.40033222591362 0.1283185840708 0.086378737541528 0.1740412979351
17 0.20431893687708 0.37315634218289 0.07641196013289 0.16814159292035