11 0.701171875 0.425 0.23359375 0.425
11 0.44609375 0.90486111111111 0.171875 0.1875
11 0.72578125 0.70347222222222 0.134375 0.18472222222222
11 0.755078125 0.15486111111111 0.11953125 0.19861111111111
11 0.665234375 0.14583333333333 0.10390625 0.17222222222222
11 0.050390625 0.69027777777778 0.10078125 0.17222222222222
11 0.211328125 0.22708333333333 0.09765625 0.15138888888889
11 0.625 0.74166666666667 0.0921875 0.16666666666667
11 0.421875 0.071527777777778 0.0921875 0.14305555555556
11 0.469921875 0.29097222222222 0.09296875 0.14583333333333
11 0.7078125 0.73819444444444 0.0828125 0.15694444444444
11 0.306640625 0.36111111111111 0.08984375 0.14444444444444
11 0.76875 0.29652777777778 0.0671875 0.10972222222222
11 0.878515625 0.26319444444444 0.06484375 0.1125
11 0.83359375 0.36805555555556 0.0640625 0.1
11 0.877734375 0.1 0.06171875 0.10277777777778
11 0.6140625 0.71458333333333 0.065625 0.093055555555556
11 0.705859375 0.75833333333333 0.06328125 0.091666666666667
11 0.703125 0.034722222222222 0.078125 0.069444444444444
11 0.1328125 0.029861111111111 0.0875 0.056944444444444