6 0.3232421875 0.52604166666667 0.033203125 0.059027777777778
6 0.533203125 0.49479166666667 0.033203125 0.055555555555556
6 0.3046875 0.47743055555556 0.033203125 0.055555555555556
6 0.470703125 0.49305555555556 0.03125 0.055555555555556
6 0.43994140625 0.2109375 0.0341796875 0.053819444444444
6 0.3837890625 0.42100694444444 0.03125 0.057291666666667
6 0.6181640625 0.34375 0.029296875 0.052083333333333
6 0.46484375 0.17274305555556 0.029296875 0.046875
6 0.6484375 0.38888888888889 0.03125 0.052083333333333
6 0.38134765625 0.63454861111111 0.0302734375 0.050347222222222
6 0.5361328125 0.40538194444444 0.03125 0.053819444444444
6 0.7119140625 0.49479166666667 0.033203125 0.059027777777778
6 0.68505859375 0.54166666666667 0.0341796875 0.059027777777778
6 0.50732421875 0.65538194444444 0.0322265625 0.057291666666667
6 0.46875 0.37673611111111 0.033203125 0.059027777777778
6 0.658203125 0.47916666666667 0.033203125 0.055555555555556
6 0.3583984375 0.37239583333333 0.033203125 0.057291666666667
6 0.35498046875 0.56684027777778 0.0341796875 0.057291666666667
6 0.529296875 0.28645833333333 0.033203125 0.055555555555556
6 0.5048828125 0.83159722222222 0.029296875 0.048611111111111
6 0.55322265625 0.22222222222222 0.0341796875 0.055555555555556
6 0.4814453125 0.79427083333333 0.03125 0.053819444444444
6 0.65087890625 0.55729166666667 0.0302734375 0.055555555555556
6 0.56494140625 0.42100694444444 0.0263671875 0.046875
6 0.4404296875 0.67621527777778 0.029296875 0.050347222222222
6 0.6015625 0.56944444444444 0.03125 0.052083333333333
6 0.529296875 0.59548611111111 0.029296875 0.052083333333333
6 0.4912109375 0.1171875 0.03515625 0.053819444444444
6 0.59228515625 0.3828125 0.0302734375 0.053819444444444
6 0.49365234375 0.33333333333333 0.0361328125 0.0625
6 0.560546875 0.34635416666667 0.033203125 0.057291666666667
6 0.62646484375 0.59982638888889 0.0322265625 0.057291666666667
6 0.46728515625 0.28211805555556 0.0341796875 0.057291666666667
6 0.5185546875 0.17013888888889 0.03515625 0.055555555555556
6 0.419921875 0.36284722222222 0.03125 0.052083333333333
6 0.5595703125 0.62760416666667 0.029296875 0.050347222222222
6 0.50537109375 0.75347222222222 0.0322265625 0.055555555555556
6 0.44140625 0.56770833333333 0.03125 0.055555555555556
6 0.50048828125 0.54600694444444 0.0341796875 0.057291666666667
6 0.5341796875 0.81076388888889 0.03125 0.052083333333333
6 0.6767578125 0.44444444444444 0.02734375 0.048611111111111
6 0.49560546875 0.43923611111111 0.0341796875 0.059027777777778
6 0.4404296875 0.421875 0.03125 0.055555555555556
6 0.4140625 0.49392361111111 0.03125 0.057291666666667
6 0.619140625 0.42100694444444 0.03515625 0.060763888888889
6 0.50048828125 0.91579861111111 0.0185546875 0.032986111111111
6 0.62255859375 0.52083333333333 0.0341796875 0.059027777777778
6 0.494140625 0.22048611111111 0.037109375 0.059027777777778
6 0.416015625 0.27170138888889 0.03515625 0.060763888888889
6 0.35986328125 0.46527777777778 0.0322265625 0.059027777777778
6 0.59619140625 0.48003472222222 0.0341796875 0.060763888888889
6 0.3291015625 0.42708333333333 0.033203125 0.059027777777778
6 0.56982421875 0.53125 0.0341796875 0.059027777777778
6 0.5908203125 0.28732638888889 0.033203125 0.053819444444444
6 0.537109375 0.69704861111111 0.03125 0.057291666666667
6 0.517578125 0.32638888888889 0.0234375 0.038194444444444
6 0.3818359375 0.32986111111111 0.03125 0.055555555555556
6 0.3837890625 0.5390625 0.03125 0.053819444444444
6 0.419921875 0.62760416666667 0.03515625 0.057291666666667
6 0.44140625 0.32899305555556 0.033203125 0.057291666666667
6 0.48388671875 0.70486111111111 0.0322265625 0.055555555555556
6 0.470703125 0.59635416666667 0.033203125 0.057291666666667