19 0.047333333333333 0.47495361781076 0.038666666666667 0.059369202226345
19 0.33133333333333 0.62337662337662 0.038666666666667 0.051948051948052
19 0.528 0.63821892393321 0.042666666666667 0.059369202226345
19 0.28933333333333 0.60111317254174 0.037333333333333 0.051948051948052
19 0.79333333333333 0.60018552875696 0.037333333333333 0.050092764378479
19 0.91266666666667 0.70037105751391 0.033333333333333 0.050092764378479
19 0.51266666666667 0.57699443413729 0.038666666666667 0.051948051948052
19 0.097333333333333 0.48979591836735 0.048 0.070500927643785
19 0.77466666666667 0.67810760667904 0.034666666666667 0.046382189239332
19 0.452 0.61688311688312 0.04 0.053803339517625
19 0.11733333333333 0.45361781076067 0.037333333333333 0.053803339517625
19 0.35666666666667 0.55473098330241 0.044 0.059369202226345