20 0.69272727272727 0.11748633879781 0.061818181818182 0.081967213114754
20 0.42545454545455 0.80601092896175 0.094545454545455 0.11475409836066
20 0.25636363636364 0.45081967213115 0.076363636363636 0.16939890710383
20 0.93818181818182 0.92349726775956 0.10181818181818 0.15300546448087
20 0.10727272727273 0.032786885245902 0.047272727272727 0.054644808743169
20 0.69090909090909 0.56284153005464 0.16727272727273 0.12021857923497
20 0.59272727272727 0.44262295081967 0.050909090909091 0.12021857923497
20 0.33818181818182 0.70765027322404 0.11636363636364 0.07103825136612
20 0.13636363636364 0.80327868852459 0.10545454545455 0.14207650273224
20 0.23272727272727 0.93169398907104 0.058181818181818 0.12568306010929
20 0.26545454545455 0.084699453551913 0.072727272727273 0.092896174863388
20 0.16545454545455 0.30054644808743 0.061818181818182 0.16393442622951
20 0.66181818181818 0.44808743169399 0.10181818181818 0.14207650273224
20 0.62545454545455 0.33333333333333 0.12363636363636 0.12021857923497
20 0.52727272727273 0.33606557377049 0.058181818181818 0.12568306010929
20 0.32181818181818 0.18852459016393 0.083636363636364 0.14754098360656
20 0.47454545454545 0.37978142076503 0.047272727272727 0.10382513661202
20 0.78727272727273 0.91530054644809 0.083636363636364 0.14754098360656
20 0.036363636363636 0.80054644808743 0.072727272727273 0.15846994535519
20 0.51818181818182 0.19125683060109 0.12727272727273 0.13114754098361
20 0.94363636363636 0.09016393442623 0.090909090909091 0.14754098360656
20 0.57636363636364 0.70491803278689 0.098181818181818 0.21857923497268
20 0.68363636363636 0.19672131147541 0.16 0.12021857923497
20 0.73636363636364 0.72404371584699 0.069090909090909 0.16939890710383