20 0.58230769230769 0.74586776859504 0.023076923076923 0.033057851239669
20 0.30230769230769 0.72314049586777 0.038461538461538 0.053719008264463
20 0.41615384615385 0.70557851239669 0.032307692307692 0.039256198347107
20 0.42076923076923 0.47210743801653 0.032307692307692 0.03099173553719
20 0.81692307692308 0.53719008264463 0.030769230769231 0.033057851239669
20 0.69538461538462 0.20144628099174 0.043076923076923 0.043388429752066
20 0.76230769230769 0.97830578512397 0.041538461538462 0.039256198347107
20 0.75230769230769 0.81198347107438 0.030769230769231 0.028925619834711
20 0.72769230769231 0.72623966942149 0.024615384615385 0.03099173553719
20 0.60307692307692 0.37706611570248 0.030769230769231 0.035123966942149
20 0.39230769230769 0.075413223140496 0.024615384615385 0.03099173553719
20 0.59076923076923 0.79545454545455 0.04 0.024793388429752
20 0.54923076923077 0.43698347107438 0.033846153846154 0.03099173553719
20 0.41076923076923 0.90805785123967 0.030769230769231 0.026859504132231
20 0.33769230769231 0.42355371900826 0.035384615384615 0.028925619834711
20 0.41692307692308 0.17768595041322 0.033846153846154 0.037190082644628
20 0.70538461538462 0.28615702479339 0.038461538461538 0.026859504132231
20 0.46 0.28305785123967 0.033846153846154 0.033057851239669
20 0.55538461538462 0.50826446280992 0.033846153846154 0.028925619834711
20 0.29615384615385 0.59710743801653 0.026153846153846 0.028925619834711
20 0.75230769230769 0.84504132231405 0.033846153846154 0.028925619834711
20 0.40769230769231 0.019628099173554 0.027692307692308 0.026859504132231
20 0.38307692307692 0.9896694214876 0.027692307692308 0.020661157024793
20 0.38230769230769 0.42252066115702 0.035384615384615 0.026859504132231
20 0.38307692307692 0.10537190082645 0.036923076923077 0.041322314049587
20 0.22307692307692 0.35020661157025 0.043076923076923 0.026859504132231
20 0.81 0.81095041322314 0.038461538461538 0.026859504132231
20 0.42769230769231 0.075413223140496 0.030769230769231 0.035123966942149
20 0.59615384615385 0.25309917355372 0.035384615384615 0.051652892561983
20 0.043846153846154 0.21694214876033 0.038461538461538 0.053719008264463
20 0.33307692307692 0.34814049586777 0.026153846153846 0.035123966942149
20 0.55230769230769 0.11570247933884 0.030769230769231 0.028925619834711
20 0.75769230769231 0.47417355371901 0.035384615384615 0.039256198347107
20 0.38923076923077 0.20144628099174 0.033846153846154 0.03099173553719