20 0.062678062678063 0.91956124314442 0.071225071225071 0.062157221206581
20 0.16880341880342 0.92321755027422 0.061253561253561 0.069469835466179
20 0.50071225071225 0.78244972577697 0.058404558404558 0.069469835466179
20 0.28205128205128 0.91681901279708 0.054131054131054 0.06764168190128
20 0.83048433048433 0.076782449725777 0.042735042735043 0.051188299817185
20 0.17877492877493 0.5018281535649 0.044159544159544 0.06764168190128
20 0.83119658119658 0.78153564899452 0.055555555555556 0.06764168190128
20 0.16951566951567 0.63528336380256 0.051282051282051 0.06764168190128
20 0.50213675213675 0.071297989031079 0.058404558404558 0.054844606946984
20 0.72008547008547 0.63893967093236 0.061253561253561 0.06764168190128
20 0.61039886039886 0.92504570383912 0.061253561253561 0.084095063985375
20 0.28347578347578 0.071297989031079 0.05982905982906 0.076782449725777
20 0.061253561253561 0.63619744058501 0.048433048433048 0.054844606946984
20 0.94159544159544 0.072212065813528 0.05982905982906 0.063985374771481
20 0.27991452991453 0.35283363802559 0.055555555555556 0.054844606946984
20 0.61182336182336 0.4926873857404 0.066951566951567 0.089579524680073
20 0.27849002849003 0.78062157221207 0.066951566951567 0.084095063985375
20 0.39031339031339 0.074954296160878 0.056980056980057 0.069469835466179
20 0.16880341880342 0.78062157221207 0.064102564102564 0.069469835466179
20 0.83333333333333 0.49725776965265 0.05982905982906 0.058500914076782
20 0.50356125356125 0.92321755027422 0.066951566951567 0.080438756855576
20 0.94159544159544 0.49908592321755 0.045584045584046 0.054844606946984
20 0.72150997150997 0.49542961608775 0.04985754985755 0.047531992687386
20 0.5014245014245 0.64442413162706 0.051282051282051 0.082266910420475
20 0.05982905982906 0.49360146252285 0.074074074074074 0.11700182815356
20 0.060541310541311 0.071297989031079 0.061253561253561 0.051188299817185
20 0.39031339031339 0.78153564899452 0.068376068376068 0.085923217550274
20 0.05982905982906 0.21480804387569 0.065527065527066 0.060329067641682
20 0.16880341880342 0.21389396709324 0.04985754985755 0.062157221206581
20 0.058404558404558 0.77879341864717 0.042735042735043 0.073126142595978
20 0.38960113960114 0.35557586837294 0.047008547008547 0.056672760511883
20 0.94017094017094 0.92230347349177 0.054131054131054 0.082266910420475
20 0.83190883190883 0.92138939670932 0.062678062678063 0.051188299817185
20 0.83048433048433 0.35740402193784 0.054131054131054 0.074954296160878
20 0.49928774928775 0.21389396709324 0.04985754985755 0.054844606946984
20 0.72222222222222 0.075868372943327 0.045584045584046 0.053016453382084
20 0.28133903133903 0.63985374771481 0.04985754985755 0.073126142595978
20 0.5 0.35283363802559 0.051282051282051 0.054844606946984
20 0.062678062678063 0.35557586837294 0.065527065527066 0.060329067641682
20 0.72293447293447 0.92138939670932 0.061253561253561 0.073126142595978
20 0.94088319088319 0.78153564899452 0.061253561253561 0.056672760511883
20 0.61111111111111 0.21297989031079 0.05982905982906 0.060329067641682
20 0.28062678062678 0.49725776965265 0.045584045584046 0.058500914076782
20 0.60754985754986 0.072212065813528 0.061253561253561 0.060329067641682
20 0.60826210826211 0.63985374771481 0.05982905982906 0.06581352833638
20 0.39031339031339 0.21389396709324 0.05982905982906 0.062157221206581
20 0.39031339031339 0.63528336380256 0.045584045584046 0.060329067641682
20 0.71438746438746 0.78336380255941 0.092592592592593 0.11517367458867
20 0.60826210826211 0.77970749542962 0.096866096866097 0.11151736745887
20 0.39031339031339 0.4963436928702 0.051282051282051 0.071297989031079
20 0.28276353276353 0.21389396709324 0.06980056980057 0.076782449725777
20 0.38960113960114 0.92321755027422 0.058404558404558 0.073126142595978
20 0.94159544159544 0.21755027422303 0.054131054131054 0.084095063985375
20 0.71937321937322 0.35374771480804 0.054131054131054 0.063985374771481
20 0.83119658119658 0.63802559414991 0.052706552706553 0.06581352833638
20 0.60826210826211 0.35740402193784 0.054131054131054 0.053016453382084
20 0.83190883190883 0.21663619744059 0.062678062678063 0.063985374771481
20 0.71937321937322 0.21297989031079 0.056980056980057 0.056672760511883
20 0.50213675213675 0.4981718464351 0.055555555555556 0.056672760511883
20 0.94159544159544 0.63985374771481 0.042735042735043 0.062157221206581
20 0.16951566951567 0.072212065813528 0.05982905982906 0.056672760511883
20 0.94088319088319 0.35648994515539 0.052706552706553 0.054844606946984
20 0.16737891737892 0.35466179159049 0.047008547008547 0.051188299817185