21 0.47734375 0.64375 0.2140625 0.51805555555556
21 0.6328125 0.24027777777778 0.16875 0.475
21 0.351171875 0.16736111111111 0.20390625 0.33472222222222
21 0.11953125 0.85069444444444 0.153125 0.29305555555556
21 0.084765625 0.78263888888889 0.16953125 0.28472222222222
21 0.333203125 0.78333333333333 0.13046875 0.31666666666667
21 0.409765625 0.43541666666667 0.14609375 0.28194444444444
21 0.383984375 0.22847222222222 0.18828125 0.20138888888889
21 0.698828125 0.44652777777778 0.13671875 0.24583333333333
21 0.035546875 0.55972222222222 0.07109375 0.22222222222222
21 0.020703125 0.061805555555556 0.03984375 0.12083333333333
21 0.313671875 0.92847222222222 0.05703125 0.12083333333333