6 0.59472222222222 0.13 0.051666666666667 0.073333333333333
6 0.47944444444444 0.75208333333333 0.053333333333333 0.079166666666667
6 0.47444444444444 0.56875 0.054444444444444 0.080833333333333
6 0.60027777777778 0.79083333333333 0.053888888888889 0.08
6 0.76888888888889 0.6725 0.053333333333333 0.078333333333333
6 0.6725 0.23416666666667 0.055 0.076666666666667
6 0.65888888888889 0.46125 0.054444444444444 0.084166666666667
6 0.25861111111111 0.6875 0.052777777777778 0.078333333333333
6 0.53555555555556 0.44041666666667 0.054444444444444 0.080833333333333
6 0.53916666666667 0.6675 0.053888888888889 0.081666666666667
6 0.73027777777778 0.345 0.053888888888889 0.08
6 0.71555555555556 0.58958333333333 0.056666666666667 0.085833333333333
6 0.54388888888889 0.86916666666667 0.05 0.073333333333333
6 0.42055555555556 0.20791666666667 0.047777777777778 0.069166666666667
6 0.41777777777778 0.655 0.047777777777778 0.071666666666667
6 0.42 0.85916666666667 0.047777777777778 0.071666666666667
6 0.37277777777778 0.29291666666667 0.047777777777778 0.0725
6 0.7875 0.31833333333333 0.052777777777778 0.078333333333333
6 0.71222222222222 0.80666666666667 0.055555555555556 0.08
6 0.59944444444444 0.52958333333333 0.052222222222222 0.079166666666667
6 0.76638888888889 0.47583333333333 0.051666666666667 0.08
6 0.32444444444444 0.5725 0.052222222222222 0.076666666666667
6 0.47805555555556 0.13083333333333 0.047222222222222 0.066666666666667
6 0.47555555555556 0.32333333333333 0.053333333333333 0.078333333333333
6 0.82166666666667 0.57583333333333 0.055555555555556 0.081666666666667
6 0.41055555555556 0.43333333333333 0.051111111111111 0.08
6 0.66083333333333 0.67875 0.052777777777778 0.080833333333333
6 0.3 0.40833333333333 0.052222222222222 0.08
6 0.52611111111111 0.22458333333333 0.051111111111111 0.074166666666667
6 0.64972222222222 0.90083333333333 0.058333333333333 0.085
6 0.52694444444444 0.075 0.053888888888889 0.075
6 0.20638888888889 0.55208333333333 0.050555555555556 0.075833333333333
6 0.33638888888889 0.78541666666667 0.052777777777778 0.079166666666667
6 0.59972222222222 0.33333333333333 0.051666666666667 0.076666666666667