6 0.83130575831306 0.44069343065693 0.060016220600162 0.088199513381995
6 0.20944849959448 0.41240875912409 0.051500405515004 0.079075425790754
6 0.34752635847526 0.36800486618005 0.0551500405515 0.085158150851582
6 0.63645579886456 0.28223844282238 0.059610705596107 0.091240875912409
6 0.48722627737226 0.40115571776156 0.037712895377129 0.063868613138686
6 0.56995133819951 0.3205596107056 0.016626115166261 0.031630170316302
6 0.60097323600973 0.84610705596107 0.049472830494728 0.074209245742092
6 0.68734793187348 0.35066909975669 0.0551500405515 0.08698296836983
6 0.5176399026764 0.54774939172749 0.053933495539335 0.08698296836983
6 0.18714517437145 0.51794403892944 0.052311435523114 0.076034063260341
6 0.18856447688564 0.29257907542579 0.055961070559611 0.082725060827251
6 0.41991078669911 0.72201946472019 0.045012165450122 0.068126520681265
6 0.77270884022709 0.3573600973236 0.057988645579886 0.088199513381995
6 0.22891321978913 0.17609489051095 0.064476885644769 0.091849148418491
6 0.6315896188159 0.41362530413625 0.053933495539335 0.081508515815085
6 0.72708840227088 0.44799270072993 0.0551500405515 0.084549878345499
6 0.17660178426602 0.35796836982968 0.048256285482563 0.072384428223844
6 0.44991889699919 0.45650851581509 0.053933495539335 0.080900243309002
6 0.25912408759124 0.58059610705596 0.056772100567721 0.084549878345499
6 0.68694241686942 0.62895377128954 0.05433901054339 0.081508515815085
6 0.34549878345499 0.5036496350365 0.051094890510949 0.08029197080292
6 0.30312246553122 0.42548661800487 0.053933495539335 0.080900243309002
6 0.77189781021898 0.5139902676399 0.057177615571776 0.088807785888078
6 0.59063260340633 0.48844282238443 0.053122465531225 0.085158150851582
6 0.5926601784266 0.69464720194647 0.052311435523114 0.082725060827251
6 0.56204379562044 0.41636253041363 0.058394160583942 0.088199513381995
6 0.24006488240065 0.31447688564477 0.05271695052717 0.081508515815085
6 0.67883211678832 0.18369829683698 0.058394160583942 0.083941605839416
6 0.89172749391727 0.43187347931873 0.059205190592052 0.091240875912409
6 0.13990267639903 0.37560827250608 0.047850770478508 0.07360097323601
6 0.4095701540957 0.40206812652068 0.051094890510949 0.08029197080292
6 0.59813463098135 0.3397201946472 0.050283860502839 0.078467153284672
6 0.73073803730738 0.26976885644769 0.064882400648824 0.095498783454988
6 0.68471208434712 0.51429440389294 0.053122465531225 0.080900243309002
6 0.29237631792376 0.25821167883212 0.061638280616383 0.088199513381995
6 0.093268450932685 0.39081508515815 0.051094890510949 0.077250608272506