17 0.56666666666667 0.2340206185567 0.0375 0.063917525773196
17 0.76197916666667 0.92783505154639 0.038541666666667 0.070103092783505
17 0.565625 0.067010309278351 0.039583333333333 0.072164948453608
17 0.86145833333333 0.92783505154639 0.035416666666667 0.065979381443299
17 0.66510416666667 0.060824742268041 0.040625 0.068041237113402
17 0.6640625 0.75567010309278 0.036458333333333 0.063917525773196
17 0.8609375 0.058762886597938 0.036458333333333 0.068041237113402
17 0.76197916666667 0.23505154639175 0.034375 0.065979381443299
17 0.95885416666667 0.92577319587629 0.036458333333333 0.065979381443299
17 0.7625 0.061855670103093 0.0375 0.074226804123711
17 0.85989583333333 0.75257731958763 0.038541666666667 0.070103092783505
17 0.56510416666667 0.58144329896907 0.036458333333333 0.065979381443299
17 0.9578125 0.75360824742268 0.038541666666667 0.068041237113402
17 0.95989583333333 0.40824742268041 0.036458333333333 0.065979381443299
17 0.66458333333333 0.92680412371134 0.039583333333333 0.068041237113402
17 0.565625 0.41030927835052 0.0375 0.065979381443299
17 0.95885416666667 0.57628865979381 0.038541666666667 0.068041237113402
17 0.56510416666667 0.75773195876289 0.038541666666667 0.068041237113402
17 0.66510416666667 0.24123711340206 0.038541666666667 0.070103092783505
17 0.86197916666667 0.23505154639175 0.038541666666667 0.070103092783505
17 0.665625 0.41030927835052 0.0375 0.065979381443299
17 0.56510416666667 0.75670103092784 0.021875 0.045360824742268
17 0.859375 0.58041237113402 0.0375 0.068041237113402
17 0.76302083333333 0.41030927835052 0.032291666666667 0.057731958762887
17 0.66354166666667 0.58453608247423 0.039583333333333 0.072164948453608
17 0.76302083333333 0.75876288659794 0.030208333333333 0.05360824742268
17 0.95989583333333 0.2319587628866 0.040625 0.072164948453608
17 0.76197916666667 0.57938144329897 0.034375 0.065979381443299
17 0.86041666666667 0.40618556701031 0.035416666666667 0.065979381443299
17 0.95677083333333 0.063917525773196 0.038541666666667 0.070103092783505
17 0.56614583333333 0.92886597938144 0.038541666666667 0.068041237113402