17 0.63133333333333 0.856 0.028 0.036
17 0.89666666666667 0.1505 0.026666666666667 0.035
17 0.28 0.267 0.024 0.038
17 0.19066666666667 0.2685 0.029333333333333 0.043
17 0.19166666666667 0.151 0.023333333333333 0.038
17 0.45566666666667 0.3865 0.024666666666667 0.039
17 0.80833333333333 0.736 0.022 0.034
17 0.455 0.5045 0.024666666666667 0.039
17 0.192 0.387 0.026666666666667 0.034
17 0.36533333333333 0.855 0.022666666666667 0.044
17 0.19033333333333 0.6215 0.027333333333333 0.039
17 0.63 0.2685 0.025333333333333 0.039
17 0.543 0.5055 0.023333333333333 0.037
17 0.63066666666667 0.7385 0.025333333333333 0.041
17 0.102 0.5015 0.029333333333333 0.041
17 0.63233333333333 0.6215 0.027333333333333 0.039
17 0.80933333333333 0.153 0.026666666666667 0.034
17 0.19166666666667 0.8545 0.027333333333333 0.037
17 0.45533333333333 0.269 0.028 0.038
17 0.806 0.8535 0.025333333333333 0.043
17 0.36633333333333 0.7375 0.022 0.035
17 0.544 0.155 0.026666666666667 0.04
17 0.71933333333333 0.8575 0.026666666666667 0.037
17 0.278 0.3855 0.029333333333333 0.047
17 0.63033333333333 0.149 0.026 0.038
17 0.19233333333333 0.739 0.028666666666667 0.034
17 0.89566666666667 0.8585 0.024666666666667 0.035
17 0.10166666666667 0.2675 0.028666666666667 0.041
17 0.89666666666667 0.7375 0.026666666666667 0.037
17 0.18966666666667 0.505 0.027333333333333 0.034
17 0.10166666666667 0.149 0.031333333333333 0.044
17 0.895 0.62 0.027333333333333 0.04
17 0.10266666666667 0.7375 0.026666666666667 0.039
17 0.103 0.857 0.027333333333333 0.032
17 0.45466666666667 0.618 0.030666666666667 0.042
17 0.72066666666667 0.3845 0.028 0.043
17 0.896 0.383 0.026666666666667 0.042
17 0.36566666666667 0.503 0.024666666666667 0.036
17 0.721 0.1525 0.023333333333333 0.037
17 0.27966666666667 0.1485 0.034 0.047
17 0.81 0.2705 0.025333333333333 0.037
17 0.80766666666667 0.504 0.020666666666667 0.032
17 0.542 0.3855 0.028 0.039
17 0.80933333333333 0.3835 0.022666666666667 0.039
17 0.366 0.2695 0.024 0.041
17 0.36666666666667 0.385 0.026666666666667 0.036
17 0.27733333333333 0.6195 0.024 0.037
17 0.10133333333333 0.386 0.024 0.042
17 0.45466666666667 0.7385 0.024 0.045
17 0.54233333333333 0.7375 0.027333333333333 0.039
17 0.10133333333333 0.6205 0.032 0.045
17 0.72133333333333 0.266 0.028 0.038
17 0.454 0.148 0.030666666666667 0.044
17 0.718 0.739 0.033333333333333 0.044
17 0.63033333333333 0.5025 0.027333333333333 0.039
17 0.71833333333333 0.5025 0.03 0.039
17 0.80666666666667 0.618 0.032 0.044
17 0.54466666666667 0.8595 0.024 0.037
17 0.71933333333333 0.6205 0.025333333333333 0.037
17 0.89666666666667 0.504 0.028 0.036
17 0.28066666666667 0.8565 0.026666666666667 0.039
17 0.89666666666667 0.2695 0.030666666666667 0.043
17 0.27833333333333 0.501 0.026 0.044
17 0.28 0.739 0.026666666666667 0.036
17 0.366 0.6225 0.024 0.039
17 0.36766666666667 0.1505 0.028666666666667 0.039
17 0.54466666666667 0.622 0.026666666666667 0.042
17 0.45533333333333 0.854 0.029333333333333 0.036
17 0.54266666666667 0.2705 0.025333333333333 0.035
17 0.632 0.3845 0.036 0.037