46 0.38642857142857 0.49223300970874 0.10428571428571 0.12621359223301
46 0.61642857142857 0.82038834951456 0.081428571428571 0.095145631067961
46 0.89857142857143 0.84271844660194 0.10571428571429 0.093203883495146
46 0.12 0.82912621359223 0.094285714285714 0.10873786407767
46 0.35785714285714 0.80388349514563 0.11857142857143 0.10097087378641
46 0.89142857142857 0.47281553398058 0.10857142857143 0.11844660194175
46 0.11642857142857 0.47378640776699 0.10714285714286 0.10485436893204
46 0.12642857142857 0.16407766990291 0.11857142857143 0.12233009708738
46 0.37142857142857 0.17572815533981 0.13714285714286 0.12233009708738
46 0.58214285714286 0.45631067961165 0.084285714285714 0.097087378640777
46 0.61928571428571 0.15825242718447 0.11571428571429 0.15339805825243
46 0.88357142857143 0.14174757281553 0.13285714285714 0.15533980582524