20 0.36692307692308 0.82470892626132 0.12153846153846 0.091849935316947
20 0.40769230769231 0.71992238033635 0.089230769230769 0.073738680465718
20 0.61153846153846 0.53104786545925 0.12769230769231 0.10996119016818
20 0.31923076923077 0.88551099611902 0.078461538461538 0.063389391979301
20 0.72769230769231 0.43014230271669 0.14461538461538 0.11254851228978
20 0.24692307692308 0.86028460543338 0.10307692307692 0.077619663648124
20 0.58615384615385 0.26196636481242 0.19076923076923 0.15912031047865
20 0.28076923076923 0.95019404915912 0.10307692307692 0.086675291073739
20 0.31307692307692 0.75355756791721 0.084615384615385 0.065976714100906
20 0.20846153846154 0.80465717981889 0.12461538461538 0.090556274256145
20 0.52461538461538 0.65782664941785 0.13538461538462 0.11254851228978