17 0.51166666666667 0.14797687861272 0.10833333333333 0.19190751445087
17 0.49625 0.62543352601156 0.13416666666667 0.17803468208092
17 0.88208333333333 0.36936416184971 0.1075 0.17456647398844
17 0.885 0.14335260115607 0.12333333333333 0.15722543352601
17 0.31333333333333 0.37225433526012 0.11166666666667 0.15260115606936
17 0.31708333333333 0.13468208092486 0.12583333333333 0.16531791907514
17 0.30625 0.85433526011561 0.1275 0.18034682080925
17 0.12083333333333 0.13063583815029 0.12166666666667 0.16647398843931
17 0.88958333333333 0.62485549132948 0.13583333333333 0.17456647398844
17 0.69375 0.37687861271676 0.1025 0.16416184971098
17 0.11708333333333 0.85953757225434 0.1225 0.17225433526012
17 0.69708333333333 0.14913294797688 0.12083333333333 0.12947976878613
17 0.49833333333333 0.84046242774566 0.12 0.15953757225434
17 0.88875 0.86011560693642 0.12416666666667 0.16647398843931
17 0.12166666666667 0.36878612716763 0.11666666666667 0.15722543352601
17 0.5025 0.37456647398844 0.125 0.15953757225434
17 0.69416666666667 0.63005780346821 0.12 0.15953757225434
17 0.69416666666667 0.85549132947977 0.12666666666667 0.16184971098266
17 0.12375 0.5971098265896 0.1125 0.13988439306358
17 0.30458333333333 0.60809248554913 0.11083333333333 0.15028901734104