19 0.29003558718861 0.406875 0.13523131672598 0.07875
19 0.52313167259786 0.46 0.16014234875445 0.0375
19 0.57740213523132 0.765625 0.080071174377224 0.05125
19 0.31227758007117 0.61125 0.13345195729537 0.0575
19 0.605871886121 0.680625 0.1085409252669 0.07375
19 0.23042704626335 0.615625 0.15836298932384 0.06375
19 0.38345195729537 0.104375 0.11209964412811 0.06625
19 0.23843416370107 0.8525 0.092526690391459 0.055
19 0.43950177935943 0.744375 0.099644128113879 0.06875
19 0.50978647686833 0.91125 0.1085409252669 0.0675
19 0.13167259786477 0.645 0.067615658362989 0.045
19 0.66725978647687 0.745625 0.1779359430605 0.04875
19 0.76334519572954 0.10625 0.11032028469751 0.085
19 0.45017793594306 0.68375 0.12811387900356 0.0775
19 0.71886120996441 0.29375 0.088967971530249 0.055
19 0.18594306049822 0.26 0.083629893238434 0.0525
19 0.62010676156584 0.56 0.10142348754448 0.0575
19 0.78202846975089 0.604375 0.12277580071174 0.08375