20 0.84397163120567 0.73650793650794 0.056737588652482 0.057142857142857
20 0.17198581560284 0.56666666666667 0.095744680851064 0.098412698412698
20 0.92996453900709 0.74920634920635 0.033687943262411 0.031746031746032
20 0.70212765957447 0.52539682539683 0.060283687943262 0.053968253968254
20 0.46808510638298 0.1968253968254 0.060283687943262 0.053968253968254
20 0.24556737588652 0.25793650793651 0.069148936170213 0.058730158730159
20 0.1968085106383 0.53174603174603 0.063829787234043 0.06031746031746
20 0.74379432624113 0.61349206349206 0.037234042553191 0.036507936507937
20 0.78900709219858 0.64444444444444 0.056737588652482 0.050793650793651
20 0.29343971631206 0.31984126984127 0.10460992907801 0.096825396825397
20 0.43971631205674 0.40873015873016 0.1063829787234 0.093650793650794
20 0.85372340425532 0.49444444444444 0.047872340425532 0.046031746031746
20 0.53812056737589 0.74285714285714 0.058510638297872 0.053968253968254
20 0.7145390070922 0.6952380952381 0.056737588652482 0.057142857142857
20 0.32978723404255 0.38412698412698 0.070921985815603 0.066666666666667
20 0.74645390070922 0.81507936507937 0.028368794326241 0.026984126984127
20 0.30762411347518 0.20396825396825 0.14716312056738 0.12857142857143
20 0.93262411347518 0.81666666666667 0.039007092198582 0.033333333333333
20 0.52393617021277 0.51269841269841 0.090425531914894 0.079365079365079
20 0.74290780141844 0.56031746031746 0.046099290780142 0.047619047619048
20 0.78457446808511 0.4015873015873 0.079787234042553 0.073015873015873
20 0.047872340425532 0.46269841269841 0.085106382978723 0.077777777777778
20 0.25443262411348 0.25 0.10460992907801 0.093650793650794
20 0.6790780141844 0.18571428571429 0.081560283687943 0.079365079365079
20 0.89450354609929 0.83968253968254 0.030141843971631 0.028571428571429
20 0.56028368794326 0.8531746031746 0.070921985815603 0.071428571428571
20 0.37943262411348 0.7484126984127 0.060283687943262 0.058730158730159
20 0.97783687943262 0.70952380952381 0.040780141843972 0.050793650793651
20 0.71542553191489 0.53809523809524 0.069148936170213 0.057142857142857