27 0.55680224403927 0.043803418803419 0.050490883590463 0.083333333333333
27 0.79172510518934 0.24252136752137 0.040673211781206 0.061965811965812
27 0.96774193548387 0.48076923076923 0.033660589060309 0.042735042735043
27 0.65497896213184 0.042735042735043 0.056100981767181 0.076923076923077
27 0.38078541374474 0.84615384615385 0.060308555399719 0.072649572649573
27 0.53155680224404 0.59935897435897 0.047685834502104 0.057692307692308
27 0.61079943899018 0.49038461538462 0.054698457223001 0.087606837606838
27 0.94179523141655 0.52884615384615 0.065918653576438 0.087606837606838
27 0.65708274894811 0.5758547008547 0.051893408134642 0.096153846153846
27 0.36886395511921 0.52029914529915 0.056100981767181 0.10897435897436
27 0.91304347826087 0.30021367521368 0.047685834502104 0.066239316239316
27 0.87307152875175 0.29807692307692 0.051893408134642 0.061965811965812
27 0.52875175315568 0.63247863247863 0.053295932678822 0.11965811965812
27 0.87166900420757 0.36752136752137 0.060308555399719 0.08974358974359
5 0.46353436185133 0.48717948717949 0.049088359046283 0.047008547008547
27 0.62903225806452 0.026709401709402 0.043478260869565 0.053418803418803
27 0.91584852734923 0.32051282051282 0.039270687237027 0.051282051282051
27 0.43548387096774 0.54700854700855 0.054698457223001 0.10683760683761
27 0.58625525946704 0.26175213675214 0.05890603085554 0.079059829059829
27 0.37517531556802 0.88675213675214 0.065918653576438 0.10683760683761
27 0.70897615708275 0.049145299145299 0.043478260869565 0.05982905982906
27 0.55960729312763 0.73824786324786 0.050490883590463 0.074786324786325
27 0.23842917251052 0.7008547008547 0.072931276297335 0.11965811965812
27 0.2671809256662 0.62713675213675 0.065918653576438 0.079059829059829
27 0.6851332398317 0.19337606837607 0.049088359046283 0.061965811965812
27 0.37237026647966 0.39316239316239 0.065918653576438 0.12393162393162
27 0.43267882187938 0.90491452991453 0.05750350631136 0.10042735042735
27 0.4039270687237 0.14529914529915 0.061711079943899 0.094017094017094
27 0.71388499298738 0.42307692307692 0.050490883590463 0.085470085470085
27 0.76086956521739 0.86752136752137 0.049088359046283 0.076923076923077
27 0.35203366058906 0.75961538461538 0.067321178120617 0.10042735042735
27 0.67180925666199 0.33974358974359 0.053295932678822 0.068376068376068
27 0.47475455820477 0.060897435897436 0.077138849929874 0.11752136752137
27 0.445301542777 0.79594017094017 0.060308555399719 0.10042735042735
27 0.95652173913043 0.36111111111111 0.036465638148668 0.051282051282051
27 0.6914446002805 0.35790598290598 0.075736325385694 0.10897435897436
27 0.02875175315568 0.091880341880342 0.05750350631136 0.085470085470085
27 0.2328190743338 0.73717948717949 0.056100981767181 0.11538461538462
27 0.95652173913043 0.54487179487179 0.053295932678822 0.081196581196581
27 0.87517531556802 0.61858974358974 0.047685834502104 0.074786324786325
27 0.92075736325386 0.28525641025641 0.032258064516129 0.040598290598291
27 0.70406732117812 0.39850427350427 0.061711079943899 0.10042735042735
27 0.08835904628331 0.85149572649573 0.056100981767181 0.096153846153846
27 0.68583450210379 0.2275641025641 0.039270687237027 0.066239316239316
27 0.73492286115007 0.16773504273504 0.050490883590463 0.070512820512821
27 0.94249649368864 0.55876068376068 0.056100981767181 0.083333333333333
27 0.88429172510519 0.28311965811966 0.035063113604488 0.049145299145299
27 0.81626928471248 0.36538461538462 0.042075736325386 0.055555555555556
27 0.91935483870968 0.47863247863248 0.043478260869565 0.064102564102564
27 0.91444600280505 0.33867521367521 0.036465638148668 0.057692307692308
27 0.86535764375877 0.31196581196581 0.044880785413745 0.055555555555556
27 0.61851332398317 0.34935897435897 0.053295932678822 0.070512820512821
27 0.68302945301543 0.6474358974359 0.042075736325386 0.064102564102564
27 0.61360448807854 0.38141025641026 0.046283309957924 0.083333333333333
27 0.56521739130435 0.8792735042735 0.05890603085554 0.096153846153846