19 0.6443661971831 0.1516620498615 0.035211267605634 0.065096952908587
19 0.44209702660407 0.40650969529086 0.02660406885759 0.048476454293629
19 0.90062597809077 0.25277008310249 0.028169014084507 0.051246537396122
19 0.85406885758998 0.4314404432133 0.022691705790297 0.04016620498615
19 0.84233176838811 0.31994459833795 0.030516431924883 0.058171745152355
19 0.87989045383412 0.19459833795014 0.027386541471049 0.051246537396122
19 0.64945226917058 0.43836565096953 0.032863849765258 0.062326869806094
19 0.8810641627543 0.10318559556787 0.037558685446009 0.06786703601108
19 0.84115805946792 0.14335180055402 0.031298904538341 0.059556786703601
19 0.95148669796557 0.2887811634349 0.029733959311424 0.056786703601108
19 0.60680751173709 0.12673130193906 0.039906103286385 0.07617728531856
19 0.75899843505477 0.015927977839335 0.032863849765258 0.03185595567867
19 0.94131455399061 0.39335180055402 0.025039123630673 0.044321329639889
19 0.88888888888889 0.020775623268698 0.031298904538341 0.041551246537396
19 0.55946791862285 0.31717451523546 0.034428794992175 0.060941828254848
19 0.73239436619718 0.21606648199446 0.039123630672926 0.07202216066482
19 0.86384976525822 0.37742382271468 0.02660406885759 0.045706371191136