19 0.211 0.74689165186501 0.01 0.023090586145648
19 0.088 0.71047957371226 0.006 0.014209591474245
19 0.048 0.68916518650089 0.01 0.014209591474245
19 0.1675 0.67495559502664 0.009 0.010657193605684
19 0.1515 0.76198934280639 0.009 0.017761989342806
19 0.1825 0.75044404973357 0.011 0.015985790408526
19 0.263 0.69182948490231 0.012 0.019538188277087
19 0.203 0.7158081705151 0.012 0.017761989342806
19 0.041 0.72291296625222 0.008 0.017761989342806
19 0.267 0.67317939609236 0.006 0.014209591474245
19 0.061 0.70870337477798 0.014 0.021314387211368
19 0.1685 0.69715808170515 0.009 0.015985790408526
19 0.077 0.74689165186501 0.014 0.023090586145648
19 0.1485 0.71403197158082 0.011 0.014209591474245
19 0.187 0.68117229129663 0.01 0.012433392539964
19 0.205 0.74955595026643 0.01 0.017761989342806
19 0.1235 0.69094138543517 0.011 0.014209591474245
19 0.101 0.7202486678508 0.014 0.012433392539964
19 0.2825 0.69893428063943 0.011 0.019538188277087
19 0.272 0.77886323268206 0.01 0.015985790408526
19 0.212 0.69094138543517 0.012 0.021314387211368
19 0.2405 0.76110124333925 0.013 0.019538188277087
19 0.233 0.76998223801066 0.008 0.015985790408526
19 0.216 0.73268206039076 0.006 0.015985790408526
23 0.6055 0.32770870337478 0.765 0.59502664298401