37 0.79291666666667 0.83837579617834 0.12916666666667 0.07484076433121
37 0.0575 0.52308917197452 0.096666666666667 0.14808917197452
37 0.55541666666667 0.26194267515924 0.17416666666667 0.18630573248408
37 0.94666666666667 0.63773885350318 0.09 0.084394904458599
37 0.40083333333333 0.57085987261146 0.13666666666667 0.1671974522293
37 0.26125 0.92197452229299 0.0825 0.10828025477707
37 0.11416666666667 0.24124203821656 0.17833333333333 0.1671974522293
37 0.72416666666667 0.53662420382166 0.083333333333333 0.20382165605096
37 0.085 0.87738853503185 0.081666666666667 0.13694267515924
37 0.49583333333333 0.85509554140127 0.096666666666667 0.092356687898089
37 0.78208333333333 0.2468152866242 0.15083333333333 0.17834394904459
37 0.35916666666667 0.25955414012739 0.085 0.095541401273885
37 0.95083333333333 0.48487261146497 0.08 0.084394904458599
37 0.20291666666667 0.55812101910828 0.13083333333333 0.15127388535032