6 0.81 0.58375 0.145 0.15
6 0.3653125 0.063125 0.148125 0.12625
6 0.644375 0.3084375 0.155 0.154375
6 0.6090625 0.0475 0.146875 0.095
6 0.8078125 0.1271875 0.149375 0.153125
6 0.530625 0.4753125 0.13125 0.135625
6 0.3909375 0.5821875 0.141875 0.145625
6 0.4903125 0.171875 0.150625 0.15
6 0.6296875 0.7221875 0.140625 0.144375
6 0.8125 0.3903125 0.13875 0.146875
6 0.0725 0.0646875 0.13125 0.129375
6 0.168125 0.688125 0.135 0.14125
6 0.1484375 0.89375 0.141875 0.14625
6 0.2240625 0.224375 0.151875 0.15375
6 0.5075 0.704375 0.135 0.1425
6 0.150625 0.5490625 0.11875 0.128125
6 0.9503125 0.2728125 0.099375 0.148125
6 0.9346875 0.7234375 0.130625 0.140625
6 0.3634375 0.32625 0.150625 0.15625
6 0.6784375 0.5234375 0.119375 0.128125
6 0.065625 0.56 0.13125 0.1575
6 0.1075 0.325625 0.135 0.145
6 0.94125 0.501875 0.1175 0.14125
6 0.7459375 0.8828125 0.130625 0.130625
6 0.5271875 0.8965625 0.133125 0.138125