40 0.4 0.539 0.04 0.042
40 0.675 0.047 0.034 0.034
17 0.241 0.514 0.03 0.032
40 0.147 0.497 0.03 0.03
40 0.158 0.392 0.032 0.032
17 0.743 0.877 0.03 0.03
40 0.951 0.218 0.034 0.036
40 0.287 0.252 0.03 0.028
40 0.827 0.154 0.046 0.04
40 0.736 0.233 0.112 0.11
40 0.5 0.046 0.024 0.024
40 0.278 0.13 0.036 0.036
40 0.303 0.429 0.034 0.034
40 0.497 0.528 0.046 0.048
40 0.712 0.372 0.04 0.04
40 0.058 0.53 0.036 0.032
40 0.461 0.044 0.046 0.048
40 0.452 0.254 0.04 0.04
40 0.746 0.293 0.028 0.026
40 0.357 0.219 0.054 0.058
17 0.318 0.824 0.036 0.036
40 0.378 0.096 0.036 0.04
40 0.833 0.395 0.034 0.034