19 0.2751677852349 0.97733333333333 0.15212527964206 0.045333333333333
19 0.29977628635347 0.63866666666667 0.165548098434 0.10133333333333
19 0.85011185682327 0.88466666666667 0.16107382550336 0.084
19 0.47315436241611 0.77933333333333 0.17225950782998 0.1
19 0.45637583892617 0.49 0.15212527964206 0.038666666666667
19 0.91051454138702 0.12666666666667 0.11185682326622 0.058666666666667
19 0.027964205816555 0.286 0.05592841163311 0.06
19 0.72818791946309 0.68533333333333 0.18120805369128 0.085333333333333
19 0.47091722595078 0.23 0.10514541387025 0.054666666666667
19 0.30201342281879 0.42866666666667 0.12975391498881 0.076
19 0.88926174496644 0.55466666666667 0.12751677852349 0.077333333333333
19 0.31096196868009 0.023333333333333 0.15659955257271 0.046666666666667
19 0.38031319910515 0.33466666666667 0.11185682326622 0.056
19 0.59843400447427 0.412 0.082774049217002 0.045333333333333
19 0.073825503355705 0.602 0.13422818791946 0.081333333333333