6 0.552734375 0.40625 0.07421875 0.13472222222222
6 0.696875 0.61736111111111 0.0765625 0.13194444444444
6 0.651953125 0.72847222222222 0.07109375 0.12916666666667
6 0.74140625 0.48680555555556 0.06875 0.12361111111111
6 0.474609375 0.83958333333333 0.07265625 0.12638888888889
6 0.508984375 0.51527777777778 0.06953125 0.13333333333333
6 0.66640625 0.37986111111111 0.06875 0.12638888888889
6 0.4328125 0.77430555555556 0.0953125 0.14027777777778
6 0.537890625 0.93541666666667 0.08515625 0.12916666666667
6 0.279296875 0.51458333333333 0.06328125 0.13472222222222
6 0.49140625 0.27777777777778 0.0734375 0.13055555555556
6 0.388671875 0.31458333333333 0.07578125 0.13472222222222
6 0.42578125 0.18263888888889 0.075 0.13194444444444
6 0.459375 0.39166666666667 0.06875 0.12222222222222
6 0.4609375 0.61875 0.075 0.1375
6 0.323046875 0.40208333333333 0.06484375 0.12638888888889
6 0.53515625 0.69583333333333 0.0828125 0.14722222222222
6 0.548828125 0.13958333333333 0.07265625 0.12638888888889
6 0.5578125 0.76597222222222 0.0953125 0.17638888888889
6 0.604296875 0.25138888888889 0.07109375 0.13333333333333
6 0.4 0.74236111111111 0.0671875 0.12083333333333
6 0.4015625 0.52291666666667 0.06875 0.13472222222222
6 0.337890625 0.65069444444444 0.06953125 0.13194444444444
6 0.6421875 0.52638888888889 0.0734375 0.13055555555556
6 0.477734375 0.063194444444444 0.07265625 0.12083333333333
6 0.58359375 0.59930555555556 0.071875 0.13472222222222
6 0.578515625 0.79375 0.07578125 0.13472222222222