19 0.41777777777778 0.21375 0.14222222222222 0.065
19 0.75444444444444 0.346875 0.11777777777778 0.06125
19 0.91666666666667 0.38375 0.16666666666667 0.1125
19 0.32555555555556 0.391875 0.091111111111111 0.03875
19 0.75444444444444 0.110625 0.13111111111111 0.07125
19 0.75111111111111 0.24875 0.23111111111111 0.1225
19 0.42555555555556 0.089375 0.14 0.06625
19 0.17111111111111 0.205 0.12444444444444 0.06
19 0.84444444444444 0.19625 0.11555555555556 0.0625
19 0.61333333333333 0.41 0.12444444444444 0.06
19 0.48 0.1625 0.12888888888889 0.065
19 0.081111111111111 0.29375 0.12666666666667 0.065
19 0.81666666666667 0.215625 0.18444444444444 0.10375
19 0.63111111111111 0.4675 0.084444444444444 0.0425
19 0.058888888888889 0.113125 0.11777777777778 0.07375
19 0.24333333333333 0.315625 0.17111111111111 0.07875