19 0.85333333333333 0.746875 0.088888888888889 0.04375
19 0.94111111111111 0.761875 0.068888888888889 0.03875
19 0.88333333333333 0.47 0.082222222222222 0.0375
19 0.55111111111111 0.384375 0.097777777777778 0.05125
19 0.16888888888889 0.464375 0.10666666666667 0.04625
19 0.42888888888889 0.269375 0.097777777777778 0.04625
19 0.75777777777778 0.5375 0.08 0.035
19 0.75888888888889 0.395625 0.095555555555556 0.05375
19 0.74888888888889 0.18125 0.093333333333333 0.055
19 0.89111111111111 0.62625 0.088888888888889 0.035
19 0.51777777777778 0.444375 0.11111111111111 0.05125