20 0.2825 0.0952023988006 0.079 0.1904047976012
20 0.663 0.70914542728636 0.134 0.4167916041979
20 0.6835 0.49325337331334 0.103 0.10794602698651
20 0.5735 0.41604197901049 0.103 0.43028485757121
20 0.407 0.2143928035982 0.172 0.42578710644678
20 0.5485 0.85907046476762 0.067 0.095952023988006
20 0.0895 0.061469265367316 0.065 0.11694152923538
20 0.9255 0.64842578710645 0.139 0.13343328335832
20 0.9315 0.7376311844078 0.123 0.20389805097451
20 0.2875 0.34857571214393 0.071 0.28935532233883
20 0.6045 0.71514242878561 0.231 0.25787106446777
20 0.1355 0.42278860569715 0.123 0.8095952023988
20 0.726 0.77886056971514 0.112 0.076461769115442
20 0.7585 0.82833583208396 0.193 0.28635682158921
20 0.559 0.91454272863568 0.1 0.08095952023988
20 0.4135 0.47526236881559 0.269 0.16491754122939
20 0.333 0.74812593703148 0.238 0.23988005997001
20 0.836 0.6424287856072 0.084 0.16041979010495
20 0.214 0.54947526236882 0.124 0.17541229385307
20 0.56 0.10644677661169 0.106 0.20389805097451
20 0.153 0.22038980509745 0.222 0.43778110944528
20 0.474 0.12818590704648 0.088 0.2503748125937
20 0.394 0.15817091454273 0.1 0.11544227886057
20 0.4175 0.6784107946027 0.081 0.54122938530735
20 0.84 0.82233883058471 0.278 0.073463268365817