19 0.453 0.098 0.026 0.017333333333333
19 0.893 0.694 0.05 0.030666666666667
19 0.498 0.95466666666667 0.04 0.029333333333333
19 0.904 0.268 0.116 0.074666666666667
19 0.268 0.16133333333333 0.02 0.013333333333333
19 0.52 0.71933333333333 0.028 0.017333333333333
19 0.293 0.218 0.026 0.014666666666667
19 0.665 0.882 0.034 0.025333333333333
19 0.475 0.86133333333333 0.034 0.024
19 0.334 0.45 0.032 0.02
19 0.519 0.354 0.026 0.017333333333333
19 0.764 0.85933333333333 0.048 0.033333333333333
19 0.399 0.30733333333333 0.022 0.014666666666667
19 0.375 0.71333333333333 0.034 0.026666666666667
19 0.43 0.342 0.032 0.022666666666667
19 0.445 0.218 0.026 0.017333333333333
19 0.289 0.11266666666667 0.026 0.017333333333333
19 0.631 0.878 0.058 0.033333333333333
19 0.274 0.184 0.024 0.013333333333333
19 0.534 0.768 0.044 0.029333333333333
19 0.697 0.77666666666667 0.042 0.030666666666667
19 0.32 0.68266666666667 0.036 0.024
19 0.723 0.38533333333333 0.074 0.050666666666667
19 0.137 0.047333333333333 0.022 0.014666666666667
19 0.294 0.76733333333333 0.048 0.030666666666667
19 0.218 0.14733333333333 0.028 0.017333333333333
19 0.67 0.64133333333333 0.036 0.026666666666667
19 0.319 0.23333333333333 0.022 0.013333333333333
19 0.335 0.63933333333333 0.034 0.022666666666667
19 0.19 0.12466666666667 0.028 0.017333333333333
19 0.612 0.68733333333333 0.052 0.036
19 0.659 0.18466666666667 0.03 0.02
19 0.25 0.18066666666667 0.024 0.014666666666667
19 0.455 0.382 0.022 0.014666666666667
19 0.496 0.69266666666667 0.04 0.025333333333333
19 0.586 0.75866666666667 0.048 0.032
19 0.717 0.65533333333333 0.042 0.028
19 0.364 0.27 0.024 0.014666666666667
19 0.584 0.57466666666667 0.044 0.032
19 0.162 0.086666666666667 0.024 0.016
19 0.745 0.72333333333333 0.042 0.030666666666667
19 0.804 0.43 0.036 0.025333333333333
19 0.551 0.26533333333333 0.034 0.024