52 0.1703125 0.25555555555556 0.021875 0.05
52 0.6421875 0.27916666666667 0.01875 0.047222222222222
52 0.625 0.15416666666667 0.01875 0.047222222222222
52 0.0328125 0.33472222222222 0.025 0.058333333333333
52 0.5125 0.16111111111111 0.028125 0.083333333333333
52 0.06328125 0.53333333333333 0.0234375 0.055555555555556
52 0.40078125 0.20972222222222 0.0171875 0.063888888888889
52 0.96796875 0.030555555555556 0.0328125 0.055555555555556
52 0.08359375 0.38888888888889 0.0265625 0.066666666666667
52 0.090625 0.063888888888889 0.025 0.044444444444444
52 0.5609375 0.21805555555556 0.015625 0.036111111111111