19 0.73474178403756 0.90859375 0.10328638497653 0.0671875
19 0.61737089201878 0.16015625 0.098591549295775 0.0640625
19 0.90727699530516 0.4984375 0.096244131455399 0.065625
19 0.45892018779343 0.8578125 0.14788732394366 0.090625
19 0.31103286384977 0.18984375 0.10093896713615 0.0640625
19 0.89084507042254 0.73359375 0.16197183098592 0.1234375
19 0.3556338028169 0.971875 0.1056338028169 0.05625
19 0.52816901408451 0.29609375 0.13145539906103 0.0890625
19 0.67957746478873 0.29609375 0.1150234741784 0.0734375
19 0.86384976525822 0.378125 0.11737089201878 0.078125
19 0.80868544600939 0.18203125 0.10093896713615 0.0671875
19 0.95539906103286 0.659375 0.089201877934272 0.08125
19 0.96713615023474 0.3390625 0.065727699530516 0.0625
19 0.84389671361502 0.28515625 0.082159624413146 0.0546875