10 0.29921875 0.45416666666667 0.05 0.086111111111111
10 0.6625 0.046527777777778 0.0640625 0.093055555555556
10 0.464453125 0.34375 0.05546875 0.098611111111111
10 0.309375 0.097916666666667 0.0859375 0.15138888888889
10 0.35234375 0.55277777777778 0.046875 0.086111111111111
10 0.53125 0.063194444444444 0.071875 0.12083333333333
10 0.277734375 0.55763888888889 0.09453125 0.16527777777778
10 0.352734375 0.41875 0.10078125 0.14305555555556
33 0.56328125 0.2375 0.059375 0.10277777777778
10 0.35703125 0.059722222222222 0.065625 0.11111111111111
10 0.27734375 0.55625 0.0984375 0.18194444444444
10 0.30546875 0.10277777777778 0.090625 0.15
10 0.533203125 0.064583333333333 0.08046875 0.12361111111111
10 0.563671875 0.23958333333333 0.06484375 0.10694444444444
10 0.662109375 0.044444444444444 0.06484375 0.088888888888889
10 0.358984375 0.059027777777778 0.06484375 0.10416666666667
10 0.4328125 0.26875 0.05625 0.095833333333333
10 0.464453125 0.34305555555556 0.05703125 0.097222222222222
10 0.2984375 0.45625 0.0515625 0.0875
10 0.353125 0.55347222222222 0.053125 0.093055555555556
10 0.7625 0.64652777777778 0.040625 0.0875