10 0.594140625 0.50902777777778 0.02734375 0.0375
10 0.54453125 0.53333333333333 0.0328125 0.044444444444444
10 0.594921875 0.89444444444444 0.02890625 0.036111111111111
10 0.58828125 0.59930555555556 0.025 0.029166666666667
10 0.536328125 0.64513888888889 0.03203125 0.040277777777778
10 0.57734375 0.57986111111111 0.0234375 0.029166666666667
10 0.5703125 0.54791666666667 0.0265625 0.031944444444444
10 0.519921875 0.60694444444444 0.01796875 0.022222222222222
10 0.6171875 0.43194444444444 0.028125 0.036111111111111
10 0.621875 0.37152777777778 0.021875 0.029166666666667
10 0.54765625 0.36041666666667 0.025 0.031944444444444
10 0.637109375 0.74305555555556 0.03984375 0.041666666666667
10 0.5546875 0.47847222222222 0.0296875 0.040277777777778
10 0.6359375 0.87083333333333 0.0328125 0.038888888888889
10 0.55546875 0.30763888888889 0.0234375 0.029166666666667
10 0.55390625 0.42916666666667 0.0265625 0.033333333333333
10 0.601953125 0.69236111111111 0.02734375 0.029166666666667
10 0.602734375 0.61875 0.02578125 0.029166666666667
10 0.5859375 0.67847222222222 0.0296875 0.034722222222222
10 0.652734375 0.84305555555556 0.05390625 0.063888888888889
10 0.52890625 0.57222222222222 0.025 0.030555555555556