10 0.33203125 0.025 0.046875 0.05
33 0.744921875 0.53472222222222 0.04765625 0.091666666666667
10 0.399609375 0.1625 0.04921875 0.080555555555556
10 0.580859375 0.33263888888889 0.04296875 0.0625
33 0.580859375 0.036111111111111 0.04140625 0.066666666666667
33 0.5890625 0.46388888888889 0.0546875 0.097222222222222
10 0.717578125 0.17222222222222 0.05859375 0.080555555555556
10 0.362890625 0.052777777777778 0.04609375 0.075
33 0.5671875 0.89305555555556 0.034375 0.061111111111111
10 0.58046875 0.21527777777778 0.059375 0.094444444444444
10 0.4390625 0.29027777777778 0.0421875 0.061111111111111
10 0.26796875 0.036805555555556 0.0453125 0.070833333333333
10 0.3890625 0.69791666666667 0.04375 0.079166666666667
10 0.589453125 0.4625 0.06015625 0.1
10 0.398828125 0.16180555555556 0.04921875 0.084722222222222
10 0.580078125 0.21458333333333 0.05546875 0.090277777777778
10 0.389453125 0.69583333333333 0.04921875 0.077777777777778
10 0.74453125 0.53194444444444 0.05 0.091666666666667
10 0.370703125 0.26111111111111 0.05078125 0.077777777777778
10 0.7171875 0.17430555555556 0.05 0.073611111111111
10 0.2671875 0.036111111111111 0.04375 0.072222222222222
10 0.58125 0.035416666666667 0.0421875 0.068055555555556
10 0.3609375 0.49027777777778 0.0453125 0.066666666666667
10 0.364453125 0.054861111111111 0.04140625 0.068055555555556
10 0.52578125 0.090972222222222 0.0421875 0.0625
10 0.4390625 0.29027777777778 0.040625 0.063888888888889
10 0.580078125 0.33263888888889 0.04140625 0.0625
10 0.566796875 0.89444444444444 0.03984375 0.063888888888889
10 0.32421875 0.26805555555556 0.034375 0.055555555555556
10 0.33125 0.021527777777778 0.0421875 0.043055555555556