10 0.4109375 0.19861111111111 0.0453125 0.072222222222222
10 0.435546875 0.2 0.04453125 0.069444444444444
10 0.274609375 0.28888888888889 0.03671875 0.063888888888889
10 0.585546875 0.30833333333333 0.03984375 0.063888888888889
10 0.342578125 0.20833333333333 0.03828125 0.058333333333333
10 0.455859375 0.12916666666667 0.05546875 0.052777777777778
10 0.2640625 0.21805555555556 0.034375 0.063888888888889
10 0.247265625 0.30972222222222 0.03359375 0.061111111111111
10 0.423046875 0.13263888888889 0.03515625 0.0625
10 0.265234375 0.075 0.03359375 0.063888888888889
10 0.353515625 0.093055555555556 0.03046875 0.055555555555556
10 0.586328125 0.23958333333333 0.03359375 0.051388888888889
10 0.271875 0.125 0.0328125 0.061111111111111
10 0.648828125 0.27083333333333 0.03359375 0.052777777777778
10 0.630859375 0.47916666666667 0.03203125 0.052777777777778
10 0.634765625 0.31736111111111 0.03046875 0.051388888888889
10 0.600390625 0.082638888888889 0.03203125 0.048611111111111
10 0.455078125 0.30347222222222 0.02890625 0.045833333333333
10 0.256640625 0.18541666666667 0.02890625 0.054166666666667
10 0.474609375 0.12777777777778 0.02890625 0.05
10 0.35859375 0.27152777777778 0.028125 0.045833333333333
10 0.23203125 0.25347222222222 0.025 0.051388888888889
10 0.22421875 0.15486111111111 0.01875 0.045833333333333
10 0.33046875 0.40138888888889 0.025 0.041666666666667