10 0.511328125 0.69236111111111 0.08046875 0.10972222222222
10 0.650390625 0.41736111111111 0.07109375 0.10416666666667
10 0.696484375 0.58263888888889 0.08515625 0.10138888888889
10 0.908203125 0.14236111111111 0.07890625 0.11527777777778
10 0.819140625 0.78888888888889 0.12890625 0.17222222222222
10 0.96640625 0.17916666666667 0.06875 0.13333333333333
10 0.9609375 0.55069444444444 0.0796875 0.13472222222222
10 0.8640625 0.61944444444444 0.0890625 0.13611111111111
10 0.43671875 0.42986111111111 0.0828125 0.10416666666667
10 0.85390625 0.94652777777778 0.103125 0.10972222222222
10 0.6125 0.60277777777778 0.0734375 0.097222222222222