10 0.38541666666667 0.40324074074074 0.085416666666667 0.10092592592593
10 0.51197916666667 0.4087962962963 0.178125 0.23981481481481
10 0.60260416666667 0.32175925925926 0.063541666666667 0.078703703703704
10 0.10364583333333 0.2962962962963 0.13020833333333 0.13148148148148
10 0.73229166666667 0.47592592592593 0.11666666666667 0.13518518518519
10 0.026041666666667 0.25833333333333 0.052083333333333 0.087037037037037
10 0.97604166666667 0.29259259259259 0.046875 0.094444444444444
10 0.098697916666667 0.058333333333333 0.13072916666667 0.11666666666667
10 0.41510416666667 0.07962962962963 0.089583333333333 0.12037037037037
10 0.10520833333333 0.40925925925926 0.064583333333333 0.07962962962963
10 0.92291666666667 0.20416666666667 0.066666666666667 0.087962962962963
10 0.875 0.38657407407407 0.12916666666667 0.14907407407407
10 0.740625 0.13425925925926 0.11979166666667 0.15
10 0.19791666666667 0.40277777777778 0.15 0.19444444444444
10 0.03515625 0.16018518518519 0.0703125 0.088888888888889
10 0.81484375 0.15787037037037 0.077604166666667 0.10092592592593
10 0.96302083333333 0.53333333333333 0.05625 0.083333333333333
10 0.68932291666667 0.19768518518519 0.056770833333333 0.078703703703704
10 0.36458333333333 0.26990740740741 0.08125 0.091666666666667
10 0.41458333333333 0.17685185185185 0.092708333333333 0.11666666666667
10 0.90442708333333 0.45046296296296 0.049479166666667 0.071296296296296
10 0.659375 0.39768518518519 0.098958333333333 0.10277777777778
10 0.61041666666667 0.11435185185185 0.08125 0.09537037037037
10 0.7234375 0.2837962962963 0.11041666666667 0.14166666666667