11 0.21276041666667 0.60324074074074 0.036979166666667 0.050925925925926
11 0.041927083333333 0.71296296296296 0.0359375 0.046296296296296
11 0.13932291666667 0.21342592592593 0.0453125 0.05462962962963
11 0.84427083333333 0.71481481481481 0.039583333333333 0.059259259259259
11 0.6703125 0.9162037037037 0.04375 0.062037037037037
11 0.74947916666667 0.36296296296296 0.040625 0.057407407407407
11 0.67604166666667 0.024074074074074 0.054166666666667 0.048148148148148
11 0.13046875 0.2875 0.056770833333333 0.076851851851852
11 0.84140625 0.41481481481481 0.0390625 0.051851851851852
11 0.69817708333333 0.4162037037037 0.0578125 0.076851851851852
11 0.85807291666667 0.26805555555556 0.0359375 0.047222222222222
11 0.78255208333333 0.10694444444444 0.044270833333333 0.060185185185185
11 0.4578125 0.6037037037037 0.03125 0.038888888888889
11 0.49114583333333 0.32083333333333 0.042708333333333 0.05462962962963
11 0.43671875 0.4125 0.056770833333333 0.076851851851852
11 0.88411458333333 0.40462962962963 0.0453125 0.061111111111111
11 0.34661458333333 0.31342592592593 0.0453125 0.056481481481481
11 0.36927083333333 0.48611111111111 0.070833333333333 0.083333333333333
11 0.1171875 0.60509259259259 0.044791666666667 0.058333333333333
11 0.4828125 0.01712962962963 0.047916666666667 0.034259259259259
11 0.20286458333333 0.68148148148148 0.0421875 0.048148148148148
11 0.56145833333333 0.050925925925926 0.046875 0.053703703703704
11 0.62057291666667 0.33009259259259 0.099479166666667 0.14907407407407
11 0.40598958333333 0.1037037037037 0.12447916666667 0.16481481481481
11 0.6890625 0.20138888888889 0.064583333333333 0.073148148148148
11 0.9671875 0.36064814814815 0.048958333333333 0.062037037037037
11 0.32057291666667 0.2162037037037 0.0640625 0.089814814814815
11 0.26276041666667 0.51759259259259 0.0390625 0.059259259259259
11 0.63880208333333 0.63055555555556 0.044270833333333 0.055555555555556
11 0.033072916666667 0.14814814814815 0.059895833333333 0.087037037037037
11 0.10286458333333 0.09212962962963 0.071354166666667 0.075
11 0.045572916666667 0.83796296296296 0.0734375 0.068518518518519
11 0.64348958333333 0.7587962962963 0.071354166666667 0.11388888888889
11 0.79453125 0.23842592592593 0.049479166666667 0.062037037037037
11 0.78098958333333 0.3625 0.0390625 0.056481481481481
11 0.56979166666667 0.24907407407407 0.046875 0.055555555555556
11 0.96171875 0.12314814814815 0.0453125 0.064814814814815
11 0.8078125 0.16990740740741 0.046875 0.058333333333333
11 0.52291666666667 0.17824074074074 0.044791666666667 0.049074074074074
11 0.66302083333333 0.16111111111111 0.044791666666667 0.057407407407407
11 0.19609375 0.16018518518519 0.043229166666667 0.055555555555556
11 0.9625 0.78981481481481 0.048958333333333 0.07037037037037
11 0.97161458333333 0.27453703703704 0.056770833333333 0.089814814814815
11 0.36796875 0.98287037037037 0.0640625 0.032407407407407
11 0.23880208333333 0.19212962962963 0.11197916666667 0.13796296296296
11 0.057552083333333 0.036574074074074 0.0390625 0.049074074074074
11 0.015625 0.0125 0.03125 0.025
11 0.72526041666667 0.068518518518519 0.0515625 0.066666666666667
11 0.39453125 0.31805555555556 0.0640625 0.071296296296296
11 0.055729166666667 0.42638888888889 0.057291666666667 0.091666666666667
11 0.196875 0.21712962962963 0.048958333333333 0.060185185185185
11 0.12942708333333 0.67546296296296 0.0453125 0.049074074074074
11 0.503125 0.70833333333333 0.066666666666667 0.096296296296296
11 0.29817708333333 0.37361111111111 0.059895833333333 0.078703703703704
11 0.7125 0.084722222222222 0.069791666666667 0.089814814814815
11 0.53098958333333 0.21435185185185 0.091145833333333 0.11944444444444