11 0.307962529274 0.12708333333333 0.05152224824356 0.045833333333333
11 0.48067915690867 0.34479166666667 0.087822014051522 0.08125
11 0.39812646370023 0.31979166666667 0.049180327868852 0.04375
11 0.21896955503513 0.14270833333333 0.063231850117096 0.05625
11 0.23711943793911 0.284375 0.062060889929742 0.060416666666667
11 0.5731850117096 0.15520833333333 0.043325526932084 0.039583333333333
11 0.53922716627635 0.14270833333333 0.059718969555035 0.05625
11 0.16393442622951 0.40729166666667 0.037470725995316 0.035416666666667
11 0.046252927400468 0.11458333333333 0.055035128805621 0.054166666666667
11 0.7019906323185 0.42916666666667 0.057377049180328 0.066666666666667
11 0.33430913348946 0.38333333333333 0.045667447306792 0.041666666666667
11 0.26229508196721 0.34270833333333 0.063231850117096 0.052083333333333
11 0.48946135831382 0.29270833333333 0.05152224824356 0.04375