10 0.712109375 0.47569444444444 0.15546875 0.2625
10 0.378125 0.31458333333333 0.2234375 0.32083333333333
10 0.739453125 0.24652777777778 0.23984375 0.39305555555556
10 0.209375 0.46180555555556 0.25 0.42083333333333
10 0.6890625 0.39375 0.1453125 0.20972222222222
10 0.812890625 0.39583333333333 0.13828125 0.21388888888889
10 0.922265625 0.42708333333333 0.13828125 0.21527777777778
10 0.93046875 0.59236111111111 0.1296875 0.22361111111111
10 0.55859375 0.49513888888889 0.1390625 0.19861111111111
10 0.571484375 0.37361111111111 0.10078125 0.15277777777778
10 0.08359375 0.63333333333333 0.0984375 0.13333333333333
10 0.13046875 0.56805555555556 0.090625 0.13333333333333
10 0.4609375 0.54722222222222 0.0859375 0.11666666666667
10 0.958203125 0.024305555555556 0.08671875 0.048611111111111