10 0.912109375 0.64027777777778 0.02890625 0.038888888888889
10 0.7671875 0.44027777777778 0.021875 0.027777777777778
10 0.775 0.29305555555556 0.4390625 0.58611111111111
10 0.878125 0.6125 0.0265625 0.033333333333333
10 0.7125 0.38263888888889 0.025 0.031944444444444
10 0.6828125 0.34166666666667 0.028125 0.038888888888889
10 0.886328125 0.76388888888889 0.02265625 0.030555555555556
10 0.8953125 0.56041666666667 0.021875 0.026388888888889
10 0.751953125 0.48125 0.02421875 0.029166666666667
10 0.84296875 0.47638888888889 0.028125 0.036111111111111
10 0.65703125 0.48194444444444 0.0234375 0.027777777777778
10 0.80390625 0.50277777777778 0.0203125 0.025
10 0.868359375 0.65208333333333 0.02265625 0.029166666666667
10 0.854296875 0.62708333333333 0.01953125 0.026388888888889
10 0.743359375 0.48263888888889 0.02421875 0.029166666666667