10 0.6359375 0.33842592592593 0.036458333333333 0.047222222222222
10 0.51223958333333 0.46342592592593 0.0359375 0.047222222222222
10 0.52864583333333 0.3662037037037 0.039583333333333 0.049074074074074
10 0.59088541666667 0.89814814814815 0.0484375 0.057407407407407
10 0.67473958333333 0.85046296296296 0.097395833333333 0.12685185185185
10 0.65130208333333 0.63564814814815 0.047395833333333 0.058333333333333
10 0.59296875 0.56759259259259 0.0421875 0.057407407407407
10 0.56901041666667 0.027314814814815 0.036979166666667 0.049074074074074
10 0.65364583333333 0.27222222222222 0.048958333333333 0.062962962962963
10 0.68385416666667 0.29027777777778 0.0375 0.047222222222222
10 0.61510416666667 0.48842592592593 0.048958333333333 0.062037037037037
10 0.61875 0.19166666666667 0.035416666666667 0.05
10 0.946875 0.096296296296296 0.095833333333333 0.11851851851852
10 0.67916666666667 0.36944444444444 0.12083333333333 0.16851851851852
10 0.90052083333333 0.025462962962963 0.044791666666667 0.050925925925926
10 0.49140625 0.38287037037037 0.036979166666667 0.04537037037037
10 0.58151041666667 0.36759259259259 0.053645833333333 0.064814814814815
10 0.72473958333333 0.19768518518519 0.0359375 0.049074074074074