10 0.31381733021077 0.47708333333333 0.10772833723653 0.0875
10 0.47189695550351 0.046875 0.070257611241218 0.085416666666667
10 0.57903981264637 0.290625 0.073770491803279 0.077083333333333
10 0.22365339578454 0.60104166666667 0.079625292740047 0.06875
10 0.41451990632319 0.515625 0.086651053864169 0.064583333333333
10 0.37177985948478 0.44791666666667 0.073770491803279 0.066666666666667
10 0.45140515222482 0.44583333333333 0.066744730679157 0.058333333333333
10 0.21487119437939 0.41875 0.062060889929742 0.058333333333333
10 0.23419203747073 0.10625 0.056206088992974 0.058333333333333
10 0.21194379391101 0.31666666666667 0.053864168618267 0.05
10 0.064988290398126 0.375 0.052693208430913 0.045833333333333
10 0.34894613583138 0.234375 0.056206088992974 0.05625
10 0.07903981264637 0.32708333333333 0.055035128805621 0.045833333333333