10 0.43255208333333 0.34074074074074 0.2015625 0.20555555555556
10 0.7765625 0.36064814814815 0.075 0.11388888888889
10 0.6390625 0.34490740740741 0.069791666666667 0.097222222222222
10 0.884375 0.35972222222222 0.096875 0.18240740740741
10 0.95677083333333 0.17685185185185 0.086458333333333 0.12777777777778
10 0.70182291666667 0.3125 0.071354166666667 0.12314814814815
10 0.07734375 0.36296296296296 0.10989583333333 0.13888888888889
10 0.55677083333333 0.26018518518519 0.06875 0.088888888888889
10 0.94557291666667 0.40277777777778 0.1015625 0.12407407407407
10 0.73255208333333 0.45601851851852 0.093229166666667 0.11944444444444
10 0.15234375 0.2962962962963 0.059895833333333 0.083333333333333
10 0.89375 0.3212962962963 0.070833333333333 0.1