10 0.85859375 0.24097222222222 0.053125 0.076388888888889
10 0.79609375 0.65625 0.0890625 0.090277777777778
10 0.523046875 0.12708333333333 0.07265625 0.10694444444444
10 0.643359375 0.14513888888889 0.05390625 0.081944444444444
10 0.5671875 0.78888888888889 0.10625 0.16944444444444
10 0.772265625 0.525 0.22109375 0.32777777777778
10 0.2390625 0.60486111111111 0.0828125 0.12361111111111
10 0.691015625 0.70763888888889 0.05546875 0.073611111111111
10 0.412109375 0.16388888888889 0.07109375 0.10555555555556
10 0.593359375 0.91875 0.13359375 0.14027777777778
10 0.605078125 0.64930555555556 0.05234375 0.070833333333333
10 0.740234375 0.23125 0.23203125 0.40972222222222
10 0.3515625 0.047916666666667 0.0859375 0.095833333333333
10 0.6953125 0.050694444444444 0.0609375 0.090277777777778
10 0.79453125 0.089583333333333 0.059375 0.0875