10 0.556640625 0.40763888888889 0.03671875 0.043055555555556
10 0.572265625 0.58333333333333 0.02265625 0.030555555555556
10 0.54453125 0.61944444444444 0.03125 0.038888888888889
10 0.563671875 0.74236111111111 0.03203125 0.040277777777778
10 0.61953125 0.6875 0.028125 0.036111111111111
10 0.688671875 0.82430555555556 0.03359375 0.043055555555556
10 0.40859375 0.98333333333333 0.028125 0.030555555555556
10 0.641796875 0.72916666666667 0.03515625 0.047222222222222
10 0.57421875 0.47361111111111 0.040625 0.05
10 0.658203125 0.5875 0.03203125 0.038888888888889
10 0.695703125 0.74861111111111 0.03359375 0.052777777777778
10 0.5796875 0.52986111111111 0.0265625 0.034722222222222
10 0.620703125 0.51805555555556 0.02734375 0.030555555555556
10 0.57734375 0.67847222222222 0.0328125 0.040277777777778
10 0.649609375 0.42708333333333 0.03828125 0.045833333333333
10 0.56015625 0.58472222222222 0.0265625 0.033333333333333
10 0.6671875 0.73611111111111 0.025 0.033333333333333
10 0.58359375 0.55277777777778 0.025 0.033333333333333
10 0.694921875 0.87361111111111 0.02734375 0.036111111111111
10 0.70703125 0.80972222222222 0.025 0.033333333333333
10 0.569921875 0.62777777777778 0.02734375 0.033333333333333
10 0.63984375 0.63125 0.028125 0.0375
10 0.73046875 0.96597222222222 0.0328125 0.040277777777778
10 0.593359375 0.7 0.02734375 0.033333333333333
10 0.657421875 0.34305555555556 0.03046875 0.038888888888889
10 0.609375 0.72638888888889 0.0265625 0.033333333333333
10 0.6375 0.69861111111111 0.028125 0.036111111111111
10 0.632421875 0.90902777777778 0.03203125 0.045833333333333
10 0.60703125 0.60694444444444 0.0328125 0.047222222222222
10 0.615234375 0.80972222222222 0.02578125 0.036111111111111