11 0.64479166666667 0.74398148148148 0.109375 0.15277777777778
11 0.41614583333333 0.088425925925926 0.1125 0.14722222222222
11 0.14401041666667 0.086574074074074 0.1109375 0.14722222222222
11 0.87395833333333 0.11296296296296 0.077083333333333 0.10925925925926
11 0.6984375 0.13518518518519 0.10833333333333 0.12037037037037
11 0.8515625 0.21157407407407 0.095833333333333 0.13055555555556
11 0.51692708333333 0.16064814814815 0.075520833333333 0.11018518518519
11 0.040885416666667 0.20925925925926 0.075520833333333 0.10925925925926
11 0.047916666666667 0.29212962962963 0.075 0.10648148148148
11 0.7546875 0.42777777777778 0.080208333333333 0.096296296296296
11 0.19270833333333 0.062962962962963 0.072916666666667 0.10740740740741
11 0.44921875 0.30185185185185 0.0734375 0.094444444444444
11 0.7734375 0.050462962962963 0.0625 0.089814814814815
11 0.27552083333333 0.13055555555556 0.059375 0.087037037037037
11 0.38489583333333 0.61203703703704 0.064583333333333 0.066666666666667
11 0.3921875 0.43148148148148 0.055208333333333 0.075925925925926
11 0.85520833333333 0.30185185185185 0.057291666666667 0.072222222222222
11 0.30651041666667 0.19675925925926 0.053645833333333 0.076851851851852
11 0.61744791666667 0.10185185185185 0.0546875 0.074074074074074
11 0.2859375 0.28935185185185 0.057291666666667 0.071296296296296
11 0.0296875 0.053703703703704 0.053125 0.075925925925926
11 0.59895833333333 0.42962962962963 0.054166666666667 0.074074074074074
11 0.76041666666667 0.27037037037037 0.055208333333333 0.072222222222222
11 0.71536458333333 0.33425925925926 0.053645833333333 0.074074074074074
11 0.67083333333333 0.34537037037037 0.058333333333333 0.066666666666667
11 0.52291666666667 0.13611111111111 0.054166666666667 0.07037037037037
11 0.36015625 0.12962962962963 0.050520833333333 0.074074074074074
11 0.12135416666667 0.054166666666667 0.051041666666667 0.071296296296296
11 0.60651041666667 0.32777777777778 0.055729166666667 0.064814814814815
11 0.975 0.22314814814815 0.051041666666667 0.07037037037037
11 0.97526041666667 0.14722222222222 0.0484375 0.074074074074074
11 0.4546875 0.46574074074074 0.051041666666667 0.068518518518519
11 0.035677083333333 0.64814814814815 0.053645833333333 0.064814814814815
11 0.5890625 0.24722222222222 0.052083333333333 0.066666666666667
11 0.92317708333333 0.26481481481481 0.0546875 0.062962962962963
11 0.31666666666667 0.45648148148148 0.052083333333333 0.064814814814815
11 0.72135416666667 0.37268518518519 0.048958333333333 0.067592592592593
11 0.3546875 0.24166666666667 0.051041666666667 0.064814814814815
11 0.39583333333333 0.48564814814815 0.051041666666667 0.063888888888889
11 0.37942708333333 0.040740740740741 0.047395833333333 0.068518518518519
11 0.8890625 0.60138888888889 0.047916666666667 0.067592592592593
11 0.62734375 0.22777777777778 0.050520833333333 0.062962962962963
11 0.23203125 0.24351851851852 0.046354166666667 0.066666666666667
11 0.49817708333333 0.030555555555556 0.050520833333333 0.061111111111111
11 0.7875 0.42361111111111 0.047916666666667 0.062037037037037
11 0.23177083333333 0.39074074074074 0.045833333333333 0.064814814814815
11 0.34635416666667 0.40138888888889 0.04375 0.063888888888889
11 0.11145833333333 0.12916666666667 0.045833333333333 0.060185185185185
11 0.077864583333333 0.38703703703704 0.044270833333333 0.061111111111111
11 0.8109375 0.58333333333333 0.046875 0.057407407407407
11 0.59947916666667 0.58981481481481 0.048958333333333 0.053703703703704
11 0.12083333333333 0.43240740740741 0.042708333333333 0.061111111111111
11 0.97838541666667 0.78425925925926 0.040104166666667 0.062962962962963
11 0.60520833333333 0.65462962962963 0.047916666666667 0.053703703703704
11 0.78802083333333 0.33981481481481 0.04375 0.057407407407407
11 0.42994791666667 0.022685185185185 0.056770833333333 0.043518518518519
11 0.07421875 0.47361111111111 0.044270833333333 0.05462962962963
11 0.18098958333333 0.41898148148148 0.041145833333333 0.058333333333333
11 0.03828125 0.5962962962963 0.044270833333333 0.05
11 0.17447916666667 0.47824074074074 0.035416666666667 0.04537037037037
11 0.70494791666667 0.87731481481481 0.0390625 0.04537037037037
11 0.43880208333333 0.3912037037037 0.043229166666667 0.050925925925926
11 0.01171875 0.98101851851852 0.022395833333333 0.04537037037037