10 0.645703125 0.64861111111111 0.08203125 0.125
10 0.690625 0.87291666666667 0.0875 0.12638888888889
10 0.653515625 0.60694444444444 0.06640625 0.086111111111111
10 0.423046875 0.54097222222222 0.06640625 0.079166666666667
10 0.68125 0.84652777777778 0.0640625 0.081944444444444
10 0.6734375 0.64375 0.05625 0.0875
10 0.693359375 0.88958333333333 0.06640625 0.073611111111111
10 0.4453125 0.53472222222222 0.059375 0.075
10 0.787890625 0.69375 0.05546875 0.073611111111111
10 0.526953125 0.66388888888889 0.04765625 0.069444444444444
10 0.58828125 0.66666666666667 0.046875 0.066666666666667
10 0.804296875 0.57291666666667 0.04296875 0.0625
10 0.58828125 0.51180555555556 0.040625 0.065277777777778
10 0.598046875 0.75069444444444 0.04296875 0.059722222222222
10 0.739453125 0.68888888888889 0.04140625 0.061111111111111
10 0.747265625 0.74027777777778 0.04140625 0.061111111111111
10 0.5359375 0.59513888888889 0.0421875 0.059722222222222
10 0.625 0.71041666666667 0.0421875 0.059722222222222
10 0.46640625 0.71527777777778 0.040625 0.061111111111111
10 0.66015625 0.66388888888889 0.040625 0.061111111111111
10 0.821484375 0.77986111111111 0.04140625 0.059722222222222
10 0.55 0.47152777777778 0.0390625 0.059722222222222
10 0.651953125 0.96666666666667 0.04609375 0.05
10 0.3984375 0.55555555555556 0.0375 0.061111111111111
10 0.81953125 0.44722222222222 0.0390625 0.058333333333333
10 0.6875 0.64166666666667 0.0390625 0.058333333333333
10 0.691015625 0.97013888888889 0.04765625 0.045833333333333
10 0.426953125 0.52847222222222 0.03984375 0.056944444444444
10 0.790625 0.74583333333333 0.0390625 0.055555555555556
10 0.662890625 0.80625 0.04140625 0.051388888888889
10 0.655859375 0.71458333333333 0.03828125 0.054166666666667
10 0.39609375 0.47430555555556 0.0375 0.054166666666667
10 0.60546875 0.97847222222222 0.04375 0.040277777777778
10 0.552734375 0.72013888888889 0.03671875 0.051388888888889
10 0.693359375 0.79305555555556 0.03515625 0.05
10 0.655078125 0.75347222222222 0.03359375 0.045833333333333
10 0.669140625 0.98611111111111 0.03984375 0.027777777777778