10 0.30286458333333 0.87314814814815 0.0140625 0.018518518518519
10 0.42005208333333 0.82175925925926 0.016145833333333 0.021296296296296
10 0.58098958333333 0.66018518518519 0.0140625 0.018518518518519
10 0.54114583333333 0.38888888888889 0.026041666666667 0.037037037037037
10 0.05625 0.79444444444444 0.09375 0.1462962962963
10 0.4984375 0.9125 0.035416666666667 0.047222222222222
10 0.3953125 0.99305555555556 0.01875 0.015740740740741
10 0.31510416666667 0.88703703703704 0.013541666666667 0.018518518518519
10 0.40677083333333 0.75 0.015625 0.02037037037037
10 0.49010416666667 0.65185185185185 0.015625 0.018518518518519
10 0.5421875 0.73611111111111 0.015625 0.02037037037037
10 0.45260416666667 0.67453703703704 0.014583333333333 0.017592592592593
10 0.87578125 0.81342592592593 0.0203125 0.028703703703704
10 0.49114583333333 0.82916666666667 0.01875 0.025
10 0.50416666666667 0.57777777777778 0.015625 0.02037037037037
10 0.28697916666667 0.93287037037037 0.015625 0.021296296296296
10 0.43541666666667 0.73564814814815 0.013541666666667 0.015740740740741
10 0.41171875 0.90277777777778 0.0265625 0.035185185185185
10 0.96979166666667 0.44907407407407 0.017708333333333 0.022222222222222
10 0.64869791666667 0.5962962962963 0.013020833333333 0.016666666666667
10 0.89036458333333 0.8787037037037 0.025520833333333 0.035185185185185
10 0.98802083333333 0.49444444444444 0.01875 0.027777777777778
10 0.5359375 0.68564814814815 0.014583333333333 0.019444444444444
10 0.35885416666667 0.98611111111111 0.015625 0.02037037037037
10 0.92161458333333 0.20601851851852 0.0171875 0.025
10 0.5078125 0.73796296296296 0.014583333333333 0.016666666666667
10 0.98463541666667 0.12083333333333 0.027604166666667 0.039814814814815
10 0.34713541666667 0.94768518518519 0.016145833333333 0.021296296296296
10 0.81979166666667 0.9412037037037 0.023958333333333 0.034259259259259
10 0.69140625 0.68101851851852 0.0234375 0.032407407407407
10 0.4390625 0.825 0.032291666666667 0.044444444444444
10 0.0859375 0.88564814814815 0.026041666666667 0.037962962962963
10 0.66692708333333 0.80787037037037 0.0171875 0.023148148148148
10 0.37578125 0.80694444444444 0.015104166666667 0.019444444444444
10 0.83489583333333 0.65138888888889 0.019791666666667 0.026851851851852
10 0.34322916666667 0.91759259259259 0.017708333333333 0.024074074074074
10 0.57942708333333 0.55462962962963 0.0140625 0.016666666666667
10 0.40104166666667 0.80648148148148 0.014583333333333 0.018518518518519
10 0.46380208333333 0.73888888888889 0.016145833333333 0.02037037037037
10 0.74635416666667 0.80138888888889 0.022916666666667 0.032407407407407
10 0.9171875 0.96712962962963 0.045833333333333 0.065740740740741
10 0.40520833333333 0.78611111111111 0.015625 0.02037037037037
10 0.91328125 0.58472222222222 0.022395833333333 0.032407407407407
10 0.48828125 0.73055555555556 0.015104166666667 0.018518518518519
10 0.52317708333333 0.77916666666667 0.0140625 0.017592592592593
10 0.44635416666667 0.38703703703704 0.023958333333333 0.033333333333333
10 0.55234375 0.19166666666667 0.022395833333333 0.035185185185185
10 0.95989583333333 0.81342592592593 0.022916666666667 0.032407407407407
10 0.65260416666667 0.62638888888889 0.014583333333333 0.019444444444444
10 0.89010416666667 0.48611111111111 0.020833333333333 0.031481481481481
10 0.54869791666667 0.91203703703704 0.018229166666667 0.025925925925926
10 0.64583333333333 0.75416666666667 0.015625 0.021296296296296
10 0.44635416666667 0.77592592592593 0.015625 0.02037037037037
10 0.54244791666667 0.55555555555556 0.0140625 0.018518518518519
10 0.69713541666667 0.81574074074074 0.018229166666667 0.024074074074074
10 0.47369791666667 0.84675925925926 0.018229166666667 0.023148148148148
10 0.86588541666667 0.95185185185185 0.028645833333333 0.038888888888889
10 0.30677083333333 0.96898148148148 0.025 0.034259259259259
10 0.24427083333333 0.79490740740741 0.028125 0.037962962962963
10 0.34010416666667 0.85648148148148 0.0125 0.016666666666667
10 0.67708333333333 0.67777777777778 0.046875 0.027777777777778
10 0.78177083333333 0.66898148148148 0.020833333333333 0.026851851851852
10 0.46979166666667 0.69537037037037 0.023958333333333 0.02962962962963
10 0.48463541666667 0.62824074074074 0.0140625 0.017592592592593
10 0.584375 0.75555555555556 0.025 0.037037037037037
10 0.86953125 0.76018518518519 0.021354166666667 0.02962962962963
10 0.50104166666667 0.80277777777778 0.015625 0.02037037037037
10 0.53203125 0.66203703703704 0.013020833333333 0.016666666666667
10 0.46510416666667 0.80740740740741 0.014583333333333 0.018518518518519
10 0.55364583333333 0.60092592592593 0.019791666666667 0.024074074074074
10 0.93828125 0.94351851851852 0.0234375 0.037037037037037
10 0.69583333333333 0.49722222222222 0.026041666666667 0.037037037037037
10 0.7515625 0.74074074074074 0.029166666666667 0.042592592592593
10 0.66666666666667 0.67592592592593 0.021875 0.02962962962963
10 0.58541666666667 0.84027777777778 0.015625 0.021296296296296