11 0.22265625 0.5375 0.047395833333333 0.050925925925926
11 0.44635416666667 0.46157407407407 0.035416666666667 0.052777777777778
11 0.2375 0.63240740740741 0.034375 0.055555555555556
11 0.27291666666667 0.51666666666667 0.036458333333333 0.051851851851852
11 0.32239583333333 0.54583333333333 0.033333333333333 0.05462962962963
11 0.45260416666667 0.47824074074074 0.030208333333333 0.041666666666667
11 0.21145833333333 0.58564814814815 0.03125 0.050925925925926
11 0.32083333333333 0.60509259259259 0.027083333333333 0.041666666666667
11 0.52864583333333 0.3212962962963 0.03125 0.035185185185185
11 0.47734375 0.40185185185185 0.022395833333333 0.048148148148148
11 0.253125 0.48518518518519 0.028125 0.037037037037037
11 0.27161458333333 0.61574074074074 0.025520833333333 0.035185185185185
11 0.55260416666667 0.24814814814815 0.027083333333333 0.035185185185185
11 0.37291666666667 0.64212962962963 0.022916666666667 0.041666666666667
11 0.45 0.5712962962963 0.019791666666667 0.027777777777778
11 0.26953125 0.45462962962963 0.021354166666667 0.02962962962963
11 0.12057291666667 0.61666666666667 0.018229166666667 0.02962962962963
11 0.33776041666667 0.57175925925926 0.018229166666667 0.028703703703704
11 0.27083333333333 0.66805555555556 0.017708333333333 0.028703703703704
11 0.47942708333333 0.38055555555556 0.0171875 0.02962962962963
11 0.16901041666667 0.64305555555556 0.018229166666667 0.026851851851852
11 0.14609375 0.54444444444444 0.016145833333333 0.025925925925926
11 0.56822916666667 0.30462962962963 0.016666666666667 0.024074074074074
11 0.509375 0.37361111111111 0.016666666666667 0.023148148148148
11 0.57135416666667 0.1037037037037 0.016666666666667 0.022222222222222
11 0.171875 0.55 0.014583333333333 0.022222222222222
11 0.23567708333333 0.60740740740741 0.015104166666667 0.022222222222222
11 0.13671875 0.65324074074074 0.015104166666667 0.023148148148148
11 0.41380208333333 0.54027777777778 0.015104166666667 0.021296296296296
11 0.23333333333333 0.45 0.014583333333333 0.02037037037037
11 0.078125 0.64490740740741 0.013541666666667 0.019444444444444
11 0.4015625 0.58842592592593 0.013541666666667 0.019444444444444
11 0.52161458333333 0.42083333333333 0.013020833333333 0.019444444444444
11 0.38619791666667 0.55185185185185 0.013020833333333 0.018518518518519
11 0.21744791666667 0.5 0.013020833333333 0.018518518518519
11 0.34583333333333 0.63472222222222 0.013541666666667 0.017592592592593
11 0.43515625 0.45416666666667 0.011979166666667 0.017592592592593
11 0.26979166666667 0.58796296296296 0.0125 0.018518518518519
11 0.40677083333333 0.5662037037037 0.009375 0.015740740740741