11 0.4046875 0.31875 0.3171875 0.49861111111111
11 0.798828125 0.21875 0.37265625 0.4375
11 0.858984375 0.43888888888889 0.05078125 0.069444444444444
11 0.837109375 0.5375 0.04453125 0.058333333333333
11 0.6625 0.27361111111111 0.0421875 0.061111111111111
11 0.71796875 0.52430555555556 0.040625 0.059722222222222
11 0.8453125 0.43055555555556 0.0421875 0.055555555555556
11 0.6734375 0.41666666666667 0.0375 0.055555555555556
11 0.74375 0.59027777777778 0.0359375 0.061111111111111
11 0.82734375 0.57569444444444 0.0359375 0.051388888888889
11 0.887109375 0.49930555555556 0.03359375 0.048611111111111
11 0.843359375 0.47708333333333 0.03203125 0.048611111111111
11 0.812890625 0.4875 0.03359375 0.047222222222222
11 0.794140625 0.5125 0.03203125 0.047222222222222
11 0.893359375 0.35277777777778 0.03203125 0.047222222222222
11 0.880078125 0.47569444444444 0.03203125 0.045833333333333
11 0.751171875 0.56388888888889 0.03046875 0.044444444444444
11 0.72890625 0.66597222222222 0.03125 0.040277777777778
11 0.709765625 0.51805555555556 0.02890625 0.041666666666667
11 0.63203125 0.32083333333333 0.028125 0.041666666666667
11 0.751171875 0.45555555555556 0.02890625 0.038888888888889
11 0.662890625 0.25069444444444 0.02890625 0.040277777777778
11 0.74453125 0.53402777777778 0.0265625 0.0375
11 0.64921875 0.39305555555556 0.0265625 0.041666666666667
11 0.750390625 0.18263888888889 0.02578125 0.034722222222222
11 0.721484375 0.48333333333333 0.02265625 0.033333333333333