10 0.665625 0.90763888888889 0.1015625 0.14583333333333
10 0.173828125 0.24652777777778 0.08046875 0.14027777777778
10 0.86875 0.72569444444444 0.0875 0.12638888888889
10 0.616015625 0.75763888888889 0.08671875 0.12638888888889
10 0.886328125 0.16388888888889 0.06015625 0.15
10 0.633984375 0.05625 0.07890625 0.10972222222222
10 0.096875 0.41875 0.075 0.10972222222222
10 0.846484375 0.70555555555556 0.07734375 0.10277777777778
10 0.550390625 0.29097222222222 0.05546875 0.10416666666667
10 0.709375 0.15694444444444 0.0703125 0.077777777777778
10 0.7359375 0.72708333333333 0.059375 0.090277777777778
10 0.63359375 0.56875 0.0609375 0.0875
10 0.493359375 0.65347222222222 0.06328125 0.081944444444444
10 0.73203125 0.41597222222222 0.05625 0.0875
10 0.9015625 0.75694444444444 0.05625 0.088888888888889
10 0.1765625 0.26875 0.0578125 0.076388888888889
10 0.478125 0.75555555555556 0.0546875 0.080555555555556
10 0.396484375 0.79166666666667 0.05390625 0.075
10 0.87890625 0.31388888888889 0.05625 0.075
10 0.71953125 0.71527777777778 0.0484375 0.080555555555556
10 0.650390625 0.53472222222222 0.05234375 0.072222222222222
10 0.960546875 0.57430555555556 0.04921875 0.076388888888889
10 0.530859375 0.525 0.05703125 0.063888888888889
10 0.968359375 0.49305555555556 0.05234375 0.069444444444444
10 0.817578125 0.43263888888889 0.04921875 0.073611111111111
10 0.158984375 0.37638888888889 0.05078125 0.069444444444444
10 0.297265625 0.095833333333333 0.05078125 0.069444444444444
10 0.6875 0.52916666666667 0.05 0.069444444444444
10 0.678515625 0.79444444444444 0.04765625 0.072222222222222
10 0.478125 0.37847222222222 0.0484375 0.070833333333333
10 0.96328125 0.71388888888889 0.0484375 0.069444444444444
10 0.7328125 0.76527777777778 0.0484375 0.069444444444444
10 0.223046875 0.80138888888889 0.04765625 0.069444444444444
10 0.6234375 0.073611111111111 0.0484375 0.066666666666667
10 0.402734375 0.96875 0.04921875 0.065277777777778
10 0.80078125 0.50763888888889 0.0453125 0.068055555555556
10 0.746875 0.75069444444444 0.046875 0.068055555555556
10 0.57109375 0.80625 0.046875 0.065277777777778
10 0.98125 0.80277777777778 0.040625 0.075
10 0.4046875 0.47222222222222 0.0453125 0.061111111111111
10 0.76796875 0.51666666666667 0.04375 0.063888888888889
10 0.551953125 0.64513888888889 0.04609375 0.0625
10 0.521484375 0.44791666666667 0.04453125 0.068055555555556
10 0.7390625 0.0625 0.04375 0.066666666666667
10 0.898046875 0.60069444444444 0.04296875 0.0625
10 0.888671875 0.48958333333333 0.04296875 0.0625
10 0.653515625 0.35555555555556 0.04140625 0.061111111111111
10 0.61171875 0.69722222222222 0.04375 0.058333333333333
10 0.5765625 0.55833333333333 0.0421875 0.061111111111111
10 0.404296875 0.42777777777778 0.04140625 0.061111111111111
10 0.085546875 0.85763888888889 0.03984375 0.0625
10 0.27734375 0.58055555555556 0.040625 0.061111111111111
10 0.684375 0.65972222222222 0.040625 0.061111111111111
10 0.36171875 0.62569444444444 0.040625 0.059722222222222
10 0.54453125 0.59444444444444 0.040625 0.058333333333333
10 0.24453125 0.20625 0.040625 0.059722222222222
10 0.3984375 0.93472222222222 0.040625 0.058333333333333
10 0.503125 0.060416666666667 0.0390625 0.059722222222222
10 0.5453125 0.51319444444444 0.0390625 0.059722222222222
10 0.45234375 0.49930555555556 0.040625 0.056944444444444
10 0.5828125 0.01875 0.0609375 0.0375
10 0.454296875 0.45902777777778 0.03828125 0.059722222222222
10 0.3375 0.63333333333333 0.0375 0.061111111111111
10 0.2859375 0.35416666666667 0.0390625 0.058333333333333
10 0.815625 0.39236111111111 0.0390625 0.056944444444444
10 0.6046875 0.64652777777778 0.0390625 0.056944444444444
10 0.642578125 0.65416666666667 0.03828125 0.055555555555556
10 0.42265625 0.61111111111111 0.0375 0.055555555555556
10 0.280859375 0.19166666666667 0.03828125 0.055555555555556
10 0.592578125 0.88958333333333 0.03828125 0.054166666666667
10 0.722265625 0.77916666666667 0.03671875 0.055555555555556
10 0.637109375 0.68888888888889 0.03671875 0.055555555555556
10 0.505078125 0.53888888888889 0.03671875 0.055555555555556
10 0.593359375 0.84166666666667 0.03828125 0.052777777777778
10 0.595703125 0.60694444444444 0.03828125 0.052777777777778
10 0.768359375 0.71736111111111 0.03515625 0.056944444444444
10 0.4546875 0.21875 0.0375 0.051388888888889
10 0.98671875 0.60347222222222 0.028125 0.068055555555556
10 0.209375 0.22083333333333 0.0359375 0.052777777777778
10 0.65703125 0.77013888888889 0.034375 0.054166666666667
10 0.415234375 0.67569444444444 0.03515625 0.051388888888889
10 0.729296875 0.97013888888889 0.03671875 0.048611111111111
10 0.381640625 0.85625 0.03671875 0.051388888888889
10 0.31875 0.80694444444444 0.034375 0.05
10 0.194921875 0.7875 0.03359375 0.05
10 0.37265625 0.41319444444444 0.034375 0.048611111111111
10 0.36015625 0.67777777777778 0.034375 0.05
10 0.027734375 0.85486111111111 0.03359375 0.048611111111111
10 0.140625 0.20694444444444 0.034375 0.047222222222222
10 0.52265625 0.88472222222222 0.0328125 0.047222222222222
10 0.298046875 0.89930555555556 0.03359375 0.045833333333333
10 0.40703125 0.54513888888889 0.03125 0.045833333333333
10 0.115234375 0.61180555555556 0.03203125 0.045833333333333
10 0.115234375 0.96597222222222 0.03046875 0.045833333333333
10 0.391796875 0.63194444444444 0.03046875 0.044444444444444
10 0.4828125 0.98541666666667 0.0421875 0.029166666666667
10 0.012109375 0.67916666666667 0.02421875 0.044444444444444