10 0.9359375 0.51666666666667 0.054166666666667 0.083333333333333
10 0.55364583333333 0.41944444444444 0.064583333333333 0.085185185185185
10 0.79322916666667 0.73425925925926 0.084375 0.10740740740741
10 0.64713541666667 0.21944444444444 0.1015625 0.14814814814815
10 0.75885416666667 0.21944444444444 0.060416666666667 0.094444444444444
10 0.91223958333333 0.63287037037037 0.1015625 0.18055555555556
10 0.53489583333333 0.68009259259259 0.096875 0.14351851851852
10 0.7828125 0.72037037037037 0.055208333333333 0.068518518518519
10 0.7234375 0.43472222222222 0.059375 0.082407407407407
10 0.44348958333333 0.86759259259259 0.0609375 0.074074074074074
10 0.56614583333333 0.89953703703704 0.051041666666667 0.078703703703704
10 0.615625 0.66759259259259 0.053125 0.07037037037037
10 0.57838541666667 0.76712962962963 0.0515625 0.063888888888889