10 0.074739583333333 0.4462962962963 0.030729166666667 0.044444444444444
10 0.62291666666667 0.43888888888889 0.026041666666667 0.035185185185185
10 0.49635416666667 0.26018518518519 0.025 0.035185185185185
10 0.55572916666667 0.43194444444444 0.04375 0.060185185185185
10 0.76015625 0.86805555555556 0.030729166666667 0.036111111111111
10 0.0640625 0.14675925925926 0.033333333333333 0.050925925925926
10 0.47760416666667 0.36481481481481 0.048958333333333 0.061111111111111
10 0.44114583333333 0.69583333333333 0.034375 0.04537037037037
10 0.019010416666667 0.040277777777778 0.031770833333333 0.047222222222222
10 0.45 0.14027777777778 0.025 0.036111111111111
10 0.40182291666667 0.20462962962963 0.033854166666667 0.048148148148148
10 0.22135416666667 0.088425925925926 0.026041666666667 0.037962962962963
10 0.11979166666667 0.13101851851852 0.034375 0.058333333333333
10 0.17630208333333 0.40092592592593 0.031770833333333 0.05
10 0.53723958333333 0.37546296296296 0.027604166666667 0.037962962962963
10 0.546875 0.53842592592593 0.026041666666667 0.036111111111111
10 0.46927083333333 0.31296296296296 0.028125 0.038888888888889
10 0.43541666666667 0.23935185185185 0.028125 0.039814814814815
10 0.35078125 0.2162037037037 0.0359375 0.049074074074074
10 0.11666666666667 0.11111111111111 0.032291666666667 0.048148148148148
10 0.340625 0.3337962962963 0.033333333333333 0.050925925925926
10 0.15390625 0.098148148148148 0.024479166666667 0.038888888888889
10 0.25104166666667 0.38425925925926 0.030208333333333 0.046296296296296
10 0.38385416666667 0.11203703703704 0.025 0.035185185185185
10 0.66614583333333 0.49212962962963 0.029166666666667 0.039814814814815
10 0.3125 0.16064814814815 0.04375 0.063888888888889
10 0.58932291666667 0.41342592592593 0.025520833333333 0.037962962962963
10 0.5296875 0.58101851851852 0.026041666666667 0.037962962962963
10 0.19479166666667 0.26990740740741 0.032291666666667 0.04537037037037
10 0.35338541666667 0.49259259259259 0.031770833333333 0.048148148148148
10 0.48411458333333 0.034722222222222 0.028645833333333 0.041666666666667
10 0.52630208333333 0.2375 0.028645833333333 0.041666666666667
10 0.018489583333333 0.11898148148148 0.033854166666667 0.049074074074074
10 0.39817708333333 0.25555555555556 0.041145833333333 0.057407407407407
10 0.38489583333333 0.20509259259259 0.03125 0.043518518518519
10 0.32161458333333 0.22685185185185 0.025520833333333 0.037037037037037
10 0.23255208333333 0.76018518518519 0.0265625 0.044444444444444
10 0.58515625 0.5337962962963 0.036979166666667 0.05462962962963
10 0.32890625 0.14490740740741 0.025520833333333 0.037962962962963
10 0.41692708333333 0.23055555555556 0.024479166666667 0.031481481481481
10 0.43802083333333 0.11388888888889 0.025 0.035185185185185
10 0.3328125 0.3037037037037 0.029166666666667 0.040740740740741
10 0.41510416666667 0.125 0.025 0.035185185185185
10 0.43958333333333 0.3125 0.026041666666667 0.036111111111111
10 0.31510416666667 0.39583333333333 0.038541666666667 0.075
10 0.23802083333333 0.46157407407407 0.027083333333333 0.041666666666667
10 0.6515625 0.61481481481481 0.055208333333333 0.068518518518519
10 0.12291666666667 0.068518518518519 0.034375 0.046296296296296
10 0.25651041666667 0.59351851851852 0.0359375 0.05
10 0.29088541666667 0.24861111111111 0.0296875 0.041666666666667
10 0.61536458333333 0.88796296296296 0.030729166666667 0.042592592592593
10 0.077604166666667 0.38611111111111 0.033333333333333 0.051851851851852
10 0.34140625 0.16944444444444 0.031770833333333 0.044444444444444
10 0.26640625 0.29675925925926 0.038020833333333 0.052777777777778
10 0.20286458333333 0.33148148148148 0.0296875 0.042592592592593
10 0.45572916666667 0.24814814814815 0.027083333333333 0.037037037037037
10 0.53385416666667 0.51712962962963 0.030208333333333 0.043518518518519
10 0.2046875 0.17916666666667 0.03125 0.047222222222222
10 0.4171875 0.38518518518519 0.04375 0.059259259259259
10 0.60651041666667 0.41759259259259 0.025520833333333 0.035185185185185
10 0.2359375 0.32453703703704 0.027083333333333 0.039814814814815
10 0.43463541666667 0.20416666666667 0.024479166666667 0.034259259259259
10 0.37135416666667 0.32916666666667 0.026041666666667 0.039814814814815
10 0.09140625 0.10694444444444 0.0359375 0.049074074074074
10 0.3984375 0.65972222222222 0.033333333333333 0.052777777777778
10 0.6875 0.70092592592593 0.033333333333333 0.05
10 0.86822916666667 0.83564814814815 0.0375 0.04537037037037
10 0.30989583333333 0.3787037037037 0.026041666666667 0.040740740740741
10 0.47708333333333 0.1125 0.032291666666667 0.052777777777778
10 0.22161458333333 0.19398148148148 0.030729166666667 0.049074074074074
10 0.59010416666667 0.10972222222222 0.030208333333333 0.039814814814815
10 0.36067708333333 0.20092592592593 0.025520833333333 0.033333333333333
10 0.5625 0.61018518518519 0.036458333333333 0.051851851851852
10 0.41588541666667 0.18657407407407 0.021354166666667 0.032407407407407
10 0.50494791666667 0.49490740740741 0.030729166666667 0.041666666666667
10 0.25338541666667 0.53148148148148 0.031770833333333 0.044444444444444
10 0.39427083333333 0.1537037037037 0.032291666666667 0.044444444444444
10 0.23020833333333 0.65925925925926 0.0375 0.051851851851852
10 0.60703125 0.65601851851852 0.028645833333333 0.039814814814815
10 0.13828125 0.16481481481481 0.0265625 0.040740740740741
10 0.246875 0.19768518518519 0.027083333333333 0.039814814814815
10 0.57734375 0.48611111111111 0.027604166666667 0.037037037037037
10 0.56614583333333 0.5875 0.025 0.036111111111111
10 0.30286458333333 0.27592592592593 0.0265625 0.038888888888889
10 0.14557291666667 0.33842592592593 0.036979166666667 0.058333333333333
10 0.77786458333333 0.80925925925926 0.027604166666667 0.033333333333333
10 0.53125 0.65138888888889 0.0375 0.050925925925926
10 0.26588541666667 0.13240740740741 0.031770833333333 0.046296296296296
10 0.52239583333333 0.29212962962963 0.027083333333333 0.039814814814815
10 0.03046875 0.045833333333333 0.0453125 0.060185185185185