10 0.37265625 0.1375 0.0421875 0.052777777777778
10 0.783984375 0.50208333333333 0.02421875 0.031944444444444
10 0.880078125 0.80972222222222 0.02265625 0.030555555555556
10 0.881640625 0.64652777777778 0.02109375 0.029166666666667
10 0.659765625 0.21736111111111 0.02109375 0.029166666666667
10 0.699609375 0.36944444444444 0.02421875 0.030555555555556
10 0.67109375 0.26041666666667 0.025 0.031944444444444
10 0.68828125 0.41319444444444 0.03125 0.043055555555556
10 0.41015625 0.098611111111111 0.040625 0.044444444444444
10 0.783203125 0.29097222222222 0.40546875 0.55694444444444
10 0.862890625 0.50069444444444 0.03515625 0.043055555555556
10 0.67265625 0.47013888888889 0.0328125 0.0375
10 0.855078125 0.54097222222222 0.02421875 0.031944444444444
10 0.83828125 0.54097222222222 0.025 0.031944444444444
10 0.6984375 0.32777777777778 0.0234375 0.027777777777778
10 0.465234375 0.35694444444444 0.35703125 0.54722222222222
10 0.75859375 0.49861111111111 0.025 0.033333333333333
10 0.734765625 0.41944444444444 0.02421875 0.033333333333333
10 0.68359375 0.34861111111111 0.0234375 0.030555555555556
10 0.683984375 0.29791666666667 0.02109375 0.029166666666667
10 0.88828125 0.72222222222222 0.028125 0.036111111111111
10 0.753515625 0.38680555555556 0.04140625 0.054166666666667
10 0.829296875 0.43819444444444 0.02421875 0.029166666666667
10 0.8859375 0.67638888888889 0.028125 0.036111111111111
10 0.808203125 0.49444444444444 0.02421875 0.030555555555556
10 0.72578125 0.37013888888889 0.0296875 0.034722222222222
10 0.6921875 0.45208333333333 0.0203125 0.026388888888889
10 0.87109375 0.41597222222222 0.01875 0.023611111111111
10 0.88046875 0.61875 0.0234375 0.031944444444444
10 0.71328125 0.30138888888889 0.0390625 0.05
10 0.672265625 0.57083333333333 0.02109375 0.025
10 0.746484375 0.44930555555556 0.02265625 0.029166666666667