11 0.051302083333333 0.19675925925926 0.1015625 0.11018518518519
11 0.64661458333333 0.23240740740741 0.094270833333333 0.12407407407407
11 0.94479166666667 0.39768518518519 0.1 0.11388888888889
11 0.27421875 0.24907407407407 0.086979166666667 0.1037037037037
11 0.42447916666667 0.055092592592593 0.078125 0.10277777777778
11 0.24505208333333 0.89259259259259 0.080729166666667 0.10925925925926
11 0.15494791666667 0.40833333333333 0.081770833333333 0.094444444444444
11 0.31666666666667 0.44722222222222 0.078125 0.075925925925926
11 0.45442708333333 0.053240740740741 0.0734375 0.087962962962963
11 0.40286458333333 0.82314814814815 0.068229166666667 0.083333333333333
11 0.069791666666667 0.19305555555556 0.075 0.073148148148148
11 0.3796875 0.54259259259259 0.067708333333333 0.07962962962963
11 0.0375 0.94722222222222 0.0625 0.074074074074074
11 0.69505208333333 0.10138888888889 0.055729166666667 0.082407407407407
11 0.43151041666667 0.41435185185185 0.065104166666667 0.080555555555556
11 0.63177083333333 0.83935185185185 0.06875 0.065740740740741
11 0.0546875 0.082407407407407 0.055208333333333 0.07962962962963
11 0.96666666666667 0.39907407407407 0.05 0.068518518518519
11 0.19453125 0.29907407407407 0.0421875 0.077777777777778
11 0.68880208333333 0.44351851851852 0.0515625 0.064814814814815
11 0.59166666666667 0.34212962962963 0.054166666666667 0.060185185185185
11 0.072135416666667 0.48287037037037 0.0515625 0.060185185185185
11 0.97994791666667 0.8587962962963 0.040104166666667 0.073148148148148
11 0.57942708333333 0.41759259259259 0.050520833333333 0.053703703703704
11 0.86875 0.51435185185185 0.047916666666667 0.056481481481481
11 0.39088541666667 0.42361111111111 0.055729166666667 0.049074074074074
11 0.33385416666667 0.4537037037037 0.051041666666667 0.057407407407407
11 0.53776041666667 0.29166666666667 0.044270833333333 0.061111111111111
11 0.42395833333333 0.15740740740741 0.046875 0.055555555555556
11 0.82942708333333 0.52638888888889 0.0484375 0.052777777777778
11 0.47630208333333 0.052777777777778 0.0421875 0.061111111111111
11 0.35677083333333 0.34398148148148 0.044791666666667 0.056481481481481
11 0.6671875 0.9125 0.052083333333333 0.049074074074074
11 0.75286458333333 0.11712962962963 0.043229166666667 0.058333333333333
11 0.41510416666667 0.26898148148148 0.045833333333333 0.05462962962963
11 0.77265625 0.26805555555556 0.0421875 0.058333333333333
11 0.071354166666667 0.098148148148148 0.042708333333333 0.055555555555556
11 0.13489583333333 0.70092592592593 0.045833333333333 0.051851851851852
11 0.91770833333333 0.2162037037037 0.042708333333333 0.056481481481481
11 0.23125 0.81111111111111 0.051041666666667 0.048148148148148
11 0.3984375 0.12453703703704 0.044791666666667 0.052777777777778
11 0.80104166666667 0.27824074074074 0.041666666666667 0.056481481481481
11 0.36067708333333 0.24675925925926 0.041145833333333 0.056481481481481
11 0.46927083333333 0.2375 0.040625 0.056481481481481
11 0.35885416666667 0.47453703703704 0.045833333333333 0.049074074074074
11 0.63203125 0.64027777777778 0.0484375 0.047222222222222
11 0.7203125 0.38796296296296 0.041666666666667 0.053703703703704
11 0.91875 0.33518518518519 0.041666666666667 0.053703703703704
11 0.23984375 0.27453703703704 0.0421875 0.052777777777778
11 0.1890625 0.28009259259259 0.038541666666667 0.05462962962963
11 0.15130208333333 0.81157407407407 0.046354166666667 0.04537037037037
11 0.38958333333333 0.31990740740741 0.042708333333333 0.049074074074074
11 0.022395833333333 0.55462962962963 0.041666666666667 0.05
11 0.078645833333333 0.95138888888889 0.041666666666667 0.049074074074074
11 0.30703125 0.56990740740741 0.041145833333333 0.049074074074074
11 0.25703125 0.16481481481481 0.0390625 0.051851851851852
11 0.10989583333333 0.53518518518519 0.041666666666667 0.048148148148148
11 0.90234375 0.125 0.040104166666667 0.05
11 0.60755208333333 0.26851851851852 0.041145833333333 0.048148148148148
11 0.83958333333333 0.35462962962963 0.042708333333333 0.046296296296296
11 0.76197916666667 0.53009259259259 0.042708333333333 0.04537037037037
11 0.55807291666667 0.2337962962963 0.0390625 0.049074074074074
11 0.77213541666667 0.44398148148148 0.0421875 0.04537037037037
11 0.2046875 0.325 0.039583333333333 0.048148148148148
11 0.54296875 0.051851851851852 0.038020833333333 0.05
11 0.34375 0.31018518518519 0.0375 0.048148148148148
11 0.19869791666667 0.11851851851852 0.038020833333333 0.05
11 0.63880208333333 0.019907407407407 0.046354166666667 0.039814814814815
11 0.0578125 0.7875 0.0375 0.047222222222222
11 0.50598958333333 0.25416666666667 0.038020833333333 0.047222222222222
11 0.47265625 0.75972222222222 0.0421875 0.041666666666667
11 0.14166666666667 0.2 0.036458333333333 0.048148148148148
11 0.013541666666667 0.4287037037037 0.027083333333333 0.062962962962963
11 0.84609375 0.74953703703704 0.040104166666667 0.043518518518519
11 0.26197916666667 0.33009259259259 0.038541666666667 0.043518518518519
11 0.98802083333333 0.77731481481481 0.023958333333333 0.065740740740741
11 0.82473958333333 0.46712962962963 0.0359375 0.043518518518519
11 0.79244791666667 0.35509259259259 0.0390625 0.039814814814815
11 0.23802083333333 0.70277777777778 0.0375 0.040740740740741
11 0.67395833333333 0.26064814814815 0.035416666666667 0.043518518518519
11 0.99296875 0.56990740740741 0.0140625 0.043518518518519