11 0.83828125 0.29930555555556 0.240625 0.43194444444444
11 0.353125 0.29513888888889 0.20625 0.29861111111111
11 0.61328125 0.62152777777778 0.1796875 0.23194444444444
11 0.69296875 0.38611111111111 0.16875 0.23055555555556
11 0.068359375 0.44722222222222 0.13671875 0.28333333333333
11 0.04765625 0.14444444444444 0.0953125 0.28888888888889
11 0.4796875 0.49375 0.1234375 0.2125
11 0.44921875 0.29583333333333 0.115625 0.175
11 0.940234375 0.58611111111111 0.11796875 0.20555555555556
11 0.559765625 0.34305555555556 0.10234375 0.15277777777778
11 0.05546875 0.36944444444444 0.071875 0.14166666666667
11 1.082421875 0.50416666666667 0.80859375 1