10 0.45234375 0.20601851851852 0.0859375 0.13240740740741
10 0.59505208333333 0.71805555555556 0.0328125 0.049074074074074
10 0.48802083333333 0.20601851851852 0.051041666666667 0.080555555555556
10 0.58984375 0.3337962962963 0.049479166666667 0.069444444444444
10 0.89244791666667 0.24722222222222 0.0859375 0.12592592592593
10 0.78125 0.28935185185185 0.061458333333333 0.093518518518519
10 0.4015625 0.88657407407407 0.077083333333333 0.11203703703704
10 0.59583333333333 0.43888888888889 0.048958333333333 0.066666666666667
10 0.36588541666667 0.68796296296296 0.0296875 0.042592592592593
10 0.44973958333333 0.56805555555556 0.097395833333333 0.13981481481481
10 0.5125 0.28101851851852 0.05625 0.076851851851852
10 0.77395833333333 0.45648148148148 0.0625 0.098148148148148
10 0.4546875 0.92175925925926 0.042708333333333 0.058333333333333
10 0.28958333333333 0.83148148148148 0.04375 0.061111111111111
10 0.528125 0.33796296296296 0.039583333333333 0.059259259259259
10 0.68671875 0.20416666666667 0.072395833333333 0.11759259259259
10 0.93932291666667 0.10787037037037 0.0609375 0.09537037037037
10 0.290625 0.93703703703704 0.034375 0.048148148148148
10 0.55963541666667 0.38518518518519 0.043229166666667 0.062962962962963
10 0.52916666666667 0.034259259259259 0.060416666666667 0.068518518518519
10 0.56796875 0.2787037037037 0.0390625 0.059259259259259
10 0.47135416666667 0.94537037037037 0.072916666666667 0.10185185185185
10 0.6640625 0.068518518518519 0.054166666666667 0.075925925925926
10 0.2953125 0.88611111111111 0.033333333333333 0.048148148148148
10 0.26354166666667 0.79398148148148 0.040625 0.056481481481481
10 0.153125 0.77685185185185 0.040625 0.055555555555556
10 0.63854166666667 0.54074074074074 0.05 0.07037037037037
10 0.21119791666667 0.98657407407407 0.0390625 0.026851851851852
10 0.37708333333333 0.81805555555556 0.091666666666667 0.10648148148148
10 0.24609375 0.76527777777778 0.0453125 0.067592592592593
10 0.33671875 0.57407407407407 0.061979166666667 0.081481481481481
10 0.52161458333333 0.52175925925926 0.043229166666667 0.062037037037037
10 0.53098958333333 0.22453703703704 0.0703125 0.10462962962963
10 0.064322916666667 0.65046296296296 0.038020833333333 0.050925925925926
10 0.49479166666667 0.71435185185185 0.067708333333333 0.089814814814815
10 0.59661458333333 0.64861111111111 0.034895833333333 0.052777777777778
10 0.521875 0.63009259259259 0.076041666666667 0.10648148148148
10 0.4421875 0.80648148148148 0.072916666666667 0.098148148148148
10 0.45833333333333 0.0625 0.064583333333333 0.10833333333333
10 0.1078125 0.10601851851852 0.11354166666667 0.16388888888889
10 0.57083333333333 0.068055555555556 0.051041666666667 0.075
10 0.51614583333333 0.93009259259259 0.04375 0.063888888888889
10 0.60651041666667 0.049074074074074 0.093229166666667 0.098148148148148
10 0.18333333333333 0.81111111111111 0.033333333333333 0.048148148148148
10 0.65442708333333 0.60185185185185 0.046354166666667 0.068518518518519
10 0.50104166666667 0.63518518518519 0.059375 0.081481481481481
10 0.18385416666667 0.77222222222222 0.040625 0.057407407407407
10 0.24713541666667 0.91388888888889 0.0328125 0.044444444444444
10 0.68723958333333 0.73657407407407 0.0421875 0.060185185185185
10 0.46979166666667 0.37083333333333 0.047916666666667 0.067592592592593
10 0.5140625 0.1125 0.054166666666667 0.086111111111111
10 0.48802083333333 0.41203703703704 0.075 0.096296296296296
10 0.48958333333333 0.87083333333333 0.041666666666667 0.058333333333333
10 0.22369791666667 0.66759259259259 0.0703125 0.092592592592593
10 0.72890625 0.59444444444444 0.0453125 0.066666666666667