11 0.740625 0.40347222222222 0.46875 0.65416666666667
11 0.518359375 0.52222222222222 0.38828125 0.56111111111111
11 0.67578125 0.52638888888889 0.0328125 0.044444444444444
11 0.894921875 0.25 0.20390625 0.21944444444444
11 0.758203125 0.56388888888889 0.02578125 0.036111111111111
11 0.86328125 0.74236111111111 0.028125 0.040277777777778
11 0.819140625 0.69722222222222 0.02421875 0.036111111111111
11 0.769140625 0.032638888888889 0.02578125 0.034722222222222
11 0.671484375 0.14583333333333 0.02421875 0.036111111111111
11 0.764453125 0.65277777777778 0.02421875 0.033333333333333
11 0.65546875 0.43125 0.025 0.031944444444444
11 0.83203125 0.8125 0.021875 0.030555555555556
11 0.791015625 0.70416666666667 0.01953125 0.027777777777778
11 0.73125 0.53680555555556 0.0203125 0.026388888888889
11 0.755078125 0.060416666666667 0.01953125 0.026388888888889
11 0.721484375 0.57291666666667 0.01953125 0.026388888888889
11 0.842578125 0.66041666666667 0.01796875 0.023611111111111