10 0.41979166666667 0.24259259259259 0.052083333333333 0.07037037037037
10 0.55364583333333 0.64074074074074 0.059375 0.072222222222222
10 0.11744791666667 0.1787037037037 0.0421875 0.061111111111111
10 0.33307291666667 0.20833333333333 0.040104166666667 0.057407407407407
10 0.61614583333333 0.41944444444444 0.041666666666667 0.057407407407407
10 0.48151041666667 0.38472222222222 0.046354166666667 0.056481481481481
10 0.43098958333333 0.39675925925926 0.043229166666667 0.063888888888889
10 0.14765625 0.21805555555556 0.040104166666667 0.056481481481481
10 0.22682291666667 0.30231481481481 0.038020833333333 0.056481481481481
10 0.42734375 0.6287037037037 0.034895833333333 0.061111111111111
10 0.45338541666667 0.33935185185185 0.0390625 0.052777777777778
10 0.70208333333333 0.67407407407407 0.040625 0.05
10 0.43463541666667 0.14722222222222 0.038020833333333 0.057407407407407
10 0.31041666666667 0.19305555555556 0.036458333333333 0.05462962962963
10 0.66119791666667 0.67268518518519 0.0390625 0.050925925925926
10 0.34088541666667 0.3625 0.036979166666667 0.050925925925926
10 0.27161458333333 0.32546296296296 0.034895833333333 0.056481481481481
10 0.23932291666667 0.22268518518519 0.038020833333333 0.049074074074074
10 0.90703125 0.79814814814815 0.036979166666667 0.046296296296296
10 0.27447916666667 0.67731481481481 0.033333333333333 0.049074074074074
10 0.26458333333333 0.14444444444444 0.033333333333333 0.046296296296296
10 0.34921875 0.25462962962963 0.034895833333333 0.046296296296296
10 0.59010416666667 0.50462962962963 0.033333333333333 0.046296296296296
10 0.2765625 0.41064814814815 0.032291666666667 0.047222222222222
10 0.40598958333333 0.175 0.030729166666667 0.048148148148148
10 0.075520833333333 0.22222222222222 0.03125 0.046296296296296
10 0.38177083333333 0.25277777777778 0.03125 0.046296296296296
10 0.26432291666667 0.47268518518519 0.030729166666667 0.04537037037037
10 0.11015625 0.43842592592593 0.030729166666667 0.04537037037037
10 0.55364583333333 0.43148148148148 0.03125 0.044444444444444
10 0.63541666666667 0.85787037037037 0.032291666666667 0.041666666666667
10 0.058333333333333 0.13611111111111 0.03125 0.044444444444444
10 0.16119791666667 0.375 0.0296875 0.044444444444444
10 0.2234375 0.18101851851852 0.030208333333333 0.043518518518519
10 0.52578125 0.4962962962963 0.030729166666667 0.042592592592593
10 0.62630208333333 0.62222222222222 0.031770833333333 0.040740740740741
10 0.20546875 0.42361111111111 0.0296875 0.043518518518519
10 0.46927083333333 0.056481481481481 0.030208333333333 0.042592592592593
10 0.32630208333333 0.32361111111111 0.030729166666667 0.041666666666667
10 0.79270833333333 0.82638888888889 0.033333333333333 0.037962962962963
10 0.58880208333333 0.6037037037037 0.0296875 0.042592592592593
10 0.21536458333333 0.51435185185185 0.028645833333333 0.043518518518519
10 0.53463541666667 0.39490740740741 0.0296875 0.041666666666667
10 0.45911458333333 0.68194444444444 0.0296875 0.041666666666667
10 0.036458333333333 0.21064814814815 0.028125 0.043518518518519
10 0.36901041666667 0.47222222222222 0.028645833333333 0.042592592592593
10 0.60911458333333 0.70324074074074 0.030729166666667 0.039814814814815
10 0.22630208333333 0.36111111111111 0.0296875 0.040740740740741
10 0.80260416666667 0.75787037037037 0.033333333333333 0.036111111111111
10 0.46588541666667 0.14583333333333 0.028645833333333 0.041666666666667
10 0.02890625 0.1287037037037 0.027604166666667 0.042592592592593
10 0.21276041666667 0.12037037037037 0.027604166666667 0.042592592592593
10 0.096354166666667 0.52268518518519 0.028125 0.041666666666667
10 0.16770833333333 0.4162037037037 0.028125 0.041666666666667
10 0.67786458333333 0.48518518518519 0.028645833333333 0.040740740740741
10 0.26979166666667 0.76851851851852 0.027083333333333 0.042592592592593
10 0.51015625 0.30509259259259 0.027604166666667 0.041666666666667
10 0.38359375 0.34583333333333 0.028645833333333 0.039814814814815
10 0.5875 0.1162037037037 0.027083333333333 0.041666666666667
10 0.4828125 0.28888888888889 0.028125 0.038888888888889
10 0.65859375 0.58657407407407 0.028645833333333 0.037962962962963
10 0.13229166666667 0.14490740740741 0.027083333333333 0.039814814814815
10 0.61119791666667 0.55046296296296 0.027604166666667 0.037962962962963
10 0.5109375 0.26481481481481 0.026041666666667 0.038888888888889
10 0.32005208333333 0.39027777777778 0.0265625 0.037962962962963
10 0.28802083333333 0.27777777777778 0.026041666666667 0.037037037037037
10 0.31354166666667 0.28009259259259 0.025 0.036111111111111