10 0.85304449648712 0.030208333333333 0.066744730679157 0.060416666666667
6 0.31908665105386 0.253125 0.059718969555035 0.060416666666667
10 0.12529274004684 0.18333333333333 0.079625292740047 0.091666666666667
6 0.41803278688525 0.14166666666667 0.067915690866511 0.079166666666667
6 0.64168618266979 0.13020833333333 0.058548009367682 0.060416666666667
6 0.72658079625293 0.11875 0.071428571428571 0.079166666666667
6 0.45725995316159 0.225 0.057377049180328 0.0625
10 0.12529274004684 0.18229166666667 0.09367681498829 0.089583333333333
10 0.72833723653396 0.12083333333333 0.067915690866511 0.0875
10 0.41978922716628 0.140625 0.071428571428571 0.077083333333333
10 0.28454332552693 0.296875 0.070257611241218 0.06875
10 0.31850117096019 0.25416666666667 0.063231850117096 0.054166666666667
10 0.50702576112412 0.059375 0.053864168618267 0.052083333333333
10 0.85304449648712 0.034375 0.055035128805621 0.060416666666667
10 0.41276346604215 0.24375 0.052693208430913 0.05
10 0.90632318501171 0.22291666666667 0.039812646370023 0.05
10 0.12587822014052 0.18229166666667 0.092505854800937 0.089583333333333
10 0.42096018735363 0.1375 0.073770491803279 0.079166666666667
10 0.28337236533958 0.29791666666667 0.072599531615925 0.066666666666667
10 0.72892271662763 0.12083333333333 0.066744730679157 0.083333333333333
10 0.6867681498829 0.13125 0.052693208430913 0.070833333333333
10 0.31791569086651 0.25416666666667 0.06440281030445 0.054166666666667
10 0.50702576112412 0.059375 0.056206088992974 0.052083333333333
10 0.41393442622951 0.24375 0.055035128805621 0.05