11 0.766796875 0.40416666666667 0.02578125 0.036111111111111
11 0.65703125 0.27638888888889 0.028125 0.041666666666667
11 0.69609375 0.50347222222222 0.025 0.031944444444444
11 0.905859375 0.59861111111111 0.02890625 0.038888888888889
11 0.680078125 0.38680555555556 0.02421875 0.034722222222222
11 0.6921875 0.37083333333333 0.0234375 0.030555555555556
11 0.448828125 0.33472222222222 0.32890625 0.60277777777778
11 0.8390625 0.37708333333333 0.0296875 0.040277777777778
11 0.869921875 0.67152777777778 0.02421875 0.034722222222222
11 0.881640625 0.37013888888889 0.02421875 0.034722222222222
11 0.72265625 0.38680555555556 0.03125 0.043055555555556
11 0.83515625 0.48888888888889 0.0375 0.05
11 0.832421875 0.53472222222222 0.02421875 0.033333333333333
11 0.718359375 0.45833333333333 0.04140625 0.055555555555556
11 0.767578125 0.37222222222222 0.02734375 0.036111111111111
11 0.8046875 0.40972222222222 0.0265625 0.036111111111111
11 0.718359375 0.34861111111111 0.02890625 0.036111111111111
11 0.88046875 0.49444444444444 0.0265625 0.036111111111111
11 0.8796875 0.60902777777778 0.0265625 0.034722222222222
11 0.688671875 0.41111111111111 0.03046875 0.041666666666667
11 0.862109375 0.47638888888889 0.03046875 0.041666666666667
11 0.7875 0.27083333333333 0.3953125 0.54166666666667
11 0.742578125 0.41180555555556 0.03046875 0.045833333333333
11 0.88984375 0.56666666666667 0.0359375 0.047222222222222