10 0.720703125 0.37430555555556 0.02734375 0.031944444444444
10 0.83984375 0.41944444444444 0.0296875 0.033333333333333
10 0.687890625 0.41666666666667 0.03515625 0.038888888888889
10 0.825 0.44930555555556 0.021875 0.026388888888889
10 0.759375 0.50902777777778 0.025 0.029166666666667
10 0.71796875 0.31527777777778 0.0265625 0.027777777777778
10 0.784375 0.51597222222222 0.025 0.029166666666667
10 0.65390625 0.225 0.01875 0.022222222222222
10 0.79375 0.28888888888889 0.0359375 0.044444444444444
10 0.85546875 0.54930555555556 0.0265625 0.029166666666667
10 0.857421875 0.45694444444444 0.03359375 0.044444444444444
10 0.734765625 0.43055555555556 0.02578125 0.030555555555556
10 0.877734375 0.34722222222222 0.02265625 0.027777777777778
10 0.669921875 0.44375 0.02890625 0.034722222222222
10 0.882421875 0.47361111111111 0.03203125 0.041666666666667
10 0.88046875 0.82083333333333 0.0265625 0.036111111111111
10 0.711328125 0.34513888888889 0.02421875 0.026388888888889
10 0.74375 0.34861111111111 0.03125 0.030555555555556
10 0.66875 0.20208333333333 0.0265625 0.031944444444444
10 0.68515625 0.39513888888889 0.025 0.029166666666667
10 0.652734375 0.30486111111111 0.01796875 0.020833333333333
10 0.8453125 0.34097222222222 0.0296875 0.034722222222222
10 0.74296875 0.45902777777778 0.0265625 0.029166666666667
10 0.75078125 0.39375 0.0375 0.045833333333333
10 0.853515625 0.44652777777778 0.02578125 0.031944444444444
10 0.883984375 0.72916666666667 0.03046875 0.036111111111111
10 0.691796875 0.45694444444444 0.02578125 0.027777777777778
10 0.866796875 0.42569444444444 0.02578125 0.026388888888889
10 0.808203125 0.43472222222222 0.02578125 0.030555555555556
10 0.83359375 0.54722222222222 0.0265625 0.030555555555556
10 0.696484375 0.33888888888889 0.02421875 0.025
10 0.69765625 0.37430555555556 0.0203125 0.023611111111111
10 0.875 0.39097222222222 0.0296875 0.034722222222222
10 0.8046875 0.26666666666667 0.3140625 0.43333333333333
10 0.672265625 0.47291666666667 0.02265625 0.026388888888889
10 0.86484375 0.50972222222222 0.0421875 0.047222222222222
10 0.673046875 0.26805555555556 0.02421875 0.027777777777778
10 0.681640625 0.29444444444444 0.02265625 0.030555555555556
10 0.78359375 0.015277777777778 0.025 0.025
10 0.36875 0.14722222222222 0.0484375 0.055555555555556
10 0.70703125 0.30555555555556 0.03125 0.033333333333333
10 0.77421875 0.35555555555556 0.034375 0.044444444444444
10 0.76171875 0.28194444444444 0.028125 0.030555555555556
10 0.876171875 0.62708333333333 0.02265625 0.029166666666667
10 0.88046875 0.65277777777778 0.025 0.030555555555556
10 0.738671875 0.30277777777778 0.02578125 0.033333333333333
10 0.474609375 0.45277777777778 0.26796875 0.73611111111111
10 0.68515625 0.35555555555556 0.0234375 0.027777777777778
10 0.86484375 0.32569444444444 0.0203125 0.023611111111111
10 0.673828125 0.23958333333333 0.02109375 0.023611111111111
10 0.882421875 0.68263888888889 0.02421875 0.026388888888889
10 0.785546875 0.45555555555556 0.03828125 0.041666666666667
10 0.669140625 0.57361111111111 0.02734375 0.033333333333333
10 0.803125 0.50486111111111 0.025 0.026388888888889
10 0.846484375 0.48819444444444 0.03828125 0.040277777777778
10 0.871484375 0.46805555555556 0.03515625 0.041666666666667