10 0.469921875 0.20694444444444 0.05234375 0.075
10 0.615625 0.55416666666667 0.0359375 0.058333333333333
10 0.366796875 0.11666666666667 0.05703125 0.088888888888889
10 0.373828125 0.31597222222222 0.04453125 0.068055555555556
10 0.29609375 0.30694444444444 0.0296875 0.047222222222222
10 0.32734375 0.097222222222222 0.04375 0.066666666666667
10 0.235546875 0.29930555555556 0.03203125 0.054166666666667
10 0.263671875 0.94513888888889 0.03671875 0.059722222222222
10 0.389453125 0.29861111111111 0.03515625 0.052777777777778
10 0.56484375 0.29166666666667 0.03125 0.05
10 0.306640625 0.12847222222222 0.04296875 0.068055555555556
10 0.536328125 0.15416666666667 0.03046875 0.047222222222222