10 0.746484375 0.73402777777778 0.04140625 0.051388888888889
10 0.61328125 0.57152777777778 0.0375 0.048611111111111
10 0.341796875 0.58888888888889 0.32578125 0.65277777777778
10 0.72421875 0.31458333333333 0.04375 0.0625
10 0.534375 0.34791666666667 0.0515625 0.070833333333333
10 0.617578125 0.15972222222222 0.05546875 0.075
10 0.6375 0.70902777777778 0.040625 0.051388888888889
10 0.75 0.63333333333333 0.0484375 0.061111111111111
10 0.830078125 0.64027777777778 0.03984375 0.052777777777778
10 0.7359375 0.47430555555556 0.040625 0.048611111111111
10 0.716015625 0.63472222222222 0.04609375 0.052777777777778
10 0.69609375 0.59097222222222 0.040625 0.045833333333333
10 0.75390625 0.35486111111111 0.05 0.068055555555556
10 0.656640625 0.27708333333333 0.03828125 0.054166666666667
10 0.668359375 0.67986111111111 0.03359375 0.043055555555556
10 0.825 0.27083333333333 0.2921875 0.54166666666667
10 0.526171875 0.30138888888889 0.03671875 0.052777777777778
10 0.583984375 0.53541666666667 0.06171875 0.073611111111111
10 0.90703125 0.35694444444444 0.0359375 0.05
10 0.7046875 0.71597222222222 0.0546875 0.0625
10 0.778515625 0.61041666666667 0.03671875 0.045833333333333
10 0.26328125 0.32222222222222 0.0328125 0.041666666666667
10 0.539453125 0.22777777777778 0.05859375 0.077777777777778
10 0.713671875 0.34236111111111 0.04140625 0.056944444444444
10 0.564453125 0.15625 0.04296875 0.0625
10 0.721875 0.75208333333333 0.0484375 0.0625
10 0.706640625 0.54722222222222 0.05234375 0.066666666666667
10 0.740234375 0.56666666666667 0.05390625 0.061111111111111
10 0.64140625 0.18680555555556 0.0375 0.054166666666667
10 0.7046875 0.21458333333333 0.046875 0.065277777777778
10 0.893359375 0.020138888888889 0.03359375 0.040277777777778
10 0.651953125 0.74513888888889 0.03671875 0.045833333333333
10 0.8046875 0.62013888888889 0.0390625 0.054166666666667
10 0.539453125 0.16944444444444 0.04453125 0.063888888888889
10 0.94296875 0.063888888888889 0.034375 0.047222222222222
10 0.753515625 0.24861111111111 0.05390625 0.072222222222222
10 0.773046875 0.68402777777778 0.03828125 0.045833333333333
10 0.65390625 0.63055555555556 0.046875 0.052777777777778
10 0.93828125 0.5875 0.03125 0.036111111111111
10 0.65 0.82638888888889 0.0390625 0.05
10 0.761328125 0.71388888888889 0.03828125 0.047222222222222