10 0.63046875 0.91180555555556 0.0875 0.12361111111111
10 0.573828125 0.77222222222222 0.07421875 0.10555555555556
10 0.678515625 0.27291666666667 0.06328125 0.093055555555556
10 0.38046875 0.91736111111111 0.0609375 0.0875
10 0.78046875 0.18680555555556 0.06875 0.10138888888889
10 0.8984375 0.90763888888889 0.0609375 0.0875
10 0.38671875 0.30277777777778 0.0546875 0.097222222222222
10 0.6125 0.28125 0.053125 0.090277777777778
10 0.591015625 0.61527777777778 0.06015625 0.077777777777778
10 0.934765625 0.33402777777778 0.05859375 0.079166666666667
10 0.577734375 0.68472222222222 0.05390625 0.083333333333333
10 0.49296875 0.60972222222222 0.0546875 0.077777777777778
10 0.554296875 0.64652777777778 0.05546875 0.076388888888889
10 0.9390625 0.57708333333333 0.053125 0.079166666666667
10 0.32109375 0.37222222222222 0.05625 0.063888888888889
10 0.4546875 0.86319444444444 0.0484375 0.073611111111111
10 0.5953125 0.75902777777778 0.05 0.068055555555556
10 0.50703125 0.72430555555556 0.05 0.068055555555556
10 0.4890625 0.47916666666667 0.046875 0.072222222222222
10 0.958203125 0.69444444444444 0.04921875 0.066666666666667
10 0.56328125 0.76180555555556 0.0453125 0.070833333333333
10 0.65546875 0.66527777777778 0.05 0.063888888888889
10 0.82421875 0.73402777777778 0.046875 0.068055555555556
10 0.72421875 0.40069444444444 0.046875 0.068055555555556
10 0.50390625 0.59236111111111 0.0453125 0.065277777777778
10 0.212890625 0.90972222222222 0.04296875 0.066666666666667
10 0.297265625 0.37847222222222 0.04609375 0.059722222222222
10 0.86171875 0.84791666666667 0.0453125 0.059722222222222
10 0.9171875 0.7125 0.0421875 0.063888888888889
10 0.409765625 0.84236111111111 0.04296875 0.0625
10 0.9609375 0.84236111111111 0.0421875 0.0625
10 0.424609375 0.75902777777778 0.04296875 0.059722222222222
10 0.913671875 0.87361111111111 0.04296875 0.058333333333333
10 0.697265625 0.33680555555556 0.04140625 0.059722222222222
10 0.764453125 0.33541666666667 0.04140625 0.059722222222222
10 0.6390625 0.78472222222222 0.0421875 0.058333333333333
10 0.434765625 0.24166666666667 0.04140625 0.058333333333333
10 0.63046875 0.63541666666667 0.0421875 0.056944444444444
10 0.78828125 0.62777777777778 0.0390625 0.061111111111111
10 0.916015625 0.83680555555556 0.03984375 0.059722222222222
10 0.234375 0.8125 0.040625 0.058333333333333
10 0.51796875 0.42569444444444 0.040625 0.056944444444444
10 0.555859375 0.51597222222222 0.03984375 0.056944444444444
10 0.8125 0.55763888888889 0.0390625 0.056944444444444
10 0.65546875 0.33611111111111 0.0375 0.058333333333333
10 0.265625 0.44583333333333 0.0375 0.058333333333333
10 0.6625 0.80972222222222 0.0390625 0.055555555555556
10 0.146484375 0.94027777777778 0.03828125 0.055555555555556
10 0.22890625 0.42083333333333 0.0359375 0.058333333333333
10 0.666796875 0.50902777777778 0.03671875 0.056944444444444
10 0.3734375 0.5 0.0375 0.055555555555556
10 0.708203125 0.39305555555556 0.03671875 0.055555555555556
10 0.8328125 0.81041666666667 0.0375 0.054166666666667
10 0.798046875 0.32222222222222 0.03828125 0.052777777777778
10 0.691015625 0.83194444444444 0.03828125 0.052777777777778
10 0.67421875 0.89236111111111 0.0390625 0.051388888888889
10 0.881640625 0.73402777777778 0.03671875 0.054166666666667
10 0.28828125 0.2875 0.0375 0.052777777777778
10 0.56015625 0.37638888888889 0.0375 0.052777777777778
10 0.741796875 0.65972222222222 0.03515625 0.055555555555556
10 0.848046875 0.53888888888889 0.03671875 0.052777777777778
10 0.4609375 0.43333333333333 0.0390625 0.05
10 0.626171875 0.45138888888889 0.03828125 0.05
10 0.666015625 0.96527777777778 0.03828125 0.05
10 0.779296875 0.37916666666667 0.03515625 0.052777777777778
10 0.20703125 0.89027777777778 0.034375 0.052777777777778
10 0.205859375 0.775 0.03359375 0.052777777777778
10 0.640234375 0.74375 0.03515625 0.051388888888889
10 0.691015625 0.67638888888889 0.03515625 0.05
10 0.778515625 0.74722222222222 0.03515625 0.05
10 0.6875 0.63402777777778 0.0359375 0.048611111111111
10 0.334375 0.36666666666667 0.034375 0.05
10 0.71328125 0.87847222222222 0.034375 0.048611111111111
10 0.348828125 0.76319444444444 0.03515625 0.048611111111111
10 0.65078125 0.53472222222222 0.0328125 0.05
10 0.622265625 0.69375 0.03359375 0.048611111111111
10 0.45546875 0.65347222222222 0.0328125 0.048611111111111
10 0.451171875 0.57986111111111 0.03203125 0.048611111111111
10 0.737890625 0.32569444444444 0.03203125 0.048611111111111
10 0.30703125 0.31527777777778 0.0328125 0.047222222222222
10 0.381640625 0.69791666666667 0.03359375 0.045833333333333
10 0.5296875 0.66319444444444 0.0328125 0.045833333333333
10 0.590234375 0.87569444444444 0.03203125 0.045833333333333
10 0.503125 0.52361111111111 0.0328125 0.044444444444444
10 0.54375 0.46875 0.0296875 0.045833333333333
10 0.119921875 0.60694444444444 0.03046875 0.044444444444444
10 0.36796875 0.98333333333333 0.040625 0.033333333333333
10 0.255859375 0.41388888888889 0.03046875 0.044444444444444
10 0.34296875 0.78819444444444 0.03125 0.043055555555556
10 0.500390625 0.12083333333333 0.03203125 0.041666666666667
10 0.521875 0.83333333333333 0.0296875 0.044444444444444
10 0.27109375 0.60972222222222 0.0296875 0.044444444444444
10 0.182421875 0.98333333333333 0.03359375 0.038888888888889
10 0.51875 0.30416666666667 0.03125 0.041666666666667
10 0.6578125 0.45486111111111 0.028125 0.043055555555556
10 0.17265625 0.63402777777778 0.028125 0.043055555555556
10 0.987109375 0.72152777777778 0.02421875 0.045833333333333
10 0.55625 0.98402777777778 0.0375 0.031944444444444
10 0.581640625 0.90277777777778 0.02734375 0.038888888888889
10 0.17421875 0.72152777777778 0.025 0.0375