10 0.70234375 0.44398148148148 0.0984375 0.1212962962963
10 0.4375 0.057407407407407 0.10104166666667 0.11481481481481
10 0.27265625 0.26111111111111 0.10052083333333 0.1037037037037
10 0.43463541666667 0.39166666666667 0.0703125 0.094444444444444
10 0.25286458333333 0.8787037037037 0.071354166666667 0.092592592592593
10 0.54348958333333 0.27268518518519 0.065104166666667 0.091666666666667
10 0.37161458333333 0.55925925925926 0.0640625 0.085185185185185
10 0.041927083333333 0.20601851851852 0.066145833333333 0.080555555555556
10 0.79010416666667 0.2962962962963 0.0625 0.083333333333333
10 0.41770833333333 0.84861111111111 0.06875 0.071296296296296
10 0.31796875 0.47037037037037 0.066145833333333 0.072222222222222
10 0.84010416666667 0.54074074074074 0.067708333333333 0.07037037037037
10 0.38776041666667 0.46527777777778 0.0703125 0.060185185185185
10 0.253125 0.27268518518519 0.060416666666667 0.067592592592593
10 0.69401041666667 0.11805555555556 0.052604166666667 0.075
10 0.728125 0.4375 0.059375 0.065740740740741
10 0.94348958333333 0.42916666666667 0.055729166666667 0.065740740740741
10 0.63880208333333 0.21898148148148 0.052604166666667 0.069444444444444
10 0.29713541666667 0.23611111111111 0.052604166666667 0.062962962962963
10 0.64088541666667 0.84305555555556 0.0578125 0.05462962962963
10 0.0453125 0.96990740740741 0.054166666666667 0.056481481481481
10 0.50859375 0.28240740740741 0.049479166666667 0.061111111111111
10 0.64453125 0.65925925925926 0.053645833333333 0.055555555555556
10 0.98151041666667 0.86759259259259 0.040104166666667 0.072222222222222
10 0.534375 0.080555555555556 0.045833333333333 0.062962962962963
10 0.40286458333333 0.34305555555556 0.047395833333333 0.056481481481481
10 0.46979166666667 0.064351851851852 0.044791666666667 0.058333333333333
10 0.075 0.099074074074074 0.04375 0.059259259259259
10 0.74427083333333 0.10648148148148 0.042708333333333 0.059259259259259
10 0.3921875 0.12777777777778 0.045833333333333 0.053703703703704
10 0.14765625 0.72361111111111 0.043229166666667 0.056481481481481
10 0.57526041666667 0.40046296296296 0.046354166666667 0.052777777777778
10 0.42682291666667 0.16481481481481 0.0453125 0.057407407407407
10 0.06171875 0.49166666666667 0.046354166666667 0.051851851851852
10 0.60130208333333 0.28287037037037 0.044270833333333 0.05462962962963
10 0.044270833333333 0.21018518518519 0.042708333333333 0.055555555555556
10 0.089322916666667 0.2 0.043229166666667 0.055555555555556
10 0.41067708333333 0.073611111111111 0.043229166666667 0.05462962962963
10 0.58541666666667 0.3287037037037 0.04375 0.053703703703704
10 0.36067708333333 0.24768518518519 0.041145833333333 0.056481481481481
10 0.77135416666667 0.45324074074074 0.05 0.047222222222222
10 0.033854166666667 0.57314814814815 0.047916666666667 0.048148148148148
10 0.90651041666667 0.23611111111111 0.044270833333333 0.051851851851852
10 0.082291666666667 0.97222222222222 0.044791666666667 0.051851851851852
10 0.34739583333333 0.30694444444444 0.042708333333333 0.052777777777778
10 0.65286458333333 0.9162037037037 0.050520833333333 0.043518518518519
10 0.61848958333333 0.84953703703704 0.046354166666667 0.047222222222222
10 0.2 0.12361111111111 0.0375 0.058333333333333
10 0.16119791666667 0.40185185185185 0.0453125 0.048148148148148
10 0.18958333333333 0.28888888888889 0.040625 0.053703703703704
10 0.4015625 0.28472222222222 0.040625 0.052777777777778
10 0.11901041666667 0.55231481481481 0.043229166666667 0.049074074074074
10 0.02421875 0.45324074074074 0.040104166666667 0.052777777777778
10 0.30703125 0.5712962962963 0.044270833333333 0.048148148148148
10 0.0171875 0.18611111111111 0.034375 0.061111111111111
10 0.98541666666667 0.59675925925926 0.029166666666667 0.071296296296296
10 0.84895833333333 0.018518518518519 0.055208333333333 0.037037037037037
10 0.1625 0.83055555555556 0.045833333333333 0.044444444444444
10 0.36432291666667 0.3837962962963 0.0421875 0.047222222222222
10 0.7796875 0.37916666666667 0.041666666666667 0.047222222222222
10 0.32473958333333 0.47916666666667 0.043229166666667 0.04537037037037
10 0.36979166666667 0.47037037037037 0.039583333333333 0.048148148148148
10 0.84375 0.76296296296296 0.041666666666667 0.046296296296296
10 0.058072916666667 0.80833333333333 0.038020833333333 0.05
10 0.15052083333333 0.19953703703704 0.0375 0.049074074074074
10 0.08828125 0.13657407407407 0.036979166666667 0.050925925925926
10 0.67161458333333 0.26388888888889 0.0390625 0.048148148148148
10 0.82760416666667 0.39583333333333 0.042708333333333 0.043518518518519
10 0.75442708333333 0.54212962962963 0.0421875 0.043518518518519
10 0.2515625 0.17962962962963 0.036458333333333 0.05
10 0.89609375 0.14027777777778 0.040104166666667 0.04537037037037
10 0.82161458333333 0.48055555555556 0.0421875 0.040740740740741
10 0.47578125 0.2375 0.036979166666667 0.049074074074074
10 0.21536458333333 0.32777777777778 0.040104166666667 0.044444444444444
10 0.26145833333333 0.34907407407407 0.0375 0.044444444444444
10 0.93203125 0.33148148148148 0.040104166666667 0.040740740740741
10 0.234375 0.72222222222222 0.036458333333333 0.044444444444444
10 0.63880208333333 0.015740740740741 0.050520833333333 0.031481481481481
10 0.61796875 0.375 0.038020833333333 0.042592592592593
10 0.98723958333333 0.7875 0.025520833333333 0.062037037037037
10 0.23645833333333 0.81574074074074 0.040625 0.037037037037037
10 0.478125 0.77453703703704 0.0375 0.032407407407407
10 0.10911458333333 0.013888888888889 0.036979166666667 0.027777777777778