11 0.40078125 0.38148148148148 0.028645833333333 0.042592592592593
11 0.093489583333333 0.52685185185185 0.0609375 0.085185185185185
11 0.15807291666667 0.80462962962963 0.028645833333333 0.037037037037037
11 0.378125 0.93148148148148 0.04375 0.05
11 0.32265625 0.83564814814815 0.0328125 0.039814814814815
11 0.25286458333333 0.93935185185185 0.028645833333333 0.036111111111111
11 0.61015625 0.75231481481481 0.025520833333333 0.034259259259259
11 0.78177083333333 0.96851851851852 0.025 0.033333333333333
11 0.82786458333333 0.2537037037037 0.022395833333333 0.037037037037037
11 0.012760416666667 0.88101851851852 0.0234375 0.034259259259259
11 0.81458333333333 0.93194444444444 0.023958333333333 0.034259259259259
11 0.85026041666667 0.93101851851852 0.0234375 0.034259259259259
11 0.603125 0.61574074074074 0.022916666666667 0.033333333333333
11 0.40677083333333 0.39444444444444 0.022916666666667 0.033333333333333
11 0.5359375 0.73611111111111 0.025 0.027777777777778
11 0.65494791666667 0.82731481481481 0.022395833333333 0.030555555555556
11 0.43463541666667 0.22592592592593 0.021354166666667 0.031481481481481
11 0.59739583333333 0.67638888888889 0.022916666666667 0.028703703703704
11 0.88671875 0.34768518518519 0.0203125 0.030555555555556
11 0.37005208333333 0.83796296296296 0.0234375 0.025925925925926
11 0.43776041666667 0.67222222222222 0.022395833333333 0.025925925925926
11 0.88958333333333 0.8 0.020833333333333 0.031481481481481
11 0.840625 0.51111111111111 0.019791666666667 0.02962962962963
11 0.62135416666667 0.72222222222222 0.020833333333333 0.025925925925926
11 0.93723958333333 0.94953703703704 0.019270833333333 0.028703703703704
11 0.8296875 0.82546296296296 0.01875 0.028703703703704
11 0.96145833333333 0.77592592592593 0.01875 0.027777777777778
11 0.81484375 0.7 0.019270833333333 0.027777777777778
11 0.70625 0.7212962962963 0.01875 0.025925925925926
11 0.76302083333333 0.51064814814815 0.017708333333333 0.026851851851852
11 0.5078125 0.90509259259259 0.019791666666667 0.023148148148148
11 0.77135416666667 0.68240740740741 0.017708333333333 0.025925925925926
11 0.35729166666667 0.92777777777778 0.019791666666667 0.022222222222222
11 0.61901041666667 0.8087962962963 0.018229166666667 0.023148148148148
11 0.525 0.84537037037037 0.017708333333333 0.02037037037037
11 0.79921875 0.7662037037037 0.015104166666667 0.021296296296296
11 0.45755208333333 0.65231481481481 0.0171875 0.019444444444444
11 0.39270833333333 0.81851851851852 0.01875 0.016666666666667
11 0.4390625 0.83148148148148 0.016666666666667 0.018518518518519
11 0.61328125 0.86296296296296 0.015104166666667 0.02037037037037
11 0.48151041666667 0.79212962962963 0.0171875 0.017592592592593
11 0.58307291666667 0.79444444444444 0.016145833333333 0.018518518518519
11 0.22395833333333 0.92037037037037 0.015625 0.018518518518519
11 0.80416666666667 0.46805555555556 0.013541666666667 0.021296296296296
11 0.32578125 0.7662037037037 0.016145833333333 0.017592592592593
11 0.80364583333333 0.2462962962963 0.013541666666667 0.02037037037037
11 0.44479166666667 0.57638888888889 0.015625 0.017592592592593
11 0.40494791666667 0.84768518518519 0.015104166666667 0.017592592592593
11 0.578125 0.63796296296296 0.014583333333333 0.018518518518519
11 0.52213541666667 0.66527777777778 0.015104166666667 0.017592592592593
11 0.19609375 0.92916666666667 0.015104166666667 0.017592592592593
11 0.41536458333333 0.65972222222222 0.015104166666667 0.017592592592593
11 0.45520833333333 0.84074074074074 0.015625 0.016666666666667
11 0.30182291666667 0.81018518518519 0.015104166666667 0.016666666666667
11 0.40755208333333 0.75833333333333 0.015104166666667 0.016666666666667
11 0.22473958333333 0.875 0.015104166666667 0.016666666666667
11 0.49765625 0.61018518518519 0.015104166666667 0.016666666666667
11 0.4234375 0.84907407407407 0.014583333333333 0.016666666666667
11 0.46510416666667 0.69351851851852 0.014583333333333 0.016666666666667
11 0.58125 0.6037037037037 0.013541666666667 0.016666666666667
11 0.39791666666667 0.78842592592593 0.014583333333333 0.015740740740741
11 0.33411458333333 0.7462962962963 0.015104166666667 0.014814814814815
11 0.42526041666667 0.75185185185185 0.015104166666667 0.014814814814815
11 0.27161458333333 0.86898148148148 0.0140625 0.015740740740741
11 0.43932291666667 0.74305555555556 0.0140625 0.015740740740741
11 0.37552083333333 0.7212962962963 0.014583333333333 0.014814814814815
11 0.43828125 0.63935185185185 0.0140625 0.015740740740741
11 0.47604166666667 0.67037037037037 0.014583333333333 0.014814814814815
11 0.38489583333333 0.66898148148148 0.013541666666667 0.015740740740741
11 0.46432291666667 0.81759259259259 0.0140625 0.014814814814815
11 0.38411458333333 0.81759259259259 0.0140625 0.014814814814815
11 0.55494791666667 0.51805555555556 0.013020833333333 0.015740740740741
11 0.49348958333333 0.59583333333333 0.013020833333333 0.015740740740741
11 0.35052083333333 0.75 0.013541666666667 0.014814814814815
11 0.5234375 0.56111111111111 0.0125 0.014814814814815
11 0.41067708333333 0.63657407407407 0.013020833333333 0.013888888888889
11 0.49192708333333 0.56574074074074 0.011979166666667 0.012962962962963