10 0.6578125 0.83958333333333 0.0375 0.054166666666667
10 0.55390625 0.47916666666667 0.034375 0.05
10 0.587109375 0.58611111111111 0.03359375 0.041666666666667
10 0.6390625 0.74305555555556 0.0359375 0.041666666666667
10 0.562109375 0.54861111111111 0.03515625 0.041666666666667
10 0.63828125 0.87291666666667 0.0328125 0.040277777777778
10 0.67578125 0.85486111111111 0.03125 0.040277777777778
10 0.538671875 0.64791666666667 0.03203125 0.040277777777778
10 0.6171875 0.43402777777778 0.0296875 0.040277777777778
10 0.59375 0.50972222222222 0.028125 0.041666666666667
10 0.56796875 0.66388888888889 0.0296875 0.038888888888889
10 0.601171875 0.62083333333333 0.03046875 0.036111111111111
10 0.551953125 0.43125 0.02890625 0.0375
10 0.599609375 0.69027777777778 0.03046875 0.036111111111111
10 0.55546875 0.31388888888889 0.0265625 0.036111111111111
10 0.54375 0.36111111111111 0.0265625 0.036111111111111
10 0.5421875 0.45694444444444 0.0265625 0.036111111111111
10 0.593359375 0.68125 0.02734375 0.034722222222222
10 0.59609375 0.89861111111111 0.0265625 0.033333333333333
10 0.590234375 0.60138888888889 0.02578125 0.033333333333333
10 0.621875 0.37083333333333 0.0234375 0.030555555555556
10 0.59140625 0.65069444444444 0.025 0.029166666666667
10 0.541015625 0.5375 0.02265625 0.030555555555556
10 0.532421875 0.57291666666667 0.02265625 0.029166666666667
10 0.60703125 0.69583333333333 0.021875 0.027777777777778
10 0.56640625 0.75486111111111 0.0203125 0.026388888888889
10 0.541796875 0.62361111111111 0.01953125 0.025
10 0.52109375 0.60555555555556 0.0171875 0.022222222222222