11 0.382421875 0.088888888888889 0.02578125 0.041666666666667
11 0.82421875 0.44722222222222 0.0265625 0.038888888888889
11 0.70625 0.40972222222222 0.0234375 0.036111111111111
11 0.725 0.31388888888889 0.028125 0.044444444444444
11 0.85625 0.39513888888889 0.0265625 0.0375
11 0.893359375 0.53263888888889 0.02890625 0.040277777777778
11 0.88984375 0.59444444444444 0.0375 0.041666666666667
11 0.75625 0.40972222222222 0.025 0.038888888888889
11 0.73359375 0.42291666666667 0.025 0.0375
11 0.721875 0.46111111111111 0.0203125 0.030555555555556
11 0.72734375 0.48194444444444 0.021875 0.033333333333333
11 0.705859375 0.52638888888889 0.02421875 0.033333333333333
11 0.82734375 0.50902777777778 0.025 0.034722222222222
11 0.448046875 0.29027777777778 0.30546875 0.51666666666667
11 0.834375 0.54236111111111 0.028125 0.040277777777778
11 0.857421875 0.48125 0.02265625 0.031944444444444
11 0.758984375 0.097222222222222 0.02265625 0.036111111111111
11 0.731640625 0.10694444444444 0.40078125 0.21388888888889
11 0.881640625 0.55486111111111 0.02578125 0.0375
11 0.87890625 0.59930555555556 0.028125 0.040277777777778
11 0.87890625 0.36180555555556 0.0234375 0.0375
11 0.70625 0.475 0.021875 0.033333333333333
11 0.719921875 0.37708333333333 0.03359375 0.056944444444444
11 0.878125 0.45138888888889 0.0265625 0.038888888888889
11 0.803515625 0.42291666666667 0.02265625 0.034722222222222
11 0.88046875 0.49097222222222 0.0265625 0.040277777777778
11 0.7015625 0.49513888888889 0.01875 0.029166666666667
11 0.684765625 0.27361111111111 0.03515625 0.058333333333333
11 0.68984375 0.43472222222222 0.034375 0.052777777777778
11 0.846875 0.48888888888889 0.0265625 0.036111111111111
11 0.9046875 0.5875 0.03125 0.041666666666667
11 0.8671875 0.66180555555556 0.028125 0.0375
11 0.648828125 0.28194444444444 0.02578125 0.038888888888889
11 0.793359375 0.27638888888889 0.40078125 0.55277777777778