10 0.82630208333333 0.90740740740741 0.021354166666667 0.02962962962963
10 0.53828125 0.90462962962963 0.024479166666667 0.033333333333333
10 0.83385416666667 0.90416666666667 0.026041666666667 0.030555555555556
10 0.46927083333333 0.30648148148148 0.022916666666667 0.031481481481481
10 0.74817708333333 0.89537037037037 0.024479166666667 0.033333333333333
10 0.71458333333333 0.46388888888889 0.023958333333333 0.035185185185185
10 0.88229166666667 0.65462962962963 0.029166666666667 0.035185185185185
10 0.76041666666667 0.63611111111111 0.021875 0.02962962962963
10 0.80885416666667 0.28055555555556 0.020833333333333 0.02962962962963
10 0.65390625 0.93101851851852 0.0234375 0.028703703703704
10 0.51875 0.71342592592593 0.028125 0.039814814814815
10 0.66276041666667 0.93101851851852 0.0265625 0.032407407407407
10 0.073697916666667 0.20416666666667 0.0296875 0.043518518518519
10 0.29635416666667 0.5587962962963 0.0375 0.052777777777778
10 0.068489583333333 0.67962962962963 0.024479166666667 0.031481481481481
10 0.62291666666667 0.39722222222222 0.022916666666667 0.033333333333333