8 0.027864583333333 0.61296296296296 0.055729166666667 0.092592592592593
8 0.70208333333333 0.16111111111111 0.09375 0.13703703703704
8 0.68671875 0.30046296296296 0.096354166666667 0.16203703703704
8 0.2953125 0.79768518518519 0.063541666666667 0.093518518518519
8 0.55416666666667 0.425 0.063541666666667 0.098148148148148
10 0.68723958333333 0.29907407407407 0.10572916666667 0.18518518518519
10 0.5640625 0.46157407407407 0.092708333333333 0.18981481481481
10 0.7015625 0.16157407407407 0.10520833333333 0.15462962962963
10 0.29557291666667 0.7962962962963 0.071354166666667 0.1037037037037
10 0.5546875 0.42638888888889 0.067708333333333 0.11388888888889
10 0.38125 0.91481481481481 0.063541666666667 0.1037037037037
10 0.029166666666667 0.60972222222222 0.058333333333333 0.10277777777778