33 0.38203125 0.022685185185185 0.059895833333333 0.04537037037037
33 0.82916666666667 0.27824074074074 0.06875 0.10833333333333
33 0.80104166666667 0.87592592592593 0.134375 0.24259259259259
33 0.92526041666667 0.1962962962963 0.044270833333333 0.059259259259259
33 0.89088541666667 0.71712962962963 0.041145833333333 0.063888888888889
33 0.44583333333333 0.82685185185185 0.16770833333333 0.25185185185185
33 0.59739583333333 0.46018518518519 0.22916666666667 0.69259259259259
33 0.96432291666667 0.53472222222222 0.040104166666667 0.060185185185185
33 0.46432291666667 0.38564814814815 0.053645833333333 0.063888888888889
33 0.24895833333333 0.42314814814815 0.10104166666667 0.11481481481481
33 0.35885416666667 0.54722222222222 0.11458333333333 0.22222222222222
33 0.63463541666667 0.97592592592593 0.056770833333333 0.048148148148148
33 0.28489583333333 0.82962962962963 0.041666666666667 0.10555555555556
33 0.72994791666667 0.074074074074074 0.078645833333333 0.10925925925926
33 0.72760416666667 0.63333333333333 0.055208333333333 0.074074074074074
33 0.50755208333333 0.28935185185185 0.078645833333333 0.099074074074074
33 0.81458333333333 0.73564814814815 0.054166666666667 0.091666666666667
33 0.56067708333333 0.8787037037037 0.061979166666667 0.1
33 0.1171875 0.21944444444444 0.11875 0.17037037037037
33 0.48697916666667 0.060185185185185 0.085416666666667 0.11481481481481
33 0.91640625 0.87222222222222 0.034895833333333 0.055555555555556
33 0.10755208333333 0.47314814814815 0.13489583333333 0.13518518518519
33 0.74713541666667 0.17638888888889 0.055729166666667 0.078703703703704
33 0.96640625 0.47268518518519 0.033854166666667 0.060185185185185
33 0.89348958333333 0.41296296296296 0.049479166666667 0.075925925925926
33 0.3265625 0.68240740740741 0.058333333333333 0.077777777777778
33 0.95885416666667 0.3962962962963 0.054166666666667 0.096296296296296