10 0.2203125 0.64375 0.090625 0.11527777777778
10 0.49375 0.2 0.1078125 0.13055555555556
10 0.465625 0.41736111111111 0.0421875 0.051388888888889
10 0.531640625 0.35763888888889 0.07890625 0.10138888888889
10 0.622265625 0.19097222222222 0.10703125 0.14027777777778
10 0.678515625 0.61180555555556 0.08046875 0.10694444444444
10 0.31875 0.30416666666667 0.1421875 0.12777777777778
10 0.273046875 0.39236111111111 0.09921875 0.10416666666667
10 0.696875 0.16180555555556 0.1734375 0.19861111111111
10 0.5609375 0.039583333333333 0.1125 0.079166666666667
10 0.347265625 0.069444444444444 0.16484375 0.13888888888889
10 0.56015625 0.10972222222222 0.090625 0.11111111111111
10 0.174609375 0.20069444444444 0.17890625 0.21805555555556
10 0.72421875 0.32777777777778 0.0859375 0.10833333333333