10 0.50416666666667 0.68009259259259 0.14166666666667 0.21018518518519
10 0.23411458333333 0.38611111111111 0.1203125 0.13888888888889
10 0.41692708333333 0.07037037037037 0.1171875 0.14074074074074
10 0.68567708333333 0.19583333333333 0.1109375 0.14166666666667
10 0.12265625 0.046759259259259 0.1484375 0.093518518518519
10 0.91145833333333 0.35740740740741 0.06875 0.11111111111111
10 0.56588541666667 0.063888888888889 0.0734375 0.12592592592593
10 0.29713541666667 0.51666666666667 0.088020833333333 0.10925925925926
10 0.28619791666667 0.049537037037037 0.068229166666667 0.099074074074074
10 0.39947916666667 0.52175925925926 0.075 0.10092592592593
10 0.86432291666667 0.41851851851852 0.061979166666667 0.10185185185185
10 0.63619791666667 0.4337962962963 0.0640625 0.09537037037037
10 0.81067708333333 0.15092592592593 0.0609375 0.096296296296296
10 0.26796875 0.38703703703704 0.066145833333333 0.087037037037037
10 0.13307291666667 0.31064814814815 0.0578125 0.091666666666667
10 0.80104166666667 0.24027777777778 0.05625 0.084259259259259
10 0.0265625 0.29814814814815 0.053125 0.098148148148148
10 0.38567708333333 0.11712962962963 0.055729166666667 0.082407407407407
10 0.49270833333333 0.41111111111111 0.05625 0.07962962962963
10 0.05546875 0.1625 0.055729166666667 0.080555555555556
10 0.023958333333333 0.052314814814815 0.044791666666667 0.099074074074074
10 0.759375 0.28796296296296 0.055208333333333 0.07962962962963
10 0.65208333333333 0.52777777777778 0.052083333333333 0.085185185185185
10 0.4625 0.27453703703704 0.055208333333333 0.075
10 0.77057291666667 0.36157407407407 0.052604166666667 0.078703703703704
10 0.92760416666667 0.17962962962963 0.053125 0.077777777777778
10 0.15989583333333 0.42638888888889 0.054166666666667 0.075
10 0.26276041666667 0.3212962962963 0.049479166666667 0.081481481481481
10 0.51380208333333 0.31990740740741 0.0546875 0.071296296296296
10 0.11744791666667 0.34444444444444 0.0484375 0.074074074074074
10 0.36536458333333 0.26805555555556 0.0484375 0.078703703703704
10 0.87734375 0.70185185185185 0.049479166666667 0.072222222222222
10 0.26901041666667 0.22916666666667 0.0546875 0.063888888888889
10 0.77630208333333 0.19444444444444 0.049479166666667 0.068518518518519
10 0.4296875 0.20555555555556 0.05 0.066666666666667
10 0.23854166666667 0.10833333333333 0.052083333333333 0.066666666666667
10 0.8390625 0.7462962962963 0.046875 0.07037037037037
10 0.46119791666667 0.5412037037037 0.052604166666667 0.062037037037037
10 0.87239583333333 0.51898148148148 0.046875 0.069444444444444
10 0.82994791666667 0.57175925925926 0.0453125 0.071296296296296
10 0.16354166666667 0.26574074074074 0.047916666666667 0.066666666666667
10 0.60026041666667 0.62361111111111 0.0484375 0.065740740740741
10 0.07578125 0.023611111111111 0.065104166666667 0.047222222222222
10 0.93151041666667 0.30231481481481 0.0453125 0.069444444444444
10 0.68020833333333 0.021296296296296 0.067708333333333 0.042592592592593
10 0.97578125 0.41388888888889 0.040104166666667 0.064814814814815
10 0.703125 0.5287037037037 0.040625 0.061111111111111
10 0.02578125 0.75462962962963 0.041145833333333 0.048148148148148
10 0.32630208333333 0.22638888888889 0.040104166666667 0.05462962962963