10 0.81432291666667 0.65740740740741 0.019270833333333 0.025925925925926
10 0.7453125 0.88055555555556 0.020833333333333 0.02962962962963
10 0.80729166666667 0.8462962962963 0.015625 0.022222222222222
10 0.98828125 0.49814814814815 0.016145833333333 0.022222222222222
10 0.77994791666667 0.53888888888889 0.0171875 0.024074074074074
10 0.46510416666667 0.30324074074074 0.021875 0.026851851851852
10 0.66901041666667 0.9337962962963 0.0234375 0.030555555555556
10 0.40338541666667 0.67268518518519 0.022395833333333 0.030555555555556
10 0.625 0.38703703703704 0.020833333333333 0.02962962962963
10 0.840625 0.93148148148148 0.016666666666667 0.024074074074074
10 0.55546875 0.65138888888889 0.015104166666667 0.021296296296296
10 0.067708333333333 0.67824074074074 0.025 0.034259259259259
10 0.58828125 0.75787037037037 0.019270833333333 0.025
10 0.86328125 0.97361111111111 0.019270833333333 0.026851851851852
10 0.83072916666667 0.64398148148148 0.017708333333333 0.023148148148148
10 0.76536458333333 0.83842592592593 0.0171875 0.025
10 0.29192708333333 0.63101851851852 0.018229166666667 0.025
10 0.55052083333333 0.46759259259259 0.017708333333333 0.022222222222222
10 0.65963541666667 0.92824074074074 0.025520833333333 0.032407407407407
10 0.221875 0.77777777777778 0.017708333333333 0.024074074074074
10 0.62552083333333 0.59814814814815 0.01875 0.024074074074074
10 0.58046875 0.71990740740741 0.018229166666667 0.025
10 0.5171875 0.73009259259259 0.017708333333333 0.026851851851852
10 0.65208333333333 0.83657407407407 0.015625 0.021296296296296
10 0.51770833333333 0.7212962962963 0.027083333333333 0.040740740740741
10 0.86536458333333 0.57175925925926 0.015104166666667 0.021296296296296
10 0.87135416666667 0.76574074074074 0.01875 0.025925925925926
10 0.94140625 0.7662037037037 0.018229166666667 0.025
10 0.878125 0.65509259259259 0.019791666666667 0.026851851851852
10 0.94140625 0.58472222222222 0.019270833333333 0.026851851851852
10 0.8 0.71851851851852 0.015625 0.02037037037037
10 0.57421875 0.60046296296296 0.019270833333333 0.026851851851852
10 0.83880208333333 0.90046296296296 0.022395833333333 0.030555555555556
10 0.29166666666667 0.57268518518519 0.040625 0.062037037037037
10 0.75963541666667 0.63287037037037 0.0171875 0.023148148148148
10 0.54166666666667 0.89907407407407 0.025 0.031481481481481
10 0.75494791666667 0.77824074074074 0.016145833333333 0.021296296296296
10 0.082552083333333 0.21666666666667 0.0296875 0.044444444444444
10 0.990625 0.66759259259259 0.015625 0.025925925925926
10 0.82734375 0.90416666666667 0.0234375 0.032407407407407
10 0.72760416666667 0.44583333333333 0.023958333333333 0.034259259259259
10 0.48828125 0.61527777777778 0.018229166666667 0.025
10 0.81848958333333 0.27037037037037 0.0234375 0.031481481481481