10 0.691796875 0.098611111111111 0.12578125 0.19444444444444
10 0.498046875 0.19513888888889 0.04921875 0.076388888888889
10 0.687109375 0.73680555555556 0.03828125 0.065277777777778
10 0.389453125 0.029861111111111 0.05234375 0.059722222222222
33 0.534375 0.94583333333333 0.0953125 0.10277777777778
10 0.38671875 0.575 0.0625 0.094444444444444
10 0.270703125 0.042361111111111 0.05859375 0.084722222222222
8 0.4625 0.11666666666667 0.0609375 0.094444444444444
10 0.2859375 0.097222222222222 0.053125 0.088888888888889
10 0.329296875 0.54861111111111 0.04453125 0.066666666666667
10 0.536328125 0.94444444444444 0.08671875 0.10833333333333
10 0.462109375 0.11597222222222 0.06953125 0.10972222222222
10 0.38671875 0.57569444444444 0.065625 0.10694444444444
10 0.36796875 0.95833333333333 0.06875 0.083333333333333
10 0.270703125 0.047222222222222 0.05859375 0.094444444444444
10 0.736328125 0.084722222222222 0.05390625 0.083333333333333
10 0.286328125 0.098611111111111 0.05234375 0.086111111111111
10 0.674609375 0.12777777777778 0.05234375 0.083333333333333
10 0.70625 0.16458333333333 0.0515625 0.081944444444444
10 0.49921875 0.19652777777778 0.04375 0.076388888888889
10 0.380078125 0.34375 0.04453125 0.070833333333333
10 0.329296875 0.55 0.04609375 0.072222222222222
10 0.687890625 0.73680555555556 0.04296875 0.070833333333333
10 0.303515625 0.63541666666667 0.03984375 0.059722222222222
10 0.48671875 0.015972222222222 0.0453125 0.031944444444444