10 0.76796875 0.43055555555556 0.0296875 0.046296296296296
10 0.91848958333333 0.67361111111111 0.0265625 0.037962962962963
10 0.55052083333333 0.30416666666667 0.038541666666667 0.058333333333333
10 0.96979166666667 0.84861111111111 0.028125 0.036111111111111
10 0.94244791666667 0.27268518518519 0.0234375 0.037962962962963
10 0.87057291666667 0.16388888888889 0.0234375 0.035185185185185
10 0.34635416666667 0.46712962962963 0.025 0.030555555555556
10 0.62057291666667 0.43842592592593 0.024479166666667 0.032407407407407
10 0.71666666666667 0.083796296296296 0.025 0.034259259259259
10 0.79010416666667 0.65648148148148 0.022916666666667 0.031481481481481
10 0.80598958333333 0.39444444444444 0.021354166666667 0.031481481481481
10 0.95989583333333 0.65 0.01875 0.027777777777778
10 0.87760416666667 0.35277777777778 0.019791666666667 0.027777777777778
10 0.90182291666667 0.53935185185185 0.019270833333333 0.028703703703704
10 0.85260416666667 0.51203703703704 0.019791666666667 0.027777777777778
10 0.28046875 0.010185185185185 0.0296875 0.02037037037037
10 0.83411458333333 0.49027777777778 0.019270833333333 0.026851851851852
10 0.49192708333333 0.55694444444444 0.0203125 0.025
10 0.7984375 0.82268518518519 0.01875 0.026851851851852
10 0.73880208333333 0.39212962962963 0.018229166666667 0.026851851851852
10 0.94348958333333 0.4662037037037 0.019270833333333 0.025
10 0.5453125 0.38333333333333 0.017708333333333 0.024074074074074
10 0.62239583333333 0.91203703703704 0.017708333333333 0.024074074074074
10 0.77734375 0.25740740740741 0.0171875 0.024074074074074
10 0.95442708333333 0.46574074074074 0.0171875 0.024074074074074
10 0.91640625 0.58148148148148 0.016145833333333 0.024074074074074
10 0.59661458333333 0.85324074074074 0.0171875 0.023148148148148
10 0.78541666666667 0.75046296296296 0.016666666666667 0.023148148148148
10 0.56067708333333 0.78888888888889 0.016145833333333 0.022222222222222
10 0.95338541666667 0.011111111111111 0.0171875 0.02037037037037
10 0.91666666666667 0.24398148148148 0.014583333333333 0.023148148148148
10 0.96848958333333 0.52777777777778 0.015104166666667 0.022222222222222
10 0.79557291666667 0.80092592592593 0.015104166666667 0.022222222222222
10 0.82578125 0.41527777777778 0.015104166666667 0.021296296296296
10 0.69270833333333 0.5712962962963 0.015625 0.02037037037037
10 0.62552083333333 0.75833333333333 0.014583333333333 0.018518518518519
10 0.90494791666667 0.27314814814815 0.013020833333333 0.02037037037037
10 0.79244791666667 0.42592592592593 0.013020833333333 0.02037037037037
10 0.96171875 0.26851851851852 0.013020833333333 0.02037037037037
10 0.57838541666667 0.70925925925926 0.0140625 0.018518518518519
10 0.84296875 0.53194444444444 0.013020833333333 0.019444444444444
10 0.95911458333333 0.40277777777778 0.013020833333333 0.018518518518519
10 0.6921875 0.66064814814815 0.013541666666667 0.017592592592593
10 0.9796875 0.39351851851852 0.0125 0.018518518518519
10 0.8765625 0.50555555555556 0.0125 0.018518518518519
10 0.93489583333333 0.33888888888889 0.0125 0.018518518518519
10 0.59244791666667 0.78009259259259 0.013020833333333 0.017592592592593
10 0.86380208333333 0.4787037037037 0.011979166666667 0.018518518518519
10 0.73072916666667 0.61157407407407 0.0125 0.017592592592593
10 0.76796875 0.6037037037037 0.013020833333333 0.016666666666667
10 0.73958333333333 0.5287037037037 0.0125 0.016666666666667
10 0.93151041666667 0.31157407407407 0.011979166666667 0.017592592592593
10 0.84036458333333 0.28981481481481 0.011979166666667 0.016666666666667
10 0.74869791666667 0.50833333333333 0.011979166666667 0.016666666666667
10 0.72369791666667 0.44907407407407 0.011979166666667 0.016666666666667
10 0.99375 0.50740740740741 0.010416666666667 0.018518518518519
10 0.94635416666667 0.44259259259259 0.011458333333333 0.016666666666667
10 0.95572916666667 0.33796296296296 0.011458333333333 0.016666666666667
10 0.80729166666667 0.44166666666667 0.011458333333333 0.016666666666667
10 0.97942708333333 0.35046296296296 0.0109375 0.015740740740741
10 0.55234375 0.84305555555556 0.011979166666667 0.015740740740741
10 0.86536458333333 0.33194444444444 0.0109375 0.015740740740741
10 0.64270833333333 0.64722222222222 0.010416666666667 0.014814814814815