11 0.6015625 0.69027777777778 0.084375 0.11944444444444
11 0.778125 0.52847222222222 0.203125 0.34305555555556
11 0.625390625 0.92222222222222 0.13203125 0.13888888888889
11 0.2390625 0.59791666666667 0.078125 0.12083333333333
11 0.508984375 0.10694444444444 0.07109375 0.10277777777778
11 0.69140625 0.077083333333333 0.0609375 0.093055555555556
11 0.7359375 0.23055555555556 0.2140625 0.34166666666667
11 0.63359375 0.15972222222222 0.0609375 0.088888888888889
11 0.353515625 0.066666666666667 0.12734375 0.13333333333333
11 0.792578125 0.10486111111111 0.05859375 0.093055555555556
11 0.8546875 0.26041666666667 0.053125 0.076388888888889
11 0.414453125 0.17430555555556 0.07265625 0.10138888888889
11 0.576171875 0.81666666666667 0.06640625 0.083333333333333
11 0.79140625 0.66597222222222 0.0734375 0.081944444444444
11 0.667578125 0.71111111111111 0.05234375 0.069444444444444