11 0.76041666666667 0.71481481481481 0.042708333333333 0.062962962962963
11 0.846875 0.71990740740741 0.05625 0.086111111111111
11 0.59791666666667 0.38009259259259 0.041666666666667 0.060185185185185
11 0.55052083333333 0.97546296296296 0.044791666666667 0.047222222222222
11 0.23072916666667 0.95925925925926 0.032291666666667 0.046296296296296
11 0.71171875 0.3375 0.030729166666667 0.04537037037037
11 0.45208333333333 0.73657407407407 0.035416666666667 0.05462962962963
11 0.67083333333333 0.33981481481481 0.029166666666667 0.044444444444444
11 0.64088541666667 0.425 0.0265625 0.040740740740741
11 0.37447916666667 0.97546296296296 0.027083333333333 0.039814814814815
11 0.70572916666667 0.80462962962963 0.026041666666667 0.040740740740741
11 0.72005208333333 0.72824074074074 0.0265625 0.037962962962963
11 0.66901041666667 0.475 0.025520833333333 0.038888888888889
11 0.40234375 0.70231481481481 0.0265625 0.036111111111111
11 0.40911458333333 0.83611111111111 0.025520833333333 0.037037037037037
11 0.32838541666667 0.97175925925926 0.0265625 0.034259259259259
11 0.6078125 0.54074074074074 0.023958333333333 0.037037037037037
11 0.65755208333333 0.79212962962963 0.024479166666667 0.034259259259259
11 0.51822916666667 0.89953703703704 0.023958333333333 0.036111111111111
11 0.23880208333333 0.6 0.0234375 0.035185185185185
11 0.83229166666667 0.76990740740741 0.023958333333333 0.034259259259259
11 0.65859375 0.89722222222222 0.0234375 0.033333333333333
11 0.73723958333333 0.675 0.0234375 0.033333333333333
11 0.28046875 0.91064814814815 0.0234375 0.032407407407407
11 0.68802083333333 0.42685185185185 0.021875 0.035185185185185
11 0.9640625 0.46111111111111 0.021875 0.035185185185185
11 0.57239583333333 0.8662037037037 0.022916666666667 0.032407407407407
11 0.19869791666667 0.85185185185185 0.0234375 0.031481481481481
11 0.8 0.28981481481481 0.021875 0.033333333333333
11 0.64036458333333 0.64398148148148 0.022395833333333 0.032407407407407
11 0.83385416666667 0.057407407407407 0.021875 0.033333333333333
11 0.72890625 0.58101851851852 0.022395833333333 0.032407407407407
11 0.88385416666667 0.58657407407407 0.021875 0.032407407407407
11 0.92421875 0.55555555555556 0.021354166666667 0.033333333333333
11 0.70026041666667 0.73703703703704 0.022395833333333 0.031481481481481
11 0.95833333333333 0.52546296296296 0.020833333333333 0.030555555555556
11 0.84114583333333 0.26851851851852 0.019791666666667 0.031481481481481
11 0.37265625 0.98611111111111 0.021354166666667 0.027777777777778
11 0.3578125 0.87962962962963 0.020833333333333 0.027777777777778
11 0.33411458333333 0.86666666666667 0.018229166666667 0.02962962962963
11 0.33098958333333 0.84907407407407 0.019270833333333 0.027777777777778
11 0.41432291666667 0.86527777777778 0.018229166666667 0.025
11 0.47916666666667 0.70138888888889 0.017708333333333 0.025
11 0.27005208333333 0.98148148148148 0.018229166666667 0.024074074074074
11 0.48671875 0.83333333333333 0.018229166666667 0.024074074074074
11 0.31223958333333 0.80833333333333 0.018229166666667 0.024074074074074
11 0.37057291666667 0.73287037037037 0.0171875 0.025
11 0.3171875 0.81296296296296 0.017708333333333 0.024074074074074
11 0.87135416666667 0.31388888888889 0.016666666666667 0.024074074074074
11 0.36692708333333 0.89444444444444 0.0171875 0.024074074074074
11 0.49557291666667 0.62916666666667 0.016145833333333 0.023148148148148
11 0.44869791666667 0.63796296296296 0.0171875 0.022222222222222
11 0.37161458333333 0.70324074074074 0.016145833333333 0.023148148148148
11 0.39661458333333 0.68009259259259 0.016145833333333 0.023148148148148
11 0.34375 0.80648148148148 0.015625 0.022222222222222
11 0.35520833333333 0.99212962962963 0.019791666666667 0.017592592592593
11 0.29270833333333 0.98287037037037 0.015625 0.021296296296296
11 0.40911458333333 0.72777777777778 0.016145833333333 0.02037037037037
11 0.32838541666667 0.89212962962963 0.015104166666667 0.021296296296296
11 0.34583333333333 0.90092592592593 0.015625 0.02037037037037
11 0.3453125 0.65185185185185 0.015625 0.02037037037037
11 0.52942708333333 0.53935185185185 0.0140625 0.021296296296296
11 0.4296875 0.57222222222222 0.014583333333333 0.02037037037037
11 0.4390625 0.66759259259259 0.014583333333333 0.02037037037037
11 0.51276041666667 0.56111111111111 0.0140625 0.02037037037037
11 0.33828125 0.75462962962963 0.0140625 0.02037037037037
11 0.42239583333333 0.65787037037037 0.014583333333333 0.019444444444444
11 0.41536458333333 0.6412037037037 0.0140625 0.019444444444444
11 0.40390625 0.75138888888889 0.011979166666667 0.017592592592593
11 0.46666666666667 0.43333333333333 0.0125 0.016666666666667
11 0.37994791666667 0.65462962962963 0.011979166666667 0.016666666666667
11 0.42317708333333 0.62175925925926 0.011979166666667 0.015740740740741
11 0.34817708333333 0.69814814814815 0.0109375 0.016666666666667