10 0.844140625 0.15069444444444 0.30546875 0.30138888888889
10 0.37578125 0.35069444444444 0.1703125 0.31527777777778
10 0.940625 0.34305555555556 0.1234375 0.40833333333333
10 0.680859375 0.51597222222222 0.16484375 0.22361111111111
10 0.623046875 0.12847222222222 0.18203125 0.22083333333333
10 0.76640625 0.48402777777778 0.1640625 0.19861111111111
10 0.751953125 0.20763888888889 0.13046875 0.20138888888889
10 0.245703125 0.074305555555556 0.16015625 0.14583333333333
10 0.779296875 0.37291666666667 0.11484375 0.16805555555556
10 0.626953125 0.35625 0.12421875 0.17361111111111
10 0.510546875 0.42430555555556 0.09453125 0.15138888888889
10 0.45078125 0.19375 0.1171875 0.15694444444444
10 0.628515625 0.54236111111111 0.09921875 0.14305555555556
10 0.171875 0.34166666666667 0.0828125 0.14166666666667
10 0.911328125 0.71597222222222 0.08671875 0.1125
10 0.898828125 0.61736111111111 0.09609375 0.1125
10 0.03125 0.62916666666667 0.0625 0.10277777777778
10 0.16328125 0.54375 0.0671875 0.10138888888889
10 0.3453125 0.44861111111111 0.0578125 0.080555555555556
10 0.870703125 0.62291666666667 0.05703125 0.079166666666667