11 0.86651053864169 0.75 0.26932084309133 0.15833333333333
11 0.27810304449649 0.52291666666667 0.12060889929742 0.12083333333333
11 0.2423887587822 0.4 0.070257611241218 0.070833333333333
11 0.21311475409836 0.45 0.060889929742389 0.0625
11 0.20843091334895 0.109375 0.049180327868852 0.072916666666667
11 0.53220140515222 0.278125 0.059718969555035 0.060416666666667
11 0.4923887587822 0.38125 0.059718969555035 0.054166666666667
11 0.43852459016393 0.50416666666667 0.059718969555035 0.058333333333333
11 0.048009367681499 0.409375 0.060889929742389 0.052083333333333
11 0.5983606557377 0.35833333333333 0.060889929742389 0.05
11 0.58665105386417 0.29791666666667 0.056206088992974 0.054166666666667
11 0.34484777517564 0.37916666666667 0.052693208430913 0.05
11 0.30913348946136 0.25208333333333 0.042154566744731 0.054166666666667
11 0.046838407494145 0.34166666666667 0.049180327868852 0.0375