6 0.53828125 0.040277777777778 0.030729166666667 0.04537037037037
10 0.83776041666667 0.9337962962963 0.030729166666667 0.039814814814815
6 0.63671875 0.23101851851852 0.0359375 0.047222222222222
10 0.15807291666667 0.76481481481481 0.0390625 0.051851851851852
6 0.30286458333333 0.18055555555556 0.0328125 0.05
6 0.47630208333333 0.0375 0.0421875 0.058333333333333
6 0.4921875 0.2537037037037 0.036458333333333 0.051851851851852
10 0.4265625 0.67314814814815 0.070833333333333 0.096296296296296
6 0.62916666666667 0.19074074074074 0.034375 0.044444444444444
6 0.65677083333333 0.056018518518519 0.033333333333333 0.049074074074074
6 0.3640625 0.016666666666667 0.039583333333333 0.033333333333333
10 0.63854166666667 0.27361111111111 0.047916666666667 0.060185185185185
6 0.54713541666667 0.19212962962963 0.028645833333333 0.041666666666667
6 0.43645833333333 0.012962962962963 0.033333333333333 0.025925925925926
10 0.5515625 0.41435185185185 0.04375 0.052777777777778
10 0.10598958333333 0.40833333333333 0.040104166666667 0.061111111111111
6 0.39348958333333 0.21388888888889 0.034895833333333 0.051851851851852
6 0.61484375 0.067592592592593 0.028645833333333 0.042592592592593
6 0.23854166666667 0.18148148148148 0.030208333333333 0.044444444444444
10 0.78385416666667 0.62361111111111 0.039583333333333 0.043518518518519
10 0.70963541666667 0.2337962962963 0.030729166666667 0.041666666666667
6 0.39270833333333 0.17824074074074 0.035416666666667 0.050925925925926
10 0.85572916666667 0.79166666666667 0.033333333333333 0.046296296296296
10 0.1515625 0.66851851851852 0.038541666666667 0.05
6 0.5046875 0.0125 0.038541666666667 0.025
10 0.73385416666667 0.47268518518519 0.032291666666667 0.039814814814815
6 0.27291666666667 0.025462962962963 0.03125 0.041666666666667
10 0.69427083333333 0.65972222222222 0.091666666666667 0.10277777777778
10 0.15807291666667 0.053240740740741 0.0796875 0.10648148148148
6 0.28359375 0.29351851851852 0.0328125 0.046296296296296
6 0.33515625 0.072222222222222 0.030729166666667 0.044444444444444
6 0.22578125 0.27453703703704 0.031770833333333 0.04537037037037
6 0.40052083333333 0.044444444444444 0.032291666666667 0.046296296296296
10 0.74895833333333 0.40185185185185 0.034375 0.042592592592593
6 0.58203125 0.1537037037037 0.033854166666667 0.05
6 0.52916666666667 0.14074074074074 0.047916666666667 0.072222222222222
10 0.76276041666667 0.51388888888889 0.1265625 0.14259259259259
6 0.36614583333333 0.25509259259259 0.042708333333333 0.071296296296296
10 0.64661458333333 0.40324074074074 0.0796875 0.09537037037037
10 0.278125 0.48472222222222 0.034375 0.049074074074074
6 0.44817708333333 0.23981481481481 0.0421875 0.055555555555556
6 0.58645833333333 0.040740740740741 0.032291666666667 0.046296296296296
10 0.36744791666667 0.44537037037037 0.066145833333333 0.12407407407407
6 0.5578125 0.0125 0.032291666666667 0.025
6 0.57604166666667 0.19814814814815 0.036458333333333 0.048148148148148
10 0.58229166666667 0.63101851851852 0.115625 0.15833333333333
10 0.22083333333333 0.57685185185185 0.12083333333333 0.15925925925926
6 0.61432291666667 0.10277777777778 0.028645833333333 0.042592592592593
10 0.87213541666667 0.75462962962963 0.038020833333333 0.05
6 0.53072916666667 0.21296296296296 0.035416666666667 0.048148148148148
10 0.65442708333333 0.85092592592593 0.030729166666667 0.040740740740741
6 0.37421875 0.1537037037037 0.036979166666667 0.053703703703704
6 0.40807291666667 0.36805555555556 0.038020833333333 0.052777777777778
6 0.28958333333333 0.12546296296296 0.033333333333333 0.049074074074074
10 0.70026041666667 0.53333333333333 0.031770833333333 0.042592592592593
10 0.58411458333333 0.63472222222222 0.12760416666667 0.1712962962963
10 0.75989583333333 0.5087962962963 0.12395833333333 0.13425925925926
10 0.21796875 0.57731481481481 0.11302083333333 0.13611111111111
10 0.37005208333333 0.43888888888889 0.0921875 0.12962962962963
10 0.65703125 0.87361111111111 0.0921875 0.11388888888889
10 0.15677083333333 0.05787037037037 0.084375 0.11388888888889
10 0.87239583333333 0.79166666666667 0.11041666666667 0.13148148148148
10 0.12760416666667 0.65601851851852 0.109375 0.11944444444444
10 0.68802083333333 0.66296296296296 0.095833333333333 0.092592592592593
10 0.42682291666667 0.67083333333333 0.072395833333333 0.097222222222222
10 0.64635416666667 0.40277777777778 0.084375 0.088888888888889
10 0.31822916666667 0.33888888888889 0.063541666666667 0.07962962962963
10 0.36770833333333 0.25231481481481 0.055208333333333 0.087962962962963
10 0.74401041666667 0.4875 0.066145833333333 0.073148148148148
10 0.15833333333333 0.31388888888889 0.055208333333333 0.081481481481481
10 0.52864583333333 0.14212962962963 0.058333333333333 0.073148148148148
10 0.36822916666667 0.45601851851852 0.045833333333333 0.073148148148148
10 0.55234375 0.4162037037037 0.0515625 0.060185185185185
10 0.58203125 0.14583333333333 0.046354166666667 0.063888888888889
10 0.42083333333333 0.026388888888889 0.047916666666667 0.052777777777778
10 0.115625 0.62407407407407 0.04375 0.057407407407407
10 0.63828125 0.27268518518519 0.049479166666667 0.049074074074074
10 0.47708333333333 0.036111111111111 0.039583333333333 0.059259259259259
10 0.784375 0.62222222222222 0.046875 0.05
10 0.14947916666667 0.66712962962963 0.04375 0.052777777777778
10 0.73203125 0.63888888888889 0.044270833333333 0.05
10 0.44895833333333 0.23981481481481 0.038541666666667 0.055555555555556
10 0.87265625 0.75462962962963 0.0421875 0.05
10 0.33203125 0.34490740740741 0.038020833333333 0.05462962962963
10 0.37760416666667 0.43055555555556 0.036458333333333 0.053703703703704
10 0.1578125 0.76481481481481 0.040625 0.048148148148148
10 0.37421875 0.15416666666667 0.036979166666667 0.052777777777778
10 0.63776041666667 0.23055555555556 0.0421875 0.044444444444444
10 0.39348958333333 0.21574074074074 0.0359375 0.051851851851852
10 0.65755208333333 0.056944444444444 0.034895833333333 0.052777777777778
10 0.30338541666667 0.32546296296296 0.034895833333333 0.052777777777778
10 0.65989583333333 0.51666666666667 0.042708333333333 0.042592592592593
10 0.53125 0.21296296296296 0.040625 0.044444444444444
10 0.40807291666667 0.36898148148148 0.034895833333333 0.050925925925926
10 0.2546875 0.20648148148148 0.035416666666667 0.05
10 0.58619791666667 0.040740740740741 0.034895833333333 0.05
10 0.15703125 0.31851851851852 0.034895833333333 0.05
10 0.73515625 0.475 0.0390625 0.044444444444444
10 0.4015625 0.043981481481481 0.033333333333333 0.050925925925926
10 0.49244791666667 0.25324074074074 0.0359375 0.047222222222222
10 0.18046875 0.50416666666667 0.0328125 0.050925925925926
10 0.62838541666667 0.1912037037037 0.038020833333333 0.043518518518519
10 0.39296875 0.17777777777778 0.0328125 0.05
10 0.70911458333333 0.23287037037037 0.0390625 0.041666666666667
10 0.303125 0.18148148148148 0.033333333333333 0.048148148148148
10 0.19192708333333 0.36064814814815 0.033854166666667 0.047222222222222
10 0.26770833333333 0.62268518518519 0.036458333333333 0.043518518518519
10 0.41536458333333 0.26388888888889 0.0328125 0.048148148148148
10 0.71744791666667 0.27731481481481 0.0390625 0.039814814814815
10 0.23151041666667 0.21944444444444 0.033854166666667 0.046296296296296
10 0.28984375 0.12546296296296 0.0328125 0.047222222222222
10 0.85546875 0.79259259259259 0.038020833333333 0.040740740740741
10 0.33385416666667 0.072685185185185 0.033333333333333 0.04537037037037
10 0.6546875 0.85185185185185 0.035416666666667 0.042592592592593
10 0.27864583333333 0.48333333333333 0.032291666666667 0.046296296296296
10 0.74973958333333 0.40231481481481 0.0390625 0.037962962962963
10 0.7 0.5337962962963 0.035416666666667 0.041666666666667
10 0.61458333333333 0.10231481481481 0.032291666666667 0.04537037037037
10 0.10546875 0.30046296296296 0.031770833333333 0.04537037037037
10 0.20442708333333 0.54398148148148 0.031770833333333 0.04537037037037
10 0.83671875 0.9337962962963 0.0328125 0.043518518518519
10 0.61510416666667 0.068055555555556 0.03125 0.04537037037037
10 0.27265625 0.025 0.0328125 0.042592592592593
10 0.10807291666667 0.40416666666667 0.030729166666667 0.04537037037037
10 0.36614583333333 0.46574074074074 0.03125 0.044444444444444
10 0.16380208333333 0.2787037037037 0.030729166666667 0.044444444444444
10 0.57708333333333 0.19953703703704 0.035416666666667 0.037962962962963
10 0.22578125 0.27268518518519 0.031770833333333 0.041666666666667
10 0.41458333333333 0.085648148148148 0.03125 0.041666666666667
10 0.35755208333333 0.39583333333333 0.031770833333333 0.041666666666667
10 0.54739583333333 0.19212962962963 0.032291666666667 0.039814814814815
10 0.53854166666667 0.041203703703704 0.029166666666667 0.043518518518519
10 0.73671875 0.33009259259259 0.036979166666667 0.034259259259259
10 0.67161458333333 0.3162037037037 0.0359375 0.034259259259259
10 0.659375 0.45787037037037 0.035416666666667 0.034259259259259
10 0.28307291666667 0.29259259259259 0.0296875 0.040740740740741
10 0.23880208333333 0.18101851851852 0.027604166666667 0.043518518518519
10 0.36536458333333 0.01712962962963 0.034895833333333 0.034259259259259
10 0.30260416666667 0.079166666666667 0.029166666666667 0.039814814814815
10 0.11588541666667 0.61527777777778 0.0296875 0.037962962962963
10 0.24973958333333 0.55787037037037 0.028645833333333 0.037962962962963
10 0.61588541666667 0.45185185185185 0.031770833333333 0.035185185185185
10 0.67005208333333 0.27037037037037 0.031770833333333 0.033333333333333
10 0.50494791666667 0.014351851851852 0.0359375 0.028703703703704
10 0.43463541666667 0.015277777777778 0.0328125 0.030555555555556
10 0.5578125 0.014351851851852 0.033333333333333 0.028703703703704
10 0.4296875 0.13564814814815 0.025 0.036111111111111