10 0.780078125 0.7375 0.06640625 0.080555555555556
10 0.7140625 0.90972222222222 0.059375 0.075
10 0.672265625 0.78958333333333 0.07890625 0.051388888888889
10 0.63125 0.91388888888889 0.0609375 0.077777777777778
10 0.69765625 0.86458333333333 0.0546875 0.0625
10 0.64609375 0.58263888888889 0.05 0.068055555555556
10 0.68046875 0.74791666666667 0.05 0.0625
10 0.696484375 0.78472222222222 0.05078125 0.061111111111111
10 0.5234375 0.74722222222222 0.0484375 0.063888888888889
10 0.6484375 0.65833333333333 0.04375 0.058333333333333
10 0.57734375 0.65902777777778 0.0421875 0.056944444444444
10 0.63359375 0.75833333333333 0.0421875 0.055555555555556
10 0.49140625 0.68055555555556 0.040625 0.052777777777778
10 0.76015625 0.74166666666667 0.0421875 0.052777777777778
10 0.6109375 0.51597222222222 0.0390625 0.054166666666667
10 0.721875 0.95277777777778 0.0421875 0.05
10 0.507421875 0.87083333333333 0.03671875 0.055555555555556
10 0.757421875 0.80138888888889 0.03671875 0.052777777777778
10 0.621484375 0.61527777777778 0.03515625 0.05
10 0.644140625 0.79513888888889 0.03828125 0.048611111111111
10 0.5109375 0.76180555555556 0.034375 0.048611111111111
10 0.69453125 0.67152777777778 0.034375 0.048611111111111
10 0.7734375 0.56597222222222 0.0359375 0.045833333333333
10 0.722265625 0.7 0.03515625 0.047222222222222
10 0.7859375 0.45486111111111 0.034375 0.045833333333333
10 0.536328125 0.73263888888889 0.03359375 0.045833333333333
10 0.630859375 0.72569444444444 0.03359375 0.045833333333333
10 0.66015625 0.7125 0.0328125 0.044444444444444
10 0.68203125 0.96666666666667 0.03125 0.041666666666667
10 0.83046875 0.85486111111111 0.03125 0.040277777777778