10 0.6015625 0.625 0.0171875 0.016666666666667
10 0.51171875 0.53958333333333 0.015625 0.015277777777778
10 0.501953125 0.63680555555556 0.01640625 0.015277777777778
10 0.490234375 0.50138888888889 0.01328125 0.013888888888889
10 0.569921875 0.29722222222222 0.02109375 0.022222222222222
10 0.61875 0.72986111111111 0.028125 0.040277777777778
10 0.604296875 0.44861111111111 0.01796875 0.016666666666667
10 0.530078125 0.41458333333333 0.01484375 0.015277777777778
10 0.58359375 0.26319444444444 0.0203125 0.023611111111111
10 0.516796875 0.48472222222222 0.01328125 0.013888888888889
10 0.532421875 0.53611111111111 0.02890625 0.030555555555556
10 0.465625 0.47986111111111 0.0109375 0.0097222222222222
10 0.48046875 0.61736111111111 0.015625 0.015277777777778
10 0.583984375 0.56597222222222 0.01796875 0.018055555555556