10 0.246875 0.1912037037037 0.10833333333333 0.11759259259259
10 0.41223958333333 0.072222222222222 0.093229166666667 0.12407407407407
10 0.49192708333333 0.72037037037037 0.0828125 0.096296296296296
10 0.95963541666667 0.31759259259259 0.0828125 0.13333333333333
10 0.70052083333333 0.09537037037037 0.088541666666667 0.085185185185185
10 0.3578125 0.95972222222222 0.079166666666667 0.080555555555556
10 0.66666666666667 0.1962962962963 0.092708333333333 0.085185185185185
10 0.7875 0.24907407407407 0.067708333333333 0.087037037037037
10 0.69140625 0.42592592592593 0.068229166666667 0.081481481481481
10 0.334375 0.2337962962963 0.066666666666667 0.09537037037037
10 0.37630208333333 0.49537037037037 0.066145833333333 0.083333333333333
10 0.428125 0.39861111111111 0.071875 0.073148148148148
10 0.2265625 0.175 0.069791666666667 0.074074074074074
10 0.85755208333333 0.45046296296296 0.088020833333333 0.058333333333333
10 0.74140625 0.39907407407407 0.058854166666667 0.087037037037037
10 0.044010416666667 0.86944444444444 0.074479166666667 0.064814814814815
10 0.04609375 0.14814814814815 0.069270833333333 0.068518518518519
10 0.072395833333333 0.08287037037037 0.053125 0.071296296296296
10 0.64635416666667 0.76157407407407 0.045833333333333 0.084259259259259
10 0.95703125 0.35833333333333 0.056770833333333 0.066666666666667
10 0.56953125 0.23425925925926 0.0578125 0.064814814814815
10 0.38932291666667 0.18472222222222 0.058854166666667 0.056481481481481
10 0.42369791666667 0.33564814814815 0.052604166666667 0.058333333333333
10 0.97109375 0.81527777777778 0.0453125 0.067592592592593
10 0.95859375 0.12314814814815 0.0546875 0.055555555555556
10 0.33854166666667 0.25324074074074 0.048958333333333 0.060185185185185
10 0.14791666666667 0.29074074074074 0.046875 0.062962962962963
10 0.11927083333333 0.63148148148148 0.048958333333333 0.059259259259259
10 0.75546875 0.11944444444444 0.0515625 0.053703703703704
10 0.59921875 0.36805555555556 0.0515625 0.05462962962963
10 0.21119791666667 0.23981481481481 0.049479166666667 0.055555555555556
10 0.49479166666667 0.28055555555556 0.051041666666667 0.053703703703704
10 0.81302083333333 0.18287037037037 0.045833333333333 0.058333333333333
10 0.83541666666667 0.45648148148148 0.046875 0.055555555555556
10 0.4703125 0.026388888888889 0.048958333333333 0.052777777777778
10 0.34661458333333 0.30648148148148 0.0484375 0.051851851851852
10 0.65859375 0.62638888888889 0.0484375 0.052777777777778
10 0.67421875 0.92222222222222 0.0484375 0.051851851851852
10 0.7828125 0.3787037037037 0.046875 0.051851851851852
10 0.52083333333333 0.18518518518519 0.046875 0.051851851851852
10 0.87473958333333 0.44675925925926 0.044270833333333 0.05462962962963
10 0.0546875 0.43425925925926 0.04375 0.053703703703704
10 0.21380208333333 0.16666666666667 0.044270833333333 0.051851851851852
10 0.85182291666667 0.3875 0.043229166666667 0.052777777777778
10 0.64192708333333 0.18333333333333 0.044270833333333 0.05
10 0.84192708333333 0.7212962962963 0.0421875 0.051851851851852
10 0.16927083333333 0.23981481481481 0.041666666666667 0.051851851851852
10 0.26692708333333 0.52824074074074 0.040104166666667 0.052777777777778
10 0.55338541666667 0.04537037037037 0.044270833333333 0.046296296296296
10 0.52317708333333 0.23148148148148 0.047395833333333 0.044444444444444
10 0.128125 0.7037037037037 0.047916666666667 0.042592592592593
10 0.074479166666667 0.47546296296296 0.039583333333333 0.050925925925926
10 0.14895833333333 0.0875 0.039583333333333 0.050925925925926
10 0.39947916666667 0.32685185185185 0.041666666666667 0.048148148148148
10 0.29244791666667 0.36157407407407 0.0390625 0.047222222222222
10 0.85729166666667 0.29490740740741 0.040625 0.04537037037037
10 0.22161458333333 0.64305555555556 0.0421875 0.043518518518519
10 0.23880208333333 0.24675925925926 0.041145833333333 0.043518518518519
10 0.0171875 0.025462962962963 0.034375 0.050925925925926
10 0.471875 0.64583333333333 0.038541666666667 0.041666666666667
10 0.013541666666667 0.50555555555556 0.027083333333333 0.057407407407407
10 0.0421875 0.73935185185185 0.036458333333333 0.04537037037037
10 0.31067708333333 0.39490740740741 0.034895833333333 0.037962962962963
10 0.2046875 0.73009259259259 0.038541666666667 0.037962962962963
10 0.98958333333333 0.5162037037037 0.020833333333333 0.060185185185185
10 0.66848958333333 0.0097222222222222 0.0390625 0.019444444444444