10 0.11510416666667 0.15231481481481 0.0375 0.060185185185185
10 0.75416666666667 0.25509259259259 0.063541666666667 0.125
10 0.62786458333333 0.32361111111111 0.044270833333333 0.067592592592593
10 0.41458333333333 0.085185185185185 0.115625 0.16296296296296
10 0.82083333333333 0.60092592592593 0.039583333333333 0.062962962962963
10 0.296875 0.18009259259259 0.075 0.10648148148148
10 0.52578125 0.14444444444444 0.046354166666667 0.072222222222222
10 0.71796875 0.29398148148148 0.046354166666667 0.067592592592593
10 0.05234375 0.64675925925926 0.0421875 0.05462962962963
10 0.2609375 0.26481481481481 0.040625 0.064814814814815
10 0.95729166666667 0.22407407407407 0.041666666666667 0.061111111111111
10 0.11953125 0.46157407407407 0.038020833333333 0.05462962962963
10 0.14661458333333 0.074537037037037 0.046354166666667 0.076851851851852
10 0.29583333333333 0.29768518518519 0.046875 0.071296296296296
10 0.26744791666667 0.35092592592593 0.038020833333333 0.055555555555556
10 0.024739583333333 0.042592592592593 0.049479166666667 0.085185185185185
10 0.52005208333333 0.16111111111111 0.0671875 0.11111111111111
10 0.32395833333333 0.475 0.045833333333333 0.064814814814815
10 0.60416666666667 0.41851851851852 0.045833333333333 0.072222222222222
10 0.2203125 0.42361111111111 0.041666666666667 0.062037037037037
10 0.86302083333333 0.087037037037037 0.045833333333333 0.074074074074074
10 0.68098958333333 0.15277777777778 0.058854166666667 0.085185185185185
10 0.38020833333333 0.56435185185185 0.054166666666667 0.063888888888889
10 0.58046875 0.25092592592593 0.0453125 0.068518518518519
10 0.36640625 0.12731481481481 0.046354166666667 0.080555555555556
10 0.63411458333333 0.91435185185185 0.0515625 0.063888888888889
10 0.9015625 0.30185185185185 0.04375 0.064814814814815
10 0.064583333333333 0.52314814814815 0.034375 0.046296296296296
10 0.067447916666667 0.028703703703704 0.041145833333333 0.053703703703704
10 0.621875 0.068981481481481 0.046875 0.076851851851852
10 0.4546875 0.44768518518519 0.063541666666667 0.087962962962963
10 0.496875 0.023148148148148 0.047916666666667 0.046296296296296
10 0.84817708333333 0.125 0.055729166666667 0.090740740740741
10 0.96354166666667 0.15925925925926 0.042708333333333 0.062962962962963
10 0.034114583333333 0.06712962962963 0.0515625 0.086111111111111
10 0.72265625 0.90648148148148 0.034895833333333 0.057407407407407
10 0.85625 0.3125 0.05 0.076851851851852
10 0.61692708333333 0.61574074074074 0.0484375 0.061111111111111
10 0.64817708333333 0.69861111111111 0.10989583333333 0.15462962962963
10 0.055989583333333 0.32546296296296 0.053645833333333 0.097222222222222
10 0.66979166666667 0.32638888888889 0.051041666666667 0.073148148148148
10 0.178125 0.525 0.032291666666667 0.046296296296296
10 0.89583333333333 0.64444444444444 0.044791666666667 0.066666666666667
10 0.35078125 0.40324074074074 0.041145833333333 0.063888888888889
10 0.9875 0.30740740740741 0.022916666666667 0.074074074074074
10 0.73072916666667 0.4287037037037 0.051041666666667 0.085185185185185
10 0.41536458333333 0.39953703703704 0.053645833333333 0.071296296296296
10 0.39479166666667 0.48287037037037 0.047916666666667 0.060185185185185
10 0.79895833333333 0.35925925925926 0.035416666666667 0.05
10 0.63177083333333 0.22962962962963 0.039583333333333 0.061111111111111
10 0.45677083333333 0.34675925925926 0.059375 0.089814814814815
10 0.84661458333333 0.15601851851852 0.0703125 0.19907407407407
10 0.96119791666667 0.19722222222222 0.080729166666667 0.16481481481481
10 0.70026041666667 0.13981481481481 0.078645833333333 0.11111111111111
10 0.1890625 0.44768518518519 0.038541666666667 0.052777777777778
10 0.16979166666667 0.10509259259259 0.10833333333333 0.14907407407407
10 0.371875 0.25092592592593 0.039583333333333 0.059259259259259
10 0.76614583333333 0.059259259259259 0.05 0.083333333333333
10 0.75598958333333 0.22962962962963 0.0453125 0.074074074074074
10 0.44869791666667 0.39398148148148 0.091145833333333 0.19537037037037
10 0.080989583333333 0.44027777777778 0.041145833333333 0.058333333333333
10 0.98828125 0.79444444444444 0.021354166666667 0.072222222222222
10 0.83359375 0.21481481481481 0.0640625 0.10555555555556
10 0.77864583333333 0.43703703703704 0.044791666666667 0.062962962962963
10 0.061458333333333 0.225 0.060416666666667 0.10185185185185