10 0.69453125 0.60069444444444 0.0421875 0.048611111111111
10 0.807421875 0.63263888888889 0.03671875 0.040277777777778
10 0.660546875 0.69583333333333 0.03671875 0.044444444444444
10 0.94375 0.54027777777778 0.0328125 0.038888888888889
10 0.7390625 0.70833333333333 0.075 0.072222222222222
10 0.79140625 0.27152777777778 0.046875 0.059722222222222
10 0.817578125 0.45902777777778 0.03671875 0.040277777777778
10 0.61484375 0.46319444444444 0.0390625 0.045833333333333
10 0.771484375 0.71527777777778 0.03671875 0.038888888888889
10 0.591015625 0.43055555555556 0.05078125 0.061111111111111
10 0.6015625 0.19236111111111 0.0453125 0.0625
10 0.35078125 0.47916666666667 0.2890625 0.54444444444444
10 0.8171875 0.55138888888889 0.0609375 0.069444444444444
10 0.750390625 0.27638888888889 0.04296875 0.055555555555556
10 0.561328125 0.25972222222222 0.03828125 0.05
10 0.667578125 0.19583333333333 0.06328125 0.075
10 0.678515625 0.81111111111111 0.03515625 0.038888888888889
10 0.675390625 0.57013888888889 0.04609375 0.051388888888889
10 0.568359375 0.34027777777778 0.03203125 0.041666666666667
10 0.853125 0.60069444444444 0.04375 0.051388888888889
10 0.824609375 0.22916666666667 0.30234375 0.45833333333333
10 0.754296875 0.43472222222222 0.03671875 0.044444444444444
10 0.677734375 0.72430555555556 0.03671875 0.040277777777778
10 0.7078125 0.65208333333333 0.0515625 0.054166666666667
10 0.273046875 0.26111111111111 0.03046875 0.044444444444444
10 0.679296875 0.29097222222222 0.04140625 0.054166666666667