11 0.740625 0.20277777777778 0.096875 0.20833333333333
11 0.477734375 0.045138888888889 0.11015625 0.090277777777778
11 0.7484375 0.16319444444444 0.0703125 0.11805555555556
11 0.41875 0.041666666666667 0.1078125 0.083333333333333
11 0.24375 0.10486111111111 0.0609375 0.14861111111111
11 0.5359375 0.38541666666667 0.084375 0.14861111111111
11 0.371875 0.039583333333333 0.1 0.079166666666667
11 0.440234375 0.72013888888889 0.17890625 0.22638888888889
11 0.252734375 0.17708333333333 0.06796875 0.17361111111111
11 0.72734375 0.079861111111111 0.0671875 0.10138888888889
11 0.521484375 0.23958333333333 0.09765625 0.18194444444444