11 0.57369791666667 0.2587962962963 0.022395833333333 0.032407407407407
11 0.29505208333333 0.47824074074074 0.0265625 0.047222222222222
11 0.57005208333333 0.22222222222222 0.027604166666667 0.040740740740741
11 0.2203125 0.49722222222222 0.020833333333333 0.035185185185185
11 0.33151041666667 0.28472222222222 0.059895833333333 0.099074074074074
11 0.46848958333333 0.32685185185185 0.022395833333333 0.033333333333333
11 0.60885416666667 0.20555555555556 0.022916666666667 0.044444444444444
11 0.6265625 0.082407407407407 0.03125 0.053703703703704
11 0.6109375 0.15648148148148 0.0125 0.022222222222222
11 0.54296875 0.27314814814815 0.065104166666667 0.088888888888889
11 0.27161458333333 0.43472222222222 0.015104166666667 0.023148148148148
11 0.3703125 0.43101851851852 0.051041666666667 0.063888888888889
11 0.56328125 0.17083333333333 0.013020833333333 0.019444444444444
11 0.42786458333333 0.44953703703704 0.0171875 0.025
11 0.45833333333333 0.36296296296296 0.030208333333333 0.042592592592593
11 0.16510416666667 0.56944444444444 0.014583333333333 0.022222222222222
11 0.45911458333333 0.41064814814815 0.021354166666667 0.036111111111111
11 0.24557291666667 0.31759259259259 0.0140625 0.02037037037037
11 0.47135416666667 0.33703703703704 0.033333333333333 0.059259259259259
11 0.48776041666667 0.43425925925926 0.013020833333333 0.018518518518519
11 0.35572916666667 0.29907407407407 0.076041666666667 0.090740740740741
11 0.203125 0.55787037037037 0.033333333333333 0.052777777777778
11 0.24453125 0.47175925925926 0.033854166666667 0.052777777777778