10 0.578125 0.055092592592593 0.027083333333333 0.032407407407407
10 0.4796875 0.15787037037037 0.01875 0.025
10 0.46354166666667 0.24814814814815 0.025 0.035185185185185
10 0.61770833333333 0.052314814814815 0.014583333333333 0.023148148148148
10 0.27786458333333 0.26990740740741 0.011979166666667 0.015740740740741
10 0.240625 0.32546296296296 0.055208333333333 0.073148148148148
10 0.33567708333333 0.10046296296296 0.040104166666667 0.060185185185185
10 0.23046875 0.33472222222222 0.0328125 0.052777777777778
10 0.17630208333333 0.40925925925926 0.015104166666667 0.02037037037037
10 0.28489583333333 0.21666666666667 0.014583333333333 0.02037037037037
10 0.54947916666667 0.11018518518519 0.063541666666667 0.081481481481481
10 0.36197916666667 0.14953703703704 0.055208333333333 0.067592592592593
10 0.21432291666667 0.40416666666667 0.022395833333333 0.032407407407407
10 0.49713541666667 0.27777777777778 0.015104166666667 0.022222222222222
10 0.30338541666667 0.30462962962963 0.030729166666667 0.048148148148148
10 0.56484375 0.0092592592592593 0.0171875 0.018518518518519
10 0.25390625 0.14444444444444 0.021354166666667 0.031481481481481