10 0.61901041666667 0.58611111111111 0.027604166666667 0.044444444444444
10 0.79114583333333 0.4162037037037 0.029166666666667 0.041666666666667
10 0.15026041666667 0.1037037037037 0.027604166666667 0.042592592592593
10 0.94635416666667 0.80185185185185 0.026041666666667 0.037037037037037
10 0.75546875 0.82777777777778 0.0265625 0.038888888888889
10 0.41145833333333 0.43611111111111 0.040625 0.059259259259259
10 0.19375 0.5875 0.026041666666667 0.034259259259259
10 0.78880208333333 0.81064814814815 0.0203125 0.028703703703704
10 0.87421875 0.825 0.0265625 0.035185185185185
10 0.48411458333333 0.57407407407407 0.027604166666667 0.037037037037037
10 0.340625 0.6875 0.020833333333333 0.028703703703704
10 0.9765625 0.68657407407407 0.026041666666667 0.034259259259259
10 0.72109375 0.31712962962963 0.0203125 0.028703703703704
10 0.88359375 0.18703703703704 0.0234375 0.033333333333333
10 0.86640625 0.97777777777778 0.034895833333333 0.044444444444444
10 0.57578125 0.22638888888889 0.0234375 0.030555555555556