11 0.588671875 0.59930555555556 0.03984375 0.056944444444444
11 0.550390625 0.47291666666667 0.03203125 0.054166666666667
11 0.571875 0.66805555555556 0.0328125 0.047222222222222
11 0.563671875 0.55208333333333 0.03359375 0.045833333333333
11 0.619140625 0.60277777777778 0.03203125 0.044444444444444
11 0.5546875 0.32083333333333 0.03125 0.044444444444444
11 0.59140625 0.61458333333333 0.0296875 0.045833333333333
11 0.657421875 0.83472222222222 0.03046875 0.044444444444444
11 0.543359375 0.65416666666667 0.03046875 0.041666666666667
11 0.537890625 0.3625 0.03046875 0.041666666666667
11 0.59765625 0.68333333333333 0.03125 0.041666666666667
11 0.5578125 0.47152777777778 0.0265625 0.0375
11 0.681640625 0.85833333333333 0.02734375 0.036111111111111
11 0.633203125 0.74652777777778 0.02890625 0.0375
11 0.544140625 0.44583333333333 0.02734375 0.044444444444444
11 0.54609375 0.43125 0.0265625 0.034722222222222
11 0.608984375 0.69930555555556 0.02734375 0.034722222222222
11 0.63203125 0.89097222222222 0.0265625 0.034722222222222
11 0.621875 0.37222222222222 0.025 0.036111111111111
11 0.595703125 0.65138888888889 0.02578125 0.033333333333333
11 0.596875 0.90486111111111 0.025 0.031944444444444
11 0.544921875 0.49305555555556 0.02421875 0.033333333333333
11 0.541015625 0.45902777777778 0.02421875 0.034722222222222
11 0.526953125 0.60486111111111 0.02265625 0.034722222222222
11 0.653515625 0.74652777777778 0.02421875 0.031944444444444
11 0.596484375 0.62430555555556 0.02421875 0.031944444444444
11 0.6421875 0.87083333333333 0.025 0.030555555555556
11 0.541796875 0.62569444444444 0.02421875 0.031944444444444
11 0.57109375 0.76111111111111 0.025 0.030555555555556
11 0.540625 0.54375 0.0234375 0.031944444444444
11 0.64140625 0.69027777777778 0.0234375 0.030555555555556
11 0.615625 0.43958333333333 0.0234375 0.031944444444444
11 0.534375 0.57152777777778 0.021875 0.029166666666667
11 0.5953125 0.51527777777778 0.021875 0.030555555555556