8 0.1375 0.4125 0.146875 0.21666666666667
8 0.21953125 0.72013888888889 0.0859375 0.0875
29 0.5046875 0.67222222222222 0.2609375 0.31666666666667
8 0.2578125 0.25694444444444 0.159375 0.17777777777778
29 0.354296875 0.76944444444444 0.02734375 0.033333333333333
29 0.228125 0.56597222222222 0.0578125 0.051388888888889
10 0.39140625 0.47569444444444 0.109375 0.14583333333333
33 0.5109375 0.67222222222222 0.2765625 0.31666666666667
10 0.2578125 0.25833333333333 0.175 0.2
10 0.219140625 0.72013888888889 0.10078125 0.095833333333333
10 0.137890625 0.41041666666667 0.14765625 0.23194444444444
10 0.22890625 0.56458333333333 0.0546875 0.054166666666667
10 0.390234375 0.47708333333333 0.12578125 0.1625
10 0.3546875 0.77013888888889 0.0296875 0.029166666666667