11 0.688671875 0.80763888888889 0.03359375 0.048611111111111
11 0.603125 0.66527777777778 0.0234375 0.036111111111111
11 0.678125 0.37638888888889 0.028125 0.044444444444444
11 0.67421875 0.74791666666667 0.0328125 0.048611111111111
11 0.675390625 0.85972222222222 0.02734375 0.038888888888889
11 0.6109375 0.69375 0.03125 0.048611111111111
11 0.740234375 0.87361111111111 0.03515625 0.05
11 0.70390625 0.66527777777778 0.0296875 0.044444444444444
11 0.6328125 0.73472222222222 0.0265625 0.041666666666667
11 0.63515625 0.58680555555556 0.0265625 0.040277777777778
11 0.60234375 0.56527777777778 0.0328125 0.047222222222222
11 0.662109375 0.59236111111111 0.02734375 0.040277777777778
11 0.660546875 0.67430555555556 0.02265625 0.034722222222222
11 0.6578125 0.83402777777778 0.03125 0.045833333333333
11 0.682421875 0.67569444444444 0.02578125 0.0375
11 0.703515625 0.91458333333333 0.03515625 0.051388888888889
11 0.69296875 0.475 0.028125 0.044444444444444
11 0.59921875 0.61666666666667 0.0265625 0.041666666666667
11 0.578515625 0.63055555555556 0.02734375 0.041666666666667
11 0.60703125 0.74166666666667 0.0296875 0.044444444444444
11 0.586328125 0.54236111111111 0.03203125 0.045833333333333
11 0.63828125 0.65416666666667 0.0375 0.052777777777778
11 0.67890625 0.76111111111111 0.028125 0.038888888888889
11 0.6328125 0.93263888888889 0.03125 0.051388888888889
11 0.731640625 0.78611111111111 0.04765625 0.063888888888889
11 0.558984375 0.63263888888889 0.03046875 0.045833333333333
11 0.598828125 0.78888888888889 0.02734375 0.041666666666667
11 0.562109375 0.96041666666667 0.04140625 0.0625
11 0.573828125 0.45138888888889 0.04296875 0.061111111111111