19 0.24921875 0.73703703703704 0.040104166666667 0.055555555555556
19 0.17604166666667 0.47314814814815 0.036458333333333 0.057407407407407
19 0.915625 0.6125 0.029166666666667 0.041666666666667
19 0.44244791666667 0.76064814814815 0.0421875 0.050925925925926
19 0.36848958333333 0.51944444444444 0.031770833333333 0.046296296296296
19 0.98385416666667 0.70972222222222 0.03125 0.041666666666667
19 0.47395833333333 0.6962962962963 0.041666666666667 0.055555555555556
19 0.69635416666667 0.68333333333333 0.028125 0.035185185185185
19 0.23541666666667 0.18287037037037 0.066666666666667 0.089814814814815
19 0.1359375 0.47314814814815 0.044791666666667 0.072222222222222
19 0.15520833333333 0.33333333333333 0.033333333333333 0.040740740740741
19 0.26171875 0.7962962962963 0.031770833333333 0.038888888888889
19 0.61145833333333 0.72361111111111 0.040625 0.058333333333333
19 0.7203125 0.57731481481481 0.030208333333333 0.043518518518519
19 0.128125 0.37592592592593 0.034375 0.051851851851852
19 0.2078125 0.68425925925926 0.032291666666667 0.042592592592593
19 0.55338541666667 0.6037037037037 0.031770833333333 0.046296296296296
19 0.24401041666667 0.26342592592593 0.033854166666667 0.052777777777778
19 0.5890625 0.65277777777778 0.026041666666667 0.035185185185185
19 0.19739583333333 0.375 0.055208333333333 0.075925925925926
19 0.19817708333333 0.52083333333333 0.0421875 0.056481481481481
19 0.29921875 0.31712962962963 0.041145833333333 0.067592592592593
10 0.23619791666667 0.18287037037037 0.061979166666667 0.084259259259259
10 0.98359375 0.71064814814815 0.031770833333333 0.043518518518519
10 0.12864583333333 0.37638888888889 0.035416666666667 0.050925925925926
10 0.91588541666667 0.61296296296296 0.0296875 0.042592592592593
10 0.71979166666667 0.57685185185185 0.030208333333333 0.042592592592593
10 0.15598958333333 0.33333333333333 0.031770833333333 0.040740740740741
10 0.69635416666667 0.68425925925926 0.030208333333333 0.037037037037037
10 0.12838541666667 0.37638888888889 0.034895833333333 0.050925925925926
10 0.98333333333333 0.71111111111111 0.032291666666667 0.042592592592593
10 0.23697916666667 0.18287037037037 0.063541666666667 0.084259259259259
10 0.15520833333333 0.3337962962963 0.034375 0.039814814814815
10 0.91536458333333 0.61296296296296 0.0296875 0.042592592592593
10 0.71979166666667 0.57731481481481 0.030208333333333 0.041666666666667
10 0.69635416666667 0.68425925925926 0.03125 0.035185185185185