19 0.24661458333333 0.53564814814815 0.069270833333333 0.084259259259259
19 0.4421875 0.92592592592593 0.070833333333333 0.11111111111111
6 0.88020833333333 0.73564814814815 0.09375 0.1212962962963
19 0.54010416666667 0.28703703703704 0.069791666666667 0.090740740740741
19 0.45520833333333 0.88796296296296 0.064583333333333 0.092592592592593
19 0.22265625 0.39398148148148 0.1078125 0.12685185185185
19 0.25677083333333 0.56435185185185 0.094791666666667 0.1212962962963
19 0.89635416666667 0.56759259259259 0.089583333333333 0.10185185185185
8 0.89817708333333 0.87546296296296 0.074479166666667 0.10092592592593
19 0.31328125 0.88009259259259 0.081770833333333 0.10833333333333
19 0.34947916666667 0.93194444444444 0.078125 0.10277777777778
19 0.39088541666667 0.8375 0.0734375 0.093518518518519
10 0.23072916666667 0.1 0.05625 0.074074074074074
10 0.87213541666667 0.45787037037037 0.0609375 0.076851851851852
10 0.45572916666667 0.65972222222222 0.05 0.069444444444444
10 0.55338541666667 0.68611111111111 0.0453125 0.066666666666667
10 0.43958333333333 0.20277777777778 0.048958333333333 0.068518518518519
10 0.39427083333333 0.63101851851852 0.047916666666667 0.080555555555556
10 0.3859375 0.73935185185185 0.045833333333333 0.065740740740741
10 0.25911458333333 0.035648148148148 0.0484375 0.062037037037037
10 0.42213541666667 0.11527777777778 0.043229166666667 0.067592592592593
33 0.9765625 0.42453703703704 0.045833333333333 0.060185185185185
10 0.83125 0.61574074074074 0.044791666666667 0.061111111111111
10 0.35963541666667 0.11666666666667 0.0453125 0.059259259259259
10 0.60130208333333 0.60046296296296 0.038020833333333 0.05462962962963
10 0.35833333333333 0.25972222222222 0.03125 0.039814814814815