10 0.23723958333333 0.3837962962963 0.0796875 0.10092592592593
10 0.92916666666667 0.3837962962963 0.14479166666667 0.21203703703704
10 0.42604166666667 0.3837962962963 0.328125 0.3287037037037
10 0.83932291666667 0.35601851851852 0.096354166666667 0.13055555555556
10 0.13697916666667 0.33981481481481 0.146875 0.17222222222222
10 0.089583333333333 0.38194444444444 0.17916666666667 0.20277777777778
10 0.64192708333333 0.3287037037037 0.080729166666667 0.098148148148148
10 0.73229166666667 0.3 0.061458333333333 0.083333333333333
10 0.75885416666667 0.41990740740741 0.15729166666667 0.20092592592593
10 0.14192708333333 0.30740740740741 0.086979166666667 0.10740740740741
10 0.048697916666667 0.39861111111111 0.097395833333333 0.14537037037037
10 0.87265625 0.49444444444444 0.081770833333333 0.12407407407407
10 0.571875 0.31064814814815 0.08125 0.10648148148148