10 0.796484375 0.22708333333333 0.36796875 0.45416666666667
10 0.394140625 0.33680555555556 0.29921875 0.52361111111111
10 0.814453125 0.47291666666667 0.05546875 0.073611111111111
10 0.878515625 0.49097222222222 0.04453125 0.068055555555556
10 0.846875 0.44236111111111 0.05 0.0625
10 0.655078125 0.28819444444444 0.04296875 0.056944444444444
10 0.664453125 0.44722222222222 0.03828125 0.063888888888889
10 0.8015625 0.55833333333333 0.0390625 0.052777777777778
10 0.826171875 0.52361111111111 0.03515625 0.052777777777778
10 0.687109375 0.48194444444444 0.03828125 0.047222222222222
10 0.717578125 0.54305555555556 0.03515625 0.05
10 0.734765625 0.475 0.03671875 0.047222222222222
10 0.62734375 0.33611111111111 0.034375 0.05
10 0.787890625 0.49930555555556 0.03359375 0.048611111111111
10 0.82890625 0.55972222222222 0.034375 0.047222222222222
10 0.725390625 0.56875 0.03203125 0.043055555555556
10 0.6375 0.41458333333333 0.0296875 0.045833333333333
10 0.70859375 0.44513888888889 0.0296875 0.043055555555556
10 0.65859375 0.25625 0.0296875 0.043055555555556
10 0.745703125 0.62152777777778 0.02890625 0.043055555555556
10 0.895703125 0.38541666666667 0.02890625 0.040277777777778
10 0.80703125 0.42847222222222 0.028125 0.040277777777778
10 0.728125 0.51319444444444 0.028125 0.040277777777778
10 0.72734375 0.69305555555556 0.028125 0.033333333333333