10 0.357421875 0.63194444444444 0.08359375 0.13888888888889
10 0.405859375 0.20208333333333 0.06796875 0.11805555555556
10 0.32265625 0.077777777777778 0.05625 0.094444444444444
33 0.646875 0.25069444444444 0.053125 0.093055555555556
10 0.2578125 0.50972222222222 0.05 0.080555555555556
10 0.746484375 0.72916666666667 0.04609375 0.072222222222222
10 0.473046875 0.325 0.04765625 0.086111111111111
10 0.702734375 0.090277777777778 0.14140625 0.175
10 0.405078125 0.20277777777778 0.07265625 0.125
10 0.3234375 0.077777777777778 0.0609375 0.10277777777778
10 0.356640625 0.63055555555556 0.08984375 0.14722222222222
10 0.645703125 0.25208333333333 0.06015625 0.095833333333333
10 0.54296875 0.033333333333333 0.0671875 0.066666666666667
10 0.4734375 0.32430555555556 0.0515625 0.084722222222222
10 0.74609375 0.72777777777778 0.0484375 0.080555555555556
10 0.258203125 0.50833333333333 0.04609375 0.083333333333333
10 0.308203125 0.72916666666667 0.04765625 0.069444444444444
10 0.40390625 0.022916666666667 0.0546875 0.045833333333333
10 0.24140625 0.66458333333333 0.0390625 0.059722222222222