11 0.229296875 0.25555555555556 0.02890625 0.047222222222222
11 0.4625 0.28958333333333 0.03125 0.045833333333333
11 0.272265625 0.28472222222222 0.04140625 0.066666666666667
11 0.651171875 0.28680555555556 0.03203125 0.048611111111111
11 0.60859375 0.1 0.028125 0.041666666666667
11 0.35234375 0.25277777777778 0.0390625 0.072222222222222
11 0.27265625 0.12430555555556 0.0328125 0.051388888888889
11 0.351953125 0.088888888888889 0.03359375 0.055555555555556
11 0.448828125 0.19583333333333 0.03671875 0.055555555555556
11 0.580859375 0.25833333333333 0.03203125 0.047222222222222
11 0.25546875 0.17708333333333 0.03125 0.051388888888889
11 0.425390625 0.13263888888889 0.03671875 0.059722222222222
11 0.634375 0.49652777777778 0.03125 0.051388888888889
11 0.487109375 0.15625 0.02890625 0.045833333333333
11 0.255078125 0.21527777777778 0.03984375 0.061111111111111