10 0.34869791666667 0.49675925925926 0.1046875 0.13240740740741
8 0.971875 0.4875 0.051041666666667 0.075
10 0.31458333333333 0.68564814814815 0.071875 0.091666666666667
10 0.41302083333333 0.96944444444444 0.065625 0.061111111111111
8 0.79192708333333 0.22453703703704 0.066145833333333 0.12314814814815
8 0.97682291666667 0.61064814814815 0.0453125 0.16759259259259
10 0.53671875 0.30601851851852 0.050520833333333 0.071296296296296
8 0.796875 0.725 0.047916666666667 0.081481481481481
8 0.83932291666667 0.6125 0.046354166666667 0.069444444444444
10 0.434375 0.024537037037037 0.066666666666667 0.049074074074074
8 0.7515625 0.13981481481481 0.05625 0.081481481481481
8 0.73932291666667 0.64351851851852 0.0484375 0.068518518518519
8 0.74791666666667 0.055555555555556 0.061458333333333 0.087037037037037
10 0.35208333333333 0.49814814814815 0.10104166666667 0.12962962962963
10 0.79088541666667 0.2212962962963 0.0671875 0.12777777777778
10 0.75 0.055555555555556 0.066666666666667 0.088888888888889
10 0.79739583333333 0.72361111111111 0.052083333333333 0.087962962962963
10 0.7515625 0.13888888888889 0.059375 0.087037037037037
10 0.73880208333333 0.64166666666667 0.053645833333333 0.074074074074074
10 0.97682291666667 0.64490740740741 0.041145833333333 0.097222222222222
10 0.97161458333333 0.48842592592593 0.052604166666667 0.075
10 0.83776041666667 0.61157407407407 0.0484375 0.075
10 0.88020833333333 0.45925925925926 0.045833333333333 0.072222222222222
10 0.84739583333333 0.35138888888889 0.05 0.076851851851852
10 0.8921875 0.76203703703704 0.047916666666667 0.068518518518519
10 0.39270833333333 0.43425925925926 0.04375 0.066666666666667
10 0.89427083333333 0.38472222222222 0.042708333333333 0.065740740740741
10 0.96640625 0.30138888888889 0.044270833333333 0.05462962962963
10 0.90286458333333 0.93425925925926 0.036979166666667 0.062962962962963
10 0.48984375 0.39305555555556 0.043229166666667 0.049074074074074