10 0.21223958333333 0.46944444444444 0.11822916666667 0.17037037037037
10 0.69661458333333 0.44537037037037 0.10572916666667 0.11851851851852
10 0.40911458333333 0.57453703703704 0.0859375 0.12685185185185
10 0.56822916666667 0.54583333333333 0.089583333333333 0.11759259259259
10 0.7140625 0.57314814814815 0.1 0.094444444444444
10 0.59791666666667 0.3537037037037 0.095833333333333 0.094444444444444
10 0.16328125 0.56018518518519 0.0765625 0.10185185185185
10 0.20859375 0.44768518518519 0.0734375 0.10277777777778
10 0.28072916666667 0.045833333333333 0.058333333333333 0.082407407407407
10 0.6296875 0.6037037037037 0.057291666666667 0.075925925925926
10 0.61484375 0.34768518518519 0.056770833333333 0.069444444444444
10 0.4 0.55601851851852 0.05 0.076851851851852
10 0.13203125 0.17824074074074 0.047395833333333 0.080555555555556
10 0.68541666666667 0.4287037037037 0.055208333333333 0.064814814814815
10 0.53020833333333 0.13518518518519 0.05 0.062962962962963
10 0.23151041666667 0.11018518518519 0.044270833333333 0.07037037037037
10 0.525 0.3537037037037 0.047916666666667 0.062962962962963
10 0.49609375 0.081944444444444 0.047395833333333 0.062037037037037
10 0.41875 0.57361111111111 0.044791666666667 0.062037037037037
10 0.17473958333333 0.54675925925926 0.040104166666667 0.056481481481481
10 0.3484375 0.14537037037037 0.041666666666667 0.059259259259259
10 0.78671875 0.7962962962963 0.0484375 0.055555555555556
10 0.85729166666667 0.68935185185185 0.044791666666667 0.047222222222222
10 0.3484375 0.30416666666667 0.038541666666667 0.05462962962963
10 0.40078125 0.075462962962963 0.038020833333333 0.05462962962963
10 0.62734375 0.59398148148148 0.0390625 0.049074074074074
10 0.37578125 0.1912037037037 0.034895833333333 0.05462962962963
10 0.58125 0.087037037037037 0.036458333333333 0.05
10 0.57760416666667 0.23194444444444 0.039583333333333 0.047222222222222
10 0.56119791666667 0.088425925925926 0.036979166666667 0.049074074074074
10 0.13229166666667 0.19351851851852 0.033333333333333 0.053703703703704
10 0.06796875 0.2087962962963 0.033854166666667 0.052777777777778
10 0.39375 0.24768518518519 0.034375 0.050925925925926
10 0.15520833333333 0.23564814814815 0.034375 0.049074074074074
10 0.79635416666667 0.69537037037037 0.039583333333333 0.042592592592593
10 0.18255208333333 0.6625 0.0328125 0.049074074074074
10 0.36822916666667 0.079166666666667 0.033333333333333 0.049074074074074
10 0.64244791666667 0.19814814814815 0.034895833333333 0.046296296296296
10 0.22760416666667 0.51574074074074 0.0375 0.046296296296296
10 0.72447916666667 0.33935185185185 0.036458333333333 0.043518518518519
10 0.58697916666667 0.20138888888889 0.034375 0.04537037037037
10 0.378125 0.096759259259259 0.03125 0.049074074074074
10 0.58359375 0.1787037037037 0.034895833333333 0.044444444444444
10 0.62291666666667 0.23703703703704 0.035416666666667 0.042592592592593
10 0.25833333333333 0.35601851851852 0.032291666666667 0.047222222222222
10 0.56302083333333 0.38935185185185 0.035416666666667 0.041666666666667
10 0.41197916666667 0.15416666666667 0.032291666666667 0.04537037037037
10 0.60703125 0.45740740740741 0.033854166666667 0.044444444444444
10 0.64635416666667 0.46990740740741 0.034375 0.043518518518519
10 0.32682291666667 0.17314814814815 0.031770833333333 0.046296296296296
10 0.67786458333333 0.41805555555556 0.034895833333333 0.041666666666667
10 0.65520833333333 0.23935185185185 0.033333333333333 0.043518518518519
10 0.22760416666667 0.068518518518519 0.03125 0.046296296296296
10 0.51197916666667 0.17175925925926 0.032291666666667 0.043518518518519
10 0.33515625 0.28055555555556 0.030729166666667 0.044444444444444
10 0.18723958333333 0.1837962962963 0.030729166666667 0.04537037037037
10 0.36979166666667 0.4 0.029166666666667 0.044444444444444
10 0.088541666666667 0.33703703703704 0.029166666666667 0.044444444444444
10 0.13697916666667 0.5462962962963 0.029166666666667 0.044444444444444
10 0.61953125 0.27962962962963 0.0328125 0.038888888888889
10 0.39869791666667 0.035185185185185 0.0296875 0.042592592592593
10 0.24348958333333 0.23981481481481 0.028645833333333 0.044444444444444
10 0.68697916666667 0.26666666666667 0.03125 0.038888888888889
10 0.51875 0.018518518518519 0.034375 0.037037037037037
10 0.34244791666667 0.11342592592593 0.0296875 0.041666666666667
10 0.48333333333333 0.16064814814815 0.030208333333333 0.039814814814815
10 0.46145833333333 0.18657407407407 0.030208333333333 0.039814814814815
10 0.62213541666667 0.75138888888889 0.0296875 0.039814814814815
10 0.60546875 0.42037037037037 0.031770833333333 0.037037037037037
10 0.57369791666667 0.48194444444444 0.030729166666667 0.037962962962963
10 0.59765625 0.01712962962963 0.033854166666667 0.034259259259259
10 0.26979166666667 0.52037037037037 0.028125 0.038888888888889
10 0.55286458333333 0.020833333333333 0.0296875 0.036111111111111
10 0.48125 0.20601851851852 0.028125 0.037962962962963
10 0.44557291666667 0.022685185185185 0.0296875 0.034259259259259
10 0.47161458333333 0.012037037037037 0.031770833333333 0.024074074074074