10 0.27927400468384 0.334375 0.06440281030445 0.085416666666667
10 0.30327868852459 0.42083333333333 0.091334894613583 0.1125
10 0.3559718969555 0.35520833333333 0.060889929742389 0.085416666666667
10 0.37822014051522 0.11458333333333 0.056206088992974 0.066666666666667
10 0.69379391100703 0.18229166666667 0.059718969555035 0.064583333333333
10 0.31674473067916 0.24895833333333 0.055035128805621 0.064583333333333
10 0.58899297423888 0.215625 0.049180327868852 0.064583333333333
10 0.87939110070258 0.21875 0.058548009367682 0.054166666666667
10 0.41217798594848 0.271875 0.044496487119438 0.06875
10 0.45843091334895 0.083333333333333 0.052693208430913 0.058333333333333
10 0.80913348946136 0.090625 0.044496487119438 0.039583333333333