10 0.70572916666667 0.45277777777778 0.023958333333333 0.035185185185185
10 0.88671875 0.73796296296296 0.031770833333333 0.05
10 0.90338541666667 0.71574074074074 0.024479166666667 0.035185185185185
10 0.56770833333333 0.67314814814815 0.021875 0.02962962962963
10 0.50208333333333 0.57685185185185 0.017708333333333 0.024074074074074
10 0.49375 0.86296296296296 0.025 0.037037037037037
10 0.46588541666667 0.94212962962963 0.024479166666667 0.034259259259259
10 0.56067708333333 0.98425925925926 0.018229166666667 0.024074074074074
10 0.37552083333333 0.92592592592593 0.020833333333333 0.027777777777778
10 0.45729166666667 0.7375 0.027083333333333 0.039814814814815
10 0.88072916666667 0.59675925925926 0.019791666666667 0.028703703703704
10 0.48619791666667 0.64768518518519 0.019270833333333 0.028703703703704
10 0.38776041666667 0.80740740740741 0.016145833333333 0.024074074074074
10 0.56796875 0.80833333333333 0.0359375 0.066666666666667
10 0.95859375 0.95648148148148 0.0796875 0.087037037037037
10 0.65052083333333 0.66435185185185 0.01875 0.025
10 0.58958333333333 0.26064814814815 0.032291666666667 0.04537037037037
10 0.66510416666667 0.5087962962963 0.022916666666667 0.032407407407407
10 0.99322916666667 0.22314814814815 0.0125 0.046296296296296
10 0.50989583333333 0.56712962962963 0.01875 0.023148148148148
10 0.36927083333333 0.97962962962963 0.019791666666667 0.025925925925926
10 0.83229166666667 0.62777777777778 0.01875 0.027777777777778
10 0.25859375 0.68287037037037 0.030729166666667 0.043518518518519
10 0.915625 0.25925925925926 0.019791666666667 0.02962962962963
10 0.49609375 0.49861111111111 0.019270833333333 0.021296296296296
10 0.80546875 0.4162037037037 0.018229166666667 0.030555555555556
10 0.65546875 0.94768518518519 0.0203125 0.028703703703704
10 0.81796875 0.87268518518519 0.031770833333333 0.04537037037037
10 0.73333333333333 0.26851851851852 0.027083333333333 0.038888888888889
10 0.346875 0.33518518518519 0.022916666666667 0.031481481481481
10 0.39583333333333 0.69027777777778 0.026041666666667 0.039814814814815
10 0.56953125 0.59907407407407 0.024479166666667 0.033333333333333
10 0.47421875 0.69166666666667 0.021354166666667 0.027777777777778
10 0.052083333333333 0.79490740740741 0.022916666666667 0.032407407407407
10 0.35130208333333 0.8837962962963 0.022395833333333 0.026851851851852
10 0.89635416666667 0.62453703703704 0.021875 0.034259259259259
10 0.40755208333333 0.63842592592593 0.0234375 0.030555555555556
10 0.40208333333333 0.83657407407407 0.016666666666667 0.025
10 0.4875 0.88935185185185 0.01875 0.032407407407407
10 0.82760416666667 0.60601851851852 0.019791666666667 0.030555555555556
10 0.57239583333333 0.9375 0.020833333333333 0.030555555555556
10 0.68619791666667 0.85092592592593 0.021354166666667 0.02962962962963
10 0.80364583333333 0.39166666666667 0.020833333333333 0.031481481481481
10 0.28723958333333 0.86759259259259 0.0234375 0.033333333333333
10 0.93489583333333 0.69490740740741 0.046875 0.071296296296296
10 0.39557291666667 0.63657407407407 0.024479166666667 0.032407407407407
10 0.50494791666667 0.65555555555556 0.034895833333333 0.051851851851852
10 0.41979166666667 0.87824074074074 0.01875 0.028703703703704
10 0.90703125 0.25509259259259 0.030729166666667 0.039814814814815
10 0.81744791666667 0.5625 0.0328125 0.050925925925926
10 0.87786458333333 0.74814814814815 0.025520833333333 0.035185185185185
10 0.38828125 0.68101851851852 0.019270833333333 0.026851851851852
10 0.77786458333333 0.65138888888889 0.0234375 0.032407407407407
10 0.40625 0.86944444444444 0.021875 0.024074074074074
10 0.75677083333333 0.53055555555556 0.025 0.035185185185185
10 0.40651041666667 0.97037037037037 0.022395833333333 0.02962962962963
10 0.78098958333333 0.81388888888889 0.027604166666667 0.040740740740741
10 0.96458333333333 0.71944444444444 0.01875 0.025925925925926