11 0.68984375 0.075 0.097395833333333 0.14259259259259
11 0.89583333333333 0.57222222222222 0.072916666666667 0.11111111111111
11 0.8140625 0.86342592592593 0.057291666666667 0.10648148148148
11 0.87239583333333 0.72175925925926 0.061458333333333 0.089814814814815
11 0.31744791666667 0.77592592592593 0.059895833333333 0.07962962962963
11 0.83333333333333 0.5212962962963 0.047916666666667 0.066666666666667
11 0.93854166666667 0.72546296296296 0.05625 0.073148148148148
11 0.63359375 0.55787037037037 0.053645833333333 0.084259259259259
11 0.97109375 0.21342592592593 0.036979166666667 0.056481481481481
11 0.50442708333333 0.7962962962963 0.040104166666667 0.048148148148148
11 0.40729166666667 0.50462962962963 0.036458333333333 0.051851851851852
11 0.73854166666667 0.41851851851852 0.034375 0.053703703703704
11 0.97526041666667 0.14675925925926 0.033854166666667 0.050925925925926
11 0.48020833333333 0.49074074074074 0.034375 0.05
11 0.50546875 0.26990740740741 0.0328125 0.050925925925926
11 0.56588541666667 0.94861111111111 0.0328125 0.047222222222222
11 0.53229166666667 0.83842592592593 0.032291666666667 0.04537037037037
11 0.47916666666667 0.86898148148148 0.033333333333333 0.043518518518519
11 0.98125 0.41203703703704 0.030208333333333 0.048148148148148
11 0.42447916666667 0.76759259259259 0.033333333333333 0.042592592592593
11 0.78411458333333 0.35462962962963 0.031770833333333 0.044444444444444
11 0.21015625 0.3412037037037 0.0296875 0.04537037037037
11 0.64348958333333 0.089351851851852 0.0296875 0.04537037037037
11 0.77265625 0.4125 0.030729166666667 0.043518518518519
11 0.57005208333333 0.84583333333333 0.030729166666667 0.043518518518519
11 0.50625 0.95 0.030208333333333 0.042592592592593
11 0.47239583333333 0.55509259259259 0.032291666666667 0.039814814814815
11 0.2421875 0.85462962962963 0.029166666666667 0.042592592592593
11 0.76666666666667 0.25509259259259 0.029166666666667 0.041666666666667
11 0.59791666666667 0.30740740740741 0.028125 0.042592592592593
11 0.80807291666667 0.83518518518519 0.0296875 0.040740740740741
11 0.72083333333333 0.67037037037037 0.028125 0.038888888888889
11 0.16223958333333 0.57546296296296 0.028645833333333 0.037962962962963
11 0.51145833333333 0.58333333333333 0.029166666666667 0.037037037037037
11 0.36979166666667 0.90231481481481 0.028125 0.037962962962963
11 0.375 0.84675925925926 0.028125 0.037962962962963
11 0.6078125 0.51342592592593 0.027083333333333 0.039814814814815
11 0.71015625 0.80833333333333 0.0265625 0.038888888888889
11 0.48776041666667 0.85185185185185 0.0265625 0.038888888888889
11 0.615625 0.67453703703704 0.027083333333333 0.037962962962963
11 0.38333333333333 0.78564814814815 0.027083333333333 0.037962962962963
11 0.47239583333333 0.76851851851852 0.027083333333333 0.037037037037037
11 0.45677083333333 0.85509259259259 0.027083333333333 0.036111111111111
11 0.29973958333333 0.825 0.027604166666667 0.035185185185185
11 0.58828125 0.54490740740741 0.0265625 0.036111111111111
11 0.26432291666667 0.75509259259259 0.0265625 0.036111111111111
11 0.421875 0.82037037037037 0.027083333333333 0.035185185185185
11 0.5015625 0.73101851851852 0.026041666666667 0.034259259259259
11 0.064583333333333 0.7662037037037 0.026041666666667 0.034259259259259
11 0.4015625 0.83564814814815 0.025 0.034259259259259
11 0.43776041666667 0.79166666666667 0.025520833333333 0.033333333333333
11 0.24427083333333 0.88425925925926 0.025 0.033333333333333
11 0.39947916666667 0.81111111111111 0.025 0.033333333333333
11 0.40859375 0.68194444444444 0.0234375 0.034259259259259
11 0.63619791666667 0.37222222222222 0.024479166666667 0.033333333333333
11 0.24479166666667 0.62824074074074 0.023958333333333 0.032407407407407
11 0.5375 0.62222222222222 0.023958333333333 0.031481481481481
11 0.33854166666667 0.87824074074074 0.022916666666667 0.032407407407407
11 0.4546875 0.61805555555556 0.023958333333333 0.030555555555556
11 0.35885416666667 0.86203703703704 0.022916666666667 0.031481481481481
11 0.48072916666667 0.68842592592593 0.022916666666667 0.030555555555556
11 0.47864583333333 0.80694444444444 0.022916666666667 0.030555555555556
11 0.49661458333333 0.6412037037037 0.022395833333333 0.030555555555556
11 0.38203125 0.72546296296296 0.022395833333333 0.030555555555556
11 0.46119791666667 0.60925925925926 0.022395833333333 0.02962962962963
11 0.46510416666667 0.65972222222222 0.022916666666667 0.028703703703704
11 0.49713541666667 0.61296296296296 0.022395833333333 0.02962962962963
11 0.49036458333333 0.71527777777778 0.022395833333333 0.028703703703704
11 0.48802083333333 0.52731481481481 0.021875 0.028703703703704
11 0.46510416666667 0.72824074074074 0.021875 0.028703703703704
11 0.3484375 0.84583333333333 0.021875 0.028703703703704
11 0.29375 0.5287037037037 0.020833333333333 0.027777777777778
11 0.38854166666667 0.66805555555556 0.020833333333333 0.026851851851852
11 0.33802083333333 0.37824074074074 0.01875 0.026851851851852
11 0.49661458333333 0.45231481481481 0.019270833333333 0.026851851851852
11 0.46588541666667 0.51527777777778 0.019270833333333 0.025
11 0.47578125 0.42361111111111 0.018229166666667 0.023148148148148
11 0.45651041666667 0.68888888888889 0.018229166666667 0.025925925925926