11 0.3132318501171 0.50104166666667 0.085480093676815 0.11458333333333
11 0.62060889929742 0.20416666666667 0.07728337236534 0.10416666666667
11 0.28571428571429 0.428125 0.07728337236534 0.09375
11 0.48536299765808 0.15729166666667 0.0807962529274 0.089583333333333
11 0.79215456674473 0.24583333333333 0.073770491803279 0.091666666666667
11 0.71194379391101 0.078125 0.072599531615925 0.077083333333333
11 0.32201405152225 0.22604166666667 0.070257611241218 0.085416666666667
11 0.73946135831382 0.19479166666667 0.055035128805621 0.077083333333333
11 0.41978922716628 0.083333333333333 0.052693208430913 0.058333333333333
11 0.66627634660422 0.11979166666667 0.058548009367682 0.064583333333333
11 0.77751756440281 0.10833333333333 0.042154566744731 0.05
11 0.50292740046838 0.43229166666667 0.50936768149883 0.73541666666667
11 0.78571428571429 0.43125 0.098360655737705 0.29583333333333