10 0.434375 0.42962962962963 0.24479166666667 0.35925925925926
10 0.67734375 0.61759259259259 0.27864583333333 0.35185185185185
10 0.57447916666667 0.28611111111111 0.2125 0.35555555555556
10 0.55677083333333 0.6087962962963 0.26041666666667 0.28611111111111
10 0.59661458333333 0.58888888888889 0.1546875 0.20555555555556
10 0.12447916666667 0.5962962962963 0.18333333333333 0.26111111111111
10 0.22265625 0.22824074074074 0.18385416666667 0.28796296296296
10 0.95911458333333 0.83611111111111 0.083854166666667 0.23333333333333
10 0.78151041666667 0.77407407407407 0.12864583333333 0.18518518518519
10 0.47526041666667 0.21435185185185 0.11197916666667 0.17314814814815
10 0.8109375 0.9 0.115625 0.16666666666667
10 0.95 0.7537037037037 0.08125 0.11666666666667