10 0.46953125 0.97569444444444 0.046875 0.045833333333333
10 0.94140625 0.70486111111111 0.0515625 0.073611111111111
10 0.784765625 0.84166666666667 0.05859375 0.080555555555556
10 0.025 0.86736111111111 0.05 0.076388888888889
10 0.490234375 0.85694444444444 0.06953125 0.10555555555556
10 0.73359375 0.69652777777778 0.0578125 0.079166666666667
10 0.424609375 0.56597222222222 0.08984375 0.12638888888889
10 0.616796875 0.98194444444444 0.05234375 0.036111111111111
10 0.3390625 0.40138888888889 0.06875 0.094444444444444
10 0.514453125 0.52083333333333 0.05703125 0.072222222222222
10 0.77109375 0.49513888888889 0.053125 0.068055555555556
10 0.64453125 0.27083333333333 0.10625 0.14166666666667
10 0.8078125 0.47083333333333 0.140625 0.175
10 0.37109375 0.59097222222222 0.0546875 0.070833333333333
10 0.570703125 0.7875 0.07265625 0.091666666666667
10 0.9453125 0.28541666666667 0.078125 0.10972222222222
10 0.496875 0.59513888888889 0.0796875 0.095833333333333
10 0.886328125 0.43333333333333 0.06328125 0.094444444444444
10 0.6953125 0.36944444444444 0.059375 0.083333333333333
10 0.80859375 0.53333333333333 0.0515625 0.075
10 0.382421875 0.32152777777778 0.14140625 0.19583333333333
10 0.633984375 0.12291666666667 0.06484375 0.093055555555556
10 0.724609375 0.21388888888889 0.07734375 0.10277777777778
10 0.170703125 0.26041666666667 0.05703125 0.084722222222222
10 0.658984375 0.50694444444444 0.05546875 0.077777777777778
10 0.579296875 0.48611111111111 0.08359375 0.11666666666667
10 0.193359375 0.83680555555556 0.05859375 0.084722222222222
10 0.921875 0.53125 0.0609375 0.0875
10 0.234765625 0.14444444444444 0.06171875 0.091666666666667
10 0.5703125 0.14652777777778 0.0703125 0.093055555555556
10 0.571875 0.94305555555556 0.0546875 0.072222222222222
10 0.655859375 0.69791666666667 0.07578125 0.10416666666667
10 0.309375 0.31111111111111 0.065625 0.094444444444444
10 0.86015625 0.72638888888889 0.178125 0.21111111111111
10 0.730078125 0.39305555555556 0.11484375 0.15555555555556
10 0.7421875 0.96041666666667 0.046875 0.0625
10 0.434375 0.69305555555556 0.065625 0.094444444444444
10 0.98515625 0.33402777777778 0.0296875 0.081944444444444
10 0.85078125 0.095833333333333 0.0859375 0.10833333333333
10 0.8375 0.25902777777778 0.0796875 0.10416666666667
10 0.535546875 0.20347222222222 0.08671875 0.12638888888889
10 0.74296875 0.53541666666667 0.09375 0.12638888888889
10 0.85546875 0.50694444444444 0.0640625 0.088888888888889
10 0.354296875 0.79583333333333 0.09453125 0.10555555555556
10 0.562890625 0.23680555555556 0.07109375 0.093055555555556
10 0.08359375 0.61111111111111 0.0671875 0.088888888888889
10 0.6 0.59305555555556 0.05625 0.077777777777778