10 0.73307291666667 0.2912037037037 0.065104166666667 0.086111111111111
10 0.14479166666667 0.46481481481481 0.084375 0.092592592592593
10 0.13697916666667 0.30138888888889 0.096875 0.11203703703704
10 0.041145833333333 0.40138888888889 0.082291666666667 0.14722222222222
10 0.53619791666667 0.39861111111111 0.17552083333333 0.22685185185185
10 0.98046875 0.51157407407407 0.040104166666667 0.075
10 0.74479166666667 0.42361111111111 0.13854166666667 0.1787037037037
10 0.90755208333333 0.37731481481481 0.18489583333333 0.21574074074074
10 0.653125 0.32731481481481 0.092708333333333 0.11574074074074
10 0.61614583333333 0.47546296296296 0.079166666666667 0.10092592592593
10 0.09609375 0.3912037037037 0.1921875 0.21759259259259
10 0.97604166666667 0.1625 0.047916666666667 0.16018518518519
10 0.40338541666667 0.39074074074074 0.27239583333333 0.31481481481481
10 0.57552083333333 0.3087962962963 0.095833333333333 0.11018518518519
10 0.78828125 0.36157407407407 0.090104166666667 0.11574074074074
10 0.22291666666667 0.41157407407407 0.18020833333333 0.20648148148148