10 0.18046875 0.12222222222222 0.0546875 0.094444444444444
10 0.3515625 0.28472222222222 0.053125 0.083333333333333
10 0.9140625 0.52847222222222 0.0375 0.056944444444444
10 0.089453125 0.035416666666667 0.07578125 0.070833333333333
10 0.262890625 0.28611111111111 0.05390625 0.086111111111111
10 0.419140625 0.10694444444444 0.06015625 0.083333333333333
10 0.148828125 0.11388888888889 0.05703125 0.097222222222222
10 0.190625 0.46111111111111 0.2875 0.46666666666667
10 0.377734375 0.039583333333333 0.07421875 0.079166666666667
10 0.273828125 0.20902777777778 0.06953125 0.10694444444444
10 0.193359375 0.24027777777778 0.05859375 0.094444444444444
10 0.254296875 0.33888888888889 0.05703125 0.088888888888889
10 0.1671875 0.58958333333333 0.0328125 0.048611111111111
10 0.35 0.060416666666667 0.05625 0.0875
10 0.29375 0.67777777777778 0.0328125 0.047222222222222
10 0.195703125 0.056944444444444 0.08359375 0.11388888888889
10 0.47109375 0.83194444444444 0.040625 0.069444444444444
10 0.988671875 0.96111111111111 0.02109375 0.063888888888889
10 0.272265625 0.05 0.06796875 0.1
10 0.888671875 0.26180555555556 0.22265625 0.52361111111111
10 0.335546875 0.23819444444444 0.05234375 0.081944444444444