10 0.666796875 0.88194444444444 0.21484375 0.2
10 0.776171875 0.7875 0.15234375 0.21111111111111
10 0.755078125 0.73333333333333 0.12109375 0.13333333333333
10 0.3078125 0.084027777777778 0.1203125 0.14861111111111
10 0.94453125 0.45902777777778 0.1125 0.29305555555556
10 0.809765625 0.18055555555556 0.09609375 0.11666666666667
10 0.46484375 0.65625 0.09375 0.1125
10 0.732421875 0.10833333333333 0.19765625 0.21388888888889
10 0.269140625 0.65555555555556 0.08984375 0.10555555555556
10 0.58671875 0.73472222222222 0.13125 0.10833333333333
10 0.558984375 0.036805555555556 0.09765625 0.073611111111111
10 0.898046875 0.94583333333333 0.08828125 0.097222222222222
10 0.476171875 0.925 0.10546875 0.11944444444444
10 0.55234375 0.55486111111111 0.0859375 0.10138888888889
10 0.643359375 0.31319444444444 0.09765625 0.11805555555556
10 0.073828125 0.82013888888889 0.10390625 0.11527777777778
10 0.328125 0.28819444444444 0.1359375 0.17916666666667
10 0.966796875 0.6375 0.06640625 0.18333333333333
10 0.70234375 0.40694444444444 0.1390625 0.19166666666667
10 0.930859375 0.79652777777778 0.10703125 0.11527777777778
10 0.975390625 0.23680555555556 0.04921875 0.15972222222222
10 0.08515625 0.090972222222222 0.1703125 0.18194444444444
10 0.346484375 0.44166666666667 0.08828125 0.1
10 0.802734375 0.84236111111111 0.16015625 0.16527777777778
10 0.525390625 0.29097222222222 0.25859375 0.32083333333333
10 0.166015625 0.87013888888889 0.19609375 0.22361111111111
10 0.345703125 0.91041666666667 0.17734375 0.15972222222222
10 0.221484375 0.13055555555556 0.09453125 0.13055555555556
10 0.39609375 0.61875 0.1 0.11527777777778
10 0.919140625 0.1 0.15703125 0.19722222222222