10 0.1859375 0.021527777777778 0.1078125 0.043055555555556
10 0.296484375 0.225 0.13984375 0.125
10 0.639453125 0.41180555555556 0.09296875 0.12083333333333
10 0.510546875 0.35694444444444 0.08671875 0.11666666666667
10 0.163671875 0.47013888888889 0.11015625 0.1375
10 0.631640625 0.16319444444444 0.10078125 0.14027777777778
10 0.19921875 0.23888888888889 0.1453125 0.18333333333333
10 0.55390625 0.022222222222222 0.0734375 0.044444444444444
10 0.353515625 0.11180555555556 0.29453125 0.22361111111111
10 0.6953125 0.14236111111111 0.175 0.20416666666667
10 0.54296875 0.090972222222222 0.0953125 0.13472222222222
10 0.46953125 0.17708333333333 0.1203125 0.15694444444444
10 0.15234375 0.12986111111111 0.2 0.22083333333333
10 0.28203125 0.44722222222222 0.10625 0.13333333333333
10 0.723828125 0.32361111111111 0.08203125 0.11388888888889