33 0.612890625 0.61597222222222 0.37578125 0.5375
10 0.430859375 0.4125 0.16484375 0.20555555555556
10 0.253125 0.15347222222222 0.2390625 0.29861111111111
10 0.391796875 0.67083333333333 0.08515625 0.11944444444444
10 0.20078125 0.72222222222222 0.05625 0.072222222222222
29 0.330859375 0.90972222222222 0.03515625 0.047222222222222
10 0.43046875 0.41180555555556 0.1671875 0.19583333333333
33 0.611328125 0.60902777777778 0.38203125 0.52083333333333
10 0.391015625 0.67083333333333 0.08828125 0.11388888888889
10 0.201953125 0.72152777777778 0.05703125 0.068055555555556
10 0.253515625 0.15486111111111 0.23359375 0.30138888888889
10 0.33125 0.91041666666667 0.0359375 0.048611111111111