10 0.86822916666667 0.43564814814815 0.12083333333333 0.175
10 0.52213541666667 0.58240740740741 0.1921875 0.23703703703704
10 0.22395833333333 0.39074074074074 0.115625 0.15
10 0.79869791666667 0.12083333333333 0.0921875 0.16203703703704
10 0.71536458333333 0.37083333333333 0.1140625 0.12685185185185
10 0.39947916666667 0.52222222222222 0.109375 0.11481481481481
10 0.6984375 0.22685185185185 0.10208333333333 0.12962962962963
10 0.41536458333333 0.26944444444444 0.15260416666667 0.081481481481481
10 0.10963541666667 0.046759259259259 0.11510416666667 0.093518518518519
10 0.41119791666667 0.050462962962963 0.077604166666667 0.09537037037037
10 0.6296875 0.43611111111111 0.094791666666667 0.10740740740741
10 0.26744791666667 0.059722222222222 0.0859375 0.11388888888889
10 0.29375 0.49814814814815 0.090625 0.10555555555556
10 0.46510416666667 0.091203703703704 0.070833333333333 0.10092592592593
10 0.27291666666667 0.31527777777778 0.076041666666667 0.093518518518519
10 0.559375 0.12268518518519 0.076041666666667 0.093518518518519
10 0.68723958333333 0.043518518518519 0.078645833333333 0.087037037037037
10 0.11484375 0.31342592592593 0.071354166666667 0.089814814814815
10 0.3515625 0.25555555555556 0.071875 0.087037037037037
10 0.625 0.5125 0.072916666666667 0.084259259259259
10 0.390625 0.13703703703704 0.061458333333333 0.088888888888889
10 0.59270833333333 0.055092592592593 0.061458333333333 0.091666666666667
10 0.13802083333333 0.41481481481481 0.067708333333333 0.07962962962963
10 0.02578125 0.28055555555556 0.0515625 0.1037037037037
10 0.59505208333333 0.28472222222222 0.066145833333333 0.078703703703704
10 0.50520833333333 0.4162037037037 0.067708333333333 0.076851851851852
10 0.021875 0.067592592592593 0.04375 0.11666666666667
10 0.46171875 0.28287037037037 0.0671875 0.075
10 0.55078125 0.43333333333333 0.065104166666667 0.077777777777778
10 0.92578125 0.32592592592593 0.055729166666667 0.081481481481481
10 0.22708333333333 0.088425925925926 0.061458333333333 0.073148148148148
10 0.94739583333333 0.4537037037037 0.05625 0.07962962962963
10 0.4453125 0.52175925925926 0.061458333333333 0.069444444444444
10 0.80494791666667 0.22916666666667 0.056770833333333 0.076851851851852
10 0.91822916666667 0.18657407407407 0.054166666666667 0.076851851851852
10 0.65338541666667 0.33472222222222 0.0546875 0.076851851851852
10 0.87395833333333 0.60601851851852 0.054166666666667 0.076851851851852
10 0.125 0.2337962962963 0.058333333333333 0.071296296296296
10 0.044791666666667 0.16481481481481 0.051041666666667 0.07962962962963
10 0.51276041666667 0.32731481481481 0.0546875 0.067592592592593
10 0.80026041666667 0.53425925925926 0.053645833333333 0.07037037037037
10 0.421875 0.18888888888889 0.052083333333333 0.066666666666667
10 0.95078125 0.39027777777778 0.047395833333333 0.069444444444444
10 0.31692708333333 0.21064814814815 0.0453125 0.058333333333333
10 0.98541666666667 0.2875 0.029166666666667 0.086111111111111
10 0.03046875 0.67638888888889 0.043229166666667 0.050925925925926