10 0.98411458333333 0.16990740740741 0.0328125 0.12685185185185
10 0.39765625 0.39074074074074 0.2328125 0.29444444444444
10 0.09921875 0.36527777777778 0.1578125 0.225
10 0.12786458333333 0.30555555555556 0.0921875 0.12407407407407
10 0.04765625 0.40277777777778 0.0953125 0.15185185185185
10 0.88723958333333 0.37916666666667 0.0984375 0.15277777777778
10 0.92135416666667 0.38287037037037 0.15625 0.21944444444444
10 0.78489583333333 0.41342592592593 0.13854166666667 0.21018518518519
10 0.60442708333333 0.48564814814815 0.072395833333333 0.10462962962963
10 0.9109375 0.3162037037037 0.080208333333333 0.1212962962963
10 0.62291666666667 0.33796296296296 0.0875 0.12222222222222
10 0.71822916666667 0.29675925925926 0.063541666666667 0.091666666666667
10 0.21484375 0.42453703703704 0.17864583333333 0.24907407407407