11 0.06015625 0.39768518518519 0.0453125 0.067592592592593
11 0.72916666666667 0.29398148148148 0.359375 0.58796296296296
11 0.13307291666667 0.18935185185185 0.26614583333333 0.3787037037037
11 0.65260416666667 0.77685185185185 0.072916666666667 0.38148148148148
11 0.95625 0.25648148148148 0.080208333333333 0.3
11 0.94322916666667 0.76990740740741 0.040625 0.069444444444444
11 0.534375 0.19305555555556 0.0625 0.10833333333333
11 0.50520833333333 0.72037037037037 0.048958333333333 0.10925925925926
11 0.85 0.69166666666667 0.032291666666667 0.055555555555556
11 0.146875 0.66018518518519 0.246875 0.37037037037037
11 0.4109375 0.31203703703704 0.25416666666667 0.61851851851852
11 0.058854166666667 0.80046296296296 0.035416666666667 0.056481481481481