10 0.47760416666667 0.57916666666667 0.044791666666667 0.062037037037037
10 0.57239583333333 0.9462962962963 0.039583333333333 0.05
10 0.71875 0.78472222222222 0.069791666666667 0.099074074074074
10 0.72578125 0.73518518518519 0.044270833333333 0.059259259259259
10 0.98645833333333 0.064814814814815 0.028125 0.098148148148148
10 0.76276041666667 0.28564814814815 0.047395833333333 0.069444444444444
10 0.47213541666667 0.76898148148148 0.0453125 0.062037037037037
10 0.72291666666667 0.25277777777778 0.063541666666667 0.085185185185185
10 0.3421875 0.82592592592593 0.039583333333333 0.053703703703704
10 0.48645833333333 0.64861111111111 0.10833333333333 0.15462962962963
10 0.49635416666667 0.057407407407407 0.038541666666667 0.062962962962963
10 0.4234375 0.70601851851852 0.040625 0.062037037037037
10 0.38333333333333 0.88101851851852 0.054166666666667 0.071296296296296
10 0.47291666666667 0.725 0.045833333333333 0.064814814814815
10 0.68697916666667 0.22916666666667 0.041666666666667 0.056481481481481
10 0.54244791666667 0.49259259259259 0.050520833333333 0.07962962962963
10 0.490625 0.36296296296296 0.057291666666667 0.07962962962963
10 0.56927083333333 0.65972222222222 0.0625 0.078703703703704
10 0.54973958333333 0.26157407407407 0.0390625 0.056481481481481
10 0.51276041666667 0.48240740740741 0.0796875 0.07962962962963
10 0.44348958333333 0.66944444444444 0.036979166666667 0.055555555555556
10 0.53828125 0.76388888888889 0.041145833333333 0.055555555555556
10 0.86666666666667 0.6125 0.1125 0.21018518518519
10 0.45807291666667 0.49675925925926 0.038020833333333 0.056481481481481
10 0.80911458333333 0.16203703703704 0.043229166666667 0.07037037037037
10 0.50026041666667 0.46666666666667 0.046354166666667 0.062962962962963
10 0.51770833333333 0.32175925925926 0.040625 0.056481481481481
10 0.64895833333333 0.46851851851852 0.059375 0.085185185185185
10 0.52135416666667 0.90324074074074 0.046875 0.060185185185185
10 0.6203125 0.1837962962963 0.1 0.15462962962963