10 0.7296875 0.50347222222222 0.0265625 0.034722222222222
10 0.655859375 0.23888888888889 0.02890625 0.041666666666667
10 0.79609375 0.21875 0.3078125 0.4375
10 0.865625 0.49375 0.0390625 0.056944444444444
10 0.65078125 0.29027777777778 0.0453125 0.061111111111111
10 0.79375 0.50069444444444 0.0265625 0.0375
10 0.307421875 0.14583333333333 0.06015625 0.086111111111111
10 0.68984375 0.49652777777778 0.040625 0.051388888888889
10 0.82109375 0.52083333333333 0.034375 0.05
10 0.8390625 0.47430555555556 0.0296875 0.043055555555556
10 0.833984375 0.55763888888889 0.03828125 0.051388888888889
10 0.73671875 0.56805555555556 0.028125 0.038888888888889
10 0.634765625 0.32916666666667 0.02890625 0.047222222222222
10 0.631640625 0.43263888888889 0.03359375 0.048611111111111
10 0.7890625 0.54236111111111 0.0375 0.048611111111111
10 0.899609375 0.40902777777778 0.03046875 0.040277777777778
10 0.72734375 0.54513888888889 0.0296875 0.043055555555556
10 0.706640625 0.71805555555556 0.02734375 0.038888888888889
10 0.6609375 0.46111111111111 0.03125 0.044444444444444
10 0.392578125 0.34791666666667 0.28046875 0.54861111111111