10 0.42057291666667 0.97777777777778 0.0421875 0.044444444444444
10 0.534375 0.91111111111111 0.04375 0.064814814814815
10 0.082552083333333 0.69722222222222 0.034895833333333 0.048148148148148
10 0.21354166666667 0.77916666666667 0.0375 0.049074074074074
10 0.53671875 0.55092592592593 0.0421875 0.062962962962963
10 0.25833333333333 0.76574074074074 0.034375 0.044444444444444
10 0.55911458333333 0.89675925925926 0.0484375 0.073148148148148
10 0.85807291666667 0.058796296296296 0.053645833333333 0.082407407407407
10 0.56015625 0.25324074074074 0.041145833333333 0.05462962962963
10 0.57317708333333 0.6837962962963 0.043229166666667 0.058333333333333
10 0.48671875 0.4125 0.044270833333333 0.071296296296296
10 0.46614583333333 0.5912037037037 0.098958333333333 0.15833333333333
10 0.49166666666667 0.71111111111111 0.042708333333333 0.061111111111111
10 0.61302083333333 0.64583333333333 0.041666666666667 0.056481481481481
10 0.62942708333333 0.87916666666667 0.071354166666667 0.10648148148148
10 0.50911458333333 0.8212962962963 0.036979166666667 0.053703703703704
10 0.53333333333333 0.31435185185185 0.044791666666667 0.062037037037037
10 0.53515625 0.11574074074074 0.0453125 0.072222222222222
10 0.48489583333333 0.24074074074074 0.059375 0.07962962962963
10 0.0984375 0.8 0.039583333333333 0.055555555555556
10 0.496875 0.425 0.041666666666667 0.064814814814815
10 0.01875 0.70972222222222 0.033333333333333 0.050925925925926
10 0.5 0.30138888888889 0.035416666666667 0.050925925925926
10 0.72005208333333 0.13240740740741 0.046354166666667 0.064814814814815
10 0.54427083333333 0.44398148148148 0.038541666666667 0.056481481481481
10 0.031770833333333 0.68703703703704 0.038541666666667 0.055555555555556
10 0.38541666666667 0.80231481481481 0.054166666666667 0.073148148148148
10 0.60807291666667 0.92962962962963 0.040104166666667 0.055555555555556
10 0.584375 0.6 0.05 0.072222222222222
10 0.678125 0.027777777777778 0.071875 0.055555555555556
10 0.5703125 0.91111111111111 0.040625 0.059259259259259
10 0.71171875 0.68009259259259 0.043229166666667 0.058333333333333
10 0.49973958333333 0.66342592592593 0.055729166666667 0.075
10 0.52135416666667 0.71481481481481 0.045833333333333 0.062962962962963
10 0.46015625 0.65462962962963 0.034895833333333 0.048148148148148
10 0.13046875 0.85277777777778 0.038020833333333 0.051851851851852
10 0.49895833333333 0.2537037037037 0.039583333333333 0.051851851851852
10 0.50260416666667 0.87268518518519 0.035416666666667 0.049074074074074
10 0.87994791666667 0.51111111111111 0.1015625 0.14444444444444
10 0.54739583333333 0.67546296296296 0.033333333333333 0.050925925925926
10 0.54661458333333 0.24907407407407 0.0609375 0.072222222222222
10 0.80807291666667 0.24675925925926 0.0453125 0.069444444444444
10 0.44947916666667 0.36203703703704 0.039583333333333 0.057407407407407
10 0.43098958333333 0.40833333333333 0.047395833333333 0.066666666666667
10 0.34739583333333 0.93981481481481 0.041666666666667 0.059259259259259
10 0.22421875 0.7412037037037 0.036979166666667 0.049074074074074
10 0.7546875 0.24907407407407 0.061458333333333 0.094444444444444
10 0.5953125 0.45185185185185 0.065625 0.087037037037037
10 0.42213541666667 0.62314814814815 0.058854166666667 0.087037037037037
10 0.359375 0.85694444444444 0.032291666666667 0.047222222222222