10 0.584375 0.39444444444444 0.0546875 0.077777777777778
10 0.462890625 0.67569444444444 0.03203125 0.045833333333333
10 0.2875 0.52291666666667 0.0375 0.056944444444444
10 0.391796875 0.43958333333333 0.03828125 0.076388888888889
10 0.1453125 0.96180555555556 0.03125 0.048611111111111
10 0.128125 0.83402777777778 0.025 0.040277777777778
10 0.811328125 0.77986111111111 0.03671875 0.059722222222222
10 0.62734375 0.23819444444444 0.0453125 0.076388888888889
10 0.23828125 0.37569444444444 0.0296875 0.048611111111111
10 0.419921875 0.64305555555556 0.03046875 0.047222222222222
10 0.595703125 0.49305555555556 0.03671875 0.063888888888889
10 0.913671875 0.66388888888889 0.07109375 0.097222222222222
10 0.646875 0.20625 0.0875 0.1375
10 0.346484375 0.88541666666667 0.03203125 0.054166666666667
10 0.169921875 0.46180555555556 0.03359375 0.056944444444444
10 0.15546875 0.38194444444444 0.0296875 0.047222222222222
10 0.551171875 0.90138888888889 0.03203125 0.05
10 0.97421875 0.66666666666667 0.046875 0.077777777777778
10 0.483203125 0.85347222222222 0.03046875 0.045833333333333
10 0.389453125 0.88472222222222 0.03046875 0.047222222222222
10 0.38828125 0.66458333333333 0.0328125 0.048611111111111
10 0.06640625 0.63194444444444 0.0296875 0.05
10 0.812890625 0.82083333333333 0.03359375 0.052777777777778
10 0.6890625 0.81180555555556 0.0359375 0.054166666666667
10 0.654296875 0.33541666666667 0.04453125 0.065277777777778
10 0.82421875 0.67013888888889 0.0421875 0.068055555555556
10 0.893359375 0.975 0.04765625 0.05
10 0.615625 0.90486111111111 0.08125 0.11527777777778
10 0.667578125 0.85555555555556 0.03203125 0.05
10 0.50546875 0.56527777777778 0.028125 0.041666666666667
10 0.51171875 0.32222222222222 0.0328125 0.05
10 0.802734375 0.73541666666667 0.03359375 0.051388888888889
10 0.5515625 0.68819444444444 0.0484375 0.081944444444444
10 0.869140625 0.85763888888889 0.05703125 0.090277777777778
10 0.653515625 0.81180555555556 0.05234375 0.095833333333333
10 0.909375 0.78819444444444 0.0359375 0.054166666666667
10 0.75859375 0.077777777777778 0.0703125 0.10833333333333
10 0.806640625 0.47569444444444 0.02890625 0.045833333333333
10 0.3078125 0.87708333333333 0.034375 0.056944444444444
10 0.5609375 0.42986111111111 0.0328125 0.048611111111111
10 0.740625 0.61666666666667 0.034375 0.052777777777778
10 0.596484375 0.81458333333333 0.04296875 0.068055555555556
10 0.584765625 0.64652777777778 0.04296875 0.068055555555556
10 0.30625 0.71458333333333 0.04375 0.0875
10 0.462109375 0.24166666666667 0.05390625 0.077777777777778
10 0.75703125 0.69930555555556 0.0296875 0.045833333333333
10 0.40078125 0.93194444444444 0.040625 0.058333333333333
10 0.6046875 0.72777777777778 0.0328125 0.058333333333333
10 0.23359375 0.32013888888889 0.0609375 0.10138888888889
10 0.76796875 0.55138888888889 0.0390625 0.066666666666667
10 0.491796875 0.5 0.04765625 0.088888888888889
10 0.53359375 0.69791666666667 0.065625 0.10694444444444
10 0.70234375 0.21180555555556 0.0375 0.056944444444444
10 0.304296875 0.31736111111111 0.03984375 0.065277777777778
10 0.29921875 0.97638888888889 0.034375 0.044444444444444
10 0.522265625 0.22569444444444 0.05703125 0.093055555555556
10 0.41171875 0.61180555555556 0.034375 0.051388888888889
10 0.910546875 0.19513888888889 0.04765625 0.076388888888889
10 0.716796875 0.28333333333333 0.03671875 0.058333333333333
10 0.354296875 0.17013888888889 0.04296875 0.065277777777778
10 0.464453125 0.40416666666667 0.03984375 0.066666666666667
10 0.36640625 0.78125 0.0421875 0.068055555555556
10 0.652734375 0.50277777777778 0.03671875 0.055555555555556
10 0.553515625 0.57916666666667 0.04921875 0.077777777777778
10 0.98515625 0.44375 0.0296875 0.0875
10 0.25859375 0.77083333333333 0.0453125 0.075
10 0.71328125 0.1375 0.0359375 0.058333333333333
10 0.79921875 0.50972222222222 0.0328125 0.052777777777778
10 0.601171875 0.43194444444444 0.03203125 0.052777777777778
10 0.68359375 0.33333333333333 0.0453125 0.072222222222222
10 0.21640625 0.25833333333333 0.0375 0.061111111111111
10 0.53984375 0.64027777777778 0.0390625 0.058333333333333
10 0.652734375 0.67569444444444 0.03359375 0.054166666666667
10 0.669140625 0.62638888888889 0.03359375 0.055555555555556
10 0.0109375 0.65555555555556 0.021875 0.05
10 0.575 0.80416666666667 0.0625 0.1
10 0.48125 0.64444444444444 0.0375 0.058333333333333
10 0.855859375 0.80069444444444 0.03203125 0.051388888888889
10 0.105859375 0.77847222222222 0.03359375 0.056944444444444
10 0.172265625 0.41111111111111 0.02890625 0.047222222222222
10 0.458984375 0.74305555555556 0.03359375 0.05
10 0.292578125 0.91666666666667 0.03203125 0.055555555555556
10 0.545703125 0.93194444444444 0.04140625 0.069444444444444
10 0.425390625 0.46736111111111 0.04765625 0.076388888888889
10 0.81015625 0.31111111111111 0.0421875 0.072222222222222
10 0.18125 0.60625 0.0265625 0.040277777777778
10 0.53984375 0.79513888888889 0.0875 0.12638888888889
10 0.484765625 0.48125 0.03359375 0.054166666666667
10 0.423828125 0.045833333333333 0.03515625 0.061111111111111
10 0.340625 0.97847222222222 0.0375 0.043055555555556
10 0.31953125 0.24097222222222 0.040625 0.0875
10 0.380859375 0.56597222222222 0.02890625 0.045833333333333
10 0.1421875 0.80138888888889 0.0296875 0.047222222222222
10 0.235546875 0.42083333333333 0.03515625 0.052777777777778
10 0.113671875 0.91111111111111 0.03203125 0.05
10 0.928515625 0.85208333333333 0.03671875 0.059722222222222
10 0.0734375 0.74583333333333 0.0328125 0.055555555555556