11 0.7640625 0.33194444444444 0.4625 0.65277777777778
11 0.487109375 0.42569444444444 0.37890625 0.52361111111111
11 0.83359375 0.13541666666667 0.3328125 0.27083333333333
11 0.644921875 0.425 0.03203125 0.055555555555556
11 0.737890625 0.44236111111111 0.02578125 0.048611111111111
11 0.7171875 0.39027777777778 0.03125 0.038888888888889
11 0.800390625 0.54236111111111 0.02890625 0.0375
11 0.6984375 0.013194444444444 0.0375 0.026388888888889
11 0.86953125 0.81944444444444 0.0265625 0.036111111111111
11 0.85625 0.69375 0.0265625 0.034722222222222
11 0.65234375 0.3125 0.0265625 0.036111111111111
11 0.8875 0.69305555555556 0.0265625 0.033333333333333
11 0.368359375 0.36527777777778 0.02421875 0.036111111111111
11 0.82421875 0.52152777777778 0.025 0.034722222222222
11 0.73125 0.43125 0.025 0.034722222222222
11 0.64296875 0.3 0.0234375 0.036111111111111
11 0.699609375 0.35902777777778 0.02578125 0.031944444444444
11 0.644921875 0.54236111111111 0.02421875 0.034722222222222
11 0.673828125 0.39305555555556 0.02421875 0.033333333333333
11 0.667578125 0.32083333333333 0.02421875 0.033333333333333
11 0.690625 0.42013888888889 0.0203125 0.034722222222222
11 0.74296875 0.45416666666667 0.0234375 0.033333333333333
11 0.879296875 0.59722222222222 0.02578125 0.033333333333333
11 0.842578125 0.65833333333333 0.02578125 0.033333333333333
11 0.73359375 0.53958333333333 0.0203125 0.029166666666667
11 0.666015625 0.34444444444444 0.01953125 0.027777777777778
11 0.755859375 0.48541666666667 0.01953125 0.026388888888889
11 0.754296875 0.52708333333333 0.01953125 0.026388888888889
11 0.859765625 0.66319444444444 0.01953125 0.026388888888889
11 0.903515625 0.10486111111111 0.01953125 0.026388888888889
11 0.66640625 0.43819444444444 0.01875 0.026388888888889
11 0.652734375 0.39375 0.01796875 0.026388888888889