10 0.11744791666667 0.36851851851852 0.041145833333333 0.066666666666667
10 0.41380208333333 0.8662037037037 0.0328125 0.056481481481481
10 0.37473958333333 0.3375 0.0265625 0.041666666666667
10 0.81302083333333 0.32407407407407 0.027083333333333 0.038888888888889
10 0.091666666666667 0.78657407407407 0.025 0.039814814814815
10 0.59869791666667 0.70185185185185 0.024479166666667 0.033333333333333
10 0.61614583333333 0.67916666666667 0.022916666666667 0.032407407407407
10 0.83359375 0.92222222222222 0.022395833333333 0.033333333333333
10 0.81223958333333 0.89675925925926 0.022395833333333 0.032407407407407
10 0.35390625 0.75231481481481 0.025520833333333 0.037962962962963
10 0.65 0.67916666666667 0.025 0.036111111111111
10 0.86484375 0.28842592592593 0.021354166666667 0.032407407407407
10 0.71822916666667 0.98240740740741 0.022916666666667 0.031481481481481
10 0.33645833333333 0.79907407407407 0.021875 0.031481481481481
10 0.22265625 0.7337962962963 0.0234375 0.030555555555556
10 0.90338541666667 0.90185185185185 0.021354166666667 0.02962962962963
10 0.87760416666667 0.72916666666667 0.019791666666667 0.028703703703704
10 0.45234375 0.77592592592593 0.0203125 0.027777777777778
10 0.74713541666667 0.69768518518519 0.019270833333333 0.028703703703704
10 0.71197916666667 0.67731481481481 0.01875 0.026851851851852
10 0.95677083333333 0.74722222222222 0.01875 0.027777777777778
10 0.86302083333333 0.84074074074074 0.019791666666667 0.027777777777778
10 0.840625 0.71527777777778 0.01875 0.026851851851852
10 0.57083333333333 0.84537037037037 0.01875 0.025925925925926
10 0.4921875 0.24259259259259 0.017708333333333 0.027777777777778
10 0.47005208333333 0.38657407407407 0.019270833333333 0.025
10 0.67239583333333 0.6125 0.017708333333333 0.026851851851852
10 0.4859375 0.76898148148148 0.01875 0.025
10 0.51875 0.62962962962963 0.017708333333333 0.025925925925926
10 0.69947916666667 0.76851851851852 0.017708333333333 0.025925925925926
10 0.90546875 0.77638888888889 0.018229166666667 0.025
10 0.98802083333333 0.70972222222222 0.016666666666667 0.026851851851852
10 0.83229166666667 0.63564814814815 0.017708333333333 0.025
10 0.84296875 0.4287037037037 0.016145833333333 0.024074074074074
10 0.4796875 0.73333333333333 0.017708333333333 0.022222222222222
10 0.81328125 0.17175925925926 0.015104166666667 0.023148148148148
10 0.7796875 0.4462962962963 0.015625 0.022222222222222
10 0.68385416666667 0.72777777777778 0.015625 0.022222222222222
10 0.56979166666667 0.56203703703704 0.016666666666667 0.02037037037037
10 0.503125 0.79259259259259 0.015625 0.02037037037037
10 0.43828125 0.98657407407407 0.016145833333333 0.019444444444444
10 0.30338541666667 0.96018518518519 0.0140625 0.02037037037037
10 0.34609375 0.82777777777778 0.015104166666667 0.02037037037037
10 0.68098958333333 0.83935185185185 0.0140625 0.021296296296296
10 0.44322916666667 0.79305555555556 0.014583333333333 0.019444444444444
10 0.6125 0.79537037037037 0.013541666666667 0.02037037037037
10 0.79114583333333 0.35277777777778 0.013541666666667 0.02037037037037
10 0.30078125 0.82175925925926 0.0140625 0.019444444444444
10 0.5234375 0.80740740740741 0.014583333333333 0.018518518518519
10 0.56458333333333 0.55925925925926 0.014583333333333 0.018518518518519
10 0.3953125 0.69490740740741 0.013541666666667 0.019444444444444
10 0.53958333333333 0.5837962962963 0.013541666666667 0.019444444444444
10 0.51171875 0.76759259259259 0.0140625 0.018518518518519
10 0.37213541666667 0.72685185185185 0.0140625 0.018518518518519
10 0.378125 0.75925925925926 0.013541666666667 0.018518518518519
10 0.46875 0.8037037037037 0.013541666666667 0.018518518518519
10 0.64401041666667 0.76851851851852 0.013020833333333 0.018518518518519
10 0.53880208333333 0.62962962962963 0.013020833333333 0.018518518518519
10 0.30989583333333 0.87407407407407 0.0125 0.018518518518519
10 0.56197916666667 0.50925925925926 0.0125 0.018518518518519
10 0.46484375 0.75092592592593 0.013020833333333 0.016666666666667
10 0.51432291666667 0.52546296296296 0.013020833333333 0.017592592592593
10 0.41380208333333 0.6412037037037 0.013020833333333 0.017592592592593
10 0.54921875 0.75138888888889 0.011979166666667 0.017592592592593
10 0.45130208333333 0.59675925925926 0.011979166666667 0.017592592592593
10 0.30546875 0.90509259259259 0.011979166666667 0.017592592592593
10 0.25885416666667 0.86759259259259 0.0125 0.016666666666667
10 0.42213541666667 0.68518518518519 0.011979166666667 0.016666666666667
10 0.64635416666667 0.56759259259259 0.011458333333333 0.016666666666667
10 0.5109375 0.55925925925926 0.011458333333333 0.016666666666667
10 0.50182291666667 0.71342592592593 0.011979166666667 0.015740740740741
10 0.63723958333333 0.59722222222222 0.0109375 0.016666666666667
10 0.58046875 0.60833333333333 0.0109375 0.016666666666667
10 0.50885416666667 0.67638888888889 0.011458333333333 0.015740740740741
10 0.47291666666667 0.5587962962963 0.011458333333333 0.015740740740741
10 0.48984375 0.59490740740741 0.0109375 0.015740740740741
10 0.59270833333333 0.52916666666667 0.011458333333333 0.015740740740741
10 0.54192708333333 0.78564814814815 0.0109375 0.015740740740741
10 0.61119791666667 0.48518518518519 0.0098958333333333 0.014814814814815
10 0.45234375 0.63703703703704 0.0109375 0.014814814814815
10 0.27734375 0.87037037037037 0.0109375 0.014814814814815
10 0.28515625 0.99398148148148 0.011979166666667 0.012037037037037