11 0.686328125 0.74513888888889 0.02890625 0.0375
11 0.594140625 0.80208333333333 0.03203125 0.040277777777778
11 0.744140625 0.69861111111111 0.03046875 0.041666666666667
11 0.717578125 0.72083333333333 0.03046875 0.041666666666667
11 0.673046875 0.8375 0.03046875 0.041666666666667
11 0.700390625 0.77569444444444 0.04453125 0.059722222222222
11 0.77890625 0.83055555555556 0.0296875 0.041666666666667
11 0.735546875 0.77847222222222 0.03046875 0.043055555555556
11 0.5875 0.63263888888889 0.0328125 0.043055555555556
11 0.63671875 0.61180555555556 0.0359375 0.048611111111111
11 0.689453125 0.65555555555556 0.03203125 0.038888888888889
11 0.6171875 0.66527777777778 0.0375 0.05
11 0.737890625 0.42430555555556 0.03828125 0.054166666666667
11 0.69296875 0.71388888888889 0.03125 0.044444444444444
11 0.661328125 0.78819444444444 0.03984375 0.051388888888889
11 0.603125 0.52986111111111 0.040625 0.051388888888889
11 0.5796875 0.85208333333333 0.0296875 0.040277777777778
11 0.729296875 0.53472222222222 0.03828125 0.052777777777778
11 0.532421875 0.91319444444444 0.03671875 0.048611111111111
11 0.637109375 0.70972222222222 0.03515625 0.047222222222222
11 0.667578125 0.68888888888889 0.03203125 0.047222222222222
11 0.546484375 0.76319444444444 0.03828125 0.043055555555556
11 0.66875 0.61041666666667 0.0296875 0.040277777777778
11 0.728125 0.93680555555556 0.0421875 0.0625
11 0.67421875 0.92013888888889 0.0328125 0.045833333333333
11 0.728515625 0.86875 0.04140625 0.054166666666667
11 0.581640625 0.46944444444444 0.03828125 0.05
11 0.612890625 0.59375 0.03203125 0.040277777777778