10 0.900390625 0.7625 0.02734375 0.033333333333333
10 0.86796875 0.62847222222222 0.0234375 0.031944444444444
10 0.779296875 0.30138888888889 0.40703125 0.58611111111111
10 0.9375 0.13333333333333 0.125 0.17222222222222
10 0.896484375 0.58402777777778 0.01953125 0.026388888888889
10 0.75390625 0.43680555555556 0.021875 0.029166666666667
10 0.6734375 0.47638888888889 0.0359375 0.041666666666667
10 0.5359375 0.53263888888889 0.334375 0.70416666666667
10 0.851953125 0.65 0.02109375 0.027777777777778
10 0.917578125 0.6625 0.02109375 0.027777777777778
10 0.828515625 0.60486111111111 0.02421875 0.034722222222222