10 0.4140625 0.075925925925926 0.13020833333333 0.15185185185185
10 0.63802083333333 0.76805555555556 0.11458333333333 0.14537037037037
10 0.69479166666667 0.12083333333333 0.11458333333333 0.125
10 0.040885416666667 0.24398148148148 0.078645833333333 0.16574074074074
10 0.70677083333333 0.35046296296296 0.103125 0.10833333333333
10 0.13255208333333 0.084722222222222 0.0921875 0.11944444444444
10 0.85494791666667 0.20740740740741 0.0765625 0.12962962962963
10 0.7671875 0.41944444444444 0.086458333333333 0.1037037037037
10 0.88125 0.10787037037037 0.072916666666667 0.11203703703704
10 0.95364583333333 0.23472222222222 0.082291666666667 0.082407407407407
10 0.034635416666667 0.19722222222222 0.063020833333333 0.10740740740741
10 0.46067708333333 0.29074074074074 0.069270833333333 0.096296296296296
10 0.04375 0.26759259259259 0.059375 0.096296296296296
10 0.39479166666667 0.46018518518519 0.061458333333333 0.1037037037037
10 0.27682291666667 0.095833333333333 0.056770833333333 0.080555555555556
10 0.7765625 0.039351851851852 0.058333333333333 0.073148148148148
10 0.37942708333333 0.61851851851852 0.065104166666667 0.064814814814815
10 0.19557291666667 0.036111111111111 0.0578125 0.07037037037037
10 0.76197916666667 0.27222222222222 0.053125 0.075925925925926
10 0.459375 0.46203703703704 0.057291666666667 0.066666666666667
10 0.97265625 0.22314814814815 0.050520833333333 0.077777777777778
10 0.59739583333333 0.42777777777778 0.053125 0.07037037037037
10 0.27864583333333 0.27777777777778 0.051041666666667 0.072222222222222
10 0.93177083333333 0.24722222222222 0.053125 0.066666666666667
10 0.10364583333333 0.035185185185185 0.052083333333333 0.07037037037037
10 0.16197916666667 0.094907407407407 0.052083333333333 0.065740740740741
10 0.29895833333333 0.19212962962963 0.045833333333333 0.075
10 0.0265625 0.049537037037037 0.05 0.069444444444444
10 0.68046875 0.34814814814815 0.053645833333333 0.062962962962963
10 0.59322916666667 0.3212962962963 0.054166666666667 0.062962962962963
10 0.359375 0.11481481481481 0.05 0.066666666666667
10 0.88723958333333 0.57824074074074 0.0484375 0.065740740740741
10 0.60729166666667 0.1087962962963 0.046875 0.069444444444444
10 0.31041666666667 0.4412037037037 0.051041666666667 0.062037037037037
10 0.2359375 0.36898148148148 0.046875 0.062037037037037
10 0.63463541666667 0.21759259259259 0.0453125 0.061111111111111
10 0.52135416666667 0.12175925925926 0.047916666666667 0.062037037037037
10 0.49713541666667 0.027314814814815 0.050520833333333 0.05462962962963
10 0.34036458333333 0.39398148148148 0.043229166666667 0.062037037037037
10 0.97109375 0.76805555555556 0.043229166666667 0.062037037037037
10 0.98046875 0.13611111111111 0.0390625 0.068518518518519
10 0.35026041666667 0.22361111111111 0.046354166666667 0.056481481481481
10 0.22526041666667 0.23101851851852 0.0453125 0.058333333333333
10 0.18671875 0.40092592592593 0.043229166666667 0.057407407407407
10 0.5859375 0.57777777777778 0.052083333333333 0.048148148148148
10 0.81119791666667 0.56851851851852 0.0453125 0.053703703703704
10 0.59401041666667 0.6375 0.047395833333333 0.049074074074074
10 0.0796875 0.3537037037037 0.040625 0.055555555555556
10 0.12213541666667 0.41018518518519 0.044270833333333 0.051851851851852
10 0.43723958333333 0.36990740740741 0.041145833333333 0.050925925925926
10 0.071875 0.43888888888889 0.040625 0.05
10 0.6953125 0.85138888888889 0.039583333333333 0.047222222222222
10 0.039322916666667 0.57268518518519 0.0390625 0.047222222222222
10 0.17552083333333 0.46111111111111 0.035416666666667 0.048148148148148
10 0.99088541666667 0.54953703703704 0.0171875 0.056481481481481
10 0.61979166666667 0.68333333333333 0.044791666666667 0.046296296296296
10 0.031770833333333 0.62222222222222 0.035416666666667 0.05