11 0.68359375 0.23472222222222 0.096354166666667 0.13796296296296
11 0.051302083333333 0.31018518518519 0.10260416666667 0.12222222222222
11 0.29401041666667 0.7375 0.0609375 0.073148148148148
11 0.43567708333333 0.16666666666667 0.047395833333333 0.074074074074074
11 0.069791666666667 0.10601851851852 0.055208333333333 0.078703703703704
11 0.8921875 0.54675925925926 0.042708333333333 0.063888888888889
11 0.92239583333333 0.28009259259259 0.086458333333333 0.13055555555556
11 0.24479166666667 0.35833333333333 0.11354166666667 0.12037037037037
11 0.52916666666667 0.88425925925926 0.094791666666667 0.11481481481481
11 0.78359375 0.039814814814815 0.0578125 0.07962962962963
11 0.31302083333333 0.51805555555556 0.079166666666667 0.099074074074074
11 0.30729166666667 0.1912037037037 0.045833333333333 0.062037037037037
11 0.85182291666667 0.23101851851852 0.0578125 0.089814814814815
11 0.86354166666667 0.13009259259259 0.069791666666667 0.099074074074074
11 0.45494791666667 0.24814814814815 0.0484375 0.068518518518519
11 0.85078125 0.9662037037037 0.055729166666667 0.063888888888889
11 0.4953125 0.73564814814815 0.15208333333333 0.21759259259259
11 0.57864583333333 0.031944444444444 0.080208333333333 0.063888888888889
11 0.50859375 0.56898148148148 0.053645833333333 0.063888888888889
11 0.25442708333333 0.056481481481481 0.053645833333333 0.074074074074074
11 0.79401041666667 0.41759259259259 0.047395833333333 0.072222222222222
11 0.85520833333333 0.9037037037037 0.05625 0.07962962962963
11 0.85520833333333 0.64027777777778 0.044791666666667 0.063888888888889
11 0.16484375 0.31805555555556 0.059895833333333 0.097222222222222
11 0.40130208333333 0.066203703703704 0.091145833333333 0.13240740740741
11 0.0234375 0.05787037037037 0.046875 0.11388888888889
11 0.178125 0.038425925925926 0.075 0.076851851851852
11 0.63177083333333 0.68009259259259 0.0375 0.049074074074074
11 0.68880208333333 0.5337962962963 0.068229166666667 0.086111111111111
11 0.63958333333333 0.13009259259259 0.073958333333333 0.11388888888889
11 0.18125 0.22685185185185 0.055208333333333 0.075925925925926
11 0.66145833333333 0.049537037037037 0.060416666666667 0.09537037037037
11 0.19348958333333 0.43101851851852 0.050520833333333 0.067592592592593
11 0.29296875 0.02962962962963 0.0640625 0.059259259259259
11 0.89973958333333 0.33703703703704 0.072395833333333 0.10555555555556
11 0.54010416666667 0.30231481481481 0.13333333333333 0.19907407407407
11 0.13411458333333 0.38796296296296 0.038020833333333 0.053703703703704
11 0.36927083333333 0.24768518518519 0.05625 0.078703703703704
11 0.10182291666667 0.018518518518519 0.055729166666667 0.037037037037037
11 0.88229166666667 0.85601851851852 0.044791666666667 0.063888888888889
11 0.5125 0.37546296296296 0.046875 0.062037037037037
11 0.95963541666667 0.14814814814815 0.049479166666667 0.074074074074074
11 0.6234375 0.45277777777778 0.061458333333333 0.085185185185185