11 0.41588541666667 0.20277777777778 0.022395833333333 0.035185185185185
11 0.28697916666667 0.5787037037037 0.055208333333333 0.092592592592593
11 0.45130208333333 0.38333333333333 0.030729166666667 0.042592592592593
11 0.32786458333333 0.38472222222222 0.0390625 0.050925925925926
11 0.25104166666667 0.20740740740741 0.030208333333333 0.042592592592593
11 0.42369791666667 0.41944444444444 0.031770833333333 0.042592592592593
11 0.2375 0.29675925925926 0.028125 0.041666666666667
11 0.46041666666667 0.32037037037037 0.025 0.037037037037037
11 0.36927083333333 0.48981481481481 0.030208333333333 0.048148148148148
11 0.11822916666667 0.27407407407407 0.05 0.077777777777778
11 0.38958333333333 0.20138888888889 0.020833333333333 0.030555555555556
11 0.215625 0.33472222222222 0.033333333333333 0.04537037037037
11 0.80729166666667 0.68101851851852 0.028125 0.039814814814815
11 0.59635416666667 0.50787037037037 0.026041666666667 0.037962962962963
11 0.31822916666667 0.42083333333333 0.033333333333333 0.047222222222222
11 0.70911458333333 0.55787037037037 0.0265625 0.039814814814815
11 0.08046875 0.32962962962963 0.0296875 0.042592592592593
11 0.41614583333333 0.26064814814815 0.028125 0.039814814814815
11 0.56953125 0.51944444444444 0.021354166666667 0.031481481481481
11 0.67890625 0.45601851851852 0.024479166666667 0.034259259259259
11 0.63229166666667 0.40416666666667 0.027083333333333 0.036111111111111
11 0.2296875 0.45833333333333 0.028125 0.038888888888889
11 0.709375 0.62175925925926 0.027083333333333 0.039814814814815
11 0.678125 0.62175925925926 0.025 0.036111111111111
11 0.46432291666667 0.40787037037037 0.031770833333333 0.04537037037037
11 0.81770833333333 0.75462962962963 0.029166666666667 0.040740740740741
11 0.4421875 0.18888888888889 0.026041666666667 0.040740740740741
11 0.53151041666667 0.48240740740741 0.028645833333333 0.037037037037037
11 0.225 0.40462962962963 0.026041666666667 0.037037037037037
11 0.26588541666667 0.38101851851852 0.0265625 0.039814814814815
11 0.56484375 0.60648148148148 0.047395833333333 0.057407407407407
11 0.34557291666667 0.29166666666667 0.024479166666667 0.035185185185185
11 0.42578125 0.36898148148148 0.0234375 0.032407407407407
11 0.2796875 0.32407407407407 0.027083333333333 0.038888888888889
11 0.27265625 0.39351851851852 0.028645833333333 0.044444444444444
11 0.53125 0.40694444444444 0.025 0.034259259259259
11 0.38828125 0.26759259259259 0.0328125 0.046296296296296
11 0.27708333333333 0.43657407407407 0.026041666666667 0.039814814814815
11 0.22734375 0.23240740740741 0.041145833333333 0.055555555555556
11 0.40416666666667 0.16851851851852 0.021875 0.031481481481481
11 0.40078125 0.33657407407407 0.022395833333333 0.030555555555556
11 0.31744791666667 0.27361111111111 0.028645833333333 0.043518518518519
11 0.30677083333333 0.35462962962963 0.027083333333333 0.038888888888889
11 0.49088541666667 0.65601851851852 0.0296875 0.043518518518519
11 0.58671875 0.41990740740741 0.036979166666667 0.050925925925926
11 0.18671875 0.4537037037037 0.047395833333333 0.077777777777778
11 0.12630208333333 0.58287037037037 0.028645833333333 0.049074074074074
11 0.048958333333333 0.33657407407407 0.033333333333333 0.047222222222222
11 0.55859375 0.4962962962963 0.022395833333333 0.031481481481481
11 0.33046875 0.43333333333333 0.044270833333333 0.057407407407407
11 0.67760416666667 0.56527777777778 0.027083333333333 0.037962962962963
11 0.26640625 0.4787037037037 0.028645833333333 0.038888888888889
11 0.37291666666667 0.2912037037037 0.023958333333333 0.032407407407407
11 0.47239583333333 0.42592592592593 0.030208333333333 0.044444444444444
11 0.49453125 0.32314814814815 0.024479166666667 0.037037037037037
11 0.047916666666667 0.26111111111111 0.036458333333333 0.051851851851852
11 0.565625 0.55509259259259 0.027083333333333 0.036111111111111
11 0.60442708333333 0.57083333333333 0.030729166666667 0.043518518518519
11 0.34088541666667 0.32314814814815 0.024479166666667 0.033333333333333
11 0.68046875 0.81203703703704 0.028645833333333 0.040740740740741
11 0.38359375 0.31157407407407 0.022395833333333 0.030555555555556
11 0.63098958333333 0.65277777777778 0.0328125 0.048148148148148
11 0.42161458333333 0.2837962962963 0.040104166666667 0.060185185185185
11 0.43098958333333 0.60231481481481 0.025520833333333 0.037962962962963
11 0.12786458333333 0.50138888888889 0.028645833333333 0.050925925925926
11 0.30729166666667 0.26527777777778 0.044791666666667 0.063888888888889
11 0.94140625 0.71666666666667 0.033854166666667 0.048148148148148
11 0.25104166666667 0.41898148148148 0.021875 0.032407407407407
11 0.44192708333333 0.11527777777778 0.0296875 0.043518518518519
11 0.30130208333333 0.32731481481481 0.024479166666667 0.036111111111111
11 0.3671875 0.22175925925926 0.030208333333333 0.041666666666667
11 0.55494791666667 0.13657407407407 0.0234375 0.034259259259259
11 0.29765625 0.67916666666667 0.0296875 0.043518518518519
11 0.49270833333333 0.34027777777778 0.030208333333333 0.04537037037037
11 0.61067708333333 0.53888888888889 0.021354166666667 0.02962962962963
11 0.5484375 0.42175925925926 0.026041666666667 0.034259259259259
11 0.64609375 0.58935185185185 0.024479166666667 0.036111111111111
11 0.37213541666667 0.37268518518519 0.025520833333333 0.036111111111111