10 0.20885416666667 0.72314814814815 0.064583333333333 0.090740740740741
10 0.061197916666667 0.28287037037037 0.030729166666667 0.050925925925926
10 0.47369791666667 0.78657407407407 0.031770833333333 0.047222222222222
10 0.38984375 0.69722222222222 0.028645833333333 0.040740740740741
10 0.80390625 0.87361111111111 0.0265625 0.037962962962963
10 0.66354166666667 0.91203703703704 0.023958333333333 0.035185185185185
10 0.76171875 0.39259259259259 0.024479166666667 0.038888888888889
10 0.76041666666667 0.67824074074074 0.023958333333333 0.034259259259259
10 0.6921875 0.77962962962963 0.022916666666667 0.035185185185185
10 0.39244791666667 0.31481481481481 0.022395833333333 0.035185185185185
10 0.82369791666667 0.22175925925926 0.022395833333333 0.034259259259259
10 0.8546875 0.97175925925926 0.021875 0.034259259259259
10 0.010677083333333 0.67361111111111 0.021354166666667 0.034259259259259
10 0.56927083333333 0.32685185185185 0.021875 0.033333333333333
10 0.81171875 0.88009259259259 0.022395833333333 0.032407407407407
10 0.25260416666667 0.67222222222222 0.022916666666667 0.031481481481481
10 0.16875 0.76944444444444 0.022916666666667 0.031481481481481
10 0.85104166666667 0.77824074074074 0.021875 0.032407407407407
10 0.50442708333333 0.92546296296296 0.022395833333333 0.030555555555556
10 0.42213541666667 0.66527777777778 0.021354166666667 0.030555555555556
10 0.71510416666667 0.90046296296296 0.020833333333333 0.030555555555556
10 0.60703125 0.96481481481481 0.021354166666667 0.027777777777778
10 0.95494791666667 0.6875 0.019270833333333 0.030555555555556
10 0.80885416666667 0.6537037037037 0.019791666666667 0.02962962962963
10 0.575 0.61481481481481 0.019791666666667 0.02962962962963
10 0.79348958333333 0.94768518518519 0.0203125 0.028703703703704
10 0.94635416666667 0.97916666666667 0.01875 0.028703703703704
10 0.91354166666667 0.73472222222222 0.01875 0.028703703703704
10 0.69661458333333 0.63888888888889 0.018229166666667 0.027777777777778
10 0.578125 0.59027777777778 0.01875 0.026851851851852
10 0.7375 0.53101851851852 0.017708333333333 0.026851851851852
10 0.33333333333333 0.88055555555556 0.01875 0.024074074074074
10 0.95390625 0.58888888888889 0.0171875 0.025925925925926
10 0.54739583333333 0.70138888888889 0.017708333333333 0.025
10 0.5125 0.43472222222222 0.016666666666667 0.025
10 0.87708333333333 0.6587962962963 0.016666666666667 0.025
10 0.48151041666667 0.96898148148148 0.0171875 0.023148148148148
10 0.99296875 0.77638888888889 0.011979166666667 0.032407407407407
10 0.53072916666667 0.72361111111111 0.016666666666667 0.023148148148148
10 0.31614583333333 0.96759259259259 0.016666666666667 0.022222222222222
10 0.61302083333333 0.74814814814815 0.015625 0.024074074074074
10 0.75911458333333 0.82268518518519 0.015104166666667 0.023148148148148
10 0.67682291666667 0.7462962962963 0.015104166666667 0.022222222222222
10 0.85 0.57407407407407 0.015625 0.022222222222222
10 0.78385416666667 0.64074074074074 0.014583333333333 0.022222222222222
10 0.80416666666667 0.2875 0.014583333333333 0.021296296296296
10 0.54713541666667 0.77824074074074 0.0140625 0.021296296296296
10 0.58984375 0.6875 0.0140625 0.021296296296296
10 0.37994791666667 0.92268518518519 0.015104166666667 0.019444444444444
10 0.53177083333333 0.75601851851852 0.014583333333333 0.019444444444444
10 0.42604166666667 0.82268518518519 0.014583333333333 0.019444444444444
10 0.57786458333333 0.71342592592593 0.0140625 0.019444444444444
10 0.74791666666667 0.33101851851852 0.013541666666667 0.019444444444444
10 0.61901041666667 0.81712962962963 0.0140625 0.019444444444444
10 0.52291666666667 0.79398148148148 0.013541666666667 0.019444444444444
10 0.37838541666667 0.84722222222222 0.0140625 0.018518518518519
10 0.61171875 0.52592592592593 0.011979166666667 0.018518518518519
10 0.75260416666667 0.22824074074074 0.0125 0.017592592592593
10 0.57447916666667 0.66990740740741 0.0125 0.017592592592593
10 0.47083333333333 0.64490740740741 0.0125 0.017592592592593
10 0.61223958333333 0.5412037037037 0.0109375 0.019444444444444
10 0.62916666666667 0.56018518518519 0.0125 0.016666666666667
10 0.4484375 0.58981481481481 0.0125 0.016666666666667
10 0.60494791666667 0.57453703703704 0.011979166666667 0.017592592592593
10 0.51458333333333 0.5587962962963 0.0125 0.015740740740741
10 0.62630208333333 0.47731481481481 0.011979166666667 0.015740740740741
10 0.58541666666667 0.53101851851852 0.011458333333333 0.017592592592593
10 0.64921875 0.57175925925926 0.0109375 0.015740740740741
10 0.58098958333333 0.55 0.0109375 0.016666666666667
10 0.59010416666667 0.50648148148148 0.010416666666667 0.016666666666667
10 0.6515625 0.55138888888889 0.010416666666667 0.015740740740741
10 0.63203125 0.53425925925926 0.0109375 0.014814814814815
10 0.50182291666667 0.59537037037037 0.0109375 0.014814814814815
10 0.65598958333333 0.51990740740741 0.0098958333333333 0.013888888888889