10 0.621484375 0.27083333333333 0.18046875 0.21666666666667
10 0.423046875 0.20555555555556 0.15703125 0.22777777777778
10 0.177734375 0.2375 0.18515625 0.25
10 0.47890625 0.29375 0.1609375 0.1875
10 0.665625 0.23888888888889 0.134375 0.2
10 0.284375 0.14791666666667 0.375 0.29583333333333
10 0.311328125 0.31597222222222 0.11015625 0.18194444444444
10 0.104296875 0.35972222222222 0.12109375 0.16944444444444
10 0.73671875 0.29375 0.1109375 0.1625
10 0.2421875 0.39583333333333 0.1109375 0.14444444444444
10 0.567578125 0.24791666666667 0.08828125 0.13472222222222
10 0.690625 0.19583333333333 0.071875 0.11944444444444
10 0.586328125 0.14930555555556 0.07265625 0.11527777777778