10 0.68984375 0.49097222222222 0.19375 0.33194444444444
10 0.8328125 0.17291666666667 0.2046875 0.32916666666667
10 0.31640625 0.64652777777778 0.2171875 0.29027777777778
10 0.17890625 0.79791666666667 0.15625 0.25416666666667
10 0.44609375 0.25486111111111 0.1875 0.24583333333333
10 0.572265625 0.16458333333333 0.16015625 0.21805555555556
10 0.39375 0.14513888888889 0.1828125 0.25694444444444
10 0.917578125 0.57569444444444 0.16015625 0.22916666666667
10 0.94609375 0.26319444444444 0.109375 0.29861111111111
10 0.765625 0.22083333333333 0.1484375 0.20277777777778
10 0.792578125 0.58541666666667 0.11796875 0.17916666666667
10 0.497265625 0.50069444444444 0.11796875 0.17361111111111
10 0.080078125 0.37847222222222 0.14453125 0.19583333333333
10 0.77578125 0.41180555555556 0.1140625 0.1625
10 0.28828125 0.22430555555556 0.115625 0.15138888888889
10 0.40234375 0.31805555555556 0.1125 0.14722222222222
10 0.619140625 0.61597222222222 0.11328125 0.15138888888889
10 0.653515625 0.24722222222222 0.10234375 0.14444444444444
10 0.8671875 0.76319444444444 0.10625 0.1375
10 0.310546875 0.05 0.14140625 0.1
10 0.50703125 0.043055555555556 0.15625 0.086111111111111
10 0.9625 0.68055555555556 0.0734375 0.15277777777778
10 0.7328125 0.87847222222222 0.0828125 0.1125
10 0.39140625 0.68958333333333 0.0828125 0.1125
10 0.690234375 0.69722222222222 0.07890625 0.11666666666667
10 0.925 0.67083333333333 0.0875 0.12777777777778
10 0.594140625 0.86736111111111 0.07421875 0.10972222222222
10 0.109375 0.67083333333333 0.0703125 0.10277777777778
10 0.81875 0.76319444444444 0.0578125 0.0875
10 0.79453125 0.90902777777778 0.065625 0.090277777777778
10 0.596875 0.013888888888889 0.0453125 0.027777777777778