10 0.53854166666667 0.86435185185185 0.030208333333333 0.034259259259259
10 0.36848958333333 0.60416666666667 0.024479166666667 0.030555555555556
10 0.26796875 0.27731481481481 0.031770833333333 0.037962962962963
10 0.43958333333333 0.81666666666667 0.025 0.031481481481481
10 0.30677083333333 0.24351851851852 0.032291666666667 0.035185185185185
10 0.43984375 0.39444444444444 0.0359375 0.042592592592593
10 0.40755208333333 0.38287037037037 0.034895833333333 0.039814814814815
10 0.43307291666667 0.54953703703704 0.024479166666667 0.032407407407407
10 0.35520833333333 0.27546296296296 0.026041666666667 0.030555555555556
10 0.49583333333333 0.90787037037037 0.026041666666667 0.028703703703704
10 0.34114583333333 0.34814814814815 0.040625 0.053703703703704
10 0.29609375 0.86435185185185 0.43177083333333 0.26944444444444