10 0.29401041666667 0.88611111111111 0.0328125 0.046296296296296
10 0.68854166666667 0.51944444444444 0.026041666666667 0.040740740740741
10 0.72786458333333 0.71712962962963 0.036979166666667 0.037962962962963
10 0.43541666666667 0.9837962962963 0.034375 0.032407407407407
10 0.39166666666667 0.63564814814815 0.029166666666667 0.041666666666667
10 0.78489583333333 0.35601851851852 0.032291666666667 0.049074074074074
10 0.59270833333333 0.97824074074074 0.033333333333333 0.041666666666667
10 0.79635416666667 0.34675925925926 0.034375 0.05462962962963
10 0.65859375 0.76851851851852 0.030729166666667 0.046296296296296
10 0.69557291666667 0.4287037037037 0.0484375 0.07037037037037
10 0.19192708333333 0.97546296296296 0.0265625 0.036111111111111
10 0.73072916666667 0.77962962962963 0.03125 0.040740740740741
10 0.83645833333333 0.7875 0.0375 0.056481481481481
10 0.89921875 0.69490740740741 0.027604166666667 0.039814814814815
10 0.9265625 0.79444444444444 0.051041666666667 0.07962962962963
10 0.73567708333333 0.45 0.0265625 0.040740740740741
10 0.515625 0.65462962962963 0.041666666666667 0.059259259259259
10 0.75911458333333 0.45925925925926 0.028645833333333 0.042592592592593
10 0.46796875 0.76157407407407 0.0265625 0.037962962962963