6 0.555859375 0.47222222222222 0.03203125 0.041666666666667
6 0.62265625 0.34791666666667 0.021875 0.029166666666667
6 0.556640625 0.52708333333333 0.02890625 0.034722222222222
6 0.598046875 0.49930555555556 0.02578125 0.034722222222222
6 0.594140625 0.58888888888889 0.02578125 0.030555555555556
6 0.616796875 0.41319444444444 0.02734375 0.040277777777778
10 0.580078125 0.67083333333333 0.03046875 0.044444444444444
6 0.554296875 0.58055555555556 0.02578125 0.030555555555556
10 0.559765625 0.29513888888889 0.02578125 0.031944444444444
6 0.5671875 0.57916666666667 0.0296875 0.038888888888889
6 0.633984375 0.72013888888889 0.02578125 0.031944444444444
6 0.558984375 0.67916666666667 0.02578125 0.033333333333333
6 0.61171875 0.74513888888889 0.0328125 0.040277777777778
6 0.622265625 0.85 0.02265625 0.027777777777778
6 0.569140625 0.54722222222222 0.02421875 0.027777777777778
6 0.526953125 0.63333333333333 0.02890625 0.036111111111111
6 0.525390625 0.60625 0.02265625 0.029166666666667
6 0.59765625 0.7 0.021875 0.027777777777778
6 0.60390625 0.61041666666667 0.025 0.031944444444444
6 0.59765625 0.86458333333333 0.025 0.031944444444444
6 0.5328125 0.56736111111111 0.025 0.031944444444444
10 0.579296875 0.66041666666667 0.03515625 0.056944444444444
10 0.62109375 0.73611111111111 0.03125 0.044444444444444
10 0.555859375 0.47152777777778 0.03046875 0.043055555555556
10 0.6109375 0.74444444444444 0.03125 0.041666666666667
10 0.54453125 0.45416666666667 0.0296875 0.041666666666667
10 0.569140625 0.56041666666667 0.02734375 0.043055555555556
10 0.643359375 0.83611111111111 0.02890625 0.041666666666667
10 0.5796875 0.67291666666667 0.0265625 0.043055555555556
10 0.556640625 0.52708333333333 0.02890625 0.0375
10 0.616796875 0.41180555555556 0.02734375 0.040277777777778
10 0.599609375 0.6 0.02734375 0.038888888888889
10 0.569140625 0.57847222222222 0.02734375 0.0375
10 0.579296875 0.64305555555556 0.02734375 0.038888888888889
10 0.52734375 0.63333333333333 0.028125 0.036111111111111
10 0.60390625 0.60972222222222 0.0265625 0.036111111111111
10 0.549609375 0.43333333333333 0.02734375 0.036111111111111
10 0.597265625 0.49930555555556 0.02578125 0.034722222222222
10 0.55859375 0.29652777777778 0.025 0.034722222222222
10 0.598046875 0.86527777777778 0.02421875 0.033333333333333
10 0.634375 0.72013888888889 0.025 0.031944444444444
10 0.6671875 0.8375 0.0234375 0.033333333333333
10 0.62265625 0.85069444444444 0.0234375 0.031944444444444
10 0.623046875 0.34652777777778 0.02265625 0.031944444444444
10 0.558984375 0.67847222222222 0.02265625 0.031944444444444
10 0.554296875 0.58125 0.02265625 0.031944444444444
10 0.59296875 0.58888888888889 0.0234375 0.030555555555556
10 0.56953125 0.54722222222222 0.0234375 0.030555555555556
10 0.532421875 0.56805555555556 0.02265625 0.030555555555556
10 0.59765625 0.88333333333333 0.021875 0.030555555555556
10 0.597265625 0.69930555555556 0.02265625 0.029166666666667
10 0.551953125 0.74861111111111 0.01953125 0.025
10 0.52265625 0.60486111111111 0.0171875 0.023611111111111
10 0.59765625 0.84722222222222 0.0171875 0.022222222222222
10 0.619921875 0.68402777777778 0.01484375 0.020833333333333