10 0.634765625 0.83263888888889 0.02578125 0.034722222222222
10 0.71484375 0.85486111111111 0.0328125 0.045833333333333
10 0.669140625 0.35416666666667 0.03203125 0.05
10 0.605859375 0.56111111111111 0.02265625 0.033333333333333
10 0.7109375 0.87916666666667 0.03125 0.041666666666667
10 0.637109375 0.54375 0.03046875 0.045833333333333
10 0.3890625 0.97569444444444 0.0390625 0.048611111111111
10 0.68359375 0.74166666666667 0.0265625 0.038888888888889
10 0.63046875 0.76319444444444 0.0296875 0.040277777777778
10 0.622265625 0.61527777777778 0.03671875 0.052777777777778
10 0.5671875 0.575 0.0234375 0.036111111111111
10 0.59296875 0.60347222222222 0.03125 0.045833333333333
10 0.655078125 0.71388888888889 0.03046875 0.041666666666667
10 0.73046875 0.82777777777778 0.0234375 0.033333333333333
10 0.666015625 0.43333333333333 0.03203125 0.047222222222222
10 0.680078125 0.61041666666667 0.03203125 0.043055555555556
10 0.5921875 0.54097222222222 0.025 0.0375
10 0.61328125 0.7125 0.0328125 0.047222222222222
10 0.601171875 0.59513888888889 0.02890625 0.043055555555556
10 0.665625 0.76388888888889 0.0296875 0.041666666666667
10 0.565625 0.39375 0.021875 0.034722222222222
10 0.5578125 0.42638888888889 0.021875 0.033333333333333
10 0.651171875 0.65486111111111 0.02734375 0.040277777777778
10 0.576171875 0.76597222222222 0.02890625 0.040277777777778
10 0.6453125 0.69930555555556 0.028125 0.0375
10 0.5859375 0.70138888888889 0.03125 0.044444444444444
10 0.565625 0.42777777777778 0.03125 0.044444444444444
10 0.659765625 0.74375 0.02578125 0.0375
10 0.637109375 0.91944444444444 0.03203125 0.044444444444444
10 0.542578125 0.59861111111111 0.03203125 0.05
10 0.5671875 0.47986111111111 0.0265625 0.040277777777778
10 0.586328125 0.65347222222222 0.03515625 0.051388888888889
10 0.707421875 0.74513888888889 0.03359375 0.048611111111111
10 0.594921875 0.51527777777778 0.02109375 0.033333333333333