10 0.603515625 0.60972222222222 0.02421875 0.036111111111111
10 0.66640625 0.83680555555556 0.021875 0.034722222222222
10 0.553125 0.35 0.01875 0.027777777777778
10 0.620703125 0.85 0.02265625 0.033333333333333
10 0.580859375 0.63958333333333 0.02421875 0.0375
10 0.616015625 0.40902777777778 0.02109375 0.031944444444444
10 0.623046875 0.34722222222222 0.02109375 0.033333333333333
10 0.631640625 0.72013888888889 0.02265625 0.031944444444444
10 0.5421875 0.61666666666667 0.021875 0.033333333333333
10 0.550390625 0.42847222222222 0.02265625 0.031944444444444
10 0.534375 0.56597222222222 0.021875 0.031944444444444
10 0.596875 0.85972222222222 0.0203125 0.030555555555556
10 0.63984375 0.83541666666667 0.03125 0.045833333333333
10 0.55625 0.46805555555556 0.028125 0.041666666666667
10 0.561328125 0.67847222222222 0.02578125 0.034722222222222
10 0.55234375 0.58541666666667 0.021875 0.031944444444444
10 0.526171875 0.63472222222222 0.02578125 0.038888888888889
10 0.594921875 0.58888888888889 0.02421875 0.036111111111111
10 0.576171875 0.66736111111111 0.03203125 0.048611111111111
10 0.606640625 0.74652777777778 0.02734375 0.0375
10 0.600390625 0.70138888888889 0.02734375 0.036111111111111
10 0.566015625 0.57638888888889 0.02421875 0.036111111111111
10 0.555859375 0.52777777777778 0.02578125 0.036111111111111
10 0.594921875 0.49861111111111 0.02578125 0.036111111111111
10 0.570703125 0.54652777777778 0.02265625 0.031944444444444