10 0.6453125 0.59375 0.0296875 0.031944444444444
10 0.70625 0.48958333333333 0.0359375 0.043055555555556
10 0.60390625 0.58125 0.0328125 0.0375
10 0.691015625 0.79166666666667 0.03828125 0.047222222222222
10 0.611328125 0.69791666666667 0.03828125 0.0375
10 0.6984375 0.38819444444444 0.0375 0.043055555555556
10 0.565234375 0.44722222222222 0.03515625 0.041666666666667
10 0.7453125 0.88611111111111 0.04375 0.05
10 0.658984375 0.66111111111111 0.03984375 0.041666666666667
10 0.61953125 0.72638888888889 0.03125 0.033333333333333
10 0.5703125 0.62569444444444 0.0328125 0.0375
10 0.70078125 0.83819444444444 0.0296875 0.031944444444444
10 0.61875 0.9125 0.034375 0.041666666666667
10 0.6234375 0.75833333333333 0.040625 0.044444444444444
10 0.592578125 0.56319444444444 0.02734375 0.029166666666667
10 0.6 0.80138888888889 0.0359375 0.041666666666667
10 0.697265625 0.80833333333333 0.03671875 0.05
10 0.613671875 0.67152777777778 0.02578125 0.026388888888889
10 0.587109375 0.63819444444444 0.02734375 0.029166666666667
10 0.581640625 0.47638888888889 0.03828125 0.044444444444444
10 0.658203125 0.875 0.03046875 0.036111111111111
10 0.69375 0.87708333333333 0.0296875 0.031944444444444
10 0.728515625 0.78194444444444 0.02890625 0.030555555555556
10 0.737109375 0.80625 0.03203125 0.0375
10 0.580859375 0.83541666666667 0.03359375 0.0375
10 0.715625 0.67083333333333 0.028125 0.030555555555556
10 0.6640625 0.61736111111111 0.03125 0.034722222222222
10 0.69921875 0.92291666666667 0.0390625 0.043055555555556
10 0.68671875 0.69375 0.03125 0.034722222222222
10 0.682421875 0.77847222222222 0.02734375 0.034722222222222
10 0.684765625 0.75 0.02578125 0.027777777777778
10 0.614453125 0.61736111111111 0.02890625 0.031944444444444
10 0.719921875 0.72222222222222 0.03046875 0.036111111111111
10 0.55546875 0.94375 0.0328125 0.040277777777778
10 0.675390625 0.87222222222222 0.05390625 0.038888888888889
10 0.64375 0.74722222222222 0.0265625 0.027777777777778
10 0.678125 0.85763888888889 0.03125 0.0375