11 0.780859375 0.28055555555556 0.42265625 0.56111111111111
11 0.46640625 0.32222222222222 0.340625 0.49722222222222
11 0.8859375 0.44583333333333 0.03125 0.052777777777778
11 0.68828125 0.39583333333333 0.034375 0.047222222222222
11 0.4109375 0.079166666666667 0.0328125 0.041666666666667
11 0.804296875 0.44236111111111 0.02734375 0.040277777777778
11 0.90546875 0.68819444444444 0.0265625 0.040277777777778
11 0.8546875 0.51458333333333 0.0265625 0.040277777777778
11 0.891015625 0.60486111111111 0.02578125 0.034722222222222
11 0.680859375 0.25625 0.02265625 0.040277777777778
11 0.880078125 0.75763888888889 0.02421875 0.034722222222222
11 0.894140625 0.65138888888889 0.02265625 0.036111111111111
11 0.6875 0.45833333333333 0.025 0.036111111111111
11 0.751953125 0.47569444444444 0.02421875 0.0375
11 0.698046875 0.43611111111111 0.02265625 0.036111111111111
11 0.689453125 0.34166666666667 0.02421875 0.033333333333333
11 0.881640625 0.39236111111111 0.02265625 0.034722222222222
11 0.773046875 0.45416666666667 0.02265625 0.033333333333333
11 0.7015625 0.31666666666667 0.0234375 0.033333333333333
11 0.754296875 0.40694444444444 0.02109375 0.033333333333333
11 0.880078125 0.63819444444444 0.02109375 0.031944444444444
11 0.734375 0.39236111111111 0.0203125 0.026388888888889
11 0.825 0.41736111111111 0.021875 0.029166666666667
11 0.70078125 0.36875 0.021875 0.029166666666667
11 0.784375 0.43263888888889 0.0203125 0.029166666666667
11 0.683984375 0.28541666666667 0.01953125 0.026388888888889
11 0.68828125 0.55694444444444 0.0171875 0.025