11 0.296484375 0.072222222222222 0.07890625 0.14166666666667
11 0.512890625 0.94652777777778 0.09765625 0.10416666666667
11 0.384375 0.58541666666667 0.0703125 0.11527777777778
11 0.452734375 0.15208333333333 0.07109375 0.11805555555556
11 0.70859375 0.12222222222222 0.05625 0.10277777777778
11 0.756640625 0.039583333333333 0.04609375 0.079166666666667
11 0.493359375 0.23958333333333 0.05234375 0.084722222222222
11 0.7015625 0.74305555555556 0.04375 0.072222222222222
11 0.308203125 0.67430555555556 0.04140625 0.070833333333333
11 0.3859375 0.37222222222222 0.04375 0.072222222222222
11 0.33203125 0.57569444444444 0.04375 0.070833333333333
11 0.382421875 0.98194444444444 0.04609375 0.033333333333333
11 0.450390625 0.31875 0.04140625 0.068055555555556