10 0.2903981264637 0.36666666666667 0.070257611241218 0.070833333333333
10 0.37177985948478 0.11770833333333 0.071428571428571 0.06875
10 0.31615925058548 0.28541666666667 0.070257611241218 0.058333333333333
10 0.40281030444965 0.29375 0.063231850117096 0.066666666666667
10 0.44028103044496 0.091666666666667 0.058548009367682 0.058333333333333
10 0.56850117096019 0.1625 0.059718969555035 0.058333333333333
10 0.3635831381733 0.31875 0.057377049180328 0.054166666666667
10 0.81381733021077 0.065625 0.056206088992974 0.047916666666667
10 0.79625292740047 0.11041666666667 0.05152224824356 0.045833333333333
10 0.87295081967213 0.2375 0.045667447306792 0.041666666666667
10 0.88934426229508 0.30520833333333 0.043325526932084 0.039583333333333