10 0.690625 0.37222222222222 0.025 0.036111111111111
10 0.7140625 0.59375 0.025 0.031944444444444
10 0.704296875 0.47638888888889 0.02421875 0.036111111111111
10 0.90625 0.59097222222222 0.0296875 0.0375
10 0.869140625 0.66597222222222 0.02734375 0.0375
10 0.83984375 0.4875 0.0234375 0.030555555555556
10 0.68828125 0.26944444444444 0.0359375 0.055555555555556
10 0.761328125 0.40555555555556 0.02578125 0.033333333333333
10 0.8765625 0.45347222222222 0.028125 0.0375
10 0.862109375 0.47916666666667 0.02890625 0.038888888888889
10 0.803515625 0.41527777777778 0.02265625 0.030555555555556
10 0.65390625 0.27777777777778 0.025 0.033333333333333
10 0.7375 0.41597222222222 0.0265625 0.0375
10 0.8859375 0.56319444444444 0.03125 0.043055555555556
10 0.82890625 0.50208333333333 0.0234375 0.031944444444444
10 0.721484375 0.46527777777778 0.03671875 0.052777777777778
10 0.891796875 0.55069444444444 0.03046875 0.040277777777778
10 0.688671875 0.42083333333333 0.03203125 0.044444444444444
10 0.446484375 0.34652777777778 0.33671875 0.6125
10 0.88046875 0.60208333333333 0.028125 0.0375
10 0.880078125 0.49236111111111 0.02421875 0.034722222222222
10 0.83203125 0.54166666666667 0.025 0.033333333333333
10 0.702734375 0.51666666666667 0.02578125 0.033333333333333