10 0.87890625 0.78194444444444 0.0171875 0.025
10 0.83203125 0.67152777777778 0.01875 0.026388888888889
10 0.7671875 0.47569444444444 0.0234375 0.034722222222222
10 0.808984375 0.61597222222222 0.01796875 0.026388888888889
10 0.705859375 0.47777777777778 0.02109375 0.030555555555556
10 0.646484375 0.39375 0.02109375 0.029166666666667
10 0.7578125 0.52708333333333 0.0203125 0.029166666666667
10 0.765625 0.34722222222222 0.4625 0.66388888888889
10 0.788671875 0.52152777777778 0.02734375 0.040277777777778
10 0.878515625 0.60555555555556 0.01953125 0.027777777777778
10 0.4234375 0.27708333333333 0.046875 0.065277777777778
10 0.926171875 0.17013888888889 0.14765625 0.22916666666667
10 0.70625 0.49722222222222 0.0234375 0.033333333333333
10 0.89609375 0.68611111111111 0.0265625 0.038888888888889
10 0.849609375 0.64861111111111 0.02265625 0.030555555555556
10 0.7359375 0.45694444444444 0.0171875 0.027777777777778