11 0.59296875 0.74444444444444 0.028125 0.044444444444444
11 0.5578125 0.46736111111111 0.0265625 0.043055555555556
11 0.573828125 0.66041666666667 0.02734375 0.040277777777778
11 0.556640625 0.52777777777778 0.02734375 0.038888888888889
11 0.53046875 0.63611111111111 0.0265625 0.038888888888889
11 0.632421875 0.82916666666667 0.02578125 0.038888888888889
11 0.658203125 0.83194444444444 0.02578125 0.038888888888889
11 0.617578125 0.71597222222222 0.02578125 0.0375
11 0.5984375 0.58888888888889 0.0265625 0.036111111111111
11 0.560546875 0.57361111111111 0.02578125 0.036111111111111
11 0.541015625 0.60138888888889 0.02578125 0.033333333333333
11 0.587109375 0.85069444444444 0.02421875 0.034722222222222
11 0.56015625 0.67569444444444 0.025 0.031944444444444
11 0.608984375 0.85069444444444 0.02265625 0.034722222222222
11 0.580859375 0.63402777777778 0.02265625 0.034722222222222
11 0.56875 0.27569444444444 0.021875 0.034722222222222
11 0.55703125 0.41180555555556 0.021875 0.034722222222222
11 0.557421875 0.34722222222222 0.02265625 0.033333333333333
11 0.597265625 0.61597222222222 0.02109375 0.029166666666667
11 0.540625 0.56041666666667 0.0203125 0.031944444444444
11 0.591015625 0.49513888888889 0.02265625 0.031944444444444
11 0.54140625 0.44930555555556 0.01875 0.029166666666667
11 0.607421875 0.69444444444444 0.01640625 0.025