10 0.63203125 0.91319444444444 0.096875 0.12916666666667
10 0.18125 0.25416666666667 0.0890625 0.11944444444444
10 0.419140625 0.45972222222222 0.07890625 0.11388888888889
10 0.70625 0.775 0.075 0.11666666666667
10 0.567578125 0.71597222222222 0.07109375 0.11527777777778
10 0.95078125 0.59027777777778 0.0765625 0.097222222222222
10 0.6828125 0.23402777777778 0.065625 0.0875
10 0.556640625 0.33819444444444 0.06328125 0.084722222222222
10 0.681640625 0.45694444444444 0.06015625 0.094444444444444
10 0.56484375 0.79791666666667 0.0734375 0.095833333333333
10 0.5453125 0.060416666666667 0.0625 0.084722222222222
10 0.594140625 0.60069444444444 0.06015625 0.076388888888889
10 0.125 0.41736111111111 0.05625 0.076388888888889
10 0.21953125 0.77430555555556 0.053125 0.076388888888889
10 0.819140625 0.36388888888889 0.05390625 0.069444444444444
10 0.837890625 0.73263888888889 0.05078125 0.079166666666667
10 0.544140625 0.66527777777778 0.05078125 0.072222222222222
10 0.941015625 0.75138888888889 0.05234375 0.069444444444444
10 0.076953125 0.84097222222222 0.04921875 0.070833333333333
10 0.50703125 0.5375 0.05 0.072222222222222
10 0.697265625 0.24652777777778 0.05078125 0.070833333333333
10 0.837109375 0.30833333333333 0.04453125 0.077777777777778
10 0.464453125 0.36041666666667 0.05078125 0.068055555555556
10 0.40703125 0.64375 0.046875 0.073611111111111
10 0.6609375 0.66597222222222 0.0484375 0.070833333333333
10 0.751171875 0.59930555555556 0.04609375 0.070833333333333
10 0.604296875 0.53958333333333 0.05078125 0.065277777777778
10 0.763671875 0.48541666666667 0.04765625 0.068055555555556
10 0.605078125 0.74097222222222 0.04765625 0.068055555555556
10 0.653515625 0.59722222222222 0.04765625 0.066666666666667
10 0.46015625 0.74513888888889 0.0421875 0.065277777777778
10 0.321875 0.15555555555556 0.0453125 0.066666666666667
10 0.482421875 0.64513888888889 0.04296875 0.0625
10 0.87109375 0.21944444444444 0.0421875 0.063888888888889
10 0.869140625 0.73888888888889 0.03984375 0.066666666666667
10 0.890625 0.54097222222222 0.0421875 0.0625
10 0.534765625 0.12708333333333 0.04609375 0.056944444444444
10 0.977734375 0.92708333333333 0.03984375 0.065277777777778
10 0.28671875 0.23888888888889 0.04375 0.058333333333333
10 0.393359375 0.59305555555556 0.03984375 0.063888888888889
10 0.441796875 0.96111111111111 0.04296875 0.058333333333333
10 0.590234375 0.67013888888889 0.04140625 0.059722222222222
10 0.540625 0.56041666666667 0.0390625 0.0625
10 0.838671875 0.55833333333333 0.03984375 0.061111111111111
10 0.3203125 0.98055555555556 0.0625 0.038888888888889
10 0.61953125 0.67569444444444 0.040625 0.059722222222222
10 0.608984375 0.11527777777778 0.04140625 0.058333333333333
10 0.36484375 0.95138888888889 0.0390625 0.061111111111111
10 0.859375 0.62083333333333 0.040625 0.058333333333333
10 0.72578125 0.12777777777778 0.0375 0.061111111111111
10 0.376953125 0.40138888888889 0.03984375 0.058333333333333
10 0.477734375 0.23541666666667 0.04453125 0.051388888888889
10 0.273046875 0.55902777777778 0.03828125 0.059722222222222
10 0.655859375 0.80277777777778 0.03828125 0.058333333333333
10 0.625390625 0.40833333333333 0.03828125 0.058333333333333
10 0.74140625 0.72708333333333 0.0390625 0.056944444444444
10 0.883984375 0.81180555555556 0.03828125 0.056944444444444
10 0.3921875 0.79861111111111 0.0390625 0.055555555555556
10 0.31171875 0.61527777777778 0.0390625 0.055555555555556
10 0.844140625 0.28194444444444 0.03671875 0.058333333333333
10 0.101171875 0.96666666666667 0.03828125 0.055555555555556
10 0.025390625 0.67569444444444 0.03828125 0.054166666666667
10 0.2828125 0.33263888888889 0.0390625 0.054166666666667
10 0.391796875 0.91111111111111 0.03828125 0.052777777777778
10 0.929296875 0.81180555555556 0.03671875 0.054166666666667
10 0.504296875 0.46597222222222 0.03671875 0.051388888888889
10 0.187109375 0.41180555555556 0.03671875 0.051388888888889
10 0.355859375 0.70138888888889 0.03359375 0.055555555555556
10 0.730859375 0.55138888888889 0.03515625 0.052777777777778
10 0.116796875 0.84236111111111 0.03515625 0.051388888888889
10 0.35859375 0.82222222222222 0.0359375 0.05
10 0.894140625 0.775 0.03515625 0.05
10 0.368359375 0.76388888888889 0.03515625 0.05
10 0.1890625 0.20902777777778 0.0359375 0.048611111111111
10 0.695703125 0.98055555555556 0.04765625 0.036111111111111
10 0.098828125 0.87569444444444 0.03515625 0.048611111111111
10 0.57421875 0.87708333333333 0.034375 0.048611111111111
10 0.46015625 0.67569444444444 0.034375 0.048611111111111
10 0.56171875 0.63263888888889 0.034375 0.048611111111111
10 0.26796875 0.19652777777778 0.034375 0.048611111111111
10 0.29296875 0.89027777777778 0.0328125 0.05
10 0.646484375 0.76597222222222 0.03359375 0.048611111111111
10 0.133203125 0.60555555555556 0.03203125 0.05
10 0.5359375 0.81180555555556 0.0328125 0.048611111111111
10 0.01640625 0.7875 0.0296875 0.052777777777778
10 0.605859375 0.77986111111111 0.03203125 0.048611111111111
10 0.351953125 0.60902777777778 0.03203125 0.048611111111111
10 0.86796875 0.775 0.0328125 0.047222222222222
10 0.40234375 0.65625 0.03125 0.048611111111111
10 0.37734375 0.98194444444444 0.0390625 0.036111111111111
10 0.5703125 0.9125 0.03125 0.044444444444444
10 0.505078125 0.85138888888889 0.03046875 0.044444444444444
10 0.308203125 0.98611111111111 0.03671875 0.030555555555556
10 0.30859375 0.76666666666667 0.028125 0.041666666666667