10 0.54765625 0.27083333333333 0.11197916666667 0.18240740740741
10 0.10625 0.16481481481481 0.12916666666667 0.17962962962963
10 0.46744791666667 0.57916666666667 0.10572916666667 0.15833333333333
10 0.41953125 0.56898148148148 0.12447916666667 0.13055555555556
10 0.4734375 0.19953703703704 0.0875 0.14351851851852
10 0.41614583333333 0.86944444444444 0.10520833333333 0.15
10 0.90260416666667 0.21851851851852 0.090625 0.13148148148148
10 0.72604166666667 0.1712962962963 0.0875 0.12962962962963
10 0.4546875 0.8 0.084375 0.12037037037037
10 0.23723958333333 0.69583333333333 0.086979166666667 0.11203703703704
10 0.48567708333333 0.058796296296296 0.090104166666667 0.11759259259259
10 0.78463541666667 0.45648148148148 0.0796875 0.12037037037037
10 0.52005208333333 0.63472222222222 0.081770833333333 0.11944444444444
10 0.3734375 0.83518518518519 0.085416666666667 0.10740740740741
10 0.49895833333333 0.95092592592593 0.080208333333333 0.1037037037037
10 0.79010416666667 0.31203703703704 0.073958333333333 0.11111111111111
10 0.34895833333333 0.56481481481481 0.075 0.10185185185185
10 0.96927083333333 0.083796296296296 0.0625 0.11388888888889
10 0.50260416666667 0.40092592592593 0.064583333333333 0.1
10 0.49973958333333 0.71990740740741 0.075520833333333 0.10092592592593
10 0.678125 0.6 0.06875 0.090740740740741
10 0.31822916666667 0.92546296296296 0.064583333333333 0.093518518518519
10 0.55572916666667 0.098148148148148 0.060416666666667 0.098148148148148
10 0.61796875 0.48101851851852 0.063020833333333 0.086111111111111
10 0.5515625 0.035648148148148 0.075 0.071296296296296
10 0.65911458333333 0.55555555555556 0.0609375 0.085185185185185
10 0.5765625 0.049537037037037 0.060416666666667 0.082407407407407
10 0.77005208333333 0.58842592592593 0.058854166666667 0.086111111111111
10 0.62291666666667 0.33518518518519 0.058333333333333 0.083333333333333
10 0.53125 0.39675925925926 0.054166666666667 0.086111111111111
10 0.50833333333333 0.34166666666667 0.057291666666667 0.07962962962963
10 0.3 0.82268518518519 0.054166666666667 0.078703703703704
10 0.53385416666667 0.20694444444444 0.051041666666667 0.078703703703704
10 0.69192708333333 0.032407407407407 0.059895833333333 0.064814814814815
10 0.52760416666667 0.92361111111111 0.051041666666667 0.075
10 0.1828125 0.7875 0.053125 0.071296296296296
10 0.54401041666667 0.53611111111111 0.050520833333333 0.074074074074074
10 0.28541666666667 0.78194444444444 0.052083333333333 0.069444444444444
10 0.4890625 0.8537037037037 0.052083333333333 0.068518518518519
10 0.26979166666667 0.74259259259259 0.051041666666667 0.068518518518519
10 0.59505208333333 0.26990740740741 0.044270833333333 0.075
10 0.21145833333333 0.78425925925926 0.05 0.064814814814815
10 0.59713541666667 0.39722222222222 0.0453125 0.07037037037037
10 0.62395833333333 0.02037037037037 0.071875 0.040740740740741
10 0.55364583333333 0.32083333333333 0.046875 0.062037037037037
10 0.46432291666667 0.91990740740741 0.046354166666667 0.062037037037037
10 0.70572916666667 0.75555555555556 0.04375 0.061111111111111
10 0.61510416666667 0.64444444444444 0.04375 0.061111111111111
10 0.61223958333333 0.71111111111111 0.041145833333333 0.059259259259259
10 0.19921875 0.83472222222222 0.040104166666667 0.056481481481481
10 0.38125 0.69444444444444 0.038541666666667 0.055555555555556
10 0.27864583333333 0.92314814814815 0.039583333333333 0.051851851851852