10 0.792578125 0.47222222222222 0.04609375 0.061111111111111
10 0.727734375 0.925 0.05859375 0.069444444444444
10 0.367578125 0.36527777777778 0.12734375 0.21111111111111
10 0.730859375 0.97847222222222 0.06015625 0.040277777777778
10 0.7171875 0.82152777777778 0.078125 0.1125
10 0.64609375 0.75833333333333 0.046875 0.055555555555556
10 0.765625 0.28194444444444 0.0609375 0.088888888888889
10 0.6734375 0.32638888888889 0.1078125 0.13333333333333
10 0.380859375 0.35833333333333 0.08828125 0.13611111111111
10 0.758984375 0.74583333333333 0.06640625 0.075
10 0.80859375 0.16736111111111 0.046875 0.065277777777778
10 0.528125 0.22777777777778 0.0515625 0.072222222222222
10 0.227734375 0.071527777777778 0.08671875 0.14027777777778
10 0.7171875 0.80138888888889 0.0546875 0.066666666666667
10 0.43125 0.10277777777778 0.05625 0.075
10 0.599609375 0.45833333333333 0.05859375 0.077777777777778
10 0.603515625 0.78888888888889 0.05546875 0.072222222222222
10 0.652734375 0.98194444444444 0.06171875 0.036111111111111
10 0.611328125 0.27638888888889 0.15859375 0.18888888888889
10 0.52890625 0.15069444444444 0.0546875 0.079166666666667
10 0.758203125 0.32986111111111 0.05546875 0.073611111111111
10 0.2375 0.62569444444444 0.06875 0.098611111111111
10 0.76875 0.54166666666667 0.053125 0.061111111111111
10 0.903515625 0.47013888888889 0.05234375 0.0625
10 0.85390625 0.38611111111111 0.053125 0.072222222222222
10 0.367578125 0.32638888888889 0.06171875 0.080555555555556
10 0.196875 0.22777777777778 0.0546875 0.080555555555556
10 0.678125 0.51805555555556 0.1125 0.14444444444444
10 0.535546875 0.37430555555556 0.05234375 0.070833333333333
10 0.735546875 0.62083333333333 0.09765625 0.13611111111111
10 0.316796875 0.27777777777778 0.05859375 0.075