11 0.63515625 0.72430555555556 0.0375 0.051388888888889
11 0.570703125 0.46875 0.04296875 0.056944444444444
11 0.730859375 0.95486111111111 0.03828125 0.048611111111111
11 0.688671875 0.75694444444444 0.03671875 0.05
11 0.688671875 0.87708333333333 0.03671875 0.045833333333333
11 0.5578125 0.40277777777778 0.034375 0.052777777777778
11 0.60234375 0.59513888888889 0.034375 0.048611111111111
11 0.59609375 0.62083333333333 0.034375 0.041666666666667
11 0.559375 0.59097222222222 0.0328125 0.043055555555556
11 0.415625 0.98402777777778 0.0390625 0.034722222222222
11 0.651171875 0.34861111111111 0.03046875 0.044444444444444
11 0.638671875 0.42569444444444 0.03046875 0.043055555555556
11 0.580078125 0.68472222222222 0.03046875 0.044444444444444
11 0.573828125 0.53541666666667 0.03046875 0.043055555555556
11 0.6546875 0.58611111111111 0.03125 0.041666666666667
11 0.55 0.61527777777778 0.028125 0.038888888888889
11 0.54453125 0.36527777777778 0.028125 0.041666666666667
11 0.621875 0.51527777777778 0.028125 0.038888888888889
11 0.5640625 0.73680555555556 0.028125 0.0375
11 0.630078125 0.91875 0.02890625 0.0375
11 0.5734375 0.67361111111111 0.0265625 0.038888888888889
11 0.68125 0.81111111111111 0.028125 0.036111111111111
11 0.630859375 0.69583333333333 0.02734375 0.036111111111111
11 0.587890625 0.69513888888889 0.02578125 0.034722222222222
11 0.634375 0.62361111111111 0.025 0.036111111111111
11 0.608984375 0.71666666666667 0.02578125 0.033333333333333
11 0.70390625 0.80694444444444 0.025 0.033333333333333
11 0.58359375 0.54861111111111 0.025 0.033333333333333
11 0.578125 0.925 0.025 0.030555555555556
11 0.581640625 0.63888888888889 0.02421875 0.030555555555556
11 0.61015625 0.80486111111111 0.0234375 0.031944444444444
11 0.666015625 0.73680555555556 0.02109375 0.026388888888889
11 0.66015625 0.86319444444444 0.0203125 0.023611111111111