11 0.60078125 0.48564814814815 0.0796875 0.099074074074074
11 0.046614583333333 0.39861111111111 0.093229166666667 0.14537037037037
11 0.21354166666667 0.41342592592593 0.17708333333333 0.21759259259259
11 0.98203125 0.25740740740741 0.0359375 0.12592592592593
11 0.11953125 0.30509259259259 0.10052083333333 0.12685185185185
11 0.78723958333333 0.4287037037037 0.12552083333333 0.15925925925926
11 0.98125 0.16481481481481 0.036458333333333 0.14444444444444
11 0.90442708333333 0.3162037037037 0.078645833333333 0.10462962962963
11 0.41432291666667 0.38009259259259 0.29010416666667 0.28611111111111
11 0.10208333333333 0.35787037037037 0.18333333333333 0.25092592592593
11 0.71015625 0.2912037037037 0.066145833333333 0.080555555555556
11 0.61458333333333 0.33333333333333 0.09375 0.10925925925926
11 0.91197916666667 0.37824074074074 0.17395833333333 0.21203703703704