8 0.45494791666667 0.95277777777778 0.080729166666667 0.088888888888889
8 0.69140625 0.1 0.0609375 0.062962962962963
19 0.9 0.31666666666667 0.05625 0.085185185185185
56 0.44348958333333 0.12175925925926 0.10572916666667 0.23611111111111
8 0.97421875 0.74490740740741 0.050520833333333 0.10648148148148
19 0.43645833333333 0.44074074074074 0.0375 0.051851851851852
19 0.17760416666667 0.93935185185185 0.069791666666667 0.089814814814815
33 0.6640625 0.25555555555556 0.061458333333333 0.07962962962963
19 0.465625 0.53981481481481 0.094791666666667 0.12037037037037
19 0.23828125 0.93611111111111 0.084895833333333 0.11296296296296
8 0.95 0.63148148148148 0.044791666666667 0.057407407407407
8 0.89114583333333 0.57314814814815 0.0875 0.1037037037037
19 0.35078125 0.62083333333333 0.0859375 0.091666666666667
19 0.61328125 0.47407407407407 0.055729166666667 0.081481481481481
8 0.80442708333333 0.8587962962963 0.034895833333333 0.047222222222222
8 0.978125 0.87268518518519 0.038541666666667 0.071296296296296
29 0.22317708333333 0.825 0.10572916666667 0.11296296296296
8 0.76744791666667 0.02962962962963 0.041145833333333 0.059259259259259
8 0.759375 0.72546296296296 0.047916666666667 0.069444444444444
19 0.41744791666667 0.32962962962963 0.0578125 0.088888888888889
8 0.978125 0.98796296296296 0.044791666666667 0.022222222222222
8 0.91171875 0.44861111111111 0.036979166666667 0.052777777777778
19 0.65807291666667 0.91435185185185 0.072395833333333 0.10648148148148
8 0.89609375 0.86759259259259 0.0296875 0.042592592592593
8 0.97421875 0.57175925925926 0.0515625 0.087962962962963
19 0.29765625 0.56805555555556 0.0453125 0.04537037037037
8 0.85364583333333 0.021296296296296 0.067708333333333 0.042592592592593
8 0.23125 0.27268518518519 0.10625 0.14166666666667
19 0.590625 0.84814814814815 0.040625 0.062962962962963
8 0.87317708333333 0.45648148148148 0.030729166666667 0.044444444444444
19 0.57265625 0.68287037037037 0.063020833333333 0.12314814814815
19 0.57317708333333 0.55787037037037 0.086979166666667 0.11388888888889
19 0.70234375 0.56203703703704 0.078645833333333 0.10740740740741
8 0.72838541666667 0.11388888888889 0.0484375 0.07037037037037
19 0.52005208333333 0.65833333333333 0.071354166666667 0.096296296296296
19 0.96875 0.22268518518519 0.064583333333333 0.16944444444444
19 0.39713541666667 0.47546296296296 0.052604166666667 0.067592592592593
8 0.8390625 0.12824074074074 0.053125 0.065740740740741
8 0.52890625 0.78796296296296 0.0421875 0.059259259259259
10 0.23307291666667 0.26481481481481 0.10677083333333 0.1537037037037
10 0.45520833333333 0.94814814814815 0.079166666666667 0.10555555555556
10 0.665625 0.25509259259259 0.057291666666667 0.084259259259259
10 0.6140625 0.47407407407407 0.054166666666667 0.085185185185185
10 0.68854166666667 0.1 0.058333333333333 0.068518518518519
10 0.39635416666667 0.47546296296296 0.052083333333333 0.073148148148148
10 0.76119791666667 0.725 0.0484375 0.074074074074074
10 0.76796875 0.030555555555556 0.047395833333333 0.061111111111111
10 0.95 0.63333333333333 0.04375 0.062962962962963
10 0.85260416666667 0.024074074074074 0.0625 0.046296296296296
10 0.97942708333333 0.87083333333333 0.036979166666667 0.065740740740741
10 0.91223958333333 0.44907407407407 0.040104166666667 0.059259259259259
10 0.29661458333333 0.56805555555556 0.0453125 0.052777777777778
10 0.31510416666667 0.2375 0.042708333333333 0.050925925925926
10 0.87265625 0.45694444444444 0.034895833333333 0.049074074074074
10 0.8046875 0.8587962962963 0.035416666666667 0.049074074074074
10 0.89609375 0.86759259259259 0.031770833333333 0.044444444444444
10 0.8234375 0.98564814814815 0.032291666666667 0.028703703703704
10 0.97890625 0.98842592592593 0.034895833333333 0.023148148148148