11 0.41197916666667 0.8375 0.0375 0.05462962962963
11 0.073958333333333 0.33657407407407 0.039583333333333 0.062037037037037
11 0.0984375 0.96203703703704 0.096875 0.075925925925926
11 0.76822916666667 0.98425925925926 0.0375 0.033333333333333
11 0.79947916666667 0.84305555555556 0.029166666666667 0.041666666666667
11 0.33385416666667 0.32546296296296 0.025 0.041666666666667
11 0.765625 0.32777777777778 0.026041666666667 0.038888888888889
11 0.21171875 0.71990740740741 0.024479166666667 0.036111111111111
11 0.71614583333333 0.63703703703704 0.023958333333333 0.033333333333333
11 0.55859375 0.64814814814815 0.022395833333333 0.035185185185185
11 0.82578125 0.78148148148148 0.0234375 0.033333333333333
11 0.81328125 0.22453703703704 0.022395833333333 0.034259259259259
11 0.33776041666667 0.72824074074074 0.022395833333333 0.034259259259259
11 0.088802083333333 0.78888888888889 0.022395833333333 0.033333333333333
11 0.46666666666667 0.9837962962963 0.022916666666667 0.030555555555556
11 0.72682291666667 0.64212962962963 0.022395833333333 0.030555555555556
11 0.80807291666667 0.8537037037037 0.021354166666667 0.031481481481481
11 0.63619791666667 0.67453703703704 0.021354166666667 0.030555555555556
11 0.47994791666667 0.25092592592593 0.0203125 0.031481481481481
11 0.67942708333333 0.91203703703704 0.021354166666667 0.02962962962963
11 0.86484375 0.68657407407407 0.019270833333333 0.030555555555556
11 0.66744791666667 0.55694444444444 0.0203125 0.028703703703704
11 0.90520833333333 0.82222222222222 0.019791666666667 0.027777777777778
11 0.6125 0.64212962962963 0.01875 0.028703703703704
11 0.95234375 0.64351851851852 0.019270833333333 0.027777777777778
11 0.33854166666667 0.75 0.01875 0.027777777777778
11 0.69244791666667 0.71111111111111 0.018229166666667 0.027777777777778
11 0.94505208333333 0.67037037037037 0.018229166666667 0.027777777777778
11 0.81666666666667 0.57361111111111 0.01875 0.026851851851852
11 0.51302083333333 0.59814814814815 0.01875 0.025925925925926
11 0.44895833333333 0.39305555555556 0.017708333333333 0.026851851851852
11 0.8625 0.95277777777778 0.017708333333333 0.025925925925926
11 0.44739583333333 0.73287037037037 0.017708333333333 0.025
11 0.89609375 0.70185185185185 0.016145833333333 0.025925925925926
11 0.82239583333333 0.64490740740741 0.016666666666667 0.025
11 0.64348958333333 0.98009259259259 0.0171875 0.025
11 0.56458333333333 0.8125 0.016666666666667 0.025
11 0.43723958333333 0.97037037037037 0.018229166666667 0.022222222222222
11 0.4875 0.72037037037037 0.016666666666667 0.025925925925926
11 0.68307291666667 0.66944444444444 0.016145833333333 0.024074074074074
11 0.75390625 0.26990740740741 0.015104166666667 0.023148148148148
11 0.528125 0.76481481481481 0.015625 0.022222222222222
11 0.678125 0.80092592592593 0.015625 0.022222222222222
11 0.78932291666667 0.35185185185185 0.015104166666667 0.022222222222222
11 0.53229166666667 0.58611111111111 0.015625 0.022222222222222
11 0.63125 0.57037037037037 0.014583333333333 0.022222222222222
11 0.56197916666667 0.52777777777778 0.015625 0.02037037037037
11 0.46927083333333 0.7787037037037 0.014583333333333 0.02037037037037
11 0.31041666666667 0.86481481481481 0.014583333333333 0.02037037037037
11 0.50729166666667 0.74814814814815 0.014583333333333 0.02037037037037
11 0.27890625 0.9875 0.015104166666667 0.019444444444444
11 0.73541666666667 0.38101851851852 0.013541666666667 0.021296296296296
11 0.71770833333333 0.99259259259259 0.019791666666667 0.014814814814815
11 0.41901041666667 0.65925925925926 0.0140625 0.02037037037037
11 0.50494791666667 0.64027777777778 0.0140625 0.019444444444444
11 0.290625 0.95833333333333 0.014583333333333 0.018518518518519
11 0.25442708333333 0.86435185185185 0.0140625 0.019444444444444
11 0.3890625 0.6625 0.013541666666667 0.019444444444444
11 0.51145833333333 0.72638888888889 0.013541666666667 0.019444444444444
11 0.8046875 0.99305555555556 0.01875 0.013888888888889
11 0.26927083333333 0.87037037037037 0.013541666666667 0.018518518518519
11 0.63541666666667 0.73055555555556 0.0125 0.018518518518519
11 0.61119791666667 0.7625 0.013020833333333 0.017592592592593
11 0.49010416666667 0.55509259259259 0.0125 0.017592592592593
11 0.54270833333333 0.72824074074074 0.0125 0.017592592592593
11 0.309375 0.90787037037037 0.0125 0.017592592592593
11 0.51145833333333 0.99259259259259 0.016666666666667 0.012962962962963
11 0.50286458333333 0.52083333333333 0.011979166666667 0.017592592592593
11 0.44765625 0.75416666666667 0.011979166666667 0.017592592592593
11 0.42734375 0.78333333333333 0.011979166666667 0.016666666666667
11 0.43854166666667 0.56851851851852 0.0125 0.016666666666667
11 0.49869791666667 0.68240740740741 0.011979166666667 0.016666666666667
11 0.53151041666667 0.53425925925926 0.011979166666667 0.016666666666667
11 0.37421875 0.72314814814815 0.011979166666667 0.016666666666667
11 0.63984375 0.53518518518519 0.011979166666667 0.016666666666667
11 0.51015625 0.56574074074074 0.011979166666667 0.016666666666667
11 0.30052083333333 0.81574074074074 0.011458333333333 0.016666666666667
11 0.36276041666667 0.6912037037037 0.011979166666667 0.015740740740741
11 0.55208333333333 0.47083333333333 0.010416666666667 0.015740740740741
11 0.56796875 0.56666666666667 0.0109375 0.014814814814815
11 0.40286458333333 0.5962962962963 0.0109375 0.014814814814815
11 0.57890625 0.50740740740741 0.0109375 0.014814814814815