10 0.594140625 0.54791666666667 0.03203125 0.0375
10 0.57421875 0.50625 0.0359375 0.043055555555556
10 0.66875 0.66736111111111 0.0296875 0.0375
10 0.68046875 0.76875 0.03125 0.040277777777778
10 0.6921875 0.63472222222222 0.0328125 0.041666666666667
10 0.558203125 0.61041666666667 0.02890625 0.0375
10 0.627734375 0.63194444444444 0.03828125 0.041666666666667
10 0.59375 0.7125 0.0328125 0.041666666666667
10 0.59453125 0.6375 0.0265625 0.030555555555556
10 0.72734375 0.75 0.03125 0.041666666666667
10 0.682421875 0.44305555555556 0.03515625 0.047222222222222
10 0.64765625 0.5625 0.0265625 0.036111111111111
10 0.371484375 0.98680555555556 0.03515625 0.026388888888889
10 0.583984375 0.77638888888889 0.03046875 0.038888888888889
10 0.596875 0.60833333333333 0.0265625 0.036111111111111
10 0.562890625 0.43263888888889 0.05234375 0.054166666666667
10 0.624609375 0.72152777777778 0.03046875 0.0375
10 0.738671875 0.83958333333333 0.03203125 0.045833333333333
10 0.6734375 0.35486111111111 0.0296875 0.043055555555556
10 0.65625 0.85 0.0265625 0.038888888888889
10 0.6390625 0.93263888888889 0.0375 0.051388888888889
10 0.570703125 0.59375 0.02578125 0.034722222222222
10 0.711328125 0.89861111111111 0.03359375 0.044444444444444
10 0.705859375 0.75902777777778 0.02890625 0.0375
10 0.59765625 0.67708333333333 0.0375 0.045833333333333
10 0.657421875 0.72083333333333 0.02734375 0.036111111111111
10 0.66875 0.7375 0.028125 0.036111111111111
10 0.68046875 0.79027777777778 0.0296875 0.038888888888889
10 0.64921875 0.64791666666667 0.0234375 0.029166666666667
10 0.644921875 0.79861111111111 0.03671875 0.05
10 0.618359375 0.57222222222222 0.02578125 0.033333333333333