10 0.786328125 0.80694444444444 0.12578125 0.17222222222222
10 0.750390625 0.33194444444444 0.05546875 0.075
10 0.402734375 0.92222222222222 0.04609375 0.061111111111111
10 0.851953125 0.30625 0.04296875 0.059722222222222
10 0.48828125 0.67291666666667 0.0421875 0.059722222222222
10 0.4390625 0.47777777777778 0.0578125 0.083333333333333
10 0.24609375 0.029861111111111 0.0625 0.059722222222222
10 0.292578125 0.36388888888889 0.04296875 0.058333333333333
10 0.71796875 0.56805555555556 0.0421875 0.061111111111111
10 0.50546875 0.64375 0.0578125 0.081944444444444
10 0.325390625 0.64305555555556 0.05078125 0.069444444444444
10 0.57890625 0.16388888888889 0.0546875 0.075
10 0.68984375 0.60625 0.0796875 0.10416666666667
10 0.958984375 0.2875 0.07890625 0.11111111111111
10 0.44453125 0.39722222222222 0.06875 0.086111111111111
10 0.850390625 0.65138888888889 0.06953125 0.094444444444444
10 0.441015625 0.43888888888889 0.09296875 0.16944444444444
10 0.0609375 0.18472222222222 0.04375 0.066666666666667
10 0.458984375 0.84444444444444 0.05859375 0.058333333333333
10 0.610546875 0.17847222222222 0.05078125 0.070833333333333
10 0.928125 0.57569444444444 0.0671875 0.090277777777778
10 0.952734375 0.57708333333333 0.09296875 0.12361111111111
10 0.1453125 0.96041666666667 0.05 0.0625
10 0.10234375 0.37986111111111 0.040625 0.056944444444444
10 0.462109375 0.64097222222222 0.06171875 0.076388888888889
10 0.59453125 0.38888888888889 0.0609375 0.083333333333333
10 0.68125 0.74166666666667 0.0453125 0.063888888888889
10 0.724609375 0.66875 0.03828125 0.056944444444444
10 0.696484375 0.49305555555556 0.06640625 0.080555555555556
10 0.72890625 0.13958333333333 0.0453125 0.065277777777778
10 0.807421875 0.61736111111111 0.04296875 0.0625
10 0.41640625 0.14930555555556 0.0421875 0.056944444444444
10 0.03984375 0.44305555555556 0.0484375 0.069444444444444
10 0.827734375 0.66458333333333 0.06015625 0.090277777777778
10 0.783984375 0.55347222222222 0.04765625 0.068055555555556
10 0.63359375 0.44375 0.0515625 0.070833333333333
10 0.523046875 0.97638888888889 0.04921875 0.047222222222222
10 0.596484375 0.48263888888889 0.04765625 0.065277777777778
10 0.7296875 0.49791666666667 0.0578125 0.076388888888889
10 0.637890625 0.88263888888889 0.03984375 0.054166666666667
10 0.696484375 0.44305555555556 0.05078125 0.072222222222222
10 0.8 0.68958333333333 0.0453125 0.065277777777778
10 0.0875 0.50555555555556 0.046875 0.063888888888889
10 0.709765625 0.73055555555556 0.06015625 0.086111111111111
10 0.675 0.59722222222222 0.040625 0.058333333333333
10 0.54375 0.44861111111111 0.04375 0.061111111111111
10 0.6203125 0.55208333333333 0.059375 0.076388888888889
10 0.50078125 0.82361111111111 0.0453125 0.058333333333333
10 0.224609375 0.79444444444444 0.04453125 0.061111111111111
10 0.051171875 0.82569444444444 0.04140625 0.056944444444444
10 0.80234375 0.27777777777778 0.0546875 0.080555555555556
10 0.540625 0.35347222222222 0.065625 0.093055555555556
10 0.91796875 0.18611111111111 0.0515625 0.069444444444444
10 0.532421875 0.54305555555556 0.04921875 0.061111111111111
10 0.842578125 0.19652777777778 0.07109375 0.10694444444444
10 0.564453125 0.60625 0.07265625 0.081944444444444
10 0.2734375 0.82083333333333 0.0453125 0.061111111111111
10 0.13359375 0.44861111111111 0.065625 0.1
10 0.67265625 0.53055555555556 0.0421875 0.063888888888889
10 0.44296875 0.83333333333333 0.046875 0.063888888888889
10 0.869921875 0.56041666666667 0.04765625 0.065277777777778
10 0.599609375 0.59166666666667 0.05390625 0.075
10 0.125 0.22847222222222 0.159375 0.16805555555556
10 0.769921875 0.67152777777778 0.03828125 0.0625
10 0.5390625 0.13125 0.05625 0.081944444444444