11 0.24010416666667 0.22824074074074 0.14895833333333 0.18055555555556
11 0.069270833333333 0.1712962962963 0.1375 0.16481481481481
11 0.63489583333333 0.23055555555556 0.128125 0.13703703703704
11 0.16041666666667 0.34907407407407 0.10416666666667 0.14444444444444
11 0.9484375 0.35648148148148 0.097916666666667 0.12777777777778
11 0.25911458333333 0.20972222222222 0.0859375 0.091666666666667
11 0.303125 0.91574074074074 0.073958333333333 0.12037037037037
11 0.69166666666667 0.085648148148148 0.079166666666667 0.099074074074074
11 0.37786458333333 0.51203703703704 0.081770833333333 0.096296296296296
11 0.088020833333333 0.1662037037037 0.085416666666667 0.089814814814815
11 0.40234375 0.39212962962963 0.0828125 0.087962962962963
11 0.35104166666667 0.25509259259259 0.075 0.09537037037037
11 0.0375 0.9087962962963 0.071875 0.082407407407407
11 0.43723958333333 0.76944444444444 0.068229166666667 0.085185185185185
11 0.19166666666667 0.30185185185185 0.082291666666667 0.066666666666667
11 0.42135416666667 0.041203703703704 0.064583333333333 0.080555555555556
11 0.081770833333333 0.48796296296296 0.058333333333333 0.087037037037037
11 0.2296875 0.28148148148148 0.064583333333333 0.07962962962963
11 0.64322916666667 0.78842592592593 0.059375 0.075
11 0.67734375 0.42685185185185 0.050520833333333 0.074074074074074
11 0.51927083333333 0.24861111111111 0.0625 0.063888888888889
11 0.67786458333333 0.22361111111111 0.059895833333333 0.062037037037037
11 0.74765625 0.12546296296296 0.0484375 0.063888888888889
11 0.67447916666667 0.92546296296296 0.054166666666667 0.058333333333333
11 0.40755208333333 0.33287037037037 0.0484375 0.060185185185185
11 0.069270833333333 0.4662037037037 0.05 0.060185185185185
11 0.97890625 0.84398148148148 0.041145833333333 0.069444444444444
11 0.41171875 0.15231481481481 0.0515625 0.05462962962963
11 0.8265625 0.50277777777778 0.04375 0.062962962962963
11 0.76953125 0.24259259259259 0.044270833333333 0.059259259259259
11 0.11588541666667 0.67407407407407 0.0453125 0.059259259259259
11 0.946875 0.14351851851852 0.044791666666667 0.059259259259259
11 0.34348958333333 0.30740740740741 0.0484375 0.053703703703704
11 0.46822916666667 0.040740740740741 0.046875 0.055555555555556
11 0.48072916666667 0.24444444444444 0.044791666666667 0.057407407407407
11 0.1515625 0.3375 0.046875 0.05462962962963
11 0.81822916666667 0.20462962962963 0.041666666666667 0.061111111111111
11 0.65442708333333 0.64027777777778 0.043229166666667 0.058333333333333
11 0.17109375 0.097222222222222 0.0453125 0.055555555555556
11 0.17291666666667 0.30740740740741 0.04375 0.057407407407407
11 0.31015625 0.38101851851852 0.047395833333333 0.052777777777778
11 0.59088541666667 0.38981481481481 0.043229166666667 0.057407407407407
11 0.1921875 0.2625 0.04375 0.056481481481481
11 0.8453125 0.73564814814815 0.040625 0.060185185185185
11 0.72890625 0.37083333333333 0.0390625 0.062037037037037
11 0.56119791666667 0.045833333333333 0.047395833333333 0.050925925925926
11 0.063020833333333 0.9162037037037 0.042708333333333 0.056481481481481
11 0.091927083333333 0.50833333333333 0.043229166666667 0.055555555555556
11 0.88645833333333 0.47407407407407 0.040625 0.059259259259259
11 0.45416666666667 0.44027777777778 0.047916666666667 0.049074074074074
11 0.27864583333333 0.5462962962963 0.04375 0.053703703703704
11 0.92395833333333 0.043055555555556 0.042708333333333 0.05462962962963
11 0.77994791666667 0.42407407407407 0.041145833333333 0.055555555555556
11 0.39817708333333 0.22546296296296 0.046354166666667 0.049074074074074
11 0.071354166666667 0.096759259259259 0.041666666666667 0.052777777777778
11 0.63671875 0.1962962962963 0.040104166666667 0.053703703703704
11 0.24088541666667 0.14768518518519 0.041145833333333 0.050925925925926
11 0.78229166666667 0.49953703703704 0.040625 0.050925925925926
11 0.57604166666667 0.21759259259259 0.039583333333333 0.051851851851852
11 0.050520833333333 0.76481481481481 0.0375 0.053703703703704
11 0.60729166666667 0.34166666666667 0.039583333333333 0.05
11 0.0203125 0.53101851851852 0.038541666666667 0.050925925925926
11 0.12994791666667 0.7412037037037 0.040104166666667 0.047222222222222
11 0.3609375 0.48009259259259 0.041666666666667 0.04537037037037
11 0.83333333333333 0.43657407407407 0.035416666666667 0.049074074074074
11 0.23515625 0.68148148148148 0.0359375 0.048148148148148
11 0.68984375 0.21898148148148 0.038020833333333 0.04537037037037
11 0.73802083333333 0.43240740740741 0.035416666666667 0.048148148148148
11 0.98802083333333 0.75648148148148 0.022916666666667 0.068518518518519
11 0.79973958333333 0.32592592592593 0.033854166666667 0.046296296296296
11 0.013541666666667 0.028703703703704 0.026041666666667 0.057407407407407
11 0.32994791666667 0.42268518518519 0.036979166666667 0.039814814814815
11 0.46510416666667 0.69490740740741 0.034375 0.039814814814815
11 0.85390625 0.31574074074074 0.030729166666667 0.042592592592593
11 0.65104166666667 0.016203703703704 0.044791666666667 0.032407407407407
11 0.99036458333333 0.52592592592593 0.018229166666667 0.051851851851852