10 0.43203125 0.41041666666667 0.059375 0.070833333333333
10 0.65078125 0.40902777777778 0.059375 0.076388888888889
10 0.677734375 0.42777777777778 0.06015625 0.072222222222222
10 0.780859375 0.21180555555556 0.05859375 0.073611111111111
10 0.762890625 0.425 0.05546875 0.069444444444444
10 0.038671875 0.42361111111111 0.06640625 0.088888888888889
10 0.80390625 0.15347222222222 0.0578125 0.079166666666667
10 0.802734375 0.40625 0.05078125 0.065277777777778
10 0.466796875 0.54930555555556 0.04765625 0.059722222222222
10 0.190234375 0.30486111111111 0.05234375 0.068055555555556
10 0.528515625 0.94097222222222 0.03828125 0.043055555555556
10 0.6328125 0.48125 0.05625 0.0625
10 0.3890625 0.82361111111111 0.078125 0.075
10 0.89453125 0.12013888888889 0.046875 0.065277777777778
10 0.633203125 0.59722222222222 0.05390625 0.061111111111111
10 0.844140625 0.76458333333333 0.12265625 0.16527777777778
10 0.704296875 0.54097222222222 0.12421875 0.13194444444444
10 0.7203125 0.44652777777778 0.0625 0.081944444444444
10 0.510546875 0.65208333333333 0.07890625 0.12083333333333
10 0.525 0.080555555555556 0.046875 0.061111111111111
10 0.846875 0.054166666666667 0.0875 0.10277777777778
10 0.535546875 0.32083333333333 0.06328125 0.086111111111111
10 0.96015625 0.47569444444444 0.06875 0.10694444444444
10 0.889453125 0.6 0.05078125 0.072222222222222
10 0.60546875 0.097222222222222 0.046875 0.063888888888889
10 0.39453125 0.05625 0.0484375 0.076388888888889
10 0.715234375 0.34375 0.05390625 0.0625
10 0.062109375 0.27361111111111 0.04921875 0.069444444444444
10 0.76796875 0.62638888888889 0.0828125 0.091666666666667
33 0.026953125 0.77847222222222 0.03984375 0.043055555555556
10 0.5046875 0.70833333333333 0.0453125 0.055555555555556
10 0.94296875 0.025 0.0671875 0.05
10 0.987109375 0.44305555555556 0.02578125 0.072222222222222
10 0.441796875 0.42361111111111 0.08984375 0.11388888888889
10 0.445703125 0.97361111111111 0.03984375 0.044444444444444
10 0.271484375 0.71666666666667 0.04453125 0.058333333333333
10 0.966015625 0.11041666666667 0.06484375 0.10138888888889
10 0.5953125 0.62430555555556 0.034375 0.043055555555556
10 0.771875 0.40833333333333 0.1046875 0.11944444444444
10 0.825390625 0.67083333333333 0.04453125 0.052777777777778
10 0.2578125 0.86527777777778 0.04375 0.052777777777778
10 0.13671875 0.77916666666667 0.046875 0.063888888888889
10 0.554296875 0.027777777777778 0.05390625 0.055555555555556
10 0.536328125 0.8375 0.05078125 0.061111111111111
10 0.741796875 0.80208333333333 0.03671875 0.045833333333333
10 0.646484375 0.54930555555556 0.05234375 0.0625
10 0.816015625 0.57291666666667 0.04765625 0.059722222222222
10 0.89453125 0.5 0.0546875 0.063888888888889