10 0.848046875 0.64930555555556 0.08046875 0.093055555555556
10 0.506640625 0.038194444444444 0.06328125 0.076388888888889
10 0.737890625 0.35138888888889 0.06171875 0.086111111111111
10 0.89140625 0.52152777777778 0.078125 0.093055555555556
10 0.524609375 0.33888888888889 0.09453125 0.125
10 0.842578125 0.76666666666667 0.15859375 0.17777777777778
10 0.848046875 0.13888888888889 0.06484375 0.088888888888889
10 0.959375 0.45486111111111 0.065625 0.081944444444444
10 0.36171875 0.84305555555556 0.075 0.086111111111111
10 0.71171875 0.95208333333333 0.0640625 0.081944444444444
10 0.773046875 0.43472222222222 0.05859375 0.083333333333333
10 0.362109375 0.37847222222222 0.11328125 0.14027777777778
10 0.962890625 0.59444444444444 0.06171875 0.086111111111111
10 0.475390625 0.60208333333333 0.06328125 0.079166666666667
10 0.919921875 0.45625 0.06171875 0.081944444444444
10 0.966015625 0.41111111111111 0.05859375 0.094444444444444
10 0.659375 0.33055555555556 0.0703125 0.088888888888889
10 0.7765625 0.20555555555556 0.071875 0.091666666666667
10 0.5828125 0.41875 0.05625 0.073611111111111
10 0.772265625 0.60208333333333 0.08359375 0.1125
10 0.634375 0.74583333333333 0.06875 0.086111111111111
10 0.223046875 0.88680555555556 0.06015625 0.081944444444444
10 0.726953125 0.54791666666667 0.08359375 0.11805555555556
10 0.684375 0.41041666666667 0.0859375 0.12638888888889
10 0.946484375 0.052777777777778 0.07421875 0.094444444444444
10 0.31875 0.38263888888889 0.065625 0.098611111111111
10 0.436328125 0.54166666666667 0.06015625 0.088888888888889
10 0.619921875 0.52916666666667 0.07265625 0.097222222222222
10 0.81796875 0.125 0.071875 0.1
10 0.80703125 0.040277777777778 0.071875 0.080555555555556
10 0.80859375 0.39375 0.06875 0.093055555555556