10 0.59010416666667 0.85185185185185 0.04375 0.081481481481481
10 0.97604166666667 0.79768518518519 0.045833333333333 0.075
10 0.85494791666667 0.6412037037037 0.030729166666667 0.047222222222222
10 0.53463541666667 0.72268518518519 0.033854166666667 0.049074074074074
10 0.76875 0.35185185185185 0.028125 0.040740740740741
10 0.29505208333333 0.7125 0.025520833333333 0.039814814814815
10 0.62526041666667 0.32268518518519 0.027604166666667 0.039814814814815
10 0.8828125 0.68842592592593 0.022916666666667 0.04537037037037
10 0.87682291666667 0.95972222222222 0.027604166666667 0.036111111111111
10 0.48567708333333 0.7962962962963 0.025520833333333 0.038888888888889
10 0.82942708333333 0.91944444444444 0.0265625 0.037037037037037
10 0.85052083333333 0.50277777777778 0.025 0.038888888888889
10 0.44348958333333 0.91018518518519 0.028645833333333 0.033333333333333
10 0.92369791666667 0.83611111111111 0.025520833333333 0.037037037037037
10 0.96380208333333 0.8125 0.025520833333333 0.036111111111111
10 0.44947916666667 0.675 0.025 0.035185185185185
10 0.80052083333333 0.64027777777778 0.023958333333333 0.036111111111111
10 0.96770833333333 0.36898148148148 0.023958333333333 0.036111111111111
10 0.95833333333333 0.70555555555556 0.023958333333333 0.035185185185185
10 0.74401041666667 0.54722222222222 0.0234375 0.035185185185185
10 0.10729166666667 0.81018518518519 0.022916666666667 0.033333333333333
10 0.88411458333333 0.675 0.024479166666667 0.033333333333333
10 0.3296875 0.90138888888889 0.021875 0.034259259259259
10 0.61328125 0.67037037037037 0.0234375 0.035185185185185
10 0.83046875 0.7537037037037 0.022395833333333 0.033333333333333
10 0.70859375 0.72083333333333 0.022395833333333 0.032407407407407
10 0.92890625 0.70324074074074 0.022395833333333 0.032407407407407
10 0.52916666666667 0.95833333333333 0.022916666666667 0.031481481481481
10 0.62552083333333 0.021759259259259 0.021875 0.032407407407407
10 0.84296875 0.4962962962963 0.022395833333333 0.031481481481481
10 0.95833333333333 0.33703703703704 0.020833333333333 0.033333333333333
10 0.43567708333333 0.94212962962963 0.021354166666667 0.032407407407407
10 0.70520833333333 0.58611111111111 0.020833333333333 0.031481481481481
10 0.53958333333333 0.93796296296296 0.021875 0.02962962962963
10 0.5328125 0.91018518518519 0.020833333333333 0.02962962962963
10 0.88203125 0.70462962962963 0.021354166666667 0.02962962962963
10 0.49661458333333 0.98472222222222 0.021354166666667 0.028703703703704
10 0.40911458333333 0.95462962962963 0.0203125 0.02962962962963
10 0.73645833333333 0.9375 0.020833333333333 0.028703703703704
10 0.42161458333333 0.3662037037037 0.018229166666667 0.028703703703704
10 0.98984375 0.081944444444444 0.018229166666667 0.028703703703704
10 0.38151041666667 0.92638888888889 0.021354166666667 0.023148148148148
10 0.55494791666667 0.62546296296296 0.0171875 0.025
10 0.37369791666667 0.92592592592593 0.0171875 0.024074074074074
10 0.41927083333333 0.89074074074074 0.016666666666667 0.024074074074074
10 0.43333333333333 0.73564814814815 0.016666666666667 0.023148148148148
10 0.66744791666667 0.62407407407407 0.016145833333333 0.024074074074074
10 0.4546875 0.7625 0.015625 0.021296296296296
10 0.50520833333333 0.74814814814815 0.015625 0.022222222222222
10 0.515625 0.72314814814815 0.015625 0.022222222222222
10 0.42708333333333 0.71388888888889 0.014583333333333 0.022222222222222
10 0.56614583333333 0.51111111111111 0.014583333333333 0.02037037037037
10 0.38958333333333 0.92777777777778 0.015625 0.02037037037037
10 0.50260416666667 0.53472222222222 0.014583333333333 0.019444444444444
10 0.4765625 0.66064814814815 0.014583333333333 0.019444444444444
10 0.60729166666667 0.73842592592593 0.014583333333333 0.019444444444444
10 0.5671875 0.6 0.013541666666667 0.02037037037037
10 0.51328125 0.57453703703704 0.0140625 0.019444444444444
10 0.67369791666667 0.66157407407407 0.0140625 0.019444444444444
10 0.58151041666667 0.53981481481481 0.013020833333333 0.02037037037037
10 0.48020833333333 0.58657407407407 0.013541666666667 0.019444444444444
10 0.5859375 0.52824074074074 0.013541666666667 0.019444444444444
10 0.44791666666667 0.77453703703704 0.013541666666667 0.019444444444444
10 0.59348958333333 0.46666666666667 0.0140625 0.018518518518519
10 0.55494791666667 0.56805555555556 0.013020833333333 0.019444444444444
10 0.38463541666667 0.76851851851852 0.013020833333333 0.018518518518519
10 0.49453125 0.63611111111111 0.013020833333333 0.018518518518519
10 0.43203125 0.98981481481481 0.0140625 0.016666666666667
10 0.403125 0.82592592592593 0.0125 0.018518518518519
10 0.68880208333333 0.52407407407407 0.011979166666667 0.018518518518519
10 0.415625 0.85509259259259 0.0125 0.017592592592593
10 0.59635416666667 0.56527777777778 0.0125 0.017592592592593
10 0.36067708333333 0.84675925925926 0.011979166666667 0.017592592592593
10 0.35494791666667 0.82592592592593 0.013020833333333 0.016666666666667
10 0.64453125 0.34722222222222 0.011979166666667 0.016666666666667
10 0.53567708333333 0.55 0.011979166666667 0.016666666666667
10 0.5421875 0.64814814814815 0.011458333333333 0.016666666666667
10 0.6921875 0.49074074074074 0.011458333333333 0.016666666666667
10 0.3828125 0.81898148148148 0.011458333333333 0.015740740740741
10 0.5234375 0.51527777777778 0.011458333333333 0.015740740740741
10 0.54895833333333 0.55138888888889 0.010416666666667 0.015740740740741