10 0.42317708333333 0.94814814814815 0.034895833333333 0.048148148148148
10 0.53567708333333 0.57777777777778 0.013020833333333 0.02037037037037
10 0.49401041666667 0.7875 0.013020833333333 0.017592592592593
10 0.29010416666667 0.89259259259259 0.013541666666667 0.018518518518519
10 0.028645833333333 0.91666666666667 0.023958333333333 0.037037037037037
10 0.77708333333333 0.99259259259259 0.017708333333333 0.016666666666667
10 0.63645833333333 0.72592592592593 0.022916666666667 0.033333333333333
10 0.6234375 0.86018518518519 0.015625 0.022222222222222
10 0.50052083333333 0.58472222222222 0.013541666666667 0.019444444444444
10 0.72578125 0.71898148148148 0.0203125 0.028703703703704
10 0.37083333333333 0.84074074074074 0.017708333333333 0.025925925925926
10 0.871875 0.49537037037037 0.015625 0.022222222222222
10 0.44583333333333 0.85694444444444 0.017708333333333 0.023148148148148
10 0.42994791666667 0.87037037037037 0.019270833333333 0.025925925925926
10 0.95078125 0.98194444444444 0.021354166666667 0.028703703703704
10 0.90729166666667 0.83657407407407 0.023958333333333 0.034259259259259
10 0.34322916666667 0.78842592592593 0.014583333333333 0.019444444444444
10 0.64453125 0.84537037037037 0.015104166666667 0.022222222222222
10 0.35963541666667 0.77268518518519 0.013020833333333 0.017592592592593
10 0.33776041666667 0.79814814814815 0.0140625 0.02037037037037
10 0.80885416666667 0.98472222222222 0.025 0.030555555555556
10 0.59895833333333 0.66203703703704 0.011458333333333 0.018518518518519
10 0.56953125 0.52592592592593 0.013020833333333 0.018518518518519
10 0.39244791666667 0.85092592592593 0.016145833333333 0.022222222222222
10 0.59817708333333 0.79722222222222 0.015104166666667 0.022222222222222
10 0.896875 0.53472222222222 0.016666666666667 0.026851851851852
10 0.40208333333333 0.69953703703704 0.013541666666667 0.019444444444444
10 0.32395833333333 0.83564814814815 0.013541666666667 0.017592592592593
10 0.61614583333333 0.70231481481481 0.021875 0.030555555555556
10 0.36614583333333 0.85925925925926 0.032291666666667 0.046296296296296
10 0.48828125 0.70416666666667 0.016145833333333 0.023148148148148
10 0.38854166666667 0.76064814814815 0.013541666666667 0.019444444444444
10 0.28385416666667 0.95324074074074 0.015625 0.023148148148148
10 0.46328125 0.84953703703704 0.0171875 0.023148148148148
10 0.47109375 0.23472222222222 0.021354166666667 0.032407407407407
10 0.45625 0.41435185185185 0.023958333333333 0.036111111111111
10 0.50833333333333 0.62268518518519 0.016666666666667 0.023148148148148
10 0.67994791666667 0.84027777777778 0.022395833333333 0.034259259259259
10 0.53151041666667 0.68425925925926 0.0140625 0.02037037037037
10 0.7875 0.7 0.020833333333333 0.02962962962963
10 0.24635416666667 0.89814814814815 0.014583333333333 0.02037037037037
10 0.99088541666667 0.81435185185185 0.0171875 0.036111111111111
10 0.59791666666667 0.62685185185185 0.0125 0.018518518518519
10 0.40442708333333 0.80740740740741 0.016145833333333 0.024074074074074
10 0.47421875 0.82916666666667 0.0140625 0.019444444444444
10 0.41223958333333 0.83842592592593 0.015104166666667 0.019444444444444
10 0.36328125 0.95231481481481 0.0234375 0.034259259259259
10 0.66822916666667 0.77222222222222 0.026041666666667 0.038888888888889
10 0.45598958333333 0.77083333333333 0.013020833333333 0.019444444444444
10 0.4421875 0.70231481481481 0.019791666666667 0.028703703703704
10 0.8125 0.52592592592593 0.01875 0.027777777777778
10 0.46354166666667 0.67407407407407 0.013541666666667 0.018518518518519
10 0.46796875 0.6787037037037 0.0171875 0.022222222222222
10 0.83229166666667 0.84166666666667 0.016666666666667 0.024074074074074
10 0.5390625 0.86759259259259 0.015625 0.02037037037037
10 0.84505208333333 0.66203703703704 0.019270833333333 0.02962962962963
10 0.8359375 0.92546296296296 0.022916666666667 0.032407407407407
10 0.45989583333333 0.59583333333333 0.011458333333333 0.015740740740741
10 0.97708333333333 0.35231481481481 0.025 0.037962962962963
10 0.25911458333333 0.98657407407407 0.0234375 0.032407407407407
10 0.51770833333333 0.92083333333333 0.017708333333333 0.023148148148148
10 0.8484375 0.2662037037037 0.015625 0.025
10 0.41276041666667 0.3962962962963 0.021354166666667 0.033333333333333
10 0.22578125 0.96666666666667 0.015104166666667 0.022222222222222
10 0.81484375 0.79490740740741 0.018229166666667 0.026851851851852
10 0.045052083333333 0.62037037037037 0.0796875 0.11481481481481
10 0.8890625 0.21435185185185 0.025 0.039814814814815
10 0.25260416666667 0.93240740740741 0.015625 0.022222222222222
10 0.53854166666667 0.76805555555556 0.021875 0.032407407407407
10 0.87916666666667 0.97314814814815 0.025 0.037037037037037
10 0.18203125 0.83194444444444 0.027604166666667 0.039814814814815
10 0.41901041666667 0.77546296296296 0.015104166666667 0.021296296296296
10 0.63072916666667 0.5662037037037 0.022916666666667 0.036111111111111