10 0.73463541666667 0.43657407407407 0.030729166666667 0.047222222222222
10 0.48776041666667 0.61481481481481 0.056770833333333 0.074074074074074
10 0.38515625 0.6837962962963 0.090104166666667 0.1212962962963
10 0.43645833333333 0.25648148148148 0.054166666666667 0.088888888888889
10 0.5015625 0.51712962962963 0.035416666666667 0.056481481481481
10 0.69375 0.37916666666667 0.044791666666667 0.062037037037037
10 0.88723958333333 0.53935185185185 0.0546875 0.071296296296296
10 0.35494791666667 0.48796296296296 0.0796875 0.092592592592593
10 0.88541666666667 0.38101851851852 0.055208333333333 0.089814814814815
10 0.52161458333333 0.44953703703704 0.058854166666667 0.080555555555556
10 0.43723958333333 0.34861111111111 0.049479166666667 0.063888888888889
10 0.54244791666667 0.7462962962963 0.040104166666667 0.051851851851852
10 0.95494791666667 0.87407407407407 0.0328125 0.046296296296296
10 0.56953125 0.50092592592593 0.053645833333333 0.07037037037037
10 0.80234375 0.3625 0.0578125 0.069444444444444
10 0.48463541666667 0.95324074074074 0.071354166666667 0.086111111111111
10 0.48984375 0.15277777777778 0.0640625 0.12222222222222
10 0.040885416666667 0.13703703703704 0.0609375 0.10925925925926
10 0.57526041666667 0.58425925925926 0.047395833333333 0.064814814814815
10 0.94765625 0.39027777777778 0.052604166666667 0.086111111111111
10 0.97942708333333 0.92268518518519 0.036979166666667 0.073148148148148
10 0.17421875 0.33564814814815 0.080729166666667 0.13425925925926
10 0.87109375 0.89537037037037 0.025520833333333 0.040740740740741
10 0.63776041666667 0.48888888888889 0.0515625 0.07962962962963
10 0.37369791666667 0.14814814814815 0.0765625 0.11851851851852
10 0.48776041666667 0.28842592592593 0.066145833333333 0.11018518518519
10 0.9453125 0.50787037037037 0.091666666666667 0.1287037037037
10 0.70286458333333 0.73657407407407 0.027604166666667 0.043518518518519
33 0.91015625 0.16666666666667 0.0484375 0.053703703703704
10 0.921875 0.90555555555556 0.030208333333333 0.046296296296296
10 0.77552083333333 0.97731481481481 0.032291666666667 0.039814814814815
10 0.55260416666667 0.59398148148148 0.042708333333333 0.05462962962963
10 0.95911458333333 0.64953703703704 0.077604166666667 0.10833333333333
10 0.33255208333333 0.57314814814815 0.065104166666667 0.068518518518519
10 0.55833333333333 0.67685185185185 0.070833333333333 0.1
10 0.46536458333333 0.62824074074074 0.0484375 0.065740740740741