11 0.705078125 0.92361111111111 0.08203125 0.13333333333333
11 0.77578125 0.76805555555556 0.065625 0.1
11 0.6078125 0.75486111111111 0.05625 0.073611111111111
11 0.780859375 0.74861111111111 0.04765625 0.061111111111111
11 0.4875 0.8625 0.0484375 0.069444444444444
11 0.690625 0.76805555555556 0.0640625 0.094444444444444
11 0.8 0.58194444444444 0.0421875 0.063888888888889
11 0.7859375 0.47083333333333 0.04375 0.063888888888889
11 0.826171875 0.85138888888889 0.04296875 0.055555555555556
11 0.62734375 0.79583333333333 0.040625 0.055555555555556
11 0.6546875 0.60625 0.0421875 0.059722222222222
11 0.614453125 0.66111111111111 0.03828125 0.058333333333333
11 0.544140625 0.64722222222222 0.03984375 0.055555555555556
11 0.601171875 0.60347222222222 0.03828125 0.056944444444444
11 0.622265625 0.52013888888889 0.03828125 0.054166666666667
11 0.630078125 0.91736111111111 0.03828125 0.056944444444444
11 0.68828125 0.87708333333333 0.0421875 0.051388888888889
11 0.476953125 0.72013888888889 0.03828125 0.051388888888889
11 0.515625 0.72777777777778 0.0375 0.052777777777778
11 0.707421875 0.69027777777778 0.03671875 0.052777777777778
11 0.463671875 0.65208333333333 0.03515625 0.051388888888889
11 0.732421875 0.7125 0.03515625 0.052777777777778
11 0.63203125 0.73888888888889 0.034375 0.05
11 0.658984375 0.68402777777778 0.03203125 0.048611111111111
11 0.631640625 0.89097222222222 0.03515625 0.048611111111111
11 0.65625 0.71944444444444 0.03125 0.044444444444444
11 0.682421875 0.9875 0.03046875 0.025