10 0.06328125 0.22592592592593 0.072395833333333 0.094444444444444
10 0.73229166666667 0.32916666666667 0.045833333333333 0.063888888888889
10 0.70677083333333 0.2712962962963 0.091666666666667 0.14074074074074
10 0.784375 0.25231481481481 0.098958333333333 0.14166666666667
10 0.74765625 0.44351851851852 0.12760416666667 0.16481481481481
10 0.8984375 0.14490740740741 0.128125 0.1712962962963
10 0.871875 0.36064814814815 0.15833333333333 0.19907407407407
10 0.14140625 0.15601851851852 0.081770833333333 0.10277777777778
10 0.067708333333333 0.20833333333333 0.11458333333333 0.18703703703704
10 0.95416666666667 0.18796296296296 0.09375 0.18703703703704
10 0.27578125 0.28101851851852 0.11197916666667 0.14722222222222
10 0.025520833333333 0.25138888888889 0.051041666666667 0.10092592592593
10 0.62083333333333 0.28796296296296 0.084375 0.11481481481481
10 0.025260416666667 0.37361111111111 0.050520833333333 0.11944444444444
10 0.3984375 0.29074074074074 0.21770833333333 0.30185185185185
10 0.96197916666667 0.36296296296296 0.058333333333333 0.087037037037037