11 0.15234375 0.55138888888889 0.2984375 0.48055555555556
11 0.836328125 0.3625 0.32890625 0.59722222222222
11 0.151953125 0.0375 0.06015625 0.075
11 0.471875 0.35277777777778 0.059375 0.075
11 0.216796875 0.79930555555556 0.08046875 0.13472222222222
11 0.319140625 0.47361111111111 0.06953125 0.097222222222222
11 0.299609375 0.21111111111111 0.10390625 0.12222222222222
11 0.38828125 0.42222222222222 0.0625 0.086111111111111
11 0.2421875 0.12083333333333 0.05625 0.075
11 0.215234375 0.086111111111111 0.05703125 0.075
11 0.28828125 0.4 0.05625 0.077777777777778
11 0.303125 0.34097222222222 0.0546875 0.076388888888889
11 0.444140625 0.37013888888889 0.05703125 0.070833333333333
11 0.378125 0.30416666666667 0.05625 0.072222222222222
11 0.45234375 0.43263888888889 0.0546875 0.070833333333333
11 0.027734375 0.031944444444444 0.05546875 0.063888888888889
11 0.427734375 0.40347222222222 0.05234375 0.070833333333333
11 0.31796875 0.37708333333333 0.0515625 0.068055555555556
11 0.8484375 0.62361111111111 0.040625 0.061111111111111
11 0.2953125 0.28472222222222 0.05 0.069444444444444
11 0.040234375 0.94166666666667 0.03359375 0.041666666666667
11 0.82265625 0.7125 0.0390625 0.05
11 0.988671875 0.7375 0.02265625 0.061111111111111
11 0.03203125 0.53402777777778 0.03125 0.043055555555556
11 0.19765625 0.38819444444444 0.0296875 0.040277777777778
10 0.66171875 0.94305555555556 0.0234375 0.030555555555556