10 0.030729166666667 0.39722222222222 0.061458333333333 0.10740740740741
10 0.75703125 0.43518518518519 0.11510416666667 0.15
10 0.018489583333333 0.32361111111111 0.036979166666667 0.097222222222222
10 0.70494791666667 0.29027777777778 0.061979166666667 0.087962962962963
10 0.896875 0.31898148148148 0.094791666666667 0.1287037037037
10 0.22265625 0.43101851851852 0.1953125 0.23981481481481
10 0.61510416666667 0.33657407407407 0.086458333333333 0.10833333333333
10 0.78203125 0.34768518518519 0.0953125 0.12685185185185
10 0.90442708333333 0.36111111111111 0.15260416666667 0.22222222222222
10 0.12526041666667 0.29351851851852 0.093229166666667 0.11481481481481
10 0.96458333333333 0.17175925925926 0.072916666666667 0.20462962962963
10 0.1015625 0.36481481481481 0.15520833333333 0.22037037037037
10 0.94791666666667 0.39537037037037 0.10625 0.17777777777778
10 0.40651041666667 0.36759259259259 0.22135416666667 0.27962962962963