10 0.64947916666667 0.28240740740741 0.171875 0.24259259259259
10 0.63697916666667 0.18703703703704 0.038541666666667 0.048148148148148
10 0.044010416666667 0.88611111111111 0.068229166666667 0.072222222222222
10 0.95651041666667 0.12685185185185 0.0484375 0.057407407407407
10 0.93619791666667 0.011574074074074 0.043229166666667 0.023148148148148
10 0.84244791666667 0.72638888888889 0.0421875 0.05462962962963
10 0.55703125 0.041203703703704 0.044270833333333 0.052777777777778
10 0.2078125 0.75694444444444 0.034375 0.047222222222222
10 0.52265625 0.1962962962963 0.044270833333333 0.051851851851852
10 0.47708333333333 0.71157407407407 0.084375 0.13611111111111
10 0.4203125 0.37592592592593 0.10729166666667 0.1462962962963
10 0.11848958333333 0.64537037037037 0.0421875 0.057407407407407
10 0.64505208333333 0.77453703703704 0.0640625 0.091666666666667
10 0.67083333333333 0.21111111111111 0.089583333333333 0.10185185185185
10 0.41822916666667 0.04537037037037 0.072916666666667 0.07962962962963
10 0.35208333333333 0.94398148148148 0.080208333333333 0.10648148148148
10 0.409375 0.11111111111111 0.080208333333333 0.098148148148148
10 0.22395833333333 0.25787037037037 0.06875 0.067592592592593
10 0.78697916666667 0.25046296296296 0.076041666666667 0.10833333333333
10 0.98880208333333 0.52083333333333 0.022395833333333 0.065740740740741
10 0.41197916666667 0.080092592592593 0.10833333333333 0.15277777777778
10 0.67708333333333 0.93564814814815 0.052083333333333 0.069444444444444
10 0.08046875 0.10046296296296 0.069270833333333 0.080555555555556
10 0.97317708333333 0.82546296296296 0.0484375 0.071296296296296
10 0.51380208333333 0.24259259259259 0.10885416666667 0.14259259259259
10 0.22994791666667 0.66064814814815 0.034895833333333 0.049074074074074
10 0.84609375 0.39907407407407 0.0390625 0.053703703703704
10 0.37395833333333 0.5287037037037 0.09375 0.16111111111111
10 0.95208333333333 0.33888888888889 0.092708333333333 0.13703703703704
10 0.74166666666667 0.41944444444444 0.032291666666667 0.044444444444444
10 0.83151041666667 0.47824074074074 0.041145833333333 0.056481481481481
10 0.18125 0.25138888888889 0.045833333333333 0.05462962962963
10 0.296875 0.3587962962963 0.040625 0.04537037037037
10 0.78203125 0.24027777777778 0.052604166666667 0.067592592592593
10 0.73125 0.37777777777778 0.045833333333333 0.059259259259259
10 0.1625 0.088888888888889 0.044791666666667 0.051851851851852
10 0.6875 0.42824074074074 0.061458333333333 0.087962962962963
10 0.57213541666667 0.22731481481481 0.0453125 0.056481481481481
10 0.31588541666667 0.40138888888889 0.034895833333333 0.039814814814815
10 0.78697916666667 0.47685185185185 0.036458333333333 0.048148148148148
10 0.081510416666667 0.48888888888889 0.0421875 0.053703703703704
10 0.01484375 0.023148148148148 0.0296875 0.046296296296296
10 0.26875 0.5337962962963 0.041666666666667 0.05462962962963
10 0.8765625 0.45740740740741 0.041666666666667 0.057407407407407
10 0.37734375 0.50555555555556 0.065104166666667 0.087037037037037
10 0.38776041666667 0.19259259259259 0.047395833333333 0.057407407407407
10 0.24895833333333 0.18888888888889 0.103125 0.11296296296296
10 0.74791666666667 0.12592592592593 0.045833333333333 0.059259259259259
10 0.15572916666667 0.29259259259259 0.060416666666667 0.074074074074074
10 0.81796875 0.18888888888889 0.044270833333333 0.059259259259259
10 0.0671875 0.12824074074074 0.11458333333333 0.14907407407407
10 0.12473958333333 0.71712962962963 0.043229166666667 0.056481481481481
10 0.061197916666667 0.44722222222222 0.0421875 0.048148148148148
10 0.784375 0.39722222222222 0.039583333333333 0.053703703703704
10 0.66666666666667 0.625 0.0375 0.048148148148148
10 0.34088541666667 0.24351851851852 0.069270833333333 0.1
10 0.59765625 0.36944444444444 0.047395833333333 0.061111111111111
10 0.0140625 0.13055555555556 0.028125 0.064814814814815
10 0.46666666666667 0.031481481481481 0.046875 0.051851851851852
10 0.016666666666667 0.51712962962963 0.033333333333333 0.071296296296296
10 0.69583333333333 0.093518518518519 0.0875 0.10185185185185
10 0.8578125 0.30324074074074 0.033333333333333 0.04537037037037
10 0.22291666666667 0.15509259259259 0.047916666666667 0.056481481481481
10 0.044791666666667 0.75046296296296 0.036458333333333 0.047222222222222
10 0.34348958333333 0.30138888888889 0.049479166666667 0.058333333333333