10 0.9546875 0.55138888888889 0.0515625 0.069444444444444
10 0.396875 0.76666666666667 0.0453125 0.066666666666667
10 0.5828125 0.70555555555556 0.0484375 0.063888888888889
10 0.895703125 0.70416666666667 0.06640625 0.091666666666667
10 0.588671875 0.78472222222222 0.05234375 0.077777777777778
10 0.548046875 0.66319444444444 0.10703125 0.13194444444444
10 0.696875 0.38611111111111 0.059375 0.091666666666667
10 0.45703125 0.60763888888889 0.0671875 0.0875
10 0.96484375 0.69930555555556 0.0515625 0.081944444444444
10 0.674609375 0.23680555555556 0.06953125 0.090277777777778
10 0.7578125 0.15208333333333 0.0640625 0.10416666666667
10 0.796484375 0.33333333333333 0.04609375 0.069444444444444
10 0.92734375 0.29583333333333 0.059375 0.080555555555556
10 0.4640625 0.46944444444444 0.0484375 0.069444444444444
10 0.8921875 0.95625 0.05 0.070833333333333
10 0.546484375 0.78472222222222 0.06640625 0.097222222222222
10 0.615625 0.91319444444444 0.0890625 0.1125
10 0.5734375 0.27083333333333 0.05625 0.080555555555556
10 0.4953125 0.40277777777778 0.0515625 0.066666666666667
10 0.603125 0.66319444444444 0.05 0.0625