10 0.59583333333333 0.71481481481481 0.15416666666667 0.18888888888889
10 0.11692708333333 0.75324074074074 0.12864583333333 0.15092592592593
10 0.78541666666667 0.70601851851852 0.12708333333333 0.13611111111111
10 0.16171875 0.11712962962963 0.075520833333333 0.15833333333333
10 0.38854166666667 0.32731481481481 0.092708333333333 0.11388888888889
10 0.17395833333333 0.60138888888889 0.089583333333333 0.1212962962963
10 0.42369791666667 0.74953703703704 0.084895833333333 0.11203703703704
10 0.31328125 0.41342592592593 0.080729166666667 0.11203703703704
10 0.55963541666667 0.21064814814815 0.0921875 0.093518518518519
10 0.65677083333333 0.44814814814815 0.082291666666667 0.083333333333333
10 0.1796875 0.60740740740741 0.0625 0.075925925925926
10 0.65442708333333 0.34074074074074 0.075520833333333 0.077777777777778
10 0.40130208333333 0.32916666666667 0.056770833333333 0.075
10 0.36536458333333 0.049074074074074 0.0515625 0.07962962962963
10 0.55833333333333 0.48518518518519 0.059375 0.077777777777778
10 0.53151041666667 0.20324074074074 0.053645833333333 0.067592592592593
10 0.59765625 0.21481481481481 0.0515625 0.064814814814815
10 0.48359375 0.090740740740741 0.044270833333333 0.072222222222222
10 0.20182291666667 0.68472222222222 0.050520833333333 0.058333333333333
10 0.60416666666667 0.099537037037037 0.04375 0.063888888888889
10 0.43984375 0.05462962962963 0.0453125 0.061111111111111
10 0.32864583333333 0.43009259259259 0.042708333333333 0.062037037037037
10 0.57708333333333 0.051851851851852 0.04375 0.059259259259259
10 0.52942708333333 0.28055555555556 0.0453125 0.055555555555556
10 0.36901041666667 0.30555555555556 0.0421875 0.055555555555556
10 0.41171875 0.46157407407407 0.0421875 0.058333333333333
10 0.51432291666667 0.040277777777778 0.040104166666667 0.058333333333333
10 0.6671875 0.95324074074074 0.042708333333333 0.052777777777778
10 0.88645833333333 0.81805555555556 0.04375 0.050925925925926
10 0.097395833333333 0.49074074074074 0.039583333333333 0.055555555555556
10 0.36901041666667 0.34305555555556 0.0390625 0.05462962962963
10 0.42604166666667 0.10092592592593 0.039583333333333 0.053703703703704
10 0.56171875 0.024537037037037 0.043229166666667 0.049074074074074
10 0.66848958333333 0.11111111111111 0.0390625 0.051851851851852
10 0.62916666666667 0.16435185185185 0.039583333333333 0.050925925925926
10 0.18541666666667 0.61481481481481 0.039583333333333 0.05
10 0.29244791666667 0.20138888888889 0.0359375 0.05462962962963
10 0.65052083333333 0.29212962962963 0.041666666666667 0.047222222222222
10 0.77994791666667 0.022685185185185 0.043229166666667 0.04537037037037
10 0.26510416666667 0.29259259259259 0.0375 0.051851851851852
10 0.32994791666667 0.11990740740741 0.036979166666667 0.052777777777778
10 0.284375 0.090740740740741 0.035416666666667 0.053703703703704
10 0.37890625 0.48935185185185 0.036979166666667 0.050925925925926
10 0.66822916666667 0.57777777777778 0.041666666666667 0.044444444444444
10 0.70572916666667 0.4537037037037 0.041666666666667 0.044444444444444
10 0.72005208333333 0.29861111111111 0.0390625 0.047222222222222
10 0.69192708333333 0.71111111111111 0.038020833333333 0.048148148148148
10 0.76484375 0.52731481481481 0.0421875 0.043518518518519
10 0.40182291666667 0.10324074074074 0.0359375 0.050925925925926
10 0.14817708333333 0.84490740740741 0.036979166666667 0.049074074074074
10 0.74921875 0.39166666666667 0.040104166666667 0.044444444444444
10 0.74036458333333 0.32731481481481 0.0390625 0.04537037037037
10 0.45130208333333 0.17685185185185 0.0359375 0.048148148148148
10 0.16197916666667 0.56712962962963 0.036458333333333 0.047222222222222
10 0.18385416666667 0.36805555555556 0.036458333333333 0.047222222222222
10 0.30807291666667 0.25185185185185 0.034895833333333 0.048148148148148
10 0.64791666666667 0.24490740740741 0.038541666666667 0.043518518518519
10 0.4109375 0.02962962962963 0.034375 0.048148148148148
10 0.45911458333333 0.29490740740741 0.034895833333333 0.047222222222222
10 0.79088541666667 0.60555555555556 0.036979166666667 0.044444444444444
10 0.36640625 0.22592592592593 0.0328125 0.05
10 0.23385416666667 0.22777777777778 0.032291666666667 0.05
10 0.62630208333333 0.51805555555556 0.0390625 0.041666666666667
10 0.49427083333333 0.32314814814815 0.033333333333333 0.048148148148148
10 0.22734375 0.28935185185185 0.033854166666667 0.047222222222222
10 0.76901041666667 0.46111111111111 0.0390625 0.040740740740741
10 0.18932291666667 0.43703703703704 0.0328125 0.048148148148148
10 0.390625 0.23101851851852 0.033333333333333 0.047222222222222
10 0.7203125 0.56527777777778 0.0375 0.041666666666667
10 0.62994791666667 0.32638888888889 0.036979166666667 0.041666666666667
10 0.27838541666667 0.54305555555556 0.033854166666667 0.04537037037037
10 0.8671875 0.87314814814815 0.034375 0.044444444444444
10 0.628125 0.10694444444444 0.032291666666667 0.043518518518519
10 0.36979166666667 0.54351851851852 0.032291666666667 0.042592592592593
10 0.11666666666667 0.38611111111111 0.030208333333333 0.046296296296296
10 0.26770833333333 0.7 0.032291666666667 0.040740740740741
10 0.50546875 0.02037037037037 0.031770833333333 0.040740740740741
10 0.675 0.37546296296296 0.033333333333333 0.037962962962963
10 0.15234375 0.40601851851852 0.028645833333333 0.043518518518519
10 0.66510416666667 0.5212962962963 0.033333333333333 0.035185185185185
10 0.2421875 0.35231481481481 0.03125 0.039814814814815
10 0.35364583333333 0.4662037037037 0.029166666666667 0.039814814814815
10 0.24791666666667 0.61481481481481 0.03125 0.037037037037037
10 0.53359375 0.31759259259259 0.030729166666667 0.037037037037037
10 0.0890625 0.015740740740741 0.030208333333333 0.031481481481481
10 0.42135416666667 0.14305555555556 0.028125 0.037962962962963
10 0.55364583333333 0.082407407407407 0.027083333333333 0.035185185185185
10 0.53541666666667 0.013425925925926 0.027083333333333 0.026851851851852
10 0.46328125 0.011574074074074 0.027604166666667 0.023148148148148