11 0.32994791666667 0.25231481481481 0.046354166666667 0.069444444444444
11 0.31119791666667 0.36805555555556 0.0390625 0.049074074074074
11 0.22239583333333 0.31574074074074 0.033333333333333 0.044444444444444
11 0.2703125 0.27453703703704 0.029166666666667 0.039814814814815
11 0.27630208333333 0.72777777777778 0.028645833333333 0.033333333333333
11 0.18984375 0.4375 0.027604166666667 0.036111111111111
11 0.40052083333333 0.28194444444444 0.030208333333333 0.039814814814815
11 0.23932291666667 0.41851851851852 0.0421875 0.055555555555556
11 0.35442708333333 0.30925925925926 0.050520833333333 0.059259259259259
11 0.50729166666667 0.59305555555556 0.028125 0.037962962962963
11 0.26171875 0.34490740740741 0.0453125 0.063888888888889
11 0.56354166666667 0.53564814814815 0.028125 0.037962962962963
11 0.26927083333333 0.52916666666667 0.025 0.034259259259259
11 0.40729166666667 0.57361111111111 0.034375 0.047222222222222
11 0.54166666666667 0.94490740740741 0.033333333333333 0.037962962962963
11 0.41588541666667 0.43611111111111 0.0265625 0.035185185185185
11 0.39375 0.37685185185185 0.033333333333333 0.046296296296296
11 0.24244791666667 0.6537037037037 0.040104166666667 0.044444444444444
11 0.41848958333333 0.31527777777778 0.030729166666667 0.049074074074074
11 0.39114583333333 0.65046296296296 0.029166666666667 0.036111111111111
11 0.36770833333333 0.25277777777778 0.028125 0.037037037037037
11 0.42239583333333 0.7087962962963 0.029166666666667 0.036111111111111
11 0.30364583333333 0.6412037037037 0.042708333333333 0.04537037037037
11 0.35911458333333 0.44027777777778 0.0515625 0.067592592592593
11 0.48229166666667 0.66157407407407 0.03125 0.039814814814815
11 0.84947916666667 0.68333333333333 0.028125 0.038888888888889