11 0.77473958333333 0.17824074074074 0.1171875 0.19722222222222
11 0.609375 0.4337962962963 0.17291666666667 0.23981481481481
11 0.66484375 0.75416666666667 0.0984375 0.1287037037037
11 0.61067708333333 0.33518518518519 0.075520833333333 0.12037037037037
11 0.76510416666667 0.52407407407407 0.077083333333333 0.11481481481481
11 0.26302083333333 0.51111111111111 0.066666666666667 0.11851851851852
11 0.34375 0.73101851851852 0.073958333333333 0.10648148148148
11 0.8328125 0.031944444444444 0.10104166666667 0.063888888888889
11 0.56171875 0.45 0.065104166666667 0.098148148148148
11 0.97682291666667 0.071759259259259 0.0453125 0.1287037037037
11 0.097135416666667 0.49537037037037 0.0578125 0.090740740740741