11 0.690625 0.079166666666667 0.0890625 0.15555555555556
11 0.36875 0.59305555555556 0.1 0.12222222222222
11 0.430078125 0.18541666666667 0.06953125 0.12638888888889
11 0.665234375 0.21805555555556 0.05703125 0.088888888888889
11 0.3109375 0.093055555555556 0.0609375 0.10277777777778
11 0.339453125 0.59652777777778 0.05390625 0.081944444444444
11 0.30703125 0.033333333333333 0.065625 0.066666666666667
11 0.4828125 0.28125 0.0515625 0.081944444444444
11 0.251953125 0.48819444444444 0.04765625 0.0875
11 0.3859375 0.39722222222222 0.05 0.080555555555556
11 0.723046875 0.74375 0.04609375 0.079166666666667
11 0.427734375 0.32847222222222 0.04609375 0.073611111111111
11 0.309765625 0.70902777777778 0.04296875 0.073611111111111
11 0.531640625 0.027777777777778 0.05546875 0.055555555555556
11 0.31015625 0.28958333333333 0.0421875 0.070833333333333
11 0.490625 0.97847222222222 0.0671875 0.043055555555556