11 0.42291666666667 0.81203703703704 0.11458333333333 0.15
11 0.59010416666667 0.78935185185185 0.13958333333333 0.17685185185185
11 0.8140625 0.75324074074074 0.12604166666667 0.11203703703704
11 0.67708333333333 0.47175925925926 0.1 0.11203703703704
11 0.37447916666667 0.38935185185185 0.084375 0.11759259259259
11 0.6671875 0.36898148148148 0.10208333333333 0.10277777777778
11 0.17838541666667 0.73518518518519 0.086979166666667 0.10555555555556
11 0.077083333333333 0.80925925925926 0.103125 0.11666666666667
11 0.60859375 0.23472222222222 0.077604166666667 0.093518518518519
11 0.14739583333333 0.1587962962963 0.067708333333333 0.089814814814815
11 0.37552083333333 0.063888888888889 0.06875 0.085185185185185
11 0.63463541666667 0.36203703703704 0.061979166666667 0.092592592592593
11 0.15703125 0.48009259259259 0.0640625 0.082407407407407
11 0.53567708333333 0.31990740740741 0.065104166666667 0.080555555555556
11 0.0765625 0.79675925925926 0.064583333333333 0.080555555555556
11 0.7234375 0.76111111111111 0.066666666666667 0.074074074074074
11 0.6765625 0.46388888888889 0.063541666666667 0.075925925925926
11 0.83255208333333 0.73611111111111 0.068229166666667 0.07037037037037
11 0.3859375 0.52453703703704 0.058333333333333 0.078703703703704
11 0.25286458333333 0.78287037037037 0.059895833333333 0.075
11 0.59635416666667 0.089351851851852 0.063541666666667 0.069444444444444
11 0.51979166666667 0.039814814814815 0.058333333333333 0.068518518518519
11 0.22630208333333 0.34398148148148 0.058854166666667 0.067592592592593
11 0.55807291666667 0.5462962962963 0.058854166666667 0.066666666666667
11 0.29869791666667 0.45555555555556 0.049479166666667 0.075925925925926
11 0.18125 0.74351851851852 0.060416666666667 0.064814814814815
11 0.28802083333333 0.26944444444444 0.048958333333333 0.074074074074074
11 0.77734375 0.56203703703704 0.056770833333333 0.062962962962963
11 0.79947916666667 0.047685185185185 0.053125 0.060185185185185
11 0.615625 0.21759259259259 0.048958333333333 0.064814814814815
11 0.37786458333333 0.34675925925926 0.046354166666667 0.063888888888889
11 0.8171875 0.63518518518519 0.052083333333333 0.053703703703704
11 0.6328125 0.12407407407407 0.048958333333333 0.064814814814815
11 0.54635416666667 0.22453703703704 0.052083333333333 0.060185185185185
11 0.48333333333333 0.10972222222222 0.041666666666667 0.056481481481481
11 0.32890625 0.55740740740741 0.0453125 0.059259259259259
11 0.6921875 0.11388888888889 0.042708333333333 0.055555555555556
11 0.89583333333333 0.85462962962963 0.045833333333333 0.055555555555556
11 0.57630208333333 0.037962962962963 0.0421875 0.059259259259259
11 0.4546875 0.33796296296296 0.040625 0.057407407407407
11 0.33489583333333 0.16898148148148 0.039583333333333 0.058333333333333
11 0.63541666666667 0.34583333333333 0.039583333333333 0.05462962962963
11 0.58463541666667 0.8125 0.050520833333333 0.04537037037037
11 0.16536458333333 0.1837962962963 0.0390625 0.056481481481481
11 0.384375 0.27407407407407 0.036458333333333 0.057407407407407
11 0.24375 0.35185185185185 0.039583333333333 0.05
11 0.13020833333333 0.9037037037037 0.040625 0.048148148148148
11 0.78932291666667 0.75138888888889 0.044270833333333 0.043518518518519
11 0.36979166666667 0.6087962962963 0.039583333333333 0.047222222222222
11 0.35859375 0.26111111111111 0.036979166666667 0.05
11 0.67161458333333 0.27824074074074 0.0390625 0.047222222222222
11 0.71067708333333 0.49675925925926 0.036979166666667 0.049074074074074
11 0.73385416666667 0.60601851851852 0.041666666666667 0.043518518518519
11 0.76692708333333 0.40324074074074 0.043229166666667 0.041666666666667
11 0.48776041666667 0.21203703703704 0.0359375 0.048148148148148
11 0.88854166666667 0.92222222222222 0.040625 0.042592592592593
11 0.353125 0.075925925925926 0.035416666666667 0.048148148148148
11 0.82838541666667 0.72592592592593 0.041145833333333 0.040740740740741
11 0.76614583333333 0.47685185185185 0.0375 0.044444444444444
11 0.17864583333333 0.68981481481481 0.0375 0.044444444444444
11 0.65416666666667 0.49537037037037 0.0375 0.044444444444444
11 0.092447916666667 0.068981481481481 0.033854166666667 0.049074074074074
11 0.50807291666667 0.35972222222222 0.034895833333333 0.047222222222222
11 0.16666666666667 0.40648148148148 0.035416666666667 0.046296296296296
11 0.41614583333333 0.069907407407407 0.033333333333333 0.049074074074074
11 0.43541666666667 0.13703703703704 0.035416666666667 0.046296296296296
11 0.69036458333333 0.37731481481481 0.0390625 0.041666666666667
11 0.023697916666667 0.028240740740741 0.0328125 0.049074074074074
11 0.1484375 0.63935185185185 0.035416666666667 0.04537037037037
11 0.10104166666667 0.42731481481481 0.035416666666667 0.04537037037037
11 0.23880208333333 0.66898148148148 0.038020833333333 0.041666666666667
11 0.21927083333333 0.27824074074074 0.035416666666667 0.04537037037037
11 0.41510416666667 0.82731481481481 0.039583333333333 0.039814814814815
11 0.57604166666667 0.73009259259259 0.035416666666667 0.043518518518519
11 0.42239583333333 0.77037037037037 0.039583333333333 0.038888888888889
11 0.15989583333333 0.24953703703704 0.032291666666667 0.047222222222222
11 0.74817708333333 0.34861111111111 0.038020833333333 0.039814814814815
11 0.40442708333333 0.055555555555556 0.033854166666667 0.044444444444444
11 0.39114583333333 0.13611111111111 0.032291666666667 0.046296296296296
11 0.10364583333333 0.82824074074074 0.039583333333333 0.037962962962963
11 0.23177083333333 0.41342592592593 0.032291666666667 0.04537037037037
11 0.090104166666667 0.54490740740741 0.035416666666667 0.041666666666667
11 0.72838541666667 0.28981481481481 0.036979166666667 0.038888888888889
11 0.42213541666667 0.38564814814815 0.0328125 0.043518518518519
11 0.69322916666667 0.6087962962963 0.039583333333333 0.036111111111111
11 0.42526041666667 0.076851851851852 0.031770833333333 0.044444444444444
11 0.36510416666667 0.50231481481481 0.032291666666667 0.043518518518519
11 0.27604166666667 0.60324074074074 0.033333333333333 0.041666666666667
11 0.079166666666667 0.78287037037037 0.033333333333333 0.041666666666667
11 0.64348958333333 0.18009259259259 0.0328125 0.041666666666667
11 0.45755208333333 0.063888888888889 0.031770833333333 0.042592592592593
11 0.20807291666667 0.12222222222222 0.030729166666667 0.044444444444444
11 0.41796875 0.17546296296296 0.0296875 0.041666666666667
11 0.60182291666667 0.75740740740741 0.0328125 0.037037037037037
11 0.56875 0.275 0.030208333333333 0.038888888888889
11 0.684375 0.54861111111111 0.032291666666667 0.034259259259259
11 0.27317708333333 0.15833333333333 0.0265625 0.037037037037037
11 0.1234375 0.013888888888889 0.034375 0.027777777777778
11 0.67942708333333 0.99166666666667 0.0328125 0.016666666666667