10 0.554296875 0.28125 0.05390625 0.068055555555556
10 0.310546875 0.65694444444444 0.30546875 0.60555555555556
10 0.495703125 0.34583333333333 0.03984375 0.052777777777778
10 0.668359375 0.64236111111111 0.03828125 0.048611111111111
10 0.896484375 0.64027777777778 0.03984375 0.044444444444444
10 0.596484375 0.80972222222222 0.03984375 0.047222222222222
10 0.6484375 0.26875 0.0484375 0.068055555555556
10 0.79140625 0.66111111111111 0.0453125 0.05
10 0.64921875 0.34305555555556 0.0421875 0.055555555555556
10 0.47734375 0.23888888888889 0.0484375 0.066666666666667
10 0.752734375 0.62847222222222 0.04765625 0.059722222222222
10 0.983203125 0.067361111111111 0.03359375 0.056944444444444
10 0.684375 0.79930555555556 0.04375 0.051388888888889
10 0.831640625 0.28402777777778 0.34453125 0.56805555555556
10 0.492578125 0.083333333333333 0.04609375 0.061111111111111
10 0.616796875 0.25625 0.04296875 0.059722222222222
10 0.93671875 0.45416666666667 0.034375 0.038888888888889
10 0.660546875 0.68819444444444 0.04296875 0.051388888888889
10 0.48515625 0.39722222222222 0.0390625 0.052777777777778
10 0.600390625 0.75902777777778 0.03984375 0.048611111111111
10 0.93984375 0.044444444444444 0.046875 0.063888888888889
10 0.55390625 0.57638888888889 0.040625 0.05
10 0.4859375 0.29444444444444 0.0703125 0.091666666666667
10 0.588671875 0.71597222222222 0.04140625 0.054166666666667
10 0.673046875 0.25069444444444 0.05078125 0.070833333333333
10 0.730078125 0.57013888888889 0.04609375 0.054166666666667
10 0.6390625 0.725 0.0375 0.047222222222222
10 0.588671875 0.31805555555556 0.05390625 0.069444444444444
10 0.95703125 0.15069444444444 0.034375 0.048611111111111
10 0.591796875 0.21458333333333 0.04453125 0.0625
10 0.510546875 0.50972222222222 0.05859375 0.086111111111111
10 0.580078125 0.62013888888889 0.04765625 0.0625
10 0.623046875 0.15138888888889 0.04921875 0.069444444444444
10 0.546875 0.53611111111111 0.0390625 0.05
10 0.6703125 0.20277777777778 0.0546875 0.075
10 0.5484375 0.10763888888889 0.053125 0.070833333333333
10 0.741796875 0.70555555555556 0.04453125 0.052777777777778
10 0.620703125 0.67916666666667 0.04921875 0.069444444444444
10 0.73984375 0.60625 0.0484375 0.056944444444444