10 0.47734375 0.68333333333333 0.043229166666667 0.057407407407407
10 0.89583333333333 0.3087962962963 0.041666666666667 0.058333333333333
10 0.50859375 0.39583333333333 0.046354166666667 0.056481481481481
10 0.57838541666667 0.95509259259259 0.0515625 0.063888888888889
10 0.73802083333333 0.030555555555556 0.063541666666667 0.061111111111111
10 0.81822916666667 0.60046296296296 0.12395833333333 0.19166666666667
10 0.58072916666667 0.56203703703704 0.048958333333333 0.068518518518519
10 0.41796875 0.93611111111111 0.0421875 0.055555555555556
10 0.78776041666667 0.68888888888889 0.074479166666667 0.10185185185185
10 0.596875 0.40462962962963 0.05 0.064814814814815
10 0.90208333333333 0.14953703703704 0.041666666666667 0.065740740740741