11 0.633203125 0.58055555555556 0.18046875 0.22222222222222
11 0.234375 0.29166666666667 0.465625 0.53055555555556
11 0.145703125 0.44861111111111 0.14609375 0.16666666666667
11 0.116796875 0.37638888888889 0.09296875 0.097222222222222
11 0.257421875 0.46388888888889 0.09921875 0.10833333333333
11 0.3609375 0.23402777777778 0.078125 0.098611111111111
11 0.375 0.15972222222222 0.0828125 0.091666666666667
11 0.02734375 0.38680555555556 0.053125 0.10972222222222
11 0.141796875 0.13125 0.06484375 0.081944444444444
11 0.261328125 0.10555555555556 0.05859375 0.086111111111111
11 0.04375 0.46388888888889 0.0703125 0.075
11 0.2796875 0.054861111111111 0.0609375 0.081944444444444
11 0.3828125 0.50347222222222 0.0671875 0.073611111111111
11 0.10234375 0.43055555555556 0.065625 0.072222222222222
11 0.35703125 0.50555555555556 0.0671875 0.069444444444444
11 0.34375 0.54513888888889 0.053125 0.059722222222222
11 0.0671875 0.4125 0.065625 0.069444444444444
11 0.4140625 0.51597222222222 0.053125 0.056944444444444