11 0.40703125 0.21111111111111 0.05625 0.097222222222222
11 0.59296875 0.53125 0.0640625 0.10694444444444
11 0.745703125 0.13402777777778 0.05234375 0.076388888888889
11 0.3875 0.725 0.0515625 0.080555555555556
11 0.598828125 0.17638888888889 0.04921875 0.072222222222222
11 0.364453125 0.51736111111111 0.04765625 0.079166666666667
11 0.76953125 0.54513888888889 0.0328125 0.10416666666667
11 0.602734375 0.029166666666667 0.04921875 0.058333333333333
11 0.59375 0.88263888888889 0.04375 0.065277777777778
11 0.454296875 0.24097222222222 0.03984375 0.068055555555556
11 0.58828125 0.30972222222222 0.040625 0.061111111111111
11 0.284765625 0.017361111111111 0.04453125 0.034722222222222
11 0.376171875 0.015972222222222 0.04140625 0.031944444444444