10 0.446484375 0.39444444444444 0.05546875 0.077777777777778
10 0.734375 0.60694444444444 0.05625 0.075
10 0.594921875 0.11527777777778 0.04921875 0.066666666666667
10 0.6046875 0.23958333333333 0.0515625 0.070833333333333
10 0.6546875 0.22430555555556 0.0515625 0.070833333333333
10 0.700390625 0.62916666666667 0.04453125 0.05
10 0.58984375 0.17361111111111 0.06875 0.091666666666667
10 0.660546875 0.82083333333333 0.04296875 0.05
10 0.61484375 0.27708333333333 0.0484375 0.065277777777778
10 0.66484375 0.41805555555556 0.04375 0.055555555555556
10 0.498828125 0.11875 0.04140625 0.054166666666667
10 0.569921875 0.60763888888889 0.05703125 0.070833333333333
10 0.793359375 0.14583333333333 0.03203125 0.044444444444444
10 0.77421875 0.63333333333333 0.04375 0.05
10 0.837109375 0.28819444444444 0.33671875 0.55138888888889
10 0.47265625 0.070138888888889 0.05 0.065277777777778
10 0.521484375 0.54930555555556 0.05234375 0.068055555555556
10 0.953515625 0.040972222222222 0.04296875 0.056944444444444
10 0.448828125 0.28333333333333 0.05859375 0.083333333333333
10 0.6640625 0.61666666666667 0.0578125 0.066666666666667
10 0.535546875 0.090972222222222 0.06015625 0.070833333333333
10 0.60546875 0.69791666666667 0.0359375 0.043055555555556
10 0.596875 0.75486111111111 0.0453125 0.054166666666667
10 0.651171875 0.75694444444444 0.05703125 0.063888888888889
10 0.305859375 0.69444444444444 0.33515625 0.58888888888889
10 0.724609375 0.72222222222222 0.04765625 0.052777777777778
10 0.497265625 0.3875 0.03828125 0.052777777777778
10 0.63828125 0.32291666666667 0.0421875 0.059722222222222
10 0.5765625 0.79930555555556 0.04375 0.051388888888889
10 0.648828125 0.58958333333333 0.04296875 0.051388888888889
10 0.9390625 0.50416666666667 0.0296875 0.033333333333333
10 0.705078125 0.55694444444444 0.04765625 0.055555555555556
10 0.908203125 0.69861111111111 0.03359375 0.036111111111111
10 0.644140625 0.17222222222222 0.05703125 0.077777777777778
10 0.573046875 0.69861111111111 0.03828125 0.047222222222222
10 0.592578125 0.675 0.03828125 0.047222222222222