10 0.75703125 0.57708333333333 0.040625 0.056944444444444
10 0.6359375 0.58055555555556 0.0390625 0.05
10 0.741015625 0.74236111111111 0.05078125 0.054166666666667
10 0.519140625 0.88402777777778 0.03984375 0.051388888888889
10 0.628125 0.90277777777778 0.0421875 0.052777777777778
10 0.626953125 0.70902777777778 0.03515625 0.045833333333333
10 0.71484375 0.68333333333333 0.0390625 0.05
10 0.662109375 0.90416666666667 0.03671875 0.047222222222222
10 0.607421875 0.48680555555556 0.03828125 0.048611111111111
10 0.726171875 0.95555555555556 0.04296875 0.052777777777778
10 0.590234375 0.65347222222222 0.03515625 0.045833333333333
10 0.66484375 0.76458333333333 0.0796875 0.098611111111111
10 0.515625 0.70277777777778 0.0421875 0.05
10 0.759765625 0.80416666666667 0.04140625 0.05
10 0.624609375 0.55486111111111 0.04140625 0.051388888888889
10 0.719921875 0.90277777777778 0.06640625 0.083333333333333
10 0.64453125 0.64305555555556 0.053125 0.066666666666667
10 0.558203125 0.75416666666667 0.03359375 0.041666666666667
10 0.53203125 0.79166666666667 0.034375 0.041666666666667
10 0.78125 0.72222222222222 0.0328125 0.038888888888889
10 0.68125 0.65486111111111 0.03125 0.043055555555556
10 0.682421875 0.78680555555556 0.06328125 0.070833333333333
10 0.819140625 0.84166666666667 0.03515625 0.047222222222222
10 0.65546875 0.69722222222222 0.03125 0.041666666666667
10 0.768359375 0.44861111111111 0.03359375 0.047222222222222
10 0.7125 0.85486111111111 0.04375 0.051388888888889
10 0.6765625 0.93333333333333 0.0390625 0.05