10 0.45260416666667 0.33935185185185 0.03125 0.039814814814815
10 0.39713541666667 0.49027777777778 0.041145833333333 0.062037037037037
10 0.27838541666667 0.65694444444444 0.0296875 0.030555555555556
10 0.26458333333333 0.29907407407407 0.040625 0.048148148148148
10 0.41432291666667 0.36342592592593 0.030729166666667 0.036111111111111
10 0.33333333333333 0.38194444444444 0.048958333333333 0.060185185185185
10 0.30182291666667 0.40046296296296 0.0234375 0.026851851851852
10 0.49791666666667 0.34166666666667 0.023958333333333 0.031481481481481
10 0.24088541666667 0.36898148148148 0.025520833333333 0.028703703703704
10 0.3921875 0.41666666666667 0.046875 0.053703703703704
10 0.28645833333333 0.30092592592593 0.032291666666667 0.037037037037037
10 0.60234375 0.91018518518519 0.031770833333333 0.044444444444444
10 0.29973958333333 0.35740740740741 0.041145833333333 0.048148148148148
10 0.434375 0.4037037037037 0.040625 0.05
10 0.81848958333333 0.66712962962963 0.021354166666667 0.032407407407407
10 0.25286458333333 0.6375 0.0265625 0.030555555555556
10 0.784375 0.7287037037037 0.023958333333333 0.031481481481481
10 0.33203125 0.62592592592593 0.027604166666667 0.040740740740741
10 0.34609375 0.24490740740741 0.028645833333333 0.036111111111111
10 0.40572916666667 0.31666666666667 0.039583333333333 0.05
10 0.31614583333333 0.46203703703704 0.023958333333333 0.027777777777778