11 0.59088541666667 0.64768518518519 0.044270833333333 0.060185185185185
11 0.54166666666667 0.2912037037037 0.05 0.071296296296296
11 0.27890625 0.7287037037037 0.028645833333333 0.040740740740741
11 0.35911458333333 0.95740740740741 0.0359375 0.051851851851852
11 0.45833333333333 0.46851851851852 0.04375 0.064814814814815
11 0.54140625 0.14675925925926 0.033854166666667 0.047222222222222
11 0.52994791666667 0.88240740740741 0.036979166666667 0.05
11 0.51640625 0.73564814814815 0.041145833333333 0.056481481481481
11 0.3296875 0.90555555555556 0.027083333333333 0.038888888888889
11 0.47317708333333 0.68101851851852 0.033854166666667 0.04537037037037
11 0.56614583333333 0.9412037037037 0.035416666666667 0.052777777777778
11 0.54947916666667 0.70555555555556 0.054166666666667 0.072222222222222
11 0.75625 0.25740740740741 0.0625 0.088888888888889
11 0.24713541666667 0.73888888888889 0.050520833333333 0.064814814814815
11 0.69453125 0.18240740740741 0.0421875 0.068518518518519
11 0.44348958333333 0.98287037037037 0.0359375 0.034259259259259
11 0.53567708333333 0.38703703703704 0.0546875 0.074074074074074
11 0.48802083333333 0.70787037037037 0.05 0.067592592592593
11 0.11119791666667 0.7712962962963 0.0359375 0.051851851851852
11 0.58984375 0.75092592592593 0.031770833333333 0.044444444444444
11 0.66380208333333 0.80694444444444 0.0640625 0.093518518518519
11 0.56197916666667 0.19027777777778 0.045833333333333 0.062037037037037
11 0.55364583333333 0.47361111111111 0.04375 0.060185185185185
11 0.52421875 0.37638888888889 0.040104166666667 0.056481481481481
11 0.5265625 0.5787037037037 0.040625 0.051851851851852
11 0.20078125 0.98333333333333 0.0328125 0.035185185185185
11 0.55625 0.95787037037037 0.0375 0.062037037037037
11 0.58046875 0.86759259259259 0.040104166666667 0.059259259259259
11 0.43619791666667 0.62546296296296 0.041145833333333 0.058333333333333
11 0.60859375 0.46157407407407 0.074479166666667 0.11759259259259
11 0.86015625 0.093518518518519 0.053645833333333 0.075925925925926
11 0.59427083333333 0.68611111111111 0.033333333333333 0.048148148148148
11 0.62395833333333 0.93055555555556 0.038541666666667 0.05
11 0.51354166666667 0.71435185185185 0.03125 0.041666666666667
11 0.5484375 0.97314814814815 0.030208333333333 0.038888888888889
11 0.42161458333333 0.69398148148148 0.0171875 0.025
11 0.46067708333333 0.41064814814815 0.0390625 0.058333333333333
11 0.49817708333333 0.41666666666667 0.044270833333333 0.059259259259259
11 0.50677083333333 0.28101851851852 0.085416666666667 0.11574074074074
11 0.32005208333333 0.775 0.031770833333333 0.042592592592593
11 0.42239583333333 0.65972222222222 0.041666666666667 0.062037037037037
11 0.04609375 0.66898148148148 0.0328125 0.047222222222222
11 0.11354166666667 0.56064814814815 0.027083333333333 0.039814814814815
11 0.45989583333333 0.77638888888889 0.026041666666667 0.036111111111111
11 0.62421875 0.97592592592593 0.033854166666667 0.042592592592593
11 0.5546875 0.91203703703704 0.033333333333333 0.042592592592593
11 0.47760416666667 0.59583333333333 0.10416666666667 0.15092592592593
11 0.79973958333333 0.26018518518519 0.047395833333333 0.074074074074074
11 0.57864583333333 0.61898148148148 0.055208333333333 0.071296296296296
11 0.58515625 0.42453703703704 0.031770833333333 0.041666666666667
11 0.32526041666667 0.85092592592593 0.025520833333333 0.037037037037037
11 0.87734375 0.56759259259259 0.094270833333333 0.18333333333333
11 0.51197916666667 0.84814814814815 0.039583333333333 0.059259259259259
11 0.15104166666667 0.82222222222222 0.03125 0.044444444444444
11 0.067708333333333 0.64953703703704 0.033333333333333 0.04537037037037
11 0.38307291666667 0.83935185185185 0.0546875 0.080555555555556
11 0.11744791666667 0.69444444444444 0.031770833333333 0.046296296296296
11 0.45286458333333 0.61574074074074 0.0703125 0.088888888888889
11 0.36692708333333 0.88472222222222 0.034895833333333 0.04537037037037
11 0.60416666666667 0.92175925925926 0.038541666666667 0.056481481481481
11 0.9890625 0.11805555555556 0.021875 0.084259259259259
11 0.49427083333333 0.67175925925926 0.060416666666667 0.076851851851852
11 0.51822916666667 0.49398148148148 0.026041666666667 0.036111111111111
11 0.65338541666667 0.076851851851852 0.10572916666667 0.1537037037037
11 0.61692708333333 0.93333333333333 0.044270833333333 0.085185185185185
11 0.72135416666667 0.70694444444444 0.04375 0.060185185185185