11 0.1140625 0.16898148148148 0.11458333333333 0.17314814814815
11 0.60911458333333 0.83657407407407 0.1390625 0.17314814814815
11 0.85677083333333 0.46157407407407 0.094791666666667 0.11944444444444
11 0.51770833333333 0.28194444444444 0.089583333333333 0.11574074074074
11 0.39010416666667 0.04537037037037 0.11145833333333 0.090740740740741
11 0.58776041666667 0.046759259259259 0.083854166666667 0.091666666666667
11 0.28802083333333 0.16157407407407 0.084375 0.10462962962963
11 0.584375 0.58240740740741 0.08125 0.087037037037037
11 0.41432291666667 0.16805555555556 0.075520833333333 0.093518518518519
11 0.36458333333333 0.49166666666667 0.075 0.081481481481481
11 0.088802083333333 0.92222222222222 0.0640625 0.081481481481481
11 0.14010416666667 0.1875 0.061458333333333 0.097222222222222
11 0.38541666666667 0.29212962962963 0.06875 0.071296296296296
11 0.26223958333333 0.8037037037037 0.0609375 0.074074074074074
11 0.67109375 0.1037037037037 0.056770833333333 0.074074074074074
11 0.36302083333333 0.3712962962963 0.053125 0.07037037037037
11 0.2984375 0.43009259259259 0.058333333333333 0.067592592592593
11 0.85130208333333 0.4625 0.059895833333333 0.069444444444444
11 0.39895833333333 0.80648148148148 0.055208333333333 0.066666666666667
11 0.40078125 0.69166666666667 0.056770833333333 0.064814814814815
11 0.81041666666667 0.18842592592593 0.054166666666667 0.065740740740741
11 0.62682291666667 0.15046296296296 0.0484375 0.062037037037037
11 0.35677083333333 0.49351851851852 0.047916666666667 0.055555555555556
11 0.33177083333333 0.14953703703704 0.042708333333333 0.062037037037037
11 0.90833333333333 0.80555555555556 0.045833333333333 0.061111111111111
11 0.90338541666667 0.57824074074074 0.044270833333333 0.056481481481481
11 0.39088541666667 0.91944444444444 0.049479166666667 0.05
11 0.1890625 0.2412037037037 0.040625 0.058333333333333
11 0.43802083333333 0.069907407407407 0.042708333333333 0.05462962962963
11 0.35052083333333 0.22962962962963 0.041666666666667 0.055555555555556
11 0.71692708333333 0.23981481481481 0.044270833333333 0.053703703703704
11 0.64270833333333 0.35277777777778 0.041666666666667 0.055555555555556
11 0.98203125 0.96064814814815 0.038020833333333 0.060185185185185
11 0.09296875 0.47962962962963 0.044270833333333 0.05
11 0.53203125 0.21296296296296 0.040104166666667 0.057407407407407
11 0.3796875 0.4787037037037 0.042708333333333 0.05
11 0.76901041666667 0.028703703703704 0.043229166666667 0.05
11 0.88802083333333 0.75833333333333 0.041666666666667 0.051851851851852
11 0.26354166666667 0.23564814814815 0.038541666666667 0.05462962962963
11 0.26328125 0.32314814814815 0.0390625 0.053703703703704
11 0.066145833333333 0.42546296296296 0.039583333333333 0.052777777777778
11 0.43046875 0.35740740740741 0.040104166666667 0.051851851851852
11 0.59713541666667 0.1337962962963 0.040104166666667 0.050925925925926
11 0.58333333333333 0.021759259259259 0.046875 0.043518518518519
11 0.83932291666667 0.32407407407407 0.0421875 0.048148148148148
11 0.50338541666667 0.043518518518519 0.0390625 0.051851851851852
11 0.63255208333333 0.39398148148148 0.041145833333333 0.049074074074074
11 0.57760416666667 0.21388888888889 0.0375 0.053703703703704
11 0.8578125 0.40092592592593 0.040625 0.048148148148148
11 0.80963541666667 0.41666666666667 0.0390625 0.05
11 0.66822916666667 0.33888888888889 0.0375 0.051851851851852
11 0.17291666666667 0.74768518518519 0.042708333333333 0.04537037037037
11 0.20755208333333 0.31990740740741 0.038020833333333 0.050925925925926
11 0.81875 0.28009259259259 0.0375 0.050925925925926
11 0.053645833333333 0.5712962962963 0.040625 0.046296296296296
11 0.10989583333333 0.061574074074074 0.0375 0.050925925925926
11 0.75208333333333 0.56203703703704 0.040625 0.046296296296296
11 0.146875 0.71296296296296 0.040625 0.046296296296296
11 0.7125 0.37037037037037 0.0375 0.05
11 0.80104166666667 0.55046296296296 0.039583333333333 0.047222222222222
11 0.12447916666667 0.5037037037037 0.038541666666667 0.048148148148148
11 0.165625 0.38194444444444 0.038541666666667 0.047222222222222
11 0.097395833333333 0.69490740740741 0.039583333333333 0.04537037037037
11 0.59453125 0.31527777777778 0.038020833333333 0.047222222222222
11 0.92552083333333 0.6962962962963 0.038541666666667 0.046296296296296
11 0.74765625 0.41435185185185 0.0390625 0.04537037037037
11 0.70625 0.43518518518519 0.039583333333333 0.044444444444444
11 0.20989583333333 0.68842592592593 0.038541666666667 0.04537037037037
11 0.73619791666667 0.3162037037037 0.036979166666667 0.047222222222222
11 0.26822916666667 0.55092592592593 0.0375 0.046296296296296
11 0.64036458333333 0.20787037037037 0.0390625 0.043518518518519
11 0.77760416666667 0.73518518518519 0.039583333333333 0.042592592592593
11 0.22109375 0.78564814814815 0.036979166666667 0.04537037037037
11 0.7 0.53287037037037 0.038541666666667 0.043518518518519
11 0.45963541666667 0.76435185185185 0.0421875 0.037962962962963
11 0.19140625 0.057407407407407 0.033854166666667 0.046296296296296
11 0.0140625 0.86481481481481 0.028125 0.055555555555556
11 0.23723958333333 0.36990740740741 0.0359375 0.043518518518519
11 0.30546875 0.23425925925926 0.033854166666667 0.044444444444444
11 0.36145833333333 0.57268518518519 0.0375 0.039814814814815
11 0.74791666666667 0.4875 0.0375 0.039814814814815
11 0.67942708333333 0.39166666666667 0.033854166666667 0.042592592592593
11 0.13333333333333 0.12175925925926 0.03125 0.043518518518519