11 0.57526041666667 0.30231481481481 0.0140625 0.023148148148148
11 0.175 0.70462962962963 0.015625 0.024074074074074
11 0.59453125 0.01712962962963 0.0140625 0.019444444444444
11 0.56484375 0.33287037037037 0.013020833333333 0.021296296296296
11 0.421875 0.58425925925926 0.013541666666667 0.02037037037037
11 0.5046875 0.42453703703704 0.036458333333333 0.058333333333333
11 0.39713541666667 0.59675925925926 0.015104166666667 0.021296296296296
11 0.21770833333333 0.46712962962963 0.015625 0.023148148148148
11 0.25546875 0.52453703703704 0.0140625 0.021296296296296
11 0.39505208333333 0.50833333333333 0.018229166666667 0.027777777777778
11 0.4171875 0.49490740740741 0.013541666666667 0.019444444444444
11 0.43776041666667 0.55740740740741 0.021354166666667 0.025925925925926
11 0.58880208333333 0.0625 0.0140625 0.019444444444444
11 0.32213541666667 0.44814814814815 0.077604166666667 0.10740740740741
11 0.57161458333333 0.3662037037037 0.0171875 0.028703703703704
11 0.29947916666667 0.41851851851852 0.040625 0.061111111111111
11 0.13098958333333 0.67916666666667 0.016145833333333 0.025