11 0.616015625 0.71041666666667 0.03359375 0.048611111111111
11 0.64375 0.59861111111111 0.0328125 0.044444444444444
11 0.6609375 0.78680555555556 0.040625 0.054166666666667
11 0.5609375 0.66111111111111 0.0359375 0.05
11 0.575 0.50694444444444 0.0296875 0.041666666666667
11 0.571484375 0.61041666666667 0.03203125 0.043055555555556
11 0.54765625 0.59027777777778 0.0296875 0.041666666666667
11 0.7046875 0.92222222222222 0.03125 0.038888888888889
11 0.557421875 0.43333333333333 0.02890625 0.041666666666667
11 0.65859375 0.77569444444444 0.0296875 0.040277777777778
11 0.619140625 0.43402777777778 0.02890625 0.040277777777778
11 0.596875 0.93194444444444 0.0296875 0.038888888888889
11 0.60625 0.53194444444444 0.028125 0.038888888888889
11 0.5734375 0.56666666666667 0.0265625 0.038888888888889
11 0.64296875 0.72222222222222 0.0265625 0.036111111111111
11 0.62109375 0.38125 0.0265625 0.034722222222222
11 0.5484375 0.51666666666667 0.025 0.036111111111111
11 0.531640625 0.38125 0.02578125 0.034722222222222
11 0.621875 0.67777777777778 0.025 0.033333333333333
11 0.544140625 0.49583333333333 0.02421875 0.033333333333333
11 0.59140625 0.70347222222222 0.025 0.031944444444444
11 0.666015625 0.88472222222222 0.02578125 0.030555555555556
11 0.683984375 0.79027777777778 0.02578125 0.030555555555556
11 0.558203125 0.92013888888889 0.02265625 0.034722222222222
11 0.548046875 0.62430555555556 0.02421875 0.031944444444444
11 0.58984375 0.63819444444444 0.0234375 0.031944444444444
11 0.561328125 0.72916666666667 0.02265625 0.030555555555556
11 0.609375 0.61527777777778 0.021875 0.030555555555556
11 0.590234375 0.8 0.02109375 0.027777777777778
11 0.525390625 0.35416666666667 0.01953125 0.027777777777778
11 0.653515625 0.81805555555556 0.02109375 0.025
11 0.596875 0.95277777777778 0.0203125 0.025