10 0.25234192037471 0.11145833333333 0.031615925058548 0.052083333333333
10 0.76814988290398 0.11770833333333 0.023419203747073 0.05625
10 0.89344262295082 0.11354166666667 0.021077283372365 0.04375
10 0.44262295081967 0.021875 0.028103044496487 0.035416666666667
10 0.81791569086651 0.271875 0.019906323185012 0.047916666666667
10 0.49063231850117 0.15416666666667 0.18735362997658 0.2125
10 0.56498829039813 0.44166666666667 0.34543325526932 0.33333333333333
10 0.75878220140515 0.10520833333333 0.22950819672131 0.20625
10 0.33489461358314 0.27083333333333 0.021077283372365 0.033333333333333
10 0.49297423887588 0.10104166666667 0.032786885245902 0.035416666666667
10 0.36826697892272 0.019791666666667 0.022248243559719 0.039583333333333
10 0.17388758782201 0.097916666666667 0.036299765807963 0.045833333333333