10 0.4109375 0.56296296296296 0.109375 0.12407407407407
10 0.56901041666667 0.54259259259259 0.093229166666667 0.11296296296296
10 0.221875 0.46203703703704 0.091666666666667 0.11481481481481
10 0.73307291666667 0.54490740740741 0.10052083333333 0.09537037037037
10 0.41770833333333 0.56944444444444 0.067708333333333 0.074074074074074
10 0.15 0.55462962962963 0.09375 0.092592592592593
10 0.3609375 0.30648148148148 0.060416666666667 0.077777777777778
10 0.50520833333333 0.15185185185185 0.05625 0.07962962962963
10 0.39088541666667 0.070833333333333 0.053645833333333 0.076851851851852
10 0.29140625 0.034722222222222 0.0546875 0.069444444444444
10 0.16119791666667 0.55324074074074 0.058854166666667 0.063888888888889
10 0.23567708333333 0.11296296296296 0.0546875 0.066666666666667
10 0.55234375 0.10046296296296 0.0546875 0.063888888888889
10 0.34270833333333 0.16296296296296 0.048958333333333 0.074074074074074
10 0.51302083333333 0.058796296296296 0.053125 0.065740740740741
10 0.58307291666667 0.060648148148148 0.053645833333333 0.060185185185185
10 0.80859375 0.79907407407407 0.055729166666667 0.055555555555556
10 0.34791666666667 0.28194444444444 0.047916666666667 0.063888888888889
10 0.1375 0.15648148148148 0.041666666666667 0.055555555555556
10 0.73776041666667 0.44675925925926 0.0453125 0.050925925925926
10 0.85729166666667 0.66296296296296 0.044791666666667 0.05
10 0.074739583333333 0.19675925925926 0.038020833333333 0.052777777777778
10 0.70807291666667 0.23888888888889 0.040104166666667 0.048148148148148
10 0.60364583333333 0.32407407407407 0.042708333333333 0.044444444444444
10 0.40703125 0.22592592592593 0.036979166666667 0.05
10 0.36536458333333 0.13194444444444 0.0359375 0.050925925925926
10 0.12239583333333 0.53148148148148 0.036458333333333 0.05
10 0.17317708333333 0.2412037037037 0.034895833333333 0.050925925925926
10 0.69791666666667 0.40231481481481 0.038541666666667 0.04537037037037
10 0.53515625 0.33333333333333 0.036979166666667 0.046296296296296
10 0.61015625 0.17592592592593 0.036979166666667 0.046296296296296
10 0.42552083333333 0.57453703703704 0.039583333333333 0.039814814814815
10 0.81770833333333 0.68101851851852 0.0375 0.041666666666667
10 0.2703125 0.21203703703704 0.033333333333333 0.046296296296296
10 0.596875 0.15092592592593 0.034375 0.044444444444444
10 0.3609375 0.38935185185185 0.034375 0.043518518518519
10 0.64635416666667 0.57546296296296 0.0375 0.039814814814815
10 0.39296875 0.16435185185185 0.0328125 0.04537037037037
10 0.2734375 0.5287037037037 0.036458333333333 0.040740740740741
10 0.36484375 0.070833333333333 0.031770833333333 0.04537037037037
10 0.47239583333333 0.17037037037037 0.032291666666667 0.044444444444444
10 0.10520833333333 0.31805555555556 0.03125 0.04537037037037
10 0.34270833333333 0.1162037037037 0.032291666666667 0.043518518518519
10 0.734375 0.31574074074074 0.034375 0.040740740740741
10 0.58567708333333 0.46759259259259 0.0359375 0.038888888888889
10 0.2578125 0.18333333333333 0.03125 0.044444444444444
10 0.26901041666667 0.34861111111111 0.031770833333333 0.043518518518519
10 0.63463541666667 0.25092592592593 0.033854166666667 0.040740740740741
10 0.43229166666667 0.13703703703704 0.032291666666667 0.042592592592593
10 0.6796875 0.19074074074074 0.033333333333333 0.040740740740741
10 0.63723958333333 0.21342592592593 0.033854166666667 0.039814814814815
10 0.64322916666667 0.74305555555556 0.035416666666667 0.037962962962963
10 0.23046875 0.050462962962963 0.030729166666667 0.043518518518519
10 0.17291666666667 0.64259259259259 0.033333333333333 0.038888888888889
10 0.58958333333333 0.20231481481481 0.032291666666667 0.039814814814815
10 0.15807291666667 0.20509259259259 0.031770833333333 0.039814814814815
10 0.34427083333333 0.27175925925926 0.030208333333333 0.041666666666667
10 0.6625 0.15740740740741 0.032291666666667 0.038888888888889
10 0.63541666666667 0.29305555555556 0.03125 0.039814814814815
10 0.65572916666667 0.44074074074074 0.034375 0.035185185185185
10 0.19296875 0.17222222222222 0.0296875 0.040740740740741
10 0.61875 0.42361111111111 0.03125 0.036111111111111
10 0.57630208333333 0.36666666666667 0.031770833333333 0.035185185185185
10 0.64270833333333 0.32638888888889 0.032291666666667 0.034259259259259
10 0.17994791666667 0.40416666666667 0.027604166666667 0.037962962962963
10 0.40651041666667 0.012962962962963 0.0328125 0.025925925925926