10 0.39375 0.32430555555556 0.0578125 0.0875
10 0.566015625 0.28333333333333 0.03828125 0.058333333333333
10 0.480859375 0.18263888888889 0.03359375 0.048611111111111
45 0.61171875 0.56666666666667 0.040625 0.075
10 0.5046875 0.30347222222222 0.0328125 0.048611111111111
10 0.2859375 0.0875 0.0484375 0.072222222222222
10 0.294921875 0.31666666666667 0.02890625 0.047222222222222
10 0.2359375 0.16944444444444 0.0328125 0.063888888888889
10 0.453515625 0.20486111111111 0.06171875 0.098611111111111
10 0.354296875 0.12777777777778 0.07109375 0.094444444444444
10 0.27265625 0.18541666666667 0.0390625 0.068055555555556
10 0.251171875 0.025694444444444 0.03828125 0.051388888888889
10 0.284375 0.42222222222222 0.040625 0.063888888888889
10 0.322265625 0.18958333333333 0.03828125 0.0625
10 0.525390625 0.16875 0.03359375 0.051388888888889
10 0.47578125 0.19027777777778 0.0484375 0.086111111111111
45 0.280078125 0.95625 0.03828125 0.065277777777778
10 0.351953125 0.12569444444444 0.06015625 0.081944444444444
10 0.26484375 0.46805555555556 0.0421875 0.069444444444444
10 0.4578125 0.20416666666667 0.05625 0.097222222222222
10 0.28515625 0.088194444444444 0.0421875 0.070833333333333
10 0.611328125 0.56875 0.04140625 0.073611111111111
10 0.392578125 0.32291666666667 0.04921875 0.081944444444444
10 0.27421875 0.18402777777778 0.034375 0.0625
10 0.285546875 0.42291666666667 0.03671875 0.0625
10 0.56640625 0.28125 0.0359375 0.059722222222222
10 0.278515625 0.95208333333333 0.03828125 0.051388888888889
10 0.236328125 0.16875 0.03046875 0.0625
10 0.321875 0.18819444444444 0.034375 0.054166666666667
10 0.4796875 0.18402777777778 0.0328125 0.054166666666667
10 0.52578125 0.16875 0.0328125 0.051388888888889
10 0.25078125 0.025 0.0328125 0.05
10 0.505859375 0.30347222222222 0.03359375 0.045833333333333
10 0.2953125 0.31736111111111 0.0265625 0.043055555555556