10 0.655078125 0.28680555555556 0.04609375 0.068055555555556
10 0.524609375 0.45625 0.03359375 0.048611111111111
10 0.582421875 0.62569444444444 0.03671875 0.056944444444444
10 0.703125 0.73888888888889 0.040625 0.052777777777778
10 0.6796875 0.25972222222222 0.0453125 0.066666666666667
10 0.612109375 0.76041666666667 0.04296875 0.054166666666667
10 0.91875 0.042361111111111 0.0328125 0.051388888888889
10 0.596875 0.60763888888889 0.034375 0.048611111111111
10 0.612890625 0.72222222222222 0.03671875 0.047222222222222
10 0.63046875 0.27847222222222 0.040625 0.059722222222222
10 0.7375 0.72013888888889 0.0546875 0.076388888888889
10 0.59921875 0.32291666666667 0.0515625 0.079166666666667
10 0.584765625 0.15902777777778 0.06171875 0.095833333333333
10 0.927734375 0.42361111111111 0.04140625 0.052777777777778
10 0.729296875 0.57430555555556 0.05078125 0.0625
10 0.700390625 0.20347222222222 0.05390625 0.076388888888889
10 0.569140625 0.57847222222222 0.03515625 0.051388888888889
10 0.508203125 0.35833333333333 0.03671875 0.055555555555556
10 0.559375 0.11388888888889 0.04375 0.063888888888889
10 0.69375 0.79791666666667 0.0421875 0.054166666666667
10 0.767578125 0.62361111111111 0.05234375 0.061111111111111
10 0.4984375 0.29791666666667 0.0796875 0.11527777777778
10 0.681640625 0.64722222222222 0.05390625 0.066666666666667
10 0.909375 0.61527777777778 0.04375 0.052777777777778
10 0.98203125 0.048611111111111 0.0328125 0.055555555555556
10 0.674609375 0.76666666666667 0.04765625 0.063888888888889
10 0.692578125 0.58819444444444 0.03671875 0.048611111111111
10 0.798828125 0.67638888888889 0.04453125 0.05
10 0.633984375 0.16388888888889 0.04140625 0.061111111111111
10 0.60859375 0.22847222222222 0.04375 0.065277777777778
10 0.81640625 0.10138888888889 0.028125 0.041666666666667
10 0.83046875 0.28888888888889 0.3390625 0.57777777777778
10 0.730859375 0.66666666666667 0.03671875 0.047222222222222
10 0.6921875 0.29097222222222 0.0484375 0.070833333333333
10 0.514453125 0.12152777777778 0.03828125 0.056944444444444
10 0.62734375 0.65763888888889 0.0375 0.051388888888889
10 0.6671875 0.61388888888889 0.0359375 0.05
10 0.70390625 0.70069444444444 0.0390625 0.051388888888889
10 0.709375 0.65902777777778 0.0453125 0.059722222222222
10 0.496484375 0.19305555555556 0.04921875 0.080555555555556
10 0.66875 0.34791666666667 0.0375 0.054166666666667
10 0.65625 0.72986111111111 0.0484375 0.0625
10 0.741796875 0.60902777777778 0.04140625 0.051388888888889
10 0.61015625 0.80902777777778 0.040625 0.051388888888889
10 0.325 0.59166666666667 0.290625 0.53333333333333
10 0.50703125 0.40833333333333 0.0359375 0.055555555555556
10 0.675390625 0.69375 0.03984375 0.051388888888889
10 0.623046875 0.69236111111111 0.03671875 0.048611111111111