10 0.53046875 0.55416666666667 0.1953125 0.225
10 0.0390625 0.24305555555556 0.078125 0.10555555555556
10 0.033984375 0.35833333333333 0.05703125 0.066666666666667
10 0.33984375 0.45694444444444 0.0515625 0.063888888888889
10 0.36328125 0.040277777777778 0.0453125 0.063888888888889
10 0.07421875 0.31805555555556 0.059375 0.075
10 0.119921875 0.29652777777778 0.05703125 0.070833333333333
10 0.163671875 0.32430555555556 0.05390625 0.068055555555556
10 0.0125 0.31458333333333 0.025 0.073611111111111
10 0.3578125 0.44930555555556 0.0765625 0.095833333333333
10 0.0203125 0.028472222222222 0.040625 0.056944444444444
10 0.041796875 0.41319444444444 0.05859375 0.068055555555556
10 0.203125 0.39861111111111 0.046875 0.058333333333333
10 0.332421875 0.038194444444444 0.05859375 0.073611111111111
10 0.04140625 0.3125 0.0625 0.077777777777778
10 0.284765625 0.47569444444444 0.05078125 0.059722222222222
10 0.300390625 0.41597222222222 0.05234375 0.068055555555556
10 0.0953125 0.40555555555556 0.0734375 0.077777777777778
10 0.1484375 0.36736111111111 0.05625 0.068055555555556
10 0.22109375 0.026388888888889 0.06875 0.052777777777778