11 0.272265625 0.22569444444444 0.04296875 0.079166666666667
11 0.3546875 0.090972222222222 0.028125 0.045833333333333
11 0.23203125 0.10277777777778 0.0234375 0.041666666666667
11 0.564453125 0.1125 0.03046875 0.047222222222222
11 0.544140625 0.038888888888889 0.02734375 0.041666666666667
11 0.25703125 0.17013888888889 0.0296875 0.048611111111111
11 0.367578125 0.18333333333333 0.02734375 0.041666666666667
11 0.63984375 0.46527777777778 0.034375 0.052777777777778
11 0.3125 0.23194444444444 0.0296875 0.047222222222222
11 0.298828125 0.090972222222222 0.03046875 0.051388888888889
11 0.43984375 0.027777777777778 0.028125 0.044444444444444
11 0.58359375 0.27291666666667 0.071875 0.095833333333333
11 0.387109375 0.094444444444444 0.03203125 0.047222222222222
11 0.41875 0.18402777777778 0.040625 0.076388888888889
11 0.285546875 0.027777777777778 0.04765625 0.055555555555556
11 0.257421875 0.064583333333333 0.04296875 0.068055555555556
11 0.312109375 0.13263888888889 0.03515625 0.056944444444444