11 0.2234375 0.54305555555556 0.10625 0.16759259259259
11 0.40677083333333 0.63935185185185 0.091666666666667 0.11018518518519
11 0.69973958333333 0.64444444444444 0.10052083333333 0.092592592592593
11 0.16328125 0.62592592592593 0.083854166666667 0.092592592592593
11 0.57083333333333 0.43657407407407 0.084375 0.078703703703704
11 0.55651041666667 0.60092592592593 0.068229166666667 0.07962962962963
11 0.60494791666667 0.66712962962963 0.0640625 0.076851851851852
11 0.12083333333333 0.25092592592593 0.052083333333333 0.077777777777778
11 0.11171875 0.04212962962963 0.053645833333333 0.078703703703704
11 0.57395833333333 0.32916666666667 0.06875 0.050925925925926
11 0.42083333333333 0.65185185185185 0.051041666666667 0.062962962962963
11 0.59427083333333 0.325 0.046875 0.064814814814815
11 0.33802083333333 0.36018518518519 0.044791666666667 0.066666666666667
11 0.35182291666667 0.23611111111111 0.043229166666667 0.059259259259259
11 0.50520833333333 0.23055555555556 0.041666666666667 0.068518518518519
11 0.43333333333333 0.02962962962963 0.042708333333333 0.059259259259259
11 0.55911458333333 0.43425925925926 0.046354166666667 0.051851851851852
11 0.51197916666667 0.41064814814815 0.044791666666667 0.056481481481481
11 0.28645833333333 0.10555555555556 0.041666666666667 0.057407407407407
11 0.47447916666667 0.080092592592593 0.040625 0.058333333333333
11 0.346875 0.089814814814815 0.042708333333333 0.053703703703704
11 0.37369791666667 0.026388888888889 0.043229166666667 0.052777777777778
11 0.20807291666667 0.48009259259259 0.0390625 0.056481481481481
11 0.77213541666667 0.85601851851852 0.041145833333333 0.050925925925926
11 0.60078125 0.43055555555556 0.0421875 0.048148148148148
11 0.45885416666667 0.28240740740741 0.038541666666667 0.051851851851852
11 0.39036458333333 0.3287037037037 0.038020833333333 0.051851851851852
11 0.48828125 0.084259259259259 0.0359375 0.055555555555556
11 0.84895833333333 0.7712962962963 0.039583333333333 0.048148148148148
11 0.39322916666667 0.61851851851852 0.0375 0.05
11 0.3953125 0.1375 0.035416666666667 0.052777777777778
11 0.21223958333333 0.17916666666667 0.034895833333333 0.050925925925926
11 0.23411458333333 0.29675925925926 0.0359375 0.049074074074074
11 0.56432291666667 0.17361111111111 0.0359375 0.050925925925926
11 0.076822916666667 0.39259259259259 0.034895833333333 0.05
11 0.0671875 0.2875 0.034375 0.049074074074074
11 0.53932291666667 0.17777777777778 0.034895833333333 0.05
11 0.4046875 0.22685185185185 0.034375 0.048148148148148
11 0.34765625 0.3712962962963 0.034895833333333 0.048148148148148
11 0.35859375 0.47083333333333 0.0359375 0.04537037037037
11 0.3890625 0.068055555555556 0.034375 0.047222222222222
11 0.49661458333333 0.10416666666667 0.031770833333333 0.050925925925926
11 0.36536458333333 0.26944444444444 0.034895833333333 0.046296296296296
11 0.61979166666667 0.28287037037037 0.035416666666667 0.04537037037037
11 0.26588541666667 0.59537037037037 0.033854166666667 0.046296296296296
11 0.48723958333333 0.18472222222222 0.031770833333333 0.049074074074074
11 0.615625 0.82731481481481 0.036458333333333 0.041666666666667
11 0.26067708333333 0.13657407407407 0.031770833333333 0.047222222222222
11 0.63515625 0.32777777777778 0.033854166666667 0.044444444444444
11 0.58255208333333 0.10555555555556 0.030729166666667 0.048148148148148
11 0.55885416666667 0.32962962962963 0.033333333333333 0.044444444444444
11 0.1515625 0.30324074074074 0.032291666666667 0.04537037037037
11 0.59609375 0.53888888888889 0.0359375 0.040740740740741
11 0.5734375 0.28935185185185 0.032291666666667 0.04537037037037
11 0.63072916666667 0.54583333333333 0.036458333333333 0.039814814814815
11 0.56744791666667 0.25416666666667 0.031770833333333 0.04537037037037
11 0.334375 0.17638888888889 0.03125 0.04537037037037
11 0.52395833333333 0.10601851851852 0.03125 0.04537037037037
11 0.35625 0.17407407407407 0.03125 0.044444444444444
11 0.34114583333333 0.030555555555556 0.03125 0.044444444444444
11 0.23203125 0.17824074074074 0.031770833333333 0.043518518518519
11 0.18072916666667 0.72592592592593 0.032291666666667 0.042592592592593
11 0.46484375 0.093518518518519 0.030729166666667 0.044444444444444
11 0.4109375 0.060648148148148 0.03125 0.043518518518519
11 0.6578125 0.50833333333333 0.033333333333333 0.040740740740741
11 0.23072916666667 0.14537037037037 0.030208333333333 0.044444444444444
11 0.43932291666667 0.10277777777778 0.031770833333333 0.042592592592593
11 0.30885416666667 0.18148148148148 0.03125 0.042592592592593
11 0.32916666666667 0.3412037037037 0.030208333333333 0.043518518518519
11 0.66588541666667 0.34861111111111 0.031770833333333 0.041666666666667
11 0.49296875 0.022685185185185 0.0296875 0.043518518518519
11 0.55 0.49166666666667 0.034375 0.037037037037037
11 0.23020833333333 0.23009259259259 0.029166666666667 0.043518518518519
11 0.18359375 0.24259259259259 0.0296875 0.042592592592593
11 0.69661458333333 0.41481481481481 0.030729166666667 0.040740740740741
11 0.23880208333333 0.42175925925926 0.0296875 0.041666666666667
11 0.42942708333333 0.12407407407407 0.028645833333333 0.042592592592593
11 0.78098958333333 0.76157407407407 0.031770833333333 0.037962962962963
11 0.69270833333333 0.53657407407407 0.030208333333333 0.039814814814815
11 0.30572916666667 0.23240740740741 0.029166666666667 0.040740740740741
11 0.47786458333333 0.26157407407407 0.0296875 0.039814814814815
11 0.56354166666667 0.55555555555556 0.032291666666667 0.035185185185185
11 0.6078125 0.36203703703704 0.029166666666667 0.037037037037037
11 0.38854166666667 0.10833333333333 0.025 0.037037037037037
11 0.33880208333333 0.013888888888889 0.028645833333333 0.027777777777778
11 0.59427083333333 0.49583333333333 0.027083333333333 0.028703703703704