11 0.046484375 0.15486111111111 0.05859375 0.0875
11 0.223046875 0.25902777777778 0.06171875 0.090277777777778
11 0.35859375 0.043055555555556 0.0578125 0.083333333333333
11 0.284375 0.26597222222222 0.0609375 0.081944444444444
11 0.27109375 0.49027777777778 0.2578125 0.36666666666667
11 0.186328125 0.036805555555556 0.06328125 0.073611111111111
11 0.17421875 0.21736111111111 0.059375 0.0875
11 0.21484375 0.16875 0.0625 0.093055555555556
11 0.198046875 0.089583333333333 0.10234375 0.12916666666667
11 0.12421875 0.10555555555556 0.0625 0.094444444444444
11 0.0671875 0.038888888888889 0.0640625 0.077777777777778
11 0.240234375 0.35347222222222 0.05859375 0.081944444444444
11 0.832421875 0.27708333333333 0.33515625 0.36527777777778