33 0.066796875 0.67638888888889 0.13203125 0.225
10 0.36796875 0.45902777777778 0.109375 0.12083333333333
10 0.508203125 0.17152777777778 0.36640625 0.3375
10 0.22265625 0.50833333333333 0.05 0.055555555555556
10 0.226171875 0.28125 0.14140625 0.18472222222222
10 0.916015625 0.18472222222222 0.09140625 0.10555555555556
10 0.980859375 0.046527777777778 0.03828125 0.081944444444444
33 0.24453125 0.7125 0.0921875 0.080555555555556
33 0.160546875 0.48541666666667 0.13046875 0.16805555555556
33 0.487109375 0.64652777777778 0.25390625 0.27916666666667
10 0.3796875 0.69097222222222 0.0484375 0.045833333333333