11 0.67994791666667 0.72222222222222 0.094270833333333 0.10925925925926
11 0.12447916666667 0.31759259259259 0.051041666666667 0.074074074074074
11 0.253125 0.63842592592593 0.065625 0.089814814814815
11 0.10208333333333 0.0375 0.054166666666667 0.075
11 0.40104166666667 0.19722222222222 0.052083333333333 0.072222222222222
11 0.54140625 0.65740740740741 0.052604166666667 0.068518518518519
11 0.33645833333333 0.10925925925926 0.055208333333333 0.064814814814815
11 0.29088541666667 0.17453703703704 0.068229166666667 0.050925925925926
11 0.43802083333333 0.35972222222222 0.046875 0.065740740740741
11 0.56354166666667 0.40601851851852 0.047916666666667 0.063888888888889
11 0.66354166666667 0.73194444444444 0.052083333333333 0.058333333333333
11 0.33958333333333 0.30185185185185 0.046875 0.062962962962963
11 0.50286458333333 0.049074074074074 0.044270833333333 0.064814814814815
11 0.465625 0.098611111111111 0.04375 0.060185185185185
11 0.21432291666667 0.23425925925926 0.050520833333333 0.051851851851852
11 0.19869791666667 0.23101851851852 0.0421875 0.060185185185185
11 0.11041666666667 0.11435185185185 0.041666666666667 0.060185185185185
11 0.59322916666667 0.73657407407407 0.045833333333333 0.05462962962963
11 0.20104166666667 0.69583333333333 0.040625 0.060185185185185
11 0.32682291666667 0.17777777777778 0.0421875 0.057407407407407
11 0.28776041666667 0.27962962962963 0.040104166666667 0.059259259259259
11 0.41588541666667 0.075 0.040104166666667 0.053703703703704
11 0.63932291666667 0.59212962962963 0.0421875 0.050925925925926
11 0.62526041666667 0.41527777777778 0.043229166666667 0.052777777777778
11 0.58411458333333 0.48472222222222 0.038020833333333 0.056481481481481
11 0.44453125 0.17592592592593 0.0390625 0.053703703703704
11 0.74713541666667 0.9087962962963 0.040104166666667 0.050925925925926
11 0.32734375 0.41990740740741 0.036979166666667 0.056481481481481
11 0.48723958333333 0.31481481481481 0.0390625 0.051851851851852
11 0.50703125 0.49722222222222 0.038020833333333 0.051851851851852
11 0.66979166666667 0.61851851851852 0.039583333333333 0.046296296296296
11 0.38255208333333 0.26064814814815 0.036979166666667 0.052777777777778
11 0.38098958333333 0.6587962962963 0.034895833333333 0.050925925925926
11 0.47395833333333 0.27222222222222 0.035416666666667 0.05
11 0.59583333333333 0.90324074074074 0.0375 0.047222222222222
11 0.15520833333333 0.67638888888889 0.033333333333333 0.052777777777778
11 0.84140625 0.84768518518519 0.036979166666667 0.047222222222222
11 0.68541666666667 0.69583333333333 0.038541666666667 0.04537037037037
11 0.62630208333333 0.078703703703704 0.034895833333333 0.05
11 0.39453125 0.18518518518519 0.033854166666667 0.05
11 0.059375 0.33657407407407 0.033333333333333 0.050925925925926
11 0.38958333333333 0.38703703703704 0.033333333333333 0.05
11 0.05390625 0.43055555555556 0.033854166666667 0.048148148148148
11 0.20208333333333 0.78518518518519 0.032291666666667 0.05
11 0.54348958333333 0.26157407407407 0.0328125 0.047222222222222
11 0.3171875 0.23703703703704 0.033333333333333 0.046296296296296
11 0.48385416666667 0.33611111111111 0.033333333333333 0.046296296296296
11 0.37213541666667 0.16018518518519 0.0328125 0.046296296296296
11 0.058854166666667 0.084259259259259 0.032291666666667 0.046296296296296
11 0.27135416666667 0.17083333333333 0.032291666666667 0.047222222222222
11 0.41692708333333 0.71342592592593 0.033854166666667 0.043518518518519
11 0.47526041666667 0.21435185185185 0.033854166666667 0.043518518518519
11 0.51875 0.24861111111111 0.032291666666667 0.04537037037037
11 0.68255208333333 0.49305555555556 0.031770833333333 0.04537037037037
11 0.234375 0.057407407407407 0.03125 0.046296296296296
11 0.48359375 0.22222222222222 0.031770833333333 0.044444444444444
11 0.55234375 0.41759259259259 0.0328125 0.044444444444444
11 0.21614583333333 0.17453703703704 0.03125 0.04537037037037
11 0.59947916666667 0.65462962962963 0.033333333333333 0.042592592592593
11 0.18333333333333 0.30787037037037 0.030208333333333 0.04537037037037
11 0.2375 0.57175925925926 0.030208333333333 0.043518518518519
11 0.275 0.13194444444444 0.03125 0.043518518518519
11 0.19453125 0.51157407407407 0.030729166666667 0.043518518518519
11 0.22994791666667 0.23888888888889 0.030729166666667 0.042592592592593
11 0.37942708333333 0.30740740740741 0.030729166666667 0.042592592592593
11 0.31041666666667 0.3787037037037 0.029166666666667 0.044444444444444
11 0.24635416666667 0.18055555555556 0.029166666666667 0.044444444444444
11 0.56588541666667 0.39398148148148 0.030729166666667 0.041666666666667
11 0.39921875 0.10555555555556 0.031770833333333 0.040740740740741
11 0.33072916666667 0.24398148148148 0.030208333333333 0.041666666666667
11 0.61458333333333 0.40972222222222 0.030208333333333 0.041666666666667
11 0.22942708333333 0.38657407407407 0.028645833333333 0.043518518518519
11 0.14427083333333 0.37638888888889 0.028125 0.043518518518519
11 0.19713541666667 0.55185185185185 0.028645833333333 0.042592592592593
11 0.22916666666667 0.45509259259259 0.028125 0.043518518518519
11 0.35260416666667 0.50972222222222 0.029166666666667 0.041666666666667
11 0.77239583333333 0.81574074074074 0.03125 0.038888888888889
11 0.42135416666667 0.12175925925926 0.029166666666667 0.041666666666667
11 0.013020833333333 0.041666666666667 0.025 0.048148148148148
11 0.15234375 0.058796296296296 0.028645833333333 0.041666666666667
11 0.36432291666667 0.18101851851852 0.028645833333333 0.041666666666667
11 0.54270833333333 0.34953703703704 0.029166666666667 0.039814814814815
11 0.596875 0.39537037037037 0.029166666666667 0.040740740740741
11 0.54661458333333 0.19398148148148 0.027604166666667 0.041666666666667
11 0.54244791666667 0.49861111111111 0.028645833333333 0.039814814814815
11 0.58697916666667 0.42592592592593 0.029166666666667 0.038888888888889
11 0.453125 0.17222222222222 0.029166666666667 0.038888888888889
11 0.5671875 0.56296296296296 0.030208333333333 0.037037037037037
11 0.52734375 0.56064814814815 0.0296875 0.036111111111111
11 0.57213541666667 0.59814814814815 0.0296875 0.035185185185185
11 0.46223958333333 0.20277777777778 0.027604166666667 0.037037037037037
11 0.35546875 0.3412037037037 0.025520833333333 0.037962962962963
11 0.23645833333333 0.30925925925926 0.027083333333333 0.037037037037037
11 0.58567708333333 0.53842592592593 0.027604166666667 0.034259259259259
11 0.553125 0.53009259259259 0.027083333333333 0.034259259259259
11 0.55052083333333 0.61481481481481 0.028125 0.033333333333333
11 0.35963541666667 0.12962962962963 0.025520833333333 0.035185185185185
11 0.38984375 0.099537037037037 0.024479166666667 0.034259259259259
11 0.41380208333333 0.15740740740741 0.0234375 0.031481481481481