33 0.384375 0.87592592592593 0.1875 0.24074074074074
10 0.95208333333333 0.97824074074074 0.0375 0.04537037037037
33 0.96588541666667 0.29444444444444 0.0671875 0.13518518518519
33 0.21796875 0.78842592592593 0.0921875 0.11018518518519
33 0.46015625 0.52175925925926 0.084895833333333 0.11018518518519
10 0.74635416666667 0.75046296296296 0.036458333333333 0.091666666666667
33 0.51510416666667 0.88564814814815 0.11041666666667 0.099074074074074
33 0.16848958333333 0.89768518518519 0.081770833333333 0.11018518518519
33 0.515625 0.6662037037037 0.084375 0.09537037037037
10 0.91614583333333 0.92685185185185 0.03125 0.042592592592593
33 0.33177083333333 0.07037037037037 0.14166666666667 0.13888888888889
33 0.27838541666667 0.26157407407407 0.097395833333333 0.12314814814815
33 0.065364583333333 0.4287037037037 0.1109375 0.16481481481481
33 0.565625 0.55509259259259 0.077083333333333 0.10833333333333