11 0.621875 0.81944444444444 0.0265625 0.036111111111111
11 0.40078125 0.97291666666667 0.0421875 0.048611111111111
11 0.548046875 0.40972222222222 0.03046875 0.036111111111111
11 0.587109375 0.53125 0.02890625 0.0375
11 0.7046875 0.87291666666667 0.0265625 0.034722222222222
11 0.62578125 0.52777777777778 0.028125 0.036111111111111
11 0.58359375 0.69097222222222 0.0375 0.048611111111111
11 0.5734375 0.75555555555556 0.0328125 0.041666666666667
11 0.56328125 0.57152777777778 0.0265625 0.034722222222222
11 0.583203125 0.64930555555556 0.03203125 0.040277777777778
11 0.63515625 0.9125 0.0296875 0.036111111111111
11 0.66328125 0.43194444444444 0.0328125 0.041666666666667
11 0.582421875 0.49444444444444 0.02578125 0.030555555555556
11 0.7015625 0.83680555555556 0.03125 0.040277777777778
11 0.647265625 0.7125 0.03046875 0.038888888888889
11 0.584765625 0.58541666666667 0.02421875 0.031944444444444
11 0.59453125 0.56041666666667 0.025 0.031944444444444
11 0.684765625 0.63888888888889 0.02109375 0.025
11 0.64453125 0.64166666666667 0.0296875 0.038888888888889
11 0.57109375 0.62777777777778 0.0296875 0.033333333333333
11 0.63046875 0.69236111111111 0.0265625 0.031944444444444
11 0.541796875 0.61111111111111 0.02890625 0.036111111111111
11 0.669140625 0.59444444444444 0.03203125 0.038888888888889
11 0.558984375 0.41388888888889 0.03515625 0.041666666666667
11 0.6203125 0.74305555555556 0.0328125 0.041666666666667
11 0.613671875 0.60694444444444 0.03515625 0.047222222222222
11 0.70078125 0.73680555555556 0.0421875 0.059722222222222
11 0.71875 0.80972222222222 0.0265625 0.033333333333333
11 0.569921875 0.47013888888889 0.02734375 0.034722222222222
11 0.670703125 0.74236111111111 0.03046875 0.0375
11 0.607421875 0.70138888888889 0.02734375 0.033333333333333