10 0.734375 0.81944444444444 0.0734375 0.097222222222222
10 0.665234375 0.13819444444444 0.19765625 0.21805555555556
10 0.01640625 0.49027777777778 0.0328125 0.086111111111111
10 0.71171875 0.12569444444444 0.1046875 0.1375
10 0.53125 0.04375 0.1125 0.0875
10 0.5015625 0.1875 0.05625 0.077777777777778
10 0.527734375 0.29583333333333 0.07890625 0.094444444444444
10 0.261328125 0.30763888888889 0.14296875 0.15138888888889
10 0.34296875 0.32847222222222 0.0625 0.079166666666667
10 0.368359375 0.070833333333333 0.12265625 0.12777777777778
10 0.429296875 0.225 0.17890625 0.18888888888889
10 0.271484375 0.82013888888889 0.09296875 0.10694444444444
10 0.89921875 0.016666666666667 0.0625 0.033333333333333