10 0.687109375 0.29097222222222 0.23203125 0.30972222222222
10 0.277734375 0.20763888888889 0.06640625 0.093055555555556
10 0.86640625 0.33611111111111 0.0578125 0.1
10 0.6484375 0.50347222222222 0.06875 0.093055555555556
10 0.686328125 0.41805555555556 0.06015625 0.088888888888889
10 0.774609375 0.98055555555556 0.05390625 0.038888888888889
10 0.74140625 0.65972222222222 0.0609375 0.088888888888889
10 0.641796875 0.70347222222222 0.05078125 0.068055555555556
10 0.2234375 0.57152777777778 0.06875 0.098611111111111
10 0.74765625 0.20763888888889 0.0515625 0.076388888888889
10 0.7875 0.023611111111111 0.0640625 0.047222222222222
10 0.734765625 0.84930555555556 0.11484375 0.13472222222222
10 0.880859375 0.37777777777778 0.05703125 0.086111111111111
10 0.55546875 0.30972222222222 0.0546875 0.083333333333333
10 0.194140625 0.067361111111111 0.08828125 0.12916666666667
10 0.763671875 0.53888888888889 0.15234375 0.16666666666667
10 0.360546875 0.19861111111111 0.06640625 0.094444444444444
10 0.499609375 0.090277777777778 0.08671875 0.11388888888889
10 0.61015625 0.80486111111111 0.0578125 0.076388888888889
10 0.583984375 0.13819444444444 0.05703125 0.081944444444444
10 0.68046875 0.68541666666667 0.0515625 0.065277777777778
10 0.437109375 0.28888888888889 0.07109375 0.1