11 0.38875878220141 0.23958333333333 0.086651053864169 0.095833333333333
11 0.73419203747073 0.13854166666667 0.058548009367682 0.09375
11 0.38466042154567 0.159375 0.059718969555035 0.06875
11 0.68911007025761 0.17604166666667 0.052693208430913 0.089583333333333
11 0.30971896955504 0.29270833333333 0.062060889929742 0.060416666666667
11 0.85889929742389 0.19375 0.045667447306792 0.075
11 0.76814988290398 0.0375 0.046838407494145 0.070833333333333
11 0.4923887587822 0.046875 0.052693208430913 0.060416666666667
11 0.77868852459016 0.1125 0.042154566744731 0.075
11 0.81674473067916 0.11354166666667 0.043325526932084 0.06875
11 0.53571428571429 0.090625 0.045667447306792 0.060416666666667
11 0.85128805620609 0.047916666666667 0.039812646370023 0.066666666666667
11 0.63934426229508 0.076041666666667 0.037470725995316 0.052083333333333
11 0.48594847775176 0.14583333333333 0.046838407494145 0.054166666666667