10 0.69921875 0.68541666666667 0.0390625 0.045833333333333
10 0.85390625 0.63819444444444 0.04375 0.054166666666667
10 0.21640625 0.93541666666667 0.053125 0.068055555555556
10 0.72578125 0.90694444444444 0.046875 0.058333333333333
10 0.569140625 0.66041666666667 0.04453125 0.054166666666667
10 0.608203125 0.60902777777778 0.10859375 0.15972222222222
10 0.801953125 0.54722222222222 0.04921875 0.063888888888889
10 0.30625 0.34513888888889 0.040625 0.056944444444444
10 0.661328125 0.70208333333333 0.03671875 0.045833333333333
10 0.6375 0.53402777777778 0.046875 0.0625
10 0.7890625 0.65625 0.05625 0.081944444444444
10 0.4546875 0.64583333333333 0.05 0.063888888888889
10 0.52265625 0.62013888888889 0.046875 0.0625
10 0.62421875 0.95555555555556 0.053125 0.072222222222222
10 0.39296875 0.42847222222222 0.05625 0.079166666666667
10 0.61171875 0.50833333333333 0.0828125 0.097222222222222
10 0.68359375 0.80625 0.1125 0.14305555555556
10 0.753515625 0.69513888888889 0.04921875 0.059722222222222
10 0.57265625 0.94722222222222 0.0515625 0.061111111111111
10 0.825390625 0.40416666666667 0.04296875 0.055555555555556
10 0.615234375 0.90486111111111 0.04765625 0.054166666666667
10 0.30859375 0.46319444444444 0.040625 0.059722222222222
10 0.54921875 0.40972222222222 0.0453125 0.063888888888889
10 0.673828125 0.57152777777778 0.04140625 0.054166666666667
10 0.503125 0.39583333333333 0.0421875 0.055555555555556
10 0.59609375 0.49375 0.0484375 0.059722222222222
10 0.846875 0.68958333333333 0.0421875 0.054166666666667
10 0.790234375 0.76805555555556 0.04921875 0.058333333333333
10 0.482421875 0.53611111111111 0.04609375 0.061111111111111
10 0.749609375 0.59791666666667 0.04453125 0.054166666666667