11 0.48958333333333 0.58101851851852 0.040625 0.060185185185185
11 0.25677083333333 0.64675925925926 0.028125 0.039814814814815
11 0.54921875 0.67175925925926 0.028645833333333 0.041666666666667
11 0.74453125 0.47592592592593 0.0265625 0.037037037037037
11 0.81875 0.80416666666667 0.042708333333333 0.062037037037037
11 0.24088541666667 0.98611111111111 0.034895833333333 0.02962962962963
11 0.37265625 0.75231481481481 0.028645833333333 0.041666666666667
11 0.35208333333333 0.97361111111111 0.027083333333333 0.034259259259259
11 0.61901041666667 0.65509259259259 0.0296875 0.039814814814815
11 0.85416666666667 0.63101851851852 0.026041666666667 0.037962962962963
11 0.68932291666667 0.44490740740741 0.0328125 0.043518518518519
11 0.60364583333333 0.5162037037037 0.052083333333333 0.084259259259259
11 0.22734375 0.82916666666667 0.027604166666667 0.037962962962963
11 0.75130208333333 0.32037037037037 0.033854166666667 0.05
11 0.21796875 0.97916666666667 0.031770833333333 0.034259259259259
11 0.43932291666667 0.74814814814815 0.030729166666667 0.040740740740741
11 0.89921875 0.78703703703704 0.0546875 0.083333333333333
11 0.64192708333333 0.46157407407407 0.027604166666667 0.039814814814815
11 0.62734375 0.54398148148148 0.025520833333333 0.036111111111111
11 0.79453125 0.2962962962963 0.030729166666667 0.042592592592593
11 0.3921875 0.88703703703704 0.029166666666667 0.040740740740741
11 0.80859375 0.6875 0.0265625 0.036111111111111
11 0.2421875 0.50231481481481 0.030208333333333 0.041666666666667
11 0.8484375 0.37268518518519 0.028125 0.039814814814815
11 0.57838541666667 0.97777777777778 0.043229166666667 0.046296296296296
11 0.778125 0.31064814814815 0.051041666666667 0.050925925925926
11 0.25963541666667 0.96712962962963 0.0265625 0.036111111111111
11 0.66354166666667 0.74722222222222 0.03125 0.042592592592593
11 0.58385416666667 0.63564814814815 0.028125 0.039814814814815