10 0.37395833333333 0.17685185185185 0.036458333333333 0.051851851851852
10 0.53333333333333 0.3537037037037 0.034375 0.046296296296296
10 0.15364583333333 0.59953703703704 0.045833333333333 0.062037037037037
10 0.20208333333333 0.20092592592593 0.029166666666667 0.042592592592593
10 0.60859375 0.1625 0.034895833333333 0.049074074074074
10 0.38333333333333 0.10787037037037 0.055208333333333 0.073148148148148
10 0.35729166666667 0.41712962962963 0.03125 0.043518518518519
10 0.44348958333333 0.17083333333333 0.036979166666667 0.052777777777778
10 0.23802083333333 0.15138888888889 0.047916666666667 0.071296296296296
10 0.35286458333333 0.21574074074074 0.059895833333333 0.07962962962963
10 0.29348958333333 0.04212962962963 0.047395833333333 0.067592592592593
10 0.47239583333333 0.012037037037037 0.040625 0.024074074074074
10 0.65182291666667 0.26203703703704 0.031770833333333 0.042592592592593
10 0.11067708333333 0.33657407407407 0.034895833333333 0.052777777777778
10 0.62239583333333 0.18796296296296 0.0375 0.05
10 0.72265625 0.5662037037037 0.030729166666667 0.034259259259259
10 0.65130208333333 0.78935185185185 0.036979166666667 0.049074074074074
10 0.63776041666667 0.45 0.0328125 0.040740740740741
10 0.16458333333333 0.68333333333333 0.035416666666667 0.046296296296296
10 0.51614583333333 0.1787037037037 0.04375 0.068518518518519
10 0.85520833333333 0.7162037037037 0.095833333333333 0.11759259259259
10 0.403125 0.023148148148148 0.041666666666667 0.046296296296296
10 0.71302083333333 0.42453703703704 0.029166666666667 0.037962962962963
10 0.34713541666667 0.14861111111111 0.0296875 0.043518518518519
10 0.48203125 0.19861111111111 0.031770833333333 0.04537037037037
10 0.41953125 0.59907407407407 0.0890625 0.12222222222222
10 0.27473958333333 0.40185185185185 0.030729166666667 0.048148148148148
10 0.76015625 0.56944444444444 0.034895833333333 0.042592592592593
10 0.40989583333333 0.27268518518519 0.034375 0.052777777777778
10 0.23567708333333 0.093518518518519 0.030729166666667 0.044444444444444
10 0.08203125 0.23425925925926 0.031770833333333 0.05
10 0.22395833333333 0.50694444444444 0.092708333333333 0.125
10 0.63463541666667 0.36759259259259 0.097395833333333 0.13888888888889
10 0.73567708333333 0.33981481481481 0.0328125 0.040740740740741
10 0.2703125 0.57037037037037 0.041666666666667 0.057407407407407
10 0.14453125 0.19212962962963 0.031770833333333 0.050925925925926
10 0.57447916666667 0.55185185185185 0.10520833333333 0.15
10 0.67421875 0.47175925925926 0.031770833333333 0.041666666666667
10 0.75078125 0.46990740740741 0.031770833333333 0.039814814814815
10 0.69296875 0.21759259259259 0.0359375 0.046296296296296
10 0.68411458333333 0.1712962962963 0.030729166666667 0.040740740740741
10 0.17890625 0.27592592592593 0.040104166666667 0.064814814814815
10 0.82161458333333 0.8587962962963 0.047395833333333 0.062037037037037
10 0.6625 0.59537037037037 0.0375 0.044444444444444
10 0.52109375 0.088888888888889 0.052604166666667 0.066666666666667