11 0.67161458333333 0.72314814814815 0.0953125 0.10555555555556
11 0.66171875 0.73009259259259 0.065104166666667 0.069444444444444
11 0.25442708333333 0.63842592592593 0.059895833333333 0.071296296296296
11 0.64114583333333 0.60416666666667 0.0625 0.067592592592593
11 0.19921875 0.2337962962963 0.052604166666667 0.071296296296296
11 0.12786458333333 0.31944444444444 0.049479166666667 0.074074074074074
11 0.33177083333333 0.11712962962963 0.054166666666667 0.063888888888889
11 0.53932291666667 0.65694444444444 0.050520833333333 0.065740740740741
11 0.55833333333333 0.41157407407407 0.048958333333333 0.067592592592593
11 0.52291666666667 0.5037037037037 0.063541666666667 0.05
11 0.20625 0.69212962962963 0.045833333333333 0.067592592592593
11 0.45911458333333 0.10509259259259 0.0453125 0.063888888888889
11 0.40390625 0.21018518518519 0.047395833333333 0.064814814814815
11 0.098958333333333 0.048611111111111 0.045833333333333 0.062037037037037
11 0.50052083333333 0.062962962962963 0.04375 0.064814814814815
11 0.33697916666667 0.3037037037037 0.04375 0.061111111111111
11 0.38125 0.67037037037037 0.04375 0.061111111111111
11 0.5921875 0.74444444444444 0.051041666666667 0.051851851851852
11 0.45104166666667 0.19027777777778 0.038541666666667 0.065740740740741
11 0.2859375 0.28240740740741 0.04375 0.057407407407407
11 0.43619791666667 0.18333333333333 0.041145833333333 0.059259259259259
11 0.32578125 0.17962962962963 0.0421875 0.057407407407407
11 0.10729166666667 0.031018518518519 0.040625 0.056481481481481
11 0.75182291666667 0.90138888888889 0.047395833333333 0.04537037037037
11 0.62109375 0.42222222222222 0.0421875 0.053703703703704
11 0.3953125 0.19444444444444 0.038541666666667 0.055555555555556
11 0.48333333333333 0.34490740740741 0.036458333333333 0.058333333333333
11 0.25911458333333 0.17546296296296 0.049479166666667 0.041666666666667
11 0.41145833333333 0.082407407407407 0.039583333333333 0.051851851851852
11 0.11145833333333 0.11805555555556 0.0375 0.05462962962963
11 0.16041666666667 0.68287037037037 0.035416666666667 0.056481481481481
11 0.43072916666667 0.36805555555556 0.0375 0.052777777777778
11 0.84322916666667 0.85092592592593 0.040625 0.048148148148148
11 0.38619791666667 0.25694444444444 0.036979166666667 0.052777777777778
11 0.3171875 0.24212962962963 0.039583333333333 0.049074074074074
11 0.47083333333333 0.28055555555556 0.034375 0.055555555555556
11 0.31666666666667 0.39537037037037 0.029166666666667 0.062962962962963
11 0.059895833333333 0.34490740740741 0.035416666666667 0.050925925925926
11 0.23619791666667 0.56898148148148 0.034895833333333 0.050925925925926
11 0.24557291666667 0.63333333333333 0.0359375 0.048148148148148
11 0.53697916666667 0.26481481481481 0.034375 0.05
11 0.36822916666667 0.16805555555556 0.033333333333333 0.050925925925926
11 0.596875 0.90277777777778 0.041666666666667 0.040740740740741
11 0.6828125 0.50185185185185 0.036458333333333 0.046296296296296
11 0.39036458333333 0.39398148148148 0.0328125 0.050925925925926
11 0.19348958333333 0.52175925925926 0.033854166666667 0.049074074074074
11 0.058333333333333 0.091203703703704 0.033333333333333 0.047222222222222
11 0.50885416666667 0.49814814814815 0.036458333333333 0.044444444444444
11 0.20755208333333 0.7875 0.031770833333333 0.049074074074074
11 0.055989583333333 0.43148148148148 0.0328125 0.048148148148148
11 0.23072916666667 0.24027777777778 0.032291666666667 0.047222222222222
11 0.4171875 0.71388888888889 0.034375 0.042592592592593
11 0.67916666666667 0.69675925925926 0.036458333333333 0.039814814814815
11 0.14583333333333 0.38148148148148 0.03125 0.046296296296296
11 0.51432291666667 0.25324074074074 0.031770833333333 0.04537037037037
11 0.60286458333333 0.66064814814815 0.034895833333333 0.041666666666667
11 0.27135416666667 0.16944444444444 0.032291666666667 0.044444444444444
11 0.18697916666667 0.31527777777778 0.03125 0.04537037037037
11 0.41822916666667 0.13240740740741 0.03125 0.044444444444444
11 0.37708333333333 0.31203703703704 0.03125 0.044444444444444
11 0.19557291666667 0.55601851851852 0.0296875 0.04537037037037
11 0.24479166666667 0.18287037037037 0.03125 0.04537037037037
11 0.53932291666667 0.50740740740741 0.0328125 0.042592592592593
11 0.2328125 0.39722222222222 0.030208333333333 0.044444444444444
11 0.21223958333333 0.16805555555556 0.030729166666667 0.043518518518519
11 0.22994791666667 0.45277777777778 0.0296875 0.044444444444444
11 0.540625 0.3587962962963 0.030208333333333 0.043518518518519
11 0.353125 0.50833333333333 0.030208333333333 0.042592592592593
11 0.58203125 0.50555555555556 0.031770833333333 0.040740740740741
11 0.013802083333333 0.051388888888889 0.027604166666667 0.04537037037037
11 0.58958333333333 0.40416666666667 0.03125 0.039814814814815
11 0.23411458333333 0.063425925925926 0.0296875 0.041666666666667
11 0.54375 0.20138888888889 0.029166666666667 0.041666666666667
11 0.58177083333333 0.47777777777778 0.03125 0.038888888888889
11 0.32630208333333 0.41805555555556 0.028645833333333 0.041666666666667
11 0.621875 0.085185185185185 0.029166666666667 0.040740740740741
11 0.45807291666667 0.20787037037037 0.0296875 0.039814814814815
11 0.77239583333333 0.81944444444444 0.03125 0.037037037037037
11 0.56796875 0.60046296296296 0.031770833333333 0.036111111111111
11 0.45208333333333 0.175 0.029166666666667 0.038888888888889
11 0.15833333333333 0.065740740740741 0.028125 0.040740740740741
11 0.66744791666667 0.62546296296296 0.030729166666667 0.036111111111111
11 0.2359375 0.31574074074074 0.028125 0.038888888888889
11 0.31041666666667 0.3787037037037 0.027083333333333 0.040740740740741
11 0.58307291666667 0.43564814814815 0.0296875 0.036111111111111
11 0.52526041666667 0.56296296296296 0.031770833333333 0.033333333333333
11 0.27239583333333 0.12083333333333 0.028125 0.037962962962963
11 0.58411458333333 0.54351851851852 0.0296875 0.035185185185185
11 0.47916666666667 0.23009259259259 0.026041666666667 0.036111111111111
11 0.35286458333333 0.33888888888889 0.0265625 0.037037037037037
11 0.41354166666667 0.16898148148148 0.026041666666667 0.036111111111111
11 0.047135416666667 0.013425925925926 0.033854166666667 0.026851851851852
11 0.38385416666667 0.10925925925926 0.025 0.037037037037037
11 0.35729166666667 0.19722222222222 0.025 0.033333333333333