10 0.59895833333333 0.54583333333333 0.010416666666667 0.012037037037037
10 0.90442708333333 0.73148148148148 0.018229166666667 0.022222222222222
10 0.59713541666667 0.52083333333333 0.011979166666667 0.013888888888889
10 0.4234375 0.66898148148148 0.013541666666667 0.015740740740741
10 0.38177083333333 0.70462962962963 0.023958333333333 0.031481481481481
10 0.063541666666667 0.28518518518519 0.033333333333333 0.05
10 0.84401041666667 0.7787037037037 0.025520833333333 0.031481481481481
10 0.59973958333333 0.75 0.024479166666667 0.02962962962963
10 0.48932291666667 0.58287037037037 0.011979166666667 0.013888888888889
10 0.57526041666667 0.69027777777778 0.0140625 0.015740740740741
10 0.62005208333333 0.5337962962963 0.0109375 0.013888888888889
10 0.53671875 0.7 0.0171875 0.02037037037037
10 0.40911458333333 0.67685185185185 0.022395833333333 0.027777777777778
10 0.58880208333333 0.57824074074074 0.011979166666667 0.013888888888889
10 0.68046875 0.7662037037037 0.022395833333333 0.030555555555556
10 0.64427083333333 0.51064814814815 0.010416666666667 0.012037037037037
10 0.55911458333333 0.67037037037037 0.013020833333333 0.014814814814815
10 0.36979166666667 0.82592592592593 0.0125 0.014814814814815
10 0.86901041666667 0.65925925925926 0.019270833333333 0.022222222222222
10 0.93098958333333 0.97407407407407 0.0203125 0.024074074074074
10 0.84635416666667 0.97824074074074 0.022916666666667 0.026851851851852
10 0.51770833333333 0.725 0.019791666666667 0.022222222222222
10 0.59375 0.97037037037037 0.022916666666667 0.024074074074074
10 0.37994791666667 0.31805555555556 0.019270833333333 0.026851851851852
10 0.70416666666667 0.9125 0.019791666666667 0.025
10 0.45807291666667 0.64537037037037 0.0140625 0.014814814814815
10 0.15520833333333 0.7712962962963 0.015625 0.02037037037037
10 0.36901041666667 0.92314814814815 0.011979166666667 0.012962962962963
10 0.80078125 0.86851851851852 0.028645833333333 0.037037037037037
10 0.6625 0.91203703703704 0.023958333333333 0.02962962962963
10 0.54140625 0.72083333333333 0.015104166666667 0.017592592592593
10 0.56432291666667 0.71574074074074 0.0140625 0.016666666666667
10 0.24401041666667 0.6787037037037 0.021354166666667 0.027777777777778
10 0.49713541666667 0.63333333333333 0.0140625 0.016666666666667
10 0.7734375 0.63842592592593 0.016666666666667 0.019444444444444
10 0.98619791666667 0.78240740740741 0.018229166666667 0.024074074074074
10 0.4375 0.58472222222222 0.014583333333333 0.017592592592593
10 0.57135416666667 0.61712962962963 0.023958333333333 0.030555555555556
10 0.47317708333333 0.96990740740741 0.018229166666667 0.019444444444444
10 0.95364583333333 0.59027777777778 0.016666666666667 0.021296296296296
10 0.68125 0.6412037037037 0.021875 0.026851851851852
10 0.81796875 0.21898148148148 0.0234375 0.030555555555556
10 0.52083333333333 0.75740740740741 0.014583333333333 0.016666666666667
10 0.48151041666667 0.64305555555556 0.013020833333333 0.013888888888889
10 0.79479166666667 0.86203703703704 0.020833333333333 0.025925925925926
10 0.55494791666667 0.31898148148148 0.0203125 0.026851851851852
10 0.41171875 0.65046296296296 0.015104166666667 0.017592592592593
10 0.36875 0.84953703703704 0.014583333333333 0.017592592592593
10 0.74192708333333 0.33703703703704 0.015104166666667 0.018518518518519
10 0.49505208333333 0.93472222222222 0.022395833333333 0.026851851851852
10 0.79479166666667 0.65231481481481 0.01875 0.021296296296296
10 0.74583333333333 0.81990740740741 0.015625 0.017592592592593
10 0.684375 0.74074074074074 0.013541666666667 0.016666666666667
10 0.30963541666667 0.96944444444444 0.016145833333333 0.018518518518519
10 0.4640625 0.79675925925926 0.030208333333333 0.039814814814815
10 0.76067708333333 0.38981481481481 0.024479166666667 0.035185185185185
10 0.51302083333333 0.79027777777778 0.015625 0.017592592592593
10 0.66458333333333 0.74814814814815 0.013541666666667 0.018518518518519
10 0.94505208333333 0.68888888888889 0.0171875 0.02037037037037
10 0.53463541666667 0.77685185185185 0.016145833333333 0.018518518518519
10 0.56536458333333 0.59027777777778 0.0203125 0.023148148148148
10 0.74947916666667 0.6787037037037 0.026041666666667 0.02962962962963
10 0.809375 0.87962962962963 0.023958333333333 0.027777777777778
10 0.1890625 0.74537037037037 0.060416666666667 0.077777777777778
10 0.61145833333333 0.81851851851852 0.015625 0.018518518518519
10 0.41171875 0.82314814814815 0.013020833333333 0.014814814814815
10 0.78046875 0.9537037037037 0.018229166666667 0.02037037037037