10 0.0609375 0.41481481481481 0.095833333333333 0.10185185185185
10 0.078125 0.31944444444444 0.040625 0.057407407407407
10 0.54166666666667 0.95509259259259 0.094791666666667 0.089814814814815
10 0.80911458333333 0.43611111111111 0.053645833333333 0.07037037037037
10 0.47239583333333 0.20925925925926 0.048958333333333 0.074074074074074
10 0.45416666666667 0.11064814814815 0.04375 0.063888888888889
10 0.86822916666667 0.2037037037037 0.165625 0.18518518518519
10 0.63828125 0.7087962962963 0.040104166666667 0.050925925925926
10 0.66041666666667 0.068518518518519 0.066666666666667 0.10555555555556
10 0.40598958333333 0.49722222222222 0.0515625 0.083333333333333
10 0.7265625 0.31759259259259 0.053125 0.077777777777778
10 0.29166666666667 0.036574074074074 0.052083333333333 0.073148148148148
10 0.153125 0.3625 0.052083333333333 0.10648148148148
10 0.87916666666667 0.66990740740741 0.051041666666667 0.058333333333333
10 0.88385416666667 0.95972222222222 0.077083333333333 0.075
10 0.50572916666667 0.85046296296296 0.13020833333333 0.19722222222222
10 0.67760416666667 0.16851851851852 0.088541666666667 0.11851851851852
10 0.73880208333333 0.2375 0.0609375 0.10277777777778
10 0.83697916666667 0.16805555555556 0.083333333333333 0.11759259259259
10 0.0098958333333333 0.44583333333333 0.019791666666667 0.078703703703704
10 0.015885416666667 0.51342592592593 0.031770833333333 0.1287037037037
10 0.18645833333333 0.2912037037037 0.042708333333333 0.067592592592593
10 0.5125 0.5875 0.04375 0.063888888888889
10 0.18177083333333 0.19398148148148 0.054166666666667 0.069444444444444
10 0.54791666666667 0.35509259259259 0.083333333333333 0.10833333333333
10 0.42942708333333 0.050925925925926 0.058854166666667 0.085185185185185
10 0.18411458333333 0.026388888888889 0.061979166666667 0.050925925925926
10 0.78619791666667 0.92453703703704 0.038020833333333 0.043518518518519
10 0.59479166666667 0.021759259259259 0.060416666666667 0.043518518518519
10 0.033854166666667 0.29259259259259 0.063541666666667 0.088888888888889
10 0.7125 0.51388888888889 0.05625 0.075925925925926
10 0.36536458333333 0.19768518518519 0.055729166666667 0.091666666666667
10 0.97239583333333 0.11157407407407 0.042708333333333 0.069444444444444
10 0.3859375 0.018981481481481 0.04375 0.036111111111111
10 0.72369791666667 0.36435185185185 0.12864583333333 0.18240740740741
10 0.20364583333333 0.40509259259259 0.046875 0.062037037037037
10 0.7625 0.4412037037037 0.05 0.060185185185185
10 0.89713541666667 0.076851851851852 0.0484375 0.075925925925926
10 0.56302083333333 0.21435185185185 0.10208333333333 0.13055555555556
10 0.64635416666667 0.33287037037037 0.052083333333333 0.082407407407407
10 0.086458333333333 0.071759259259259 0.04375 0.076851851851852
10 0.25078125 0.32962962962963 0.11302083333333 0.16111111111111
10 0.31822916666667 0.51296296296296 0.060416666666667 0.083333333333333
10 0.027604166666667 0.027777777777778 0.055208333333333 0.055555555555556
10 0.92395833333333 0.54398148148148 0.039583333333333 0.052777777777778
10 0.61041666666667 0.4412037037037 0.091666666666667 0.11944444444444
10 0.91875 0.21574074074074 0.11875 0.18148148148148
10 0.91796875 0.16759259259259 0.065104166666667 0.090740740740741
10 0.53828125 0.63888888888889 0.10052083333333 0.15185185185185
10 0.79713541666667 0.039814814814815 0.0890625 0.07962962962963
10 0.60807291666667 0.45740740740741 0.058854166666667 0.07962962962963
10 0.52604166666667 0.90787037037037 0.12916666666667 0.17314814814815
10 0.71744791666667 0.54166666666667 0.0859375 0.13148148148148
10 0.30963541666667 0.15787037037037 0.0453125 0.060185185185185