11 0.039453125 0.19861111111111 0.07421875 0.16111111111111
11 0.83125 0.77291666666667 0.115625 0.18194444444444
11 0.884375 0.58194444444444 0.075 0.13611111111111
11 0.781640625 0.60902777777778 0.07890625 0.12361111111111
11 0.653515625 0.43194444444444 0.08046875 0.11944444444444
11 0.43359375 0.44027777777778 0.0796875 0.10277777777778
11 0.7 0.56527777777778 0.08125 0.10833333333333
11 0.756640625 0.63680555555556 0.08203125 0.10972222222222
11 0.559765625 0.34513888888889 0.07265625 0.10694444444444
11 0.9453125 0.49583333333333 0.0703125 0.10277777777778
11 0.500390625 0.66944444444444 0.07265625 0.097222222222222
11 0.80859375 0.15694444444444 0.0640625 0.097222222222222
11 0.68125 0.58333333333333 0.0671875 0.091666666666667
11 0.751171875 0.42986111111111 0.06640625 0.0875
11 0.88046875 0.11597222222222 0.0625 0.090277777777778
11 0.973828125 0.14097222222222 0.05234375 0.10694444444444
11 0.628125 0.11597222222222 0.0640625 0.084722222222222
11 0.80234375 0.58611111111111 0.059375 0.091666666666667
11 0.04453125 0.16944444444444 0.0671875 0.080555555555556
11 0.975 0.49305555555556 0.046875 0.11388888888889
11 0.7796875 0.28402777777778 0.0625 0.084722222222222
11 0.090234375 0.40416666666667 0.06015625 0.086111111111111
11 0.02421875 0.25 0.0484375 0.10555555555556
11 0.68828125 0.91875 0.0578125 0.079166666666667
11 0.925390625 0.051388888888889 0.06171875 0.080555555555556
11 0.70234375 0.39444444444444 0.0546875 0.080555555555556
11 0.695703125 0.47291666666667 0.05703125 0.076388888888889
11 0.771875 0.63819444444444 0.0546875 0.076388888888889
11 0.51484375 0.8375 0.053125 0.077777777777778
11 0.861328125 0.043055555555556 0.05546875 0.075
11 0.40234375 0.061111111111111 0.053125 0.077777777777778
11 0.8828125 0.60555555555556 0.053125 0.077777777777778
11 0.219140625 0.31875 0.05234375 0.076388888888889
11 0.879296875 0.19513888888889 0.05390625 0.073611111111111
11 0.555078125 0.52986111111111 0.05234375 0.073611111111111
11 0.573828125 0.045138888888889 0.05078125 0.073611111111111
11 0.51953125 0.10902777777778 0.0515625 0.073611111111111
11 0.760546875 0.50833333333333 0.04921875 0.075
11 0.591796875 0.62569444444444 0.04921875 0.073611111111111
11 0.7265625 0.79722222222222 0.05 0.072222222222222
11 0.619140625 0.49444444444444 0.05078125 0.069444444444444
11 0.2765625 0.69027777777778 0.046875 0.069444444444444
11 0.814453125 0.44930555555556 0.04765625 0.068055555555556
11 0.458203125 0.56388888888889 0.04765625 0.072222222222222
11 0.79140625 0.68611111111111 0.05 0.066666666666667
11 0.0890625 0.28888888888889 0.05 0.066666666666667
11 0.272265625 0.89305555555556 0.04609375 0.069444444444444
11 0.5203125 0.58055555555556 0.0453125 0.069444444444444
11 0.791015625 0.39513888888889 0.04609375 0.065277777777778
11 0.622265625 0.56527777777778 0.04609375 0.063888888888889
11 0.407421875 0.81597222222222 0.04453125 0.0625
11 0.515625 0.72013888888889 0.04375 0.065277777777778
11 0.032421875 0.75902777777778 0.04609375 0.059722222222222
11 0.159375 0.82847222222222 0.04375 0.0625
11 0.50390625 0.93055555555556 0.04375 0.058333333333333
11 0.37890625 0.80416666666667 0.04375 0.061111111111111
11 0.60546875 0.61319444444444 0.0421875 0.0625
11 0.665234375 0.6 0.04296875 0.061111111111111
11 0.01328125 0.45763888888889 0.0265625 0.093055555555556
11 0.579296875 0.63611111111111 0.03984375 0.058333333333333
11 0.748828125 0.69930555555556 0.03828125 0.051388888888889
11 0.440234375 0.975 0.03671875 0.047222222222222
11 0.01328125 0.58055555555556 0.0265625 0.069444444444444