11 0.54479166666667 0.80324074074074 0.03125 0.041666666666667
11 0.49791666666667 0.67916666666667 0.032291666666667 0.041666666666667
11 0.50208333333333 0.96064814814815 0.038541666666667 0.05462962962963
11 0.58359375 0.13194444444444 0.030729166666667 0.043518518518519
11 0.7265625 0.49814814814815 0.028125 0.040740740740741
11 0.6 0.55046296296296 0.025 0.036111111111111
11 0.49270833333333 0.89907407407407 0.027083333333333 0.037037037037037
11 0.85729166666667 0.34675925925926 0.032291666666667 0.047222222222222
11 0.76666666666667 0.28888888888889 0.041666666666667 0.062962962962963
11 0.82395833333333 0.73657407407407 0.076041666666667 0.091666666666667
11 0.91901041666667 0.50787037037037 0.034895833333333 0.047222222222222
11 0.54921875 0.4212962962963 0.022395833333333 0.031481481481481
11 0.58307291666667 0.85555555555556 0.025520833333333 0.035185185185185
11 0.24661458333333 0.86527777777778 0.028645833333333 0.036111111111111
11 0.083854166666667 0.83611111111111 0.021875 0.031481481481481
11 0.37760416666667 0.76712962962963 0.025 0.032407407407407
11 0.86015625 0.080092592592593 0.034895833333333 0.056481481481481
11 0.50833333333333 0.76481481481481 0.033333333333333 0.044444444444444
11 0.48828125 0.40787037037037 0.0203125 0.028703703703704
11 0.49192708333333 0.52037037037037 0.0265625 0.037037037037037
11 0.51979166666667 0.45925925925926 0.023958333333333 0.033333333333333
11 0.47708333333333 0.77083333333333 0.027083333333333 0.037962962962963
11 0.73125 0.39907407407407 0.06875 0.10185185185185
11 0.52239583333333 0.58287037037037 0.022916666666667 0.030555555555556
11 0.8359375 0.49861111111111 0.036458333333333 0.052777777777778
11 0.46796875 0.68101851851852 0.027604166666667 0.036111111111111
11 0.528125 0.54768518518519 0.026041666666667 0.034259259259259
11 0.553125 0.72962962962963 0.032291666666667 0.048148148148148
11 0.54270833333333 0.48287037037037 0.03125 0.039814814814815
11 0.73854166666667 0.46481481481481 0.027083333333333 0.038888888888889
11 0.57369791666667 0.50694444444444 0.0359375 0.04537037037037
11 0.72161458333333 0.63425925925926 0.030729166666667 0.040740740740741
11 0.27083333333333 0.84907407407407 0.026041666666667 0.037037037037037
11 0.54270833333333 0.55138888888889 0.023958333333333 0.032407407407407
11 0.59609375 0.74444444444444 0.027604166666667 0.037037037037037
11 0.24713541666667 0.11666666666667 0.036979166666667 0.064814814814815
11 0.53515625 0.82638888888889 0.025520833333333 0.034259259259259
11 0.434375 0.86805555555556 0.028125 0.036111111111111
11 0.38932291666667 0.875 0.025520833333333 0.035185185185185
11 0.92526041666667 0.20694444444444 0.031770833333333 0.05462962962963
11 0.61197916666667 0.063425925925926 0.040625 0.058333333333333
11 0.52604166666667 0.7912037037037 0.022916666666667 0.030555555555556
11 0.4203125 0.72592592592593 0.028125 0.037037037037037
11 0.33776041666667 0.12407407407407 0.031770833333333 0.051851851851852
11 0.5875 0.71481481481481 0.028125 0.037037037037037
11 0.76197916666667 0.37916666666667 0.036458333333333 0.052777777777778
11 0.60520833333333 0.30046296296296 0.041666666666667 0.060185185185185
11 0.45572916666667 0.63425925925926 0.025 0.035185185185185
11 0.57994791666667 0.8875 0.025520833333333 0.034259259259259
11 0.021875 0.77361111111111 0.029166666666667 0.041666666666667
11 0.44140625 0.6912037037037 0.024479166666667 0.032407407407407
11 0.43411458333333 0.71805555555556 0.030729166666667 0.039814814814815
11 0.65651041666667 0.35138888888889 0.0390625 0.05462962962963
11 0.22057291666667 0.61574074074074 0.0234375 0.031481481481481
11 0.47005208333333 0.88333333333333 0.028645833333333 0.037037037037037
11 0.98541666666667 0.64212962962963 0.030208333333333 0.067592592592593
11 0.2875 0.49490740740741 0.020833333333333 0.028703703703704
11 0.28854166666667 0.81203703703704 0.027083333333333 0.037037037037037
11 0.46640625 0.72546296296296 0.0203125 0.026851851851852
11 0.20130208333333 0.7037037037037 0.024479166666667 0.035185185185185
11 0.40546875 0.82824074074074 0.021354166666667 0.028703703703704
11 0.95729166666667 0.71851851851852 0.0375 0.053703703703704
11 0.53723958333333 0.51712962962963 0.0265625 0.036111111111111
11 0.52317708333333 0.66851851851852 0.0390625 0.05
11 0.55598958333333 0.85416666666667 0.036979166666667 0.058333333333333
11 0.53567708333333 0.88842592592593 0.027604166666667 0.036111111111111
11 0.55598958333333 0.86990740740741 0.025520833333333 0.032407407407407
11 0.54895833333333 0.61296296296296 0.032291666666667 0.048148148148148
11 0.42890625 0.8337962962963 0.022395833333333 0.030555555555556
11 0.83515625 0.28518518518519 0.031770833333333 0.048148148148148
11 0.78489583333333 0.86527777777778 0.075 0.11203703703704
11 0.61119791666667 0.78888888888889 0.0296875 0.040740740740741
11 0.49296875 0.81990740740741 0.024479166666667 0.034259259259259
11 0.38333333333333 0.32361111111111 0.029166666666667 0.043518518518519
11 0.51979166666667 0.89907407407407 0.028125 0.037037037037037
11 0.45286458333333 0.33518518518519 0.030729166666667 0.044444444444444
11 0.57447916666667 0.77962962962963 0.021875 0.02962962962963
11 0.43046875 0.2412037037037 0.0296875 0.041666666666667