11 0.819921875 0.32986111111111 0.36953125 0.64583333333333
11 0.28125 0.68125 0.31875 0.50694444444444
11 0.433203125 0.11736111111111 0.06484375 0.095833333333333
11 0.557421875 0.28541666666667 0.05859375 0.079166666666667
11 0.511328125 0.22291666666667 0.05546875 0.081944444444444
11 0.5890625 0.18472222222222 0.0921875 0.12777777777778
11 0.540625 0.10416666666667 0.0625 0.075
11 0.565234375 0.61736111111111 0.07890625 0.093055555555556
11 0.41015625 0.36388888888889 0.053125 0.077777777777778
11 0.632421875 0.58333333333333 0.06015625 0.072222222222222
11 0.63671875 0.77152777777778 0.0578125 0.068055555555556
11 0.723828125 0.60416666666667 0.05390625 0.072222222222222
11 0.653125 0.67708333333333 0.0609375 0.068055555555556
11 0.61796875 0.72083333333333 0.0546875 0.069444444444444
11 0.512890625 0.55972222222222 0.05390625 0.069444444444444
11 0.7 0.72569444444444 0.059375 0.0625
11 0.46875 0.44027777777778 0.053125 0.069444444444444
11 0.5828125 0.21666666666667 0.05 0.072222222222222
11 0.5625 0.11458333333333 0.05 0.068055555555556
11 0.4140625 0.095833333333333 0.05 0.066666666666667
11 0.699609375 0.55902777777778 0.04921875 0.065277777777778
11 0.746875 0.63958333333333 0.0484375 0.065277777777778
11 0.489453125 0.089583333333333 0.04765625 0.065277777777778
11 0.584765625 0.67361111111111 0.04609375 0.066666666666667
11 0.491796875 0.29652777777778 0.04453125 0.0625
11 0.689453125 0.46458333333333 0.04609375 0.059722222222222
11 0.6078125 0.30902777777778 0.04375 0.0625
11 0.516015625 0.14097222222222 0.04453125 0.059722222222222
11 0.640234375 0.83819444444444 0.04453125 0.059722222222222
11 0.51953125 0.27152777777778 0.0421875 0.0625
11 0.445703125 0.063888888888889 0.04296875 0.061111111111111
11 0.43515625 0.22222222222222 0.04375 0.058333333333333
11 0.43671875 0.36944444444444 0.0421875 0.058333333333333
11 0.55859375 0.70555555555556 0.0421875 0.058333333333333
11 0.576171875 0.76041666666667 0.04296875 0.056944444444444
11 0.66875 0.55972222222222 0.04375 0.055555555555556
11 0.58671875 0.32847222222222 0.0421875 0.056944444444444
11 0.417578125 0.24861111111111 0.04140625 0.058333333333333
11 0.7015625 0.61944444444444 0.0421875 0.055555555555556
11 0.3 0.93263888888889 0.0390625 0.059722222222222
11 0.559765625 0.80138888888889 0.04140625 0.055555555555556
11 0.683203125 0.50069444444444 0.03828125 0.054166666666667
11 0.466796875 0.32361111111111 0.04140625 0.055555555555556
11 0.803515625 0.16736111111111 0.03359375 0.040277777777778
11 0.9140625 0.76527777777778 0.0328125 0.038888888888889
11 0.969140625 0.56458333333333 0.03046875 0.0375