11 0.409765625 0.56666666666667 0.12109375 0.12222222222222
11 0.376171875 0.73958333333333 0.11015625 0.095833333333333
11 0.519140625 0.37708333333333 0.08515625 0.090277777777778
11 0.52109375 0.7125 0.090625 0.080555555555556
11 0.183203125 0.40555555555556 0.08203125 0.088888888888889
11 0.335546875 0.64652777777778 0.07734375 0.093055555555556
11 0.298046875 0.41111111111111 0.07734375 0.088888888888889
11 0.784375 0.69236111111111 0.0765625 0.068055555555556
11 0.589453125 0.58541666666667 0.07109375 0.070833333333333
11 0.55 0.49791666666667 0.06875 0.0625
11 0.68515625 0.73472222222222 0.075 0.055555555555556
11 0.30859375 0.53541666666667 0.0625 0.0625