11 0.767578125 0.52152777777778 0.21015625 0.30138888888889
11 0.76015625 0.29513888888889 0.2265625 0.43472222222222
11 0.77265625 0.64583333333333 0.1234375 0.125
11 0.560546875 0.88333333333333 0.14453125 0.225
11 0.230078125 0.61527777777778 0.08828125 0.13888888888889
11 0.4234375 0.18263888888889 0.08125 0.12361111111111
11 0.54453125 0.15763888888889 0.08125 0.12083333333333
11 0.355078125 0.052083333333333 0.09296875 0.10416666666667
11 0.65234375 0.13263888888889 0.065625 0.095833333333333
11 0.865234375 0.21597222222222 0.06015625 0.093055555555556
11 0.81953125 0.25 0.0625 0.086111111111111
11 0.785546875 0.080555555555556 0.06171875 0.088888888888889
11 0.694140625 0.036111111111111 0.07109375 0.072222222222222
11 0.61796875 0.65277777777778 0.0609375 0.080555555555556
11 0.71015625 0.71180555555556 0.0546875 0.079166666666667
11 0.598828125 0.98611111111111 0.05078125 0.025