11 0.34557291666667 0.41157407407407 0.24739583333333 0.25462962962963
11 0.44739583333333 0.32731481481481 0.21979166666667 0.24537037037037
11 0.20416666666667 0.42314814814815 0.178125 0.21481481481481
11 0.079166666666667 0.36898148148148 0.15416666666667 0.20648148148148
11 0.52682291666667 0.43194444444444 0.15052083333333 0.15648148148148
11 0.878125 0.36296296296296 0.121875 0.19074074074074
11 0.70520833333333 0.32777777777778 0.092708333333333 0.13148148148148
11 0.95572916666667 0.16851851851852 0.088541666666667 0.15555555555556
11 0.93776041666667 0.39861111111111 0.11197916666667 0.15092592592593
11 0.7734375 0.37314814814815 0.1 0.12037037037037
11 0.740625 0.44490740740741 0.13229166666667 0.16018518518519
11 0.43229166666667 0.45 0.10104166666667 0.10555555555556
11 0.14947916666667 0.29490740740741 0.092708333333333 0.11018518518519
11 0.6359375 0.33842592592593 0.094791666666667 0.10648148148148
11 0.030729166666667 0.39861111111111 0.061458333333333 0.12685185185185
11 0.89635416666667 0.31527777777778 0.079166666666667 0.10648148148148
11 0.22760416666667 0.37962962962963 0.09375 0.096296296296296
11 0.553125 0.25787037037037 0.08125 0.097222222222222
11 0.70234375 0.29166666666667 0.0734375 0.090740740740741