11 0.719140625 0.46319444444444 0.02265625 0.034722222222222
11 0.658984375 0.45138888888889 0.01796875 0.027777777777778
11 0.467578125 0.42083333333333 0.35546875 0.53333333333333
11 0.797265625 0.55625 0.02109375 0.034722222222222
11 0.77421875 0.49375 0.0234375 0.031944444444444
11 0.865234375 0.6125 0.02421875 0.033333333333333
11 0.85625 0.83611111111111 0.021875 0.030555555555556
11 0.754296875 0.55 0.01953125 0.027777777777778
11 0.798046875 0.56875 0.01953125 0.029166666666667
11 0.76171875 0.32847222222222 0.4609375 0.65416666666667
11 0.63515625 0.55972222222222 0.0171875 0.025
11 0.8515625 0.66597222222222 0.025 0.034722222222222
11 0.858203125 0.67083333333333 0.02265625 0.030555555555556
11 0.742578125 0.47777777777778 0.02265625 0.033333333333333
11 0.666015625 0.40625 0.02421875 0.034722222222222
11 0.6421875 0.43333333333333 0.025 0.038888888888889
11 0.8453125 0.66041666666667 0.021875 0.029166666666667
11 0.88046875 0.70347222222222 0.0203125 0.029166666666667
11 0.74140625 0.56111111111111 0.0203125 0.030555555555556
11 0.66875 0.36041666666667 0.021875 0.029166666666667
11 0.829296875 0.53402777777778 0.02265625 0.031944444444444
11 0.825 0.50347222222222 0.0234375 0.034722222222222
11 0.748046875 0.55694444444444 0.02421875 0.033333333333333
11 0.85 0.73055555555556 0.0265625 0.036111111111111
11 0.747265625 0.51180555555556 0.02109375 0.031944444444444
11 0.766015625 0.20902777777778 0.02734375 0.0375
11 0.64921875 0.40972222222222 0.025 0.036111111111111
11 0.794921875 0.48194444444444 0.02421875 0.033333333333333
11 0.833203125 0.13611111111111 0.33203125 0.27222222222222
11 0.679296875 0.43333333333333 0.02109375 0.030555555555556
11 0.80859375 0.49375 0.01875 0.026388888888889