11 0.6078125 0.48703703703704 0.053125 0.077777777777778
11 0.52083333333333 0.45833333333333 0.044791666666667 0.068518518518519
11 0.092447916666667 0.19537037037037 0.044270833333333 0.066666666666667
11 0.11510416666667 0.33055555555556 0.060416666666667 0.048148148148148
11 0.81432291666667 0.68703703703704 0.0453125 0.062962962962963
11 0.371875 0.1375 0.04375 0.063888888888889
11 0.52291666666667 0.29351851851852 0.045833333333333 0.059259259259259
11 0.084635416666667 0.10046296296296 0.0421875 0.063888888888889
11 0.321875 0.09212962962963 0.039583333333333 0.05462962962963
11 0.47291666666667 0.31990740740741 0.054166666666667 0.039814814814815
11 0.24114583333333 0.14166666666667 0.035416666666667 0.057407407407407
11 0.32473958333333 0.15185185185185 0.0359375 0.05
11 0.18125 0.18333333333333 0.032291666666667 0.053703703703704
11 0.15520833333333 0.10925925925926 0.034375 0.05
11 0.39609375 0.26388888888889 0.033854166666667 0.05
11 0.46041666666667 0.30509259259259 0.028125 0.060185185185185
11 0.25703125 0.2662037037037 0.031770833333333 0.052777777777778
11 0.40182291666667 0.24583333333333 0.0328125 0.049074074074074
11 0.13515625 0.25972222222222 0.031770833333333 0.049074074074074
11 0.14348958333333 0.18981481481481 0.031770833333333 0.048148148148148
11 0.23802083333333 0.2037037037037 0.033333333333333 0.042592592592593