6 0.59453125 0.64791666666667 0.0234375 0.026388888888889
6 0.59453125 0.93402777777778 0.028125 0.0375
6 0.658984375 0.87777777777778 0.02578125 0.030555555555556
6 0.583984375 0.68333333333333 0.02421875 0.025
6 0.59296875 0.78194444444444 0.0265625 0.027777777777778
6 0.588671875 0.60208333333333 0.02578125 0.029166666666667
6 0.5609375 0.66805555555556 0.03125 0.030555555555556
6 0.693359375 0.88472222222222 0.02578125 0.033333333333333
6 0.551953125 0.45208333333333 0.03828125 0.054166666666667
6 0.542578125 0.49236111111111 0.02265625 0.026388888888889
6 0.545703125 0.56597222222222 0.02578125 0.029166666666667
6 0.577734375 0.71458333333333 0.02265625 0.023611111111111
6 0.547265625 0.61666666666667 0.02578125 0.027777777777778
6 0.56875 0.68888888888889 0.021875 0.022222222222222
6 0.60703125 0.62013888888889 0.028125 0.031944444444444
6 0.540234375 0.34722222222222 0.02421875 0.027777777777778
6 0.65234375 0.84583333333333 0.0171875 0.019444444444444
6 0.61953125 0.70277777777778 0.0359375 0.036111111111111
6 0.632421875 0.60625 0.03046875 0.034722222222222
6 0.52890625 0.36805555555556 0.0265625 0.033333333333333
6 0.568359375 0.64027777777778 0.02578125 0.025
6 0.6421875 0.71527777777778 0.0296875 0.030555555555556
6 0.547265625 0.43819444444444 0.03671875 0.043055555555556
6 0.570703125 0.48125 0.02734375 0.031944444444444
6 0.664453125 0.80972222222222 0.03046875 0.038888888888889
6 0.617578125 0.44097222222222 0.03046875 0.034722222222222
6 0.544140625 0.59375 0.02265625 0.026388888888889
6 0.5875 0.62083333333333 0.021875 0.025
10 0.06015625 0.56875 0.015625 0.018055555555556
6 0.573046875 0.58125 0.02421875 0.034722222222222
6 0.608984375 0.69722222222222 0.03046875 0.030555555555556
6 0.679296875 0.77569444444444 0.02734375 0.031944444444444
6 0.57109375 0.56805555555556 0.025 0.030555555555556
6 0.54609375 0.51666666666667 0.028125 0.033333333333333
6 0.655078125 0.77152777777778 0.02578125 0.029166666666667
6 0.60703125 0.66319444444444 0.0265625 0.029166666666667
6 0.542578125 0.62916666666667 0.02421875 0.027777777777778
6 0.619921875 0.38819444444444 0.02890625 0.031944444444444
6 0.596484375 0.52083333333333 0.02734375 0.030555555555556
10 0.546875 0.4375 0.0359375 0.047222222222222
10 0.6625 0.81319444444444 0.0390625 0.048611111111111
10 0.594140625 0.93263888888889 0.03359375 0.048611111111111
10 0.631640625 0.60694444444444 0.02890625 0.041666666666667
10 0.59375 0.61180555555556 0.03125 0.040277777777778
10 0.544921875 0.51597222222222 0.02734375 0.040277777777778
10 0.61796875 0.43958333333333 0.0265625 0.040277777777778
10 0.619921875 0.3875 0.02734375 0.038888888888889
10 0.609375 0.69791666666667 0.028125 0.0375
10 0.5296875 0.36805555555556 0.0265625 0.038888888888889
10 0.60625 0.62083333333333 0.028125 0.036111111111111
10 0.595703125 0.52083333333333 0.02578125 0.038888888888889
10 0.5609375 0.66875 0.028125 0.034722222222222
10 0.65859375 0.87777777777778 0.0265625 0.036111111111111
10 0.58828125 0.60277777777778 0.0265625 0.036111111111111
10 0.569921875 0.48055555555556 0.02578125 0.036111111111111
10 0.678515625 0.775 0.02578125 0.036111111111111
10 0.606640625 0.66388888888889 0.02578125 0.036111111111111
10 0.59296875 0.78263888888889 0.0265625 0.034722222222222
10 0.693359375 0.88541666666667 0.02578125 0.034722222222222
10 0.542578125 0.49375 0.02421875 0.034722222222222
10 0.570703125 0.56597222222222 0.02421875 0.034722222222222
10 0.65546875 0.77222222222222 0.025 0.033333333333333
10 0.6421875 0.71527777777778 0.0234375 0.030555555555556
10 0.5453125 0.56597222222222 0.0234375 0.031944444444444
10 0.568359375 0.64097222222222 0.02421875 0.029166666666667
10 0.594921875 0.64861111111111 0.02265625 0.030555555555556
10 0.544140625 0.59305555555556 0.02265625 0.030555555555556
10 0.54140625 0.34722222222222 0.021875 0.030555555555556
10 0.578125 0.71527777777778 0.0203125 0.025
10 0.66171875 0.8125 0.040625 0.052777777777778
10 0.546484375 0.43819444444444 0.03515625 0.048611111111111
10 0.5625 0.48680555555556 0.0375 0.043055555555556
10 0.617578125 0.44166666666667 0.02890625 0.041666666666667
10 0.619140625 0.70208333333333 0.03515625 0.040277777777778
10 0.59375 0.93333333333333 0.03125 0.044444444444444
10 0.580078125 0.59236111111111 0.03203125 0.040277777777778
10 0.608203125 0.69722222222222 0.03046875 0.038888888888889
10 0.61953125 0.38819444444444 0.028125 0.040277777777778
10 0.5953125 0.52083333333333 0.028125 0.038888888888889
10 0.631640625 0.60625 0.02890625 0.0375
10 0.528515625 0.36805555555556 0.02734375 0.038888888888889
10 0.60703125 0.66458333333333 0.028125 0.0375
10 0.5890625 0.60347222222222 0.028125 0.0375
10 0.658203125 0.87777777777778 0.02890625 0.036111111111111
10 0.562109375 0.66805555555556 0.02890625 0.036111111111111
10 0.60703125 0.62083333333333 0.028125 0.036111111111111
10 0.570703125 0.48055555555556 0.02578125 0.038888888888889
10 0.57109375 0.56597222222222 0.0265625 0.0375
10 0.59375 0.78263888888889 0.028125 0.034722222222222
10 0.542578125 0.49444444444444 0.02578125 0.036111111111111
10 0.65546875 0.77152777777778 0.0265625 0.034722222222222
10 0.694140625 0.88680555555556 0.02578125 0.034722222222222
10 0.58671875 0.68194444444444 0.0265625 0.033333333333333
10 0.679296875 0.775 0.02578125 0.033333333333333
10 0.5453125 0.56527777777778 0.0234375 0.033333333333333
10 0.6421875 0.71527777777778 0.025 0.030555555555556
10 0.54375 0.59375 0.0234375 0.031944444444444
10 0.54140625 0.34652777777778 0.0234375 0.031944444444444
10 0.569921875 0.63958333333333 0.02421875 0.029166666666667
10 0.69453125 0.87291666666667 0.0234375 0.029166666666667
10 0.594921875 0.64791666666667 0.02265625 0.029166666666667
10 0.578125 0.71527777777778 0.021875 0.027777777777778
10 0.587890625 0.62152777777778 0.01953125 0.026388888888889
10 0.605859375 0.64097222222222 0.02734375 0.073611111111111
10 0.66171875 0.81319444444444 0.040625 0.051388888888889
10 0.559765625 0.49027777777778 0.03828125 0.047222222222222
10 0.59375 0.93402777777778 0.03125 0.045833333333333
10 0.54609375 0.43888888888889 0.034375 0.047222222222222
10 0.61953125 0.70208333333333 0.034375 0.040277777777778
10 0.580859375 0.59375 0.03203125 0.040277777777778
10 0.617578125 0.44097222222222 0.02890625 0.040277777777778
10 0.6078125 0.69722222222222 0.0296875 0.038888888888889
10 0.61953125 0.3875 0.028125 0.038888888888889
10 0.54453125 0.51458333333333 0.028125 0.040277777777778
10 0.65859375 0.87777777777778 0.028125 0.036111111111111
10 0.5953125 0.52083333333333 0.0265625 0.038888888888889
10 0.63125 0.60694444444444 0.028125 0.036111111111111
10 0.56171875 0.66805555555556 0.028125 0.036111111111111
10 0.5890625 0.60277777777778 0.028125 0.036111111111111
10 0.570703125 0.47986111111111 0.02578125 0.0375
10 0.606640625 0.66388888888889 0.02734375 0.036111111111111
10 0.570703125 0.56597222222222 0.02578125 0.0375
10 0.60703125 0.62083333333333 0.0265625 0.036111111111111
10 0.59375 0.78194444444444 0.0265625 0.033333333333333
10 0.694140625 0.88611111111111 0.02578125 0.033333333333333
10 0.58671875 0.68194444444444 0.0265625 0.030555555555556
10 0.544140625 0.59375 0.02265625 0.031944444444444
10 0.641796875 0.71527777777778 0.02421875 0.030555555555556
10 0.56953125 0.63958333333333 0.0234375 0.029166666666667
10 0.593359375 0.64652777777778 0.02265625 0.029166666666667
10 0.578125 0.71527777777778 0.0203125 0.027777777777778