10 0.58463541666667 0.98425925925926 0.0296875 0.031481481481481
10 0.74661458333333 0.5625 0.0234375 0.032407407407407
10 0.43697916666667 0.8162037037037 0.01875 0.025
10 0.7375 0.45833333333333 0.065625 0.042592592592593
10 0.96276041666667 0.65324074074074 0.024479166666667 0.034259259259259
10 0.43880208333333 0.60138888888889 0.018229166666667 0.023148148148148
10 0.76145833333333 0.40694444444444 0.023958333333333 0.034259259259259
10 0.34895833333333 0.9875 0.023958333333333 0.025
10 0.95520833333333 0.12453703703704 0.021875 0.032407407407407
10 0.22552083333333 0.83611111111111 0.021875 0.02962962962963
10 0.2859375 0.80740740740741 0.019791666666667 0.024074074074074
10 0.74427083333333 0.37083333333333 0.021875 0.030555555555556
10 0.38020833333333 0.82361111111111 0.023958333333333 0.028703703703704
10 0.93307291666667 0.42037037037037 0.0203125 0.02962962962963
10 0.75104166666667 0.46018518518519 0.028125 0.038888888888889
10 0.39713541666667 0.80324074074074 0.016145833333333 0.021296296296296
10 0.40625 0.91111111111111 0.01875 0.024074074074074
10 0.68567708333333 0.71157407407407 0.0296875 0.039814814814815
10 0.77682291666667 0.35787037037037 0.033854166666667 0.050925925925926
10 0.31692708333333 0.85231481481481 0.021354166666667 0.026851851851852
10 0.36067708333333 0.63888888888889 0.030729166666667 0.040740740740741
10 0.5140625 0.39722222222222 0.015625 0.02037037037037
10 0.8203125 0.85648148148148 0.022916666666667 0.031481481481481
10 0.43098958333333 0.62361111111111 0.015104166666667 0.019444444444444
10 0.88932291666667 0.36805555555556 0.025520833333333 0.037962962962963
10 0.71875 0.70601851851852 0.028125 0.037962962962963
10 0.91848958333333 0.79722222222222 0.053645833333333 0.07962962962963
10 0.48567708333333 0.64675925925926 0.022395833333333 0.030555555555556
10 0.43151041666667 0.65972222222222 0.025520833333333 0.030555555555556
10 0.90911458333333 0.68703703703704 0.0265625 0.035185185185185
10 0.82838541666667 0.79259259259259 0.0390625 0.053703703703704
10 0.46119791666667 0.52407407407407 0.0140625 0.018518518518519
10 0.69817708333333 0.77638888888889 0.024479166666667 0.032407407407407
10 0.36484375 0.79490740740741 0.022395833333333 0.028703703703704
10 0.34479166666667 0.79953703703704 0.016666666666667 0.021296296296296
10 0.5078125 0.64490740740741 0.042708333333333 0.060185185185185
10 0.66041666666667 0.59351851851852 0.026041666666667 0.035185185185185
10 0.32864583333333 0.85648148148148 0.025 0.031481481481481
10 0.54244791666667 0.525 0.0171875 0.022222222222222
10 0.8703125 0.70601851851852 0.025 0.034259259259259
10 0.31041666666667 0.88101851851852 0.020833333333333 0.028703703703704
10 0.63307291666667 0.75231481481481 0.0296875 0.039814814814815
10 0.35078125 0.7962962962963 0.025520833333333 0.025925925925926
10 0.37890625 0.67777777777778 0.019270833333333 0.025925925925926
10 0.36067708333333 0.87777777777778 0.0296875 0.037037037037037
10 0.24270833333333 0.94027777777778 0.020833333333333 0.026851851851852
10 0.98255208333333 0.56851851851852 0.024479166666667 0.033333333333333
10 0.67682291666667 0.51203703703704 0.0234375 0.035185185185185
10 0.44739583333333 0.58055555555556 0.013541666666667 0.016666666666667
10 0.58541666666667 0.87916666666667 0.019791666666667 0.026851851851852
10 0.38802083333333 0.60324074074074 0.019791666666667 0.025
10 0.61536458333333 0.84814814814815 0.027604166666667 0.037037037037037
10 0.4234375 0.98425925925926 0.029166666666667 0.031481481481481
10 0.5578125 0.51851851851852 0.016666666666667 0.022222222222222
10 0.67682291666667 0.44305555555556 0.052604166666667 0.073148148148148
10 0.35963541666667 0.75972222222222 0.0203125 0.025
10 0.46796875 0.80740740740741 0.0265625 0.033333333333333
10 0.16953125 0.70925925925926 0.0265625 0.038888888888889
10 0.72369791666667 0.45648148148148 0.0296875 0.042592592592593
10 0.49921875 0.80648148148148 0.024479166666667 0.02962962962963
10 0.50494791666667 0.59814814814815 0.0171875 0.022222222222222
10 0.45989583333333 0.7587962962963 0.029166666666667 0.037962962962963
10 0.72395833333333 0.78564814814815 0.0375 0.047222222222222
10 0.47005208333333 0.95833333333333 0.021354166666667 0.02962962962963
10 0.40494791666667 0.64259259259259 0.021354166666667 0.027777777777778
10 0.28567708333333 0.90324074074074 0.038020833333333 0.049074074074074
10 0.34817708333333 0.94212962962963 0.025520833333333 0.034259259259259
10 0.371875 0.57638888888889 0.017708333333333 0.023148148148148
10 0.80364583333333 0.32546296296296 0.022916666666667 0.034259259259259
10 0.27916666666667 0.98564814814815 0.022916666666667 0.028703703703704
10 0.35286458333333 0.91111111111111 0.021354166666667 0.027777777777778
10 0.48489583333333 0.58472222222222 0.014583333333333 0.019444444444444
10 0.39296875 0.74861111111111 0.0203125 0.026851851851852
10 0.34270833333333 0.71944444444444 0.020833333333333 0.025925925925926
10 0.8921875 0.31898148148148 0.020833333333333 0.032407407407407
10 0.17213541666667 0.97962962962963 0.027604166666667 0.035185185185185
10 0.49114583333333 0.6462962962963 0.032291666666667 0.046296296296296
10 0.27994791666667 0.48657407407407 0.0296875 0.039814814814815