33 0.38177083333333 0.10925925925926 0.03125 0.042592592592593
33 0.2484375 0.77546296296296 0.048958333333333 0.082407407407407
33 0.36484375 0.51481481481481 0.031770833333333 0.046296296296296
33 0.16380208333333 0.49814814814815 0.036979166666667 0.057407407407407
33 0.73854166666667 0.58564814814815 0.028125 0.041666666666667
33 0.25078125 0.46805555555556 0.030729166666667 0.039814814814815
33 0.12604166666667 0.34537037037037 0.036458333333333 0.068518518518519
33 0.15598958333333 0.58888888888889 0.040104166666667 0.055555555555556
33 0.49375 0.7287037037037 0.053125 0.068518518518519
33 0.19244791666667 0.72546296296296 0.030729166666667 0.043518518518519
33 0.2609375 0.2837962962963 0.030208333333333 0.047222222222222
33 0.33828125 0.23703703703704 0.034895833333333 0.05
33 0.11067708333333 0.40787037037037 0.036979166666667 0.050925925925926
33 0.22421875 0.26481481481481 0.038020833333333 0.053703703703704
33 0.5765625 0.54444444444444 0.053125 0.05
33 0.62421875 0.72314814814815 0.0359375 0.046296296296296
33 0.17083333333333 0.39722222222222 0.047916666666667 0.074074074074074
33 0.9296875 0.61712962962963 0.034375 0.049074074074074
33 0.53541666666667 0.64861111111111 0.032291666666667 0.04537037037037
33 0.315625 0.1212962962963 0.034375 0.05
33 0.71640625 0.68101851851852 0.030729166666667 0.041666666666667
33 0.19505208333333 0.54490740740741 0.046354166666667 0.058333333333333
33 0.21692708333333 0.17777777777778 0.0671875 0.092592592592593
33 0.30546875 0.32407407407407 0.0546875 0.074074074074074
33 0.6578125 0.82083333333333 0.67708333333333 0.34907407407407
33 0.13046875 0.50555555555556 0.041145833333333 0.072222222222222
33 0.35989583333333 0.34444444444444 0.034375 0.05
33 0.48020833333333 0.52268518518519 0.034375 0.043518518518519
33 0.359375 0.55277777777778 0.18541666666667 0.29814814814815