29 0.39453125 0.575 0.125 0.15
29 0.540625 0.69444444444444 0.053125 0.061111111111111
8 0.341796875 0.72430555555556 0.07734375 0.098611111111111
29 0.332421875 0.56458333333333 0.05234375 0.079166666666667
29 0.349609375 0.50416666666667 0.05546875 0.061111111111111
29 0.2046875 0.68402777777778 0.05625 0.070833333333333
29 0.732421875 0.69652777777778 0.05703125 0.079166666666667
29 0.23359375 0.44791666666667 0.0578125 0.081944444444444
10 0.6296875 0.79305555555556 0.0609375 0.052777777777778
29 0.492578125 0.39097222222222 0.07109375 0.081944444444444
29 0.3859375 0.74930555555556 0.06875 0.070833333333333
29 0.579296875 0.64583333333333 0.04765625 0.063888888888889
10 0.39609375 0.57569444444444 0.1296875 0.14305555555556
10 0.341015625 0.72013888888889 0.08828125 0.093055555555556
10 0.23359375 0.44861111111111 0.0703125 0.080555555555556
10 0.733203125 0.69861111111111 0.06640625 0.069444444444444
10 0.49140625 0.39027777777778 0.0765625 0.080555555555556
10 0.33359375 0.56319444444444 0.0609375 0.070833333333333
10 0.20390625 0.68333333333333 0.0609375 0.066666666666667
10 0.349609375 0.50555555555556 0.06484375 0.063888888888889
10 0.52109375 0.59583333333333 0.0609375 0.061111111111111
10 0.539453125 0.69513888888889 0.06640625 0.059722222222222
10 0.5203125 0.46736111111111 0.059375 0.0625
10 0.580078125 0.64583333333333 0.05703125 0.063888888888889
10 0.390234375 0.75555555555556 0.06484375 0.055555555555556
10 0.628125 0.79305555555556 0.071875 0.044444444444444
10 0.917578125 0.44444444444444 0.05703125 0.05
10 0.232421875 0.31666666666667 0.03359375 0.044444444444444
10 0.258203125 0.725 0.05078125 0.047222222222222
10 0.340234375 0.71944444444444 0.08671875 0.091666666666667
10 0.396875 0.57569444444444 0.128125 0.14027777777778
10 0.49140625 0.38958333333333 0.078125 0.079166666666667
10 0.233203125 0.44791666666667 0.06640625 0.081944444444444
10 0.35 0.50486111111111 0.0625 0.065277777777778
10 0.733203125 0.69722222222222 0.06796875 0.069444444444444
10 0.33359375 0.56319444444444 0.059375 0.068055555555556
10 0.53984375 0.69513888888889 0.065625 0.059722222222222
10 0.519921875 0.46805555555556 0.06015625 0.061111111111111
10 0.58046875 0.64652777777778 0.0578125 0.0625
10 0.390234375 0.75625 0.06484375 0.054166666666667
10 0.628515625 0.79444444444444 0.07109375 0.047222222222222
10 0.2578125 0.725 0.05 0.047222222222222
10 0.9171875 0.44375 0.0578125 0.051388888888889
10 0.23203125 0.31666666666667 0.0328125 0.044444444444444