10 0.733984375 0.71388888888889 0.04140625 0.055555555555556
10 0.610546875 0.69930555555556 0.03984375 0.051388888888889
10 0.60234375 0.67708333333333 0.040625 0.051388888888889
10 0.785546875 0.14444444444444 0.03203125 0.047222222222222
10 0.6265625 0.25902777777778 0.065625 0.090277777777778
10 0.59609375 0.75763888888889 0.040625 0.054166666666667
10 0.51015625 0.12569444444444 0.046875 0.0625
10 0.7140625 0.55416666666667 0.046875 0.058333333333333
10 0.605078125 0.60069444444444 0.03828125 0.051388888888889
10 0.96640625 0.16458333333333 0.0359375 0.045833333333333
10 0.573828125 0.70347222222222 0.03828125 0.054166666666667
10 0.703515625 0.62777777777778 0.04140625 0.052777777777778
10 0.738671875 0.61527777777778 0.06171875 0.086111111111111
10 0.56015625 0.14305555555556 0.04375 0.058333333333333
10 0.52578125 0.53611111111111 0.0453125 0.058333333333333
10 0.946875 0.041666666666667 0.04375 0.055555555555556
10 0.534375 0.56111111111111 0.0390625 0.052777777777778
10 0.9015625 0.67430555555556 0.03125 0.0375
10 0.58671875 0.18472222222222 0.046875 0.066666666666667
10 0.541015625 0.10138888888889 0.06015625 0.075
10 0.609765625 0.12638888888889 0.05390625 0.072222222222222
10 0.304296875 0.67847222222222 0.33515625 0.62083333333333
10 0.492578125 0.50486111111111 0.06796875 0.0875
10 0.78203125 0.63611111111111 0.04375 0.052777777777778
10 0.5671875 0.32361111111111 0.0546875 0.072222222222222
10 0.57734375 0.60902777777778 0.065625 0.073611111111111
10 0.478125 0.068055555555556 0.046875 0.066666666666667
10 0.602734375 0.20625 0.05078125 0.068055555555556
10 0.694140625 0.72847222222222 0.05703125 0.068055555555556
10 0.4875 0.45486111111111 0.0390625 0.051388888888889
10 0.46171875 0.39375 0.0546875 0.073611111111111
10 0.66875 0.81736111111111 0.040625 0.054166666666667
10 0.637109375 0.72013888888889 0.03984375 0.051388888888889
10 0.580859375 0.80694444444444 0.03671875 0.047222222222222
10 0.641796875 0.33402777777778 0.04921875 0.068055555555556
10 0.83203125 0.29305555555556 0.3453125 0.56111111111111
10 0.645703125 0.76805555555556 0.03828125 0.05
10 0.65234375 0.18263888888889 0.0578125 0.076388888888889
10 0.939453125 0.48541666666667 0.04140625 0.056944444444444
10 0.661328125 0.23402777777778 0.05078125 0.073611111111111