10 0.45104166666667 0.62453703703704 0.121875 0.175
10 0.484375 0.18240740740741 0.10729166666667 0.16111111111111
10 0.90026041666667 0.40231481481481 0.1140625 0.14722222222222
10 0.5375 0.18194444444444 0.13541666666667 0.11944444444444
10 0.20833333333333 0.090740740740741 0.097916666666667 0.16481481481481
10 0.79270833333333 0.052777777777778 0.125 0.10555555555556
10 0.42161458333333 0.85648148148148 0.093229166666667 0.12962962962963
10 0.37317708333333 0.7412037037037 0.083854166666667 0.1287037037037
10 0.55286458333333 0.75046296296296 0.084895833333333 0.11944444444444
10 0.63645833333333 0.18842592592593 0.083333333333333 0.11203703703704
10 0.41640625 0.31712962962963 0.075520833333333 0.11018518518519
10 0.62734375 0.39398148148148 0.075520833333333 0.11203703703704
10 0.89505208333333 0.19259259259259 0.071354166666667 0.11481481481481
10 0.57734375 0.18009259259259 0.0703125 0.10648148148148
10 0.2859375 0.75231481481481 0.075 0.10462962962963
10 0.81744791666667 0.30787037037037 0.063020833333333 0.093518518518519
10 0.46328125 0.53703703703704 0.0640625 0.1
10 0.80677083333333 0.52314814814815 0.063541666666667 0.1037037037037
10 0.29921875 0.9375 0.065104166666667 0.086111111111111
10 0.45364583333333 0.91342592592593 0.063541666666667 0.087962962962963
10 0.53828125 0.44444444444444 0.0671875 0.098148148148148
10 0.4265625 0.53194444444444 0.055208333333333 0.084259259259259
10 0.62864583333333 0.66759259259259 0.061458333333333 0.077777777777778
10 0.46901041666667 0.36018518518519 0.0578125 0.077777777777778
10 0.28307291666667 0.91805555555556 0.056770833333333 0.078703703703704
10 0.54088541666667 0.7337962962963 0.055729166666667 0.076851851851852
10 0.56536458333333 0.62314814814815 0.0546875 0.075925925925926
10 0.32239583333333 0.95416666666667 0.053125 0.075
10 0.69192708333333 0.68240740740741 0.052604166666667 0.074074074074074
10 0.625 0.58888888888889 0.053125 0.072222222222222
10 0.63645833333333 0.28472222222222 0.05 0.075
10 0.54921875 0.48842592592593 0.049479166666667 0.071296296296296
10 0.25703125 0.87962962962963 0.050520833333333 0.068518518518519
10 0.44921875 0.25046296296296 0.046354166666667 0.071296296296296
10 0.49895833333333 0.13472222222222 0.044791666666667 0.073148148148148
10 0.5859375 0.72592592592593 0.04375 0.064814814814815
10 0.50260416666667 0.91666666666667 0.046875 0.064814814814815
10 0.14973958333333 0.80648148148148 0.046354166666667 0.062962962962963
10 0.56197916666667 0.38055555555556 0.042708333333333 0.062962962962963
10 0.55625 0.02962962962963 0.044791666666667 0.059259259259259
10 0.48177083333333 0.97407407407407 0.052083333333333 0.05
10 0.13932291666667 0.8962962962963 0.0421875 0.061111111111111
10 0.18854166666667 0.81018518518519 0.042708333333333 0.057407407407407
10 0.20911458333333 0.8587962962963 0.041145833333333 0.060185185185185
10 0.51640625 0.74444444444444 0.041145833333333 0.059259259259259
10 0.60833333333333 0.78564814814815 0.041666666666667 0.058333333333333
10 0.23411458333333 0.97962962962963 0.036979166666667 0.044444444444444
10 0.48515625 0.45833333333333 0.0359375 0.053703703703704
10 0.66536458333333 0.73981481481481 0.040104166666667 0.053703703703704
10 0.40416666666667 0.97962962962963 0.057291666666667 0.040740740740741
10 0.53046875 0.98009259259259 0.043229166666667 0.039814814814815
10 0.053385416666667 0.62777777777778 0.033854166666667 0.048148148148148