8 0.89296875 0.046296296296296 0.10677083333333 0.092592592592593
10 0.53541666666667 0.63425925925926 0.13645833333333 0.23333333333333
8 0.59739583333333 0.1587962962963 0.080208333333333 0.125
8 0.84791666666667 0.31990740740741 0.094791666666667 0.14537037037037
8 0.68385416666667 0.035185185185185 0.10625 0.07037037037037
8 0.184375 0.7375 0.11458333333333 0.13796296296296
10 0.64609375 0.78703703703704 0.19322916666667 0.24259259259259
8 0.70911458333333 0.20555555555556 0.13489583333333 0.21851851851852
10 0.53255208333333 0.7 0.094270833333333 0.12962962962963
8 0.225 0.20462962962963 0.11666666666667 0.15185185185185
10 0.24270833333333 0.97638888888889 0.067708333333333 0.04537037037037
8 0.81666666666667 0.090277777777778 0.10208333333333 0.14722222222222
10 0.83151041666667 0.43796296296296 0.0921875 0.13518518518519
8 0.050520833333333 0.51527777777778 0.098958333333333 0.16759259259259
10 0.64583333333333 0.78518518518519 0.16666666666667 0.24074074074074
10 0.52708333333333 0.60555555555556 0.11666666666667 0.16666666666667
10 0.2296875 0.20462962962963 0.11979166666667 0.16111111111111
10 0.69270833333333 0.23842592592593 0.11145833333333 0.16388888888889
10 0.81692708333333 0.091203703703704 0.10677083333333 0.16574074074074
10 0.84791666666667 0.3212962962963 0.10104166666667 0.16111111111111
10 0.725 0.17222222222222 0.10104166666667 0.1537037037037
10 0.83177083333333 0.43796296296296 0.096875 0.1462962962963
10 0.53333333333333 0.70092592592593 0.09375 0.12592592592593
10 0.59635416666667 0.15972222222222 0.082291666666667 0.1287037037037
10 0.59869791666667 0.74259259259259 0.0859375 0.12222222222222
10 0.89401041666667 0.048148148148148 0.10885416666667 0.096296296296296
10 0.2140625 0.74814814814815 0.08125 0.12592592592593
10 0.69270833333333 0.54537037037037 0.082291666666667 0.12407407407407
10 0.77317708333333 0.77037037037037 0.0828125 0.11481481481481
10 0.68541666666667 0.037962962962963 0.109375 0.075925925925926
10 0.16328125 0.72592592592593 0.074479166666667 0.11481481481481
10 0.41432291666667 0.027777777777778 0.099479166666667 0.055555555555556
10 0.59036458333333 0.925 0.0421875 0.059259259259259
10 0.24322916666667 0.975 0.065625 0.048148148148148
33 0.05546875 0.49814814814815 0.10677083333333 0.23888888888889
33 0.10625 0.88240740740741 0.20833333333333 0.22037037037037
33 0.60182291666667 0.89398148148148 0.52447916666667 0.21018518518519
33 0.49114583333333 0.74583333333333 0.1 0.15462962962963
33 0.94166666666667 0.41481481481481 0.115625 0.52962962962963
33 0.80026041666667 0.6125 0.20052083333333 0.30092592592593
10 0.9234375 0.41805555555556 0.092708333333333 0.125
33 0.042447916666667 0.085648148148148 0.075520833333333 0.16944444444444