11 0.75058548009368 0.44479166666667 0.091334894613583 0.13541666666667
11 0.71252927400468 0.044791666666667 0.092505854800937 0.089583333333333
11 0.50526932084309 0.11354166666667 0.097189695550351 0.08125
11 0.63992974238876 0.17395833333333 0.0807962529274 0.085416666666667
11 0.35128805620609 0.20625 0.070257611241218 0.079166666666667
11 0.26288056206089 0.35208333333333 0.069086651053864 0.075
11 0.29742388758782 0.28541666666667 0.060889929742389 0.066666666666667
11 0.81206088992974 0.14270833333333 0.057377049180328 0.064583333333333
11 0.74941451990632 0.12604166666667 0.058548009367682 0.060416666666667
11 0.66686182669789 0.11458333333333 0.057377049180328 0.058333333333333
11 0.57552693208431 0.063541666666667 0.059718969555035 0.05625
11 0.42564402810304 0.044791666666667 0.057377049180328 0.05625
11 0.79625292740047 0.048958333333333 0.056206088992974 0.052083333333333
11 0.44789227166276 0.16354166666667 0.055035128805621 0.052083333333333