11 0.66015625 0.34513888888889 0.034375 0.045833333333333
11 0.6625 0.45902777777778 0.0375 0.054166666666667
11 0.8546875 0.43680555555556 0.040625 0.056944444444444
11 0.70703125 0.45486111111111 0.0296875 0.040277777777778
11 0.6890625 0.49305555555556 0.0421875 0.05
11 0.398046875 0.35972222222222 0.30546875 0.58055555555556
11 0.791015625 0.21319444444444 0.31796875 0.42638888888889
11 0.786328125 0.48819444444444 0.03828125 0.054166666666667
11 0.630859375 0.3375 0.02734375 0.038888888888889
11 0.83203125 0.55972222222222 0.0296875 0.038888888888889
11 0.632421875 0.42222222222222 0.03359375 0.05
11 0.816015625 0.47986111111111 0.03828125 0.054166666666667
11 0.894921875 0.3875 0.02890625 0.038888888888889
11 0.820703125 0.52152777777778 0.03203125 0.043055555555556
11 0.873046875 0.49444444444444 0.03984375 0.052777777777778
11 0.794140625 0.54722222222222 0.03515625 0.044444444444444
11 0.65234375 0.29097222222222 0.04375 0.059722222222222
11 0.721484375 0.70069444444444 0.02578125 0.031944444444444
11 0.748828125 0.63194444444444 0.03515625 0.041666666666667