10 0.9546875 0.58402777777778 0.0453125 0.070833333333333
10 0.59921875 0.50277777777778 0.0421875 0.058333333333333
10 0.473046875 0.81041666666667 0.05703125 0.0875
10 0.833203125 0.011111111111111 0.04296875 0.022222222222222
10 0.85234375 0.35138888888889 0.0453125 0.063888888888889
10 0.718359375 0.76875 0.07421875 0.10694444444444
10 0.4984375 0.525 0.0515625 0.066666666666667
10 0.6515625 0.79444444444444 0.0515625 0.069444444444444
10 0.443359375 0.56458333333333 0.03671875 0.045833333333333
10 0.155859375 0.91458333333333 0.03046875 0.043055555555556
10 0.671875 0.53194444444444 0.0515625 0.075
10 0.28515625 0.80625 0.0421875 0.056944444444444
10 0.916015625 0.26666666666667 0.07890625 0.080555555555556
10 0.54296875 0.61736111111111 0.04375 0.059722222222222
10 0.83984375 0.24375 0.0671875 0.12083333333333
10 0.58046875 0.18333333333333 0.053125 0.072222222222222
10 0.86796875 0.59652777777778 0.0421875 0.065277777777778
10 0.6234375 0.57569444444444 0.05625 0.076388888888889
10 0.205859375 0.20138888888889 0.05859375 0.083333333333333
10 0.445703125 0.62361111111111 0.06171875 0.080555555555556
10 0.980859375 0.50833333333333 0.03828125 0.072222222222222
10 0.768359375 0.69166666666667 0.06171875 0.077777777777778
10 0.5015625 0.97708333333333 0.046875 0.045833333333333
10 0.39765625 0.92361111111111 0.0484375 0.061111111111111
10 0.789453125 0.34097222222222 0.04609375 0.0625
10 0.115234375 0.64097222222222 0.03984375 0.059722222222222
10 0.4 0.72152777777778 0.0359375 0.045833333333333
10 0.117578125 0.22569444444444 0.03671875 0.056944444444444
10 0.56484375 0.61875 0.0625 0.073611111111111
10 0.652734375 0.89583333333333 0.03671875 0.047222222222222
10 0.91015625 0.60208333333333 0.0859375 0.11527777777778
10 0.237109375 0.78333333333333 0.05234375 0.075
10 0.43046875 0.39930555555556 0.05 0.070833333333333
10 0.403125 0.38333333333333 0.0453125 0.066666666666667
10 0.609375 0.49097222222222 0.065625 0.093055555555556
10 0.93203125 0.34722222222222 0.05625 0.080555555555556
10 0.30546875 0.34375 0.0421875 0.0625
10 0.478515625 0.63263888888889 0.06953125 0.10138888888889
10 0.7640625 0.046527777777778 0.071875 0.090277777777778
10 0.15234375 0.46736111111111 0.0484375 0.070833333333333
10 0.6234375 0.23958333333333 0.0484375 0.068055555555556
10 0.434375 0.81944444444444 0.0453125 0.061111111111111
10 0.284765625 0.038888888888889 0.05703125 0.077777777777778
10 0.6921875 0.52083333333333 0.0984375 0.13888888888889
10 0.780859375 0.56319444444444 0.04453125 0.056944444444444
10 0.4171875 0.16805555555556 0.0390625 0.055555555555556
10 0.740625 0.53055555555556 0.046875 0.069444444444444
10 0.774609375 0.83472222222222 0.12265625 0.15555555555556
10 0.037109375 0.77986111111111 0.04296875 0.0625
10 0.847265625 0.67430555555556 0.06171875 0.081944444444444
10 0.790234375 0.64444444444444 0.04609375 0.066666666666667
10 0.317578125 0.62083333333333 0.03984375 0.055555555555556
10 0.44609375 0.48402777777778 0.05 0.068055555555556
10 0.5921875 0.37708333333333 0.0484375 0.068055555555556
10 0.81171875 0.67708333333333 0.0421875 0.056944444444444
10 0.15703125 0.41944444444444 0.034375 0.047222222222222
10 0.12421875 0.39236111111111 0.04375 0.0625
10 0.458203125 0.40069444444444 0.05078125 0.068055555555556
10 0.980859375 0.080555555555556 0.03828125 0.10277777777778
10 0.09453125 0.96388888888889 0.034375 0.05
10 0.54140625 0.20208333333333 0.04375 0.0625
10 0.559375 0.725 0.0484375 0.061111111111111
10 0.15234375 0.26944444444444 0.06875 0.083333333333333
10 0.396484375 0.043055555555556 0.04453125 0.066666666666667
10 0.458984375 0.86805555555556 0.04140625 0.052777777777778
10 0.740234375 0.1875 0.04140625 0.063888888888889
10 0.13046875 0.93958333333333 0.040625 0.079166666666667
10 0.682421875 0.83611111111111 0.03359375 0.047222222222222
10 0.381640625 0.8 0.04140625 0.055555555555556
10 0.9609375 0.62361111111111 0.0359375 0.052777777777778
10 0.60625 0.87361111111111 0.0375 0.047222222222222
10 0.748046875 0.37986111111111 0.05234375 0.073611111111111
10 0.110546875 0.45902777777778 0.05234375 0.079166666666667
10 0.16484375 0.19791666666667 0.040625 0.0625
10 0.684765625 0.64722222222222 0.05390625 0.066666666666667
10 0.40234375 0.61736111111111 0.046875 0.0625
10 0.106640625 0.1875 0.04453125 0.069444444444444
10 0.691015625 0.62083333333333 0.08515625 0.12222222222222
10 0.68828125 0.73055555555556 0.0546875 0.075
10 0.54296875 0.33333333333333 0.0546875 0.077777777777778
10 0.641796875 0.96736111111111 0.04140625 0.051388888888889