10 0.121484375 0.03125 0.08984375 0.0625
10 0.16796875 0.48680555555556 0.284375 0.4375
10 0.25390625 0.67083333333333 0.0578125 0.083333333333333
10 0.340234375 0.26736111111111 0.05078125 0.068055555555556
10 0.359765625 0.31041666666667 0.05390625 0.076388888888889
10 0.87265625 0.27777777777778 0.259375 0.55555555555556
10 0.088671875 0.90069444444444 0.03203125 0.040277777777778
10 0.16328125 0.12152777777778 0.0546875 0.079166666666667
10 0.20703125 0.28611111111111 0.059375 0.083333333333333
10 0.42265625 0.15833333333333 0.05625 0.083333333333333
10 0.26796875 0.37152777777778 0.0609375 0.090277777777778
10 0.269921875 0.0875 0.09296875 0.12222222222222
10 0.888671875 0.57847222222222 0.04296875 0.054166666666667
10 0.265234375 0.30763888888889 0.05390625 0.076388888888889
10 0.194140625 0.15486111111111 0.06015625 0.081944444444444
10 0.39609375 0.036805555555556 0.0609375 0.073611111111111
10 0.1765625 0.65486111111111 0.034375 0.048611111111111