10 0.066145833333333 0.50648148148148 0.10520833333333 0.13888888888889
10 0.61041666666667 0.087037037037037 0.11979166666667 0.17407407407407
10 0.56588541666667 0.40694444444444 0.088020833333333 0.1287037037037
10 0.42994791666667 0.97175925925926 0.0671875 0.052777777777778
10 0.74713541666667 0.77731481481481 0.058854166666667 0.089814814814815
10 0.8125 0.90185185185185 0.097916666666667 0.14814814814815
10 0.51223958333333 0.10648148148148 0.13802083333333 0.19814814814815
10 0.38098958333333 0.59907407407407 0.32239583333333 0.46111111111111
10 0.596875 0.8625 0.084375 0.15833333333333
10 0.095052083333333 0.23842592592593 0.1515625 0.19907407407407
10 0.371875 0.95925925925926 0.086458333333333 0.07962962962963
10 0.48802083333333 0.79398148148148 0.11041666666667 0.16388888888889
10 0.33385416666667 0.7912037037037 0.073958333333333 0.091666666666667
10 0.60416666666667 0.81712962962963 0.059375 0.09537037037037
10 0.36614583333333 0.089351851851852 0.0875 0.13611111111111
10 0.49557291666667 0.90833333333333 0.072395833333333 0.11111111111111
10 0.24348958333333 0.59074074074074 0.072395833333333 0.096296296296296
10 0.44635416666667 0.27824074074074 0.15625 0.21388888888889
10 0.25755208333333 0.82638888888889 0.23697916666667 0.32685185185185
10 0.42838541666667 0.77314814814815 0.071354166666667 0.098148148148148