10 0.57890625 0.25763888888889 0.0234375 0.029166666666667
6 0.59140625 0.48819444444444 0.03125 0.034722222222222
6 0.58984375 0.59166666666667 0.0203125 0.022222222222222
6 0.572265625 0.66111111111111 0.03515625 0.044444444444444
6 0.55703125 0.46875 0.0296875 0.034722222222222
6 0.59609375 0.58680555555556 0.025 0.026388888888889
6 0.55703125 0.57291666666667 0.0234375 0.026388888888889
6 0.58203125 0.82986111111111 0.0265625 0.031944444444444
6 0.54453125 0.43888888888889 0.025 0.027777777777778
6 0.534765625 0.64583333333333 0.02578125 0.030555555555556
6 0.604296875 0.85138888888889 0.02890625 0.033333333333333
6 0.541796875 0.60347222222222 0.02890625 0.031944444444444
6 0.601953125 0.58263888888889 0.02109375 0.023611111111111
6 0.6140625 0.72083333333333 0.03125 0.033333333333333
10 0.565234375 0.33819444444444 0.02265625 0.026388888888889
6 0.546875 0.55208333333333 0.021875 0.026388888888889
10 0.619140625 0.82152777777778 0.03203125 0.0375
6 0.56484375 0.53472222222222 0.0328125 0.033333333333333
10 0.593359375 0.83819444444444 0.03515625 0.043055555555556
10 0.619140625 0.82083333333333 0.03359375 0.044444444444444
10 0.6140625 0.72083333333333 0.0328125 0.038888888888889
10 0.584375 0.74027777777778 0.0328125 0.038888888888889
10 0.57109375 0.65833333333333 0.03125 0.041666666666667
10 0.56171875 0.45763888888889 0.03125 0.040277777777778
10 0.6125 0.3875 0.0328125 0.038888888888889
10 0.55390625 0.44236111111111 0.040625 0.029166666666667
10 0.55625 0.4 0.0296875 0.038888888888889
10 0.562890625 0.53541666666667 0.03203125 0.034722222222222
10 0.591796875 0.48888888888889 0.02890625 0.038888888888889
10 0.604296875 0.85138888888889 0.02734375 0.036111111111111
10 0.581640625 0.82916666666667 0.02890625 0.036111111111111
10 0.55703125 0.46875 0.028125 0.034722222222222
10 0.53359375 0.64652777777778 0.028125 0.034722222222222
10 0.578515625 0.25625 0.02734375 0.034722222222222
10 0.542578125 0.60277777777778 0.02734375 0.030555555555556
10 0.566796875 0.44791666666667 0.02578125 0.031944444444444
10 0.646875 0.83680555555556 0.025 0.031944444444444
10 0.566015625 0.33819444444444 0.02421875 0.029166666666667
10 0.556640625 0.57083333333333 0.02421875 0.027777777777778
10 0.598046875 0.625 0.02421875 0.027777777777778
10 0.547265625 0.55347222222222 0.02265625 0.029166666666667
10 0.541796875 0.66041666666667 0.02265625 0.029166666666667
10 0.5734375 0.63541666666667 0.0234375 0.026388888888889
10 0.544140625 0.43888888888889 0.02265625 0.027777777777778
10 0.557421875 0.73819444444444 0.02265625 0.026388888888889
10 0.590234375 0.59097222222222 0.02265625 0.026388888888889
10 0.59375 0.50625 0.021875 0.026388888888889
10 0.59609375 0.46875 0.01875 0.023611111111111
10 0.601953125 0.58263888888889 0.01953125 0.020833333333333
10 0.548046875 0.66805555555556 0.01796875 0.022222222222222
10 0.59609375 0.83958333333333 0.0375 0.045833333333333
10 0.571484375 0.65833333333333 0.03203125 0.047222222222222
10 0.61953125 0.82152777777778 0.03125 0.045833333333333
10 0.559765625 0.5375 0.03203125 0.044444444444444
10 0.568359375 0.74097222222222 0.03515625 0.0375
10 0.614453125 0.72083333333333 0.03046875 0.041666666666667
10 0.583984375 0.74166666666667 0.03046875 0.041666666666667
10 0.59140625 0.48819444444444 0.0296875 0.040277777777778
10 0.604296875 0.85208333333333 0.02890625 0.040277777777778
10 0.5578125 0.46805555555556 0.028125 0.038888888888889
10 0.533203125 0.64652777777778 0.02734375 0.040277777777778
10 0.581640625 0.82986111111111 0.02734375 0.0375
10 0.612109375 0.38819444444444 0.02890625 0.0375
10 0.556640625 0.40069444444444 0.02734375 0.0375
10 0.542578125 0.60277777777778 0.02578125 0.033333333333333
10 0.566015625 0.44861111111111 0.02578125 0.033333333333333
10 0.646875 0.8375 0.0234375 0.033333333333333
10 0.57890625 0.25694444444444 0.0234375 0.033333333333333
10 0.55703125 0.57222222222222 0.0234375 0.030555555555556
10 0.54453125 0.43819444444444 0.0234375 0.031944444444444
10 0.573046875 0.63472222222222 0.02265625 0.030555555555556
10 0.565625 0.33819444444444 0.021875 0.029166666666667
10 0.5984375 0.62430555555556 0.021875 0.029166666666667
10 0.590234375 0.59097222222222 0.02109375 0.029166666666667
10 0.546875 0.55347222222222 0.0203125 0.029166666666667
10 0.55703125 0.73819444444444 0.0203125 0.026388888888889
10 0.546484375 0.66736111111111 0.01796875 0.026388888888889
10 0.59609375 0.46944444444444 0.01875 0.025
10 0.602734375 0.58194444444444 0.01796875 0.022222222222222
10 0.620703125 0.61944444444444 0.01484375 0.019444444444444
10 0.57109375 0.65833333333333 0.03125 0.047222222222222
10 0.595703125 0.84027777777778 0.03515625 0.044444444444444
10 0.61953125 0.82222222222222 0.03125 0.044444444444444
10 0.569140625 0.74097222222222 0.03515625 0.0375
10 0.61484375 0.72152777777778 0.03125 0.040277777777778
10 0.59140625 0.48958333333333 0.0296875 0.040277777777778
10 0.55703125 0.53263888888889 0.0265625 0.043055555555556
10 0.605078125 0.85138888888889 0.02890625 0.038888888888889
10 0.55625 0.40069444444444 0.028125 0.0375
10 0.5578125 0.46875 0.0265625 0.0375
10 0.5421875 0.60277777777778 0.025 0.033333333333333
10 0.578515625 0.25694444444444 0.02421875 0.033333333333333
10 0.56640625 0.44791666666667 0.025 0.031944444444444
10 0.57265625 0.63402777777778 0.021875 0.031944444444444
10 0.54140625 0.6625 0.021875 0.030555555555556
10 0.544140625 0.43888888888889 0.02265625 0.030555555555556
10 0.598046875 0.62430555555556 0.02109375 0.029166666666667
10 0.565625 0.3375 0.021875 0.027777777777778
10 0.54609375 0.66805555555556 0.0171875 0.025