10 0.56223958333333 0.66712962962963 0.11614583333333 0.13796296296296
10 0.68854166666667 0.88842592592593 0.032291666666667 0.037962962962963
10 0.80703125 0.68888888888889 0.041145833333333 0.048148148148148
10 0.79947916666667 0.24861111111111 0.030208333333333 0.04537037037037
10 0.58333333333333 0.42222222222222 0.075 0.085185185185185
10 0.97369791666667 0.4712962962963 0.0453125 0.077777777777778
10 0.61744791666667 0.49490740740741 0.050520833333333 0.056481481481481
10 0.4625 0.82314814814815 0.028125 0.033333333333333
10 0.48984375 0.83009259259259 0.046354166666667 0.058333333333333
10 0.72760416666667 0.92685185185185 0.030208333333333 0.037037037037037
10 0.43984375 0.81527777777778 0.027604166666667 0.030555555555556
10 0.58385416666667 0.78425925925926 0.047916666666667 0.055555555555556
10 0.58802083333333 0.85972222222222 0.032291666666667 0.041666666666667
10 0.84036458333333 0.69166666666667 0.074479166666667 0.087037037037037
10 0.28671875 0.72592592592593 0.033854166666667 0.040740740740741
10 0.60338541666667 0.31203703703704 0.036979166666667 0.051851851851852
10 0.62265625 0.19722222222222 0.024479166666667 0.035185185185185
10 0.39791666666667 0.6662037037037 0.027083333333333 0.032407407407407
10 0.66796875 0.45277777777778 0.025520833333333 0.033333333333333
10 0.68046875 0.57546296296296 0.033854166666667 0.043518518518519
10 0.59817708333333 0.96944444444444 0.056770833333333 0.064814814814815
10 0.57109375 0.47037037037037 0.028645833333333 0.037037037037037
10 0.18203125 0.6412037037037 0.0296875 0.037962962962963
10 0.7125 0.91296296296296 0.036458333333333 0.040740740740741
10 0.21536458333333 0.76666666666667 0.034895833333333 0.042592592592593
10 0.59661458333333 0.88611111111111 0.0359375 0.042592592592593
10 0.54739583333333 0.61018518518519 0.042708333333333 0.051851851851852
10 0.55260416666667 0.73564814814815 0.042708333333333 0.050925925925926
10 0.58255208333333 0.38009259259259 0.044270833333333 0.063888888888889
10 0.63203125 0.60740740740741 0.0328125 0.040740740740741
10 0.94166666666667 0.61574074074074 0.10729166666667 0.16851851851852
10 0.56796875 0.31435185185185 0.028645833333333 0.032407407407407
10 0.42942708333333 0.73101851851852 0.028645833333333 0.036111111111111
10 0.52890625 0.49675925925926 0.033854166666667 0.043518518518519
10 0.17552083333333 0.69398148148148 0.032291666666667 0.039814814814815
10 0.62734375 0.5662037037037 0.0390625 0.049074074074074
10 0.29895833333333 0.80925925925926 0.029166666666667 0.037037037037037
10 0.6078125 0.15231481481481 0.0375 0.056481481481481
10 0.65286458333333 0.85138888888889 0.038020833333333 0.047222222222222
10 0.63776041666667 0.41296296296296 0.031770833333333 0.044444444444444
10 0.50494791666667 0.6787037037037 0.0390625 0.046296296296296
10 0.60520833333333 0.74305555555556 0.047916666666667 0.052777777777778
10 0.38151041666667 0.71481481481481 0.031770833333333 0.040740740740741
10 0.79348958333333 0.16574074074074 0.049479166666667 0.074074074074074
10 0.82135416666667 0.23194444444444 0.038541666666667 0.060185185185185
10 0.62395833333333 0.69259259259259 0.03125 0.038888888888889
10 0.71145833333333 0.61712962962963 0.028125 0.037962962962963
10 0.62552083333333 0.91157407407407 0.03125 0.036111111111111
10 0.45234375 0.7712962962963 0.0390625 0.046296296296296
10 0.65885416666667 0.89768518518519 0.029166666666667 0.036111111111111
10 0.62526041666667 0.82268518518519 0.031770833333333 0.037962962962963
10 0.57447916666667 0.98888888888889 0.035416666666667 0.022222222222222
10 0.57630208333333 0.59305555555556 0.036979166666667 0.047222222222222
10 0.65338541666667 0.95277777777778 0.036979166666667 0.046296296296296
10 0.57994791666667 0.36481481481481 0.0296875 0.038888888888889
10 0.76822916666667 0.38796296296296 0.053125 0.074074074074074
10 0.89114583333333 0.16944444444444 0.041666666666667 0.061111111111111
10 0.2234375 0.56805555555556 0.029166666666667 0.034259259259259
10 0.584375 0.31435185185185 0.051041666666667 0.043518518518519
10 0.67239583333333 0.20138888888889 0.090625 0.13425925925926
10 0.51223958333333 0.63240740740741 0.033854166666667 0.042592592592593
10 0.40182291666667 0.78287037037037 0.030729166666667 0.037962962962963
10 0.64244791666667 0.64351851851852 0.047395833333333 0.066666666666667
10 0.49453125 0.8912037037037 0.033854166666667 0.039814814814815