10 0.54296875 0.60138888888889 0.0234375 0.030555555555556
10 0.619140625 0.675 0.02421875 0.033333333333333
10 0.64140625 0.60347222222222 0.028125 0.0375
10 0.56875 0.61180555555556 0.028125 0.040277777777778
10 0.591015625 0.64236111111111 0.02578125 0.034722222222222
10 0.58671875 0.69930555555556 0.028125 0.0375
10 0.58984375 0.79583333333333 0.025 0.033333333333333
10 0.53203125 0.38055555555556 0.028125 0.036111111111111
10 0.56640625 0.72916666666667 0.025 0.033333333333333
10 0.56171875 0.6625 0.0359375 0.05
10 0.5703125 0.50069444444444 0.028125 0.0375
10 0.655859375 0.77708333333333 0.03046875 0.040277777777778
10 0.61875 0.71180555555556 0.0328125 0.043055555555556
10 0.663671875 0.88263888888889 0.02734375 0.0375
10 0.57265625 0.56805555555556 0.0265625 0.033333333333333
10 0.594140625 0.93541666666667 0.02890625 0.040277777777778
10 0.608984375 0.61805555555556 0.02265625 0.030555555555556
10 0.640625 0.72222222222222 0.028125 0.036111111111111
10 0.700390625 0.91944444444444 0.03359375 0.041666666666667
10 0.550390625 0.58541666666667 0.02421875 0.031944444444444
10 0.619140625 0.38125 0.02265625 0.029166666666667
10 0.54375 0.51736111111111 0.025 0.034722222222222
10 0.603515625 0.53194444444444 0.02734375 0.036111111111111
10 0.619140625 0.43611111111111 0.02734375 0.038888888888889
10 0.5546875 0.43680555555556 0.0296875 0.0375
10 0.682421875 0.79097222222222 0.02421875 0.031944444444444