10 0.273828125 0.33680555555556 0.04140625 0.056944444444444
10 0.758984375 0.66736111111111 0.04765625 0.0625
10 0.619140625 0.58055555555556 0.11953125 0.19166666666667
10 0.590234375 0.47430555555556 0.06328125 0.073611111111111
10 0.658203125 0.69027777777778 0.03984375 0.052777777777778
10 0.63984375 0.73055555555556 0.0453125 0.058333333333333
10 0.634765625 0.93611111111111 0.04296875 0.05
10 0.5140625 0.38819444444444 0.046875 0.070833333333333
10 0.823046875 0.37569444444444 0.04296875 0.059722222222222
10 0.81015625 0.52847222222222 0.046875 0.0625
10 0.7 0.925 0.0421875 0.058333333333333
10 0.486328125 0.35972222222222 0.04140625 0.061111111111111
10 0.480859375 0.50208333333333 0.04609375 0.065277777777778
10 0.681640625 0.54027777777778 0.04296875 0.061111111111111
10 0.401171875 0.42013888888889 0.04765625 0.065277777777778
10 0.776953125 0.74722222222222 0.04296875 0.052777777777778
10 0.499609375 0.37361111111111 0.05546875 0.077777777777778
10 0.211328125 0.90347222222222 0.05234375 0.076388888888889
10 0.359765625 0.36944444444444 0.03828125 0.052777777777778
10 0.85703125 0.62222222222222 0.04375 0.058333333333333
10 0.572265625 0.92222222222222 0.05390625 0.061111111111111
10 0.798046875 0.61527777777778 0.05078125 0.080555555555556
10 0.607421875 0.48680555555556 0.05234375 0.065277777777778
10 0.29296875 0.44861111111111 0.0375 0.058333333333333
10 0.74921875 0.56875 0.0421875 0.054166666666667
10 0.462890625 0.625 0.04765625 0.061111111111111
10 0.626953125 0.91805555555556 0.04453125 0.063888888888889
10 0.612890625 0.98194444444444 0.04140625 0.033333333333333
10 0.848046875 0.67013888888889 0.04296875 0.056944444444444
10 0.589453125 0.67222222222222 0.04296875 0.055555555555556
10 0.616796875 0.89166666666667 0.03828125 0.044444444444444
10 0.70859375 0.66041666666667 0.0375 0.048611111111111
10 0.49921875 0.60347222222222 0.0515625 0.065277777777778
10 0.6625 0.76805555555556 0.103125 0.13888888888889