10 0.028515625 0.072916666666667 0.05703125 0.11527777777778
10 0.235546875 0.24375 0.05859375 0.090277777777778
10 0.262890625 0.17986111111111 0.09765625 0.14305555555556
10 0.322265625 0.21458333333333 0.06640625 0.10972222222222
10 0.240234375 0.30625 0.06484375 0.095833333333333
10 0.15546875 0.036805555555556 0.0640625 0.073611111111111
10 0.38203125 0.044444444444444 0.05625 0.088888888888889
10 0.90859375 0.25763888888889 0.1828125 0.50138888888889
10 0.176171875 0.077083333333333 0.05546875 0.093055555555556
10 0.22265625 0.4375 0.26875 0.44722222222222
10 0.165234375 0.19652777777778 0.06015625 0.093055555555556
10 0.0953125 0.11666666666667 0.0625 0.10277777777778