33 0.33307291666667 0.86712962962963 0.068229166666667 0.084259259259259
33 0.984375 0.67361111111111 0.030208333333333 0.05462962962963
33 0.76588541666667 0.77962962962963 0.0515625 0.057407407407407
33 0.35677083333333 0.48148148148148 0.035416666666667 0.046296296296296
33 0.28828125 0.5162037037037 0.0359375 0.058333333333333
33 0.80833333333333 0.56712962962963 0.041666666666667 0.043518518518519
33 0.42890625 0.84768518518519 0.031770833333333 0.043518518518519
33 0.753125 0.65972222222222 0.059375 0.089814814814815
33 0.53229166666667 0.49583333333333 0.036458333333333 0.058333333333333
33 0.13671875 0.48472222222222 0.056770833333333 0.069444444444444
33 0.2359375 0.50462962962963 0.03125 0.048148148148148
33 0.3234375 0.475 0.030208333333333 0.042592592592593
33 0.23619791666667 0.36388888888889 0.086979166666667 0.14259259259259
33 0.22161458333333 0.79583333333333 0.0515625 0.086111111111111
33 0.43203125 0.14027777777778 0.0484375 0.052777777777778
33 0.38229166666667 0.66296296296296 0.036458333333333 0.05
33 0.35494791666667 0.54398148148148 0.055729166666667 0.071296296296296
33 0.44817708333333 0.59305555555556 0.033854166666667 0.050925925925926
33 0.37265625 0.30740740740741 0.041145833333333 0.051851851851852
33 0.48880208333333 0.7037037037037 0.043229166666667 0.055555555555556
33 0.32682291666667 0.73703703703704 0.038020833333333 0.05
33 0.77447916666667 0.6875 0.039583333333333 0.063888888888889
33 0.48098958333333 0.81203703703704 0.033854166666667 0.048148148148148
33 0.80755208333333 0.80046296296296 0.036979166666667 0.047222222222222
33 0.484375 0.76898148148148 0.032291666666667 0.043518518518519