10 0.4328125 0.038888888888889 0.0484375 0.066666666666667
10 0.445703125 0.31388888888889 0.06171875 0.075
10 0.4859375 0.28958333333333 0.0421875 0.0875
10 0.4734375 0.50486111111111 0.078125 0.0875
10 0.627734375 0.58819444444444 0.05703125 0.065277777777778
10 0.56328125 0.61666666666667 0.0859375 0.1
10 0.5484375 0.69305555555556 0.0453125 0.061111111111111
10 0.401171875 0.13888888888889 0.04921875 0.069444444444444
10 0.483984375 0.089583333333333 0.04921875 0.068055555555556
10 0.971875 0.097916666666667 0.0453125 0.056944444444444
10 0.91484375 0.77916666666667 0.0359375 0.044444444444444
10 0.566796875 0.76388888888889 0.03828125 0.052777777777778
10 0.46015625 0.39722222222222 0.0390625 0.052777777777778
10 0.825390625 0.33541666666667 0.36484375 0.59861111111111
10 0.409765625 0.24444444444444 0.04609375 0.063888888888889
10 0.73828125 0.64583333333333 0.046875 0.061111111111111
10 0.607421875 0.71527777777778 0.05859375 0.075
10 0.685546875 0.7125 0.06015625 0.066666666666667
10 0.222265625 0.91388888888889 0.08671875 0.11944444444444
10 0.954296875 0.078472222222222 0.04765625 0.056944444444444
10 0.4296875 0.19305555555556 0.0765625 0.10277777777778
10 0.533203125 0.10277777777778 0.07734375 0.097222222222222
10 0.581640625 0.67222222222222 0.04453125 0.058333333333333
10 0.552734375 0.80902777777778 0.03984375 0.054166666666667
10 0.975 0.57777777777778 0.0421875 0.055555555555556
10 0.393359375 0.35833333333333 0.05390625 0.080555555555556
10 0.48515625 0.32291666666667 0.0421875 0.054166666666667
10 0.695703125 0.55555555555556 0.04921875 0.058333333333333
10 0.561328125 0.17361111111111 0.10078125 0.13333333333333
10 0.458203125 0.45208333333333 0.07109375 0.090277777777778
10 0.633203125 0.82916666666667 0.04140625 0.05
10 0.59609375 0.31458333333333 0.0578125 0.073611111111111
10 0.621875 0.77152777777778 0.0453125 0.059722222222222
10 0.653125 0.67569444444444 0.05625 0.065277777777778
10 0.42734375 0.36944444444444 0.0421875 0.061111111111111
10 0.65703125 0.73611111111111 0.0515625 0.066666666666667
10 0.709375 0.60902777777778 0.0671875 0.079166666666667
10 0.28515625 0.71111111111111 0.35625 0.55