14 0.2890625 0.97638888888889 0.026041666666667 0.036111111111111
10 0.53333333333333 0.75324074074074 0.022916666666667 0.030555555555556
10 0.19036458333333 0.79444444444444 0.38072916666667 0.41111111111111
10 0.2890625 0.97638888888889 0.026041666666667 0.036111111111111
33 0.97239583333333 0.24953703703704 0.053125 0.11388888888889
19 0.53333333333333 0.75324074074074 0.022916666666667 0.030555555555556
33 0.97161458333333 0.24722222222222 0.055729166666667 0.11296296296296
10 0.20182291666667 0.78796296296296 0.39739583333333 0.42407407407407
10 0.32473958333333 0.32777777777778 0.0546875 0.068518518518519
10 0.5078125 0.19537037037037 0.021875 0.02962962962963
10 0.2890625 0.97592592592593 0.03125 0.037037037037037
10 0.28932291666667 0.97638888888889 0.027604166666667 0.036111111111111
10 0.5078125 0.19537037037037 0.019791666666667 0.027777777777778
10 0.20182291666667 0.7837962962963 0.39635416666667 0.425
10 0.32421875 0.32777777777778 0.050520833333333 0.064814814814815
33 0.971875 0.24861111111111 0.054166666666667 0.10648148148148
10 0.2 0.78842592592593 0.39375 0.42314814814815
10 0.5078125 0.19490740740741 0.020833333333333 0.026851851851852
10 0.43307291666667 0.11157407407407 0.0171875 0.017592592592593