10 0.80390625 0.86018518518519 0.021354166666667 0.031481481481481
10 0.22213541666667 0.72731481481481 0.025520833333333 0.036111111111111
10 0.12135416666667 0.93703703703704 0.084375 0.12222222222222
10 0.55598958333333 0.65 0.022395833333333 0.02962962962963
10 0.67473958333333 0.9287037037037 0.025520833333333 0.035185185185185
10 0.34270833333333 0.34166666666667 0.027083333333333 0.038888888888889
10 0.76744791666667 0.3712962962963 0.028645833333333 0.040740740740741
10 0.08203125 0.33333333333333 0.036979166666667 0.059259259259259
10 0.884375 0.975 0.025 0.033333333333333
10 0.8796875 0.71111111111111 0.021875 0.02962962962963
10 0.71041666666667 0.71759259259259 0.020833333333333 0.02962962962963
10 0.47604166666667 0.9875 0.025 0.025
10 0.95729166666667 0.64398148148148 0.019791666666667 0.028703703703704
10 0.109375 0.80185185185185 0.022916666666667 0.035185185185185
10 0.64921875 0.71759259259259 0.021354166666667 0.02962962962963
10 0.66276041666667 0.97916666666667 0.019270833333333 0.026851851851852
10 0.50026041666667 0.72824074074074 0.0203125 0.025
10 0.68723958333333 0.56944444444444 0.022395833333333 0.02962962962963
10 0.93046875 0.83009259259259 0.018229166666667 0.026851851851852
10 0.96380208333333 0.68055555555556 0.018229166666667 0.027777777777778
10 0.81354166666667 0.23472222222222 0.025 0.036111111111111
10 0.91432291666667 0.70694444444444 0.018229166666667 0.025
10 0.82942708333333 0.80185185185185 0.022395833333333 0.033333333333333
10 0.81171875 0.87962962962963 0.024479166666667 0.033333333333333
10 0.46848958333333 0.74814814814815 0.022395833333333 0.027777777777778
10 0.73958333333333 0.65555555555556 0.023958333333333 0.033333333333333
10 0.63177083333333 0.6587962962963 0.021875 0.030555555555556
10 0.52942708333333 0.61342592592593 0.021354166666667 0.026851851851852
10 0.42838541666667 0.84814814814815 0.027604166666667 0.046296296296296
10 0.50260416666667 0.28657407407407 0.021875 0.030555555555556
10 0.35364583333333 0.74166666666667 0.0375 0.048148148148148