10 0.590234375 0.62430555555556 0.03515625 0.045833333333333
10 0.65625 0.825 0.0375 0.052777777777778
10 0.65703125 0.76111111111111 0.034375 0.038888888888889
10 0.686328125 0.87708333333333 0.03359375 0.043055555555556
10 0.574609375 0.67986111111111 0.03515625 0.043055555555556
10 0.56875 0.56180555555556 0.0328125 0.040277777777778
10 0.61796875 0.44305555555556 0.0296875 0.044444444444444
10 0.61875 0.60486111111111 0.0328125 0.040277777777778
10 0.5953125 0.92013888888889 0.03125 0.040277777777778
10 0.6421875 0.76180555555556 0.028125 0.0375
10 0.537109375 0.45833333333333 0.02734375 0.038888888888889
10 0.54140625 0.61388888888889 0.028125 0.036111111111111
10 0.54296875 0.36458333333333 0.0265625 0.0375
10 0.556640625 0.32777777777778 0.02734375 0.036111111111111
10 0.624609375 0.38541666666667 0.02734375 0.034722222222222
10 0.557421875 0.46666666666667 0.02578125 0.036111111111111
10 0.66875 0.75902777777778 0.0265625 0.034722222222222
10 0.606640625 0.65972222222222 0.02734375 0.033333333333333
10 0.591796875 0.59583333333333 0.02734375 0.033333333333333
10 0.552734375 0.6625 0.02734375 0.033333333333333
10 0.545703125 0.48055555555556 0.02734375 0.033333333333333
10 0.621875 0.70972222222222 0.0265625 0.033333333333333
10 0.58203125 0.76944444444444 0.0265625 0.033333333333333
10 0.5453125 0.63402777777778 0.0265625 0.031944444444444
10 0.596875 0.51527777777778 0.025 0.033333333333333
10 0.539453125 0.50486111111111 0.02578125 0.031944444444444
10 0.647265625 0.86458333333333 0.02578125 0.031944444444444
10 0.547265625 0.55486111111111 0.02578125 0.031944444444444
10 0.57109375 0.88680555555556 0.025 0.031944444444444
10 0.547265625 0.43194444444444 0.02421875 0.030555555555556
10 0.60546875 0.70555555555556 0.0234375 0.027777777777778
10 0.53203125 0.58263888888889 0.0234375 0.029166666666667
10 0.60234375 0.68472222222222 0.021875 0.027777777777778
10 0.5890625 0.70277777777778 0.0203125 0.025
10 0.62890625 0.89375 0.0203125 0.026388888888889
10 0.547265625 0.53680555555556 0.01796875 0.023611111111111