10 0.21302083333333 0.42268518518519 0.16666666666667 0.20833333333333
10 0.02109375 0.32638888888889 0.0421875 0.10648148148148
10 0.57239583333333 0.29398148148148 0.077083333333333 0.099074074074074
10 0.89010416666667 0.31898148148148 0.091666666666667 0.12314814814815
10 0.63020833333333 0.34074074074074 0.083333333333333 0.10740740740741
10 0.91927083333333 0.38101851851852 0.16354166666667 0.21388888888889
10 0.7328125 0.44907407407407 0.10208333333333 0.13888888888889
10 0.95494791666667 0.16712962962963 0.0921875 0.16388888888889
10 0.42395833333333 0.35509259259259 0.278125 0.31203703703704
10 0.70078125 0.28611111111111 0.061979166666667 0.085185185185185
10 0.146875 0.2962962962963 0.082291666666667 0.1037037037037
10 0.7921875 0.35138888888889 0.1125 0.18055555555556
10 0.086458333333333 0.38287037037037 0.15416666666667 0.20277777777778