10 0.77265625 0.36435185185185 0.088020833333333 0.11388888888889
10 0.64296875 0.44537037037037 0.16510416666667 0.2037037037037
10 0.10104166666667 0.34768518518519 0.13333333333333 0.20648148148148
10 0.5390625 0.32268518518519 0.13958333333333 0.15462962962963
10 0.70677083333333 0.29212962962963 0.051041666666667 0.073148148148148
10 0.61171875 0.33796296296296 0.074479166666667 0.10185185185185
10 0.96302083333333 0.40833333333333 0.079166666666667 0.12037037037037
10 0.41015625 0.38148148148148 0.20677083333333 0.24259259259259
10 0.012760416666667 0.32546296296296 0.025520833333333 0.087962962962963
10 0.9046875 0.35648148148148 0.11875 0.18703703703704
10 0.77161458333333 0.43888888888889 0.081770833333333 0.12407407407407
10 0.89947916666667 0.31944444444444 0.073958333333333 0.11111111111111