6 0.20784543325527 0.15 0.048009367681499 0.05
6 0.4192037470726 0.15104166666667 0.053864168618267 0.05625
6 0.37295081967213 0.25104166666667 0.071428571428571 0.072916666666667
6 0.33899297423888 0.26041666666667 0.078454332552693 0.075
6 0.046252927400468 0.39166666666667 0.062060889929742 0.066666666666667
6 0.2675644028103 0.459375 0.040983606557377 0.04375
6 0.1943793911007 0.453125 0.079625292740047 0.06875
6 0.20550351288056 0.25104166666667 0.059718969555035 0.05625
6 0.4596018735363 0.228125 0.052693208430913 0.060416666666667
6 0.32084309133489 0.10833333333333 0.060889929742389 0.066666666666667
6 0.39988290398126 0.13958333333333 0.071428571428571 0.070833333333333
6 0.47833723653396 0.29895833333333 0.055035128805621 0.060416666666667
6 0.2324355971897 0.5625 0.062060889929742 0.070833333333333
6 0.24063231850117 0.41041666666667 0.062060889929742 0.0625
6 0.57494145199063 0.029166666666667 0.060889929742389 0.058333333333333
10 0.53103044496487 0.42083333333333 0.066744730679157 0.066666666666667
6 0.41276346604215 0.1875 0.048009367681499 0.045833333333333
6 0.21545667447307 0.45 0.056206088992974 0.058333333333333
6 0.42974238875878 0.36875 0.044496487119438 0.045833333333333
6 0.37295081967213 0.08125 0.057377049180328 0.058333333333333
6 0.25351288056206 0.027083333333333 0.057377049180328 0.05
6 0.28922716627635 0.515625 0.058548009367682 0.064583333333333
6 0.38290398126464 0.38541666666667 0.088992974238876 0.091666666666667
10 0.86826697892272 0.625 0.25409836065574 0.17083333333333
10 0.37822014051522 0.38541666666667 0.10304449648712 0.083333333333333
10 0.35070257611241 0.53333333333333 0.092505854800937 0.083333333333333
10 0.192037470726 0.45208333333333 0.091334894613583 0.0625
10 0.23126463700234 0.5625 0.087822014051522 0.070833333333333
10 0.37412177985948 0.25208333333333 0.083138173302108 0.066666666666667
10 0.53044496487119 0.41875 0.074941451990632 0.058333333333333
10 0.41451990632319 0.146875 0.07728337236534 0.060416666666667
10 0.046252927400468 0.38958333333333 0.071428571428571 0.058333333333333
10 0.32142857142857 0.109375 0.066744730679157 0.060416666666667
10 0.37353629976581 0.080208333333333 0.065573770491803 0.05625
10 0.20491803278689 0.25 0.072599531615925 0.05
10 0.24121779859485 0.41145833333333 0.067915690866511 0.052083333333333
10 0.25468384074941 0.026041666666667 0.066744730679157 0.052083333333333
10 0.47775175644028 0.3 0.060889929742389 0.05
10 0.4596018735363 0.228125 0.057377049180328 0.052083333333333
10 0.20843091334895 0.14895833333333 0.053864168618267 0.047916666666667
10 0.26697892271663 0.459375 0.049180327868852 0.035416666666667
10 0.22423887587822 0.325 0.043325526932084 0.029166666666667
10 0.87002341920375 0.62395833333333 0.25526932084309 0.16458333333333
10 0.35070257611241 0.53229166666667 0.092505854800937 0.08125
10 0.38056206088993 0.38645833333333 0.096018735362998 0.089583333333333
10 0.37236533957845 0.25208333333333 0.096018735362998 0.070833333333333
10 0.19496487119438 0.45104166666667 0.094847775175644 0.064583333333333
10 0.23126463700234 0.5625 0.085480093676815 0.070833333333333
10 0.40807962529274 0.14375 0.085480093676815 0.066666666666667
10 0.37353629976581 0.08125 0.065573770491803 0.058333333333333
10 0.47775175644028 0.29895833333333 0.060889929742389 0.052083333333333
10 0.46018735362998 0.228125 0.056206088992974 0.052083333333333
10 0.20784543325527 0.14895833333333 0.055035128805621 0.047916666666667
10 0.22423887587822 0.32395833333333 0.043325526932084 0.03125