11 0.36067708333333 0.34953703703704 0.049479166666667 0.063888888888889
11 0.578125 0.21898148148148 0.036458333333333 0.052777777777778
11 0.83463541666667 0.24490740740741 0.043229166666667 0.04537037037037
11 0.87473958333333 0.38055555555556 0.0421875 0.046296296296296
11 0.7890625 0.71944444444444 0.044791666666667 0.055555555555556
11 0.803125 0.51759259259259 0.036458333333333 0.042592592592593
11 0.087239583333333 0.89768518518519 0.061979166666667 0.087962962962963
11 0.40390625 0.15138888888889 0.038020833333333 0.052777777777778
11 0.39479166666667 0.83472222222222 0.057291666666667 0.063888888888889
11 0.078385416666667 0.7 0.033854166666667 0.046296296296296
11 0.39114583333333 0.92592592592593 0.046875 0.053703703703704
11 0.934375 0.74027777777778 0.11979166666667 0.17314814814815
11 0.0098958333333333 0.85555555555556 0.019791666666667 0.057407407407407
11 0.21354166666667 0.66064814814815 0.033333333333333 0.041666666666667
11 0.36354166666667 0.4712962962963 0.052083333333333 0.059259259259259
11 0.35390625 0.20925925925926 0.0390625 0.05
11 0.64739583333333 0.19074074074074 0.040625 0.042592592592593
11 0.40729166666667 0.73564814814815 0.053125 0.075
11 0.6046875 0.016666666666667 0.054166666666667 0.033333333333333
11 0.62526041666667 0.12175925925926 0.0703125 0.080555555555556
11 0.089583333333333 0.46064814814815 0.038541666666667 0.047222222222222
11 0.33802083333333 0.1287037037037 0.0375 0.051851851851852
11 0.58854166666667 0.57685185185185 0.064583333333333 0.087037037037037
11 0.26432291666667 0.28888888888889 0.036979166666667 0.053703703703704
11 0.13828125 0.17268518518519 0.056770833333333 0.09537037037037
11 0.74661458333333 0.28518518518519 0.0390625 0.046296296296296
11 0.92317708333333 0.54814814814815 0.0421875 0.059259259259259
11 0.3 0.4162037037037 0.05625 0.076851851851852
11 0.2984375 0.13472222222222 0.03125 0.041666666666667
11 0.27395833333333 0.53842592592593 0.039583333333333 0.049074074074074
11 0.36979166666667 0.55324074074074 0.038541666666667 0.039814814814815
11 0.44583333333333 0.041203703703704 0.041666666666667 0.056481481481481
11 0.2625 0.1212962962963 0.032291666666667 0.048148148148148
11 0.71744791666667 0.20740740740741 0.043229166666667 0.048148148148148
11 0.15442708333333 0.70138888888889 0.0796875 0.10092592592593
11 0.52526041666667 0.25 0.1078125 0.15185185185185
11 0.73359375 0.34212962962963 0.036979166666667 0.04537037037037
11 0.11328125 0.043055555555556 0.038020833333333 0.058333333333333
11 0.17447916666667 0.72083333333333 0.16354166666667 0.18240740740741
11 0.521875 0.26666666666667 0.075 0.092592592592593
11 0.60598958333333 0.82407407407407 0.12864583333333 0.17037037037037
11 0.38463541666667 0.27268518518519 0.047395833333333 0.05462962962963
11 0.37786458333333 0.031018518518519 0.1015625 0.062037037037037
11 0.04453125 0.55972222222222 0.036979166666667 0.050925925925926
11 0.24114583333333 0.35694444444444 0.036458333333333 0.04537037037037
11 0.06328125 0.40555555555556 0.0359375 0.055555555555556
11 0.41875 0.19074074074074 0.04375 0.055555555555556
11 0.15677083333333 0.3875 0.061458333333333 0.091666666666667
11 0.50182291666667 0.018518518518519 0.046354166666667 0.037037037037037
11 0.24036458333333 0.78055555555556 0.0609375 0.07962962962963
11 0.26979166666667 0.20185185185185 0.039583333333333 0.05
11 0.83463541666667 0.15231481481481 0.0515625 0.058333333333333
11 0.92317708333333 0.76342592592593 0.0703125 0.11944444444444
11 0.68984375 0.073148148148148 0.080729166666667 0.083333333333333
11 0.98880208333333 0.94953703703704 0.022395833333333 0.067592592592593
11 0.82994791666667 0.39027777777778 0.038020833333333 0.04537037037037
11 0.10546875 0.14027777777778 0.1109375 0.18981481481481
11 0.0953125 0.90648148148148 0.042708333333333 0.053703703703704
11 0.92213541666667 0.7837962962963 0.047395833333333 0.058333333333333
11 0.21770833333333 0.29351851851852 0.038541666666667 0.048148148148148
11 0.4390625 0.34675925925926 0.045833333333333 0.062037037037037
11 0.66953125 0.37037037037037 0.1046875 0.13518518518519
11 0.86197916666667 0.43101851851852 0.033333333333333 0.041666666666667
11 0.59921875 0.30972222222222 0.0390625 0.047222222222222
11 0.76432291666667 0.52731481481481 0.038020833333333 0.041666666666667
11 0.14609375 0.69305555555556 0.0359375 0.049074074074074
11 0.13229166666667 0.4875 0.036458333333333 0.047222222222222
11 0.19765625 0.058796296296296 0.043229166666667 0.071296296296296
11 0.18802083333333 0.22083333333333 0.039583333333333 0.058333333333333