10 0.33385416666667 0.44722222222222 0.0625 0.068518518518519
10 0.14609375 0.68935185185185 0.0171875 0.021296296296296
10 0.26145833333333 0.51898148148148 0.016666666666667 0.019444444444444
10 0.21588541666667 0.60416666666667 0.043229166666667 0.060185185185185
10 0.58645833333333 0.35787037037037 0.015625 0.019444444444444
10 0.27786458333333 0.61435185185185 0.022395833333333 0.028703703703704
10 0.51276041666667 0.41342592592593 0.033854166666667 0.05462962962963
10 0.59895833333333 0.050925925925926 0.015625 0.018518518518519
10 0.43958333333333 0.55925925925926 0.026041666666667 0.02962962962963
10 0.29192708333333 0.57314814814815 0.036979166666667 0.038888888888889
10 0.54244791666667 0.32037037037037 0.015104166666667 0.018518518518519
10 0.29609375 0.50833333333333 0.022395833333333 0.02962962962963
10 0.33125 0.51574074074074 0.013541666666667 0.016666666666667
10 0.22890625 0.46388888888889 0.015104166666667 0.018518518518519
10 0.54713541666667 0.36944444444444 0.0234375 0.033333333333333
10 0.30859375 0.53194444444444 0.028645833333333 0.032407407407407
10 0.26171875 0.5662037037037 0.0265625 0.032407407407407
10 0.60729166666667 0.22777777777778 0.022916666666667 0.031481481481481
10 0.30885416666667 0.40648148148148 0.029166666666667 0.037037037037037
10 0.5234375 0.4087962962963 0.057291666666667 0.073148148148148
10 0.18463541666667 0.67361111111111 0.022395833333333 0.037962962962963
10 0.54348958333333 0.39212962962963 0.0484375 0.084259259259259