11 0.626953125 0.91597222222222 0.10234375 0.13194444444444
11 0.881640625 0.78194444444444 0.09140625 0.14444444444444
11 0.18359375 0.27013888888889 0.090625 0.1125
11 0.6640625 0.12708333333333 0.1015625 0.12083333333333
11 0.55859375 0.36388888888889 0.0734375 0.1
11 0.692578125 0.77916666666667 0.07578125 0.10555555555556
11 0.56484375 0.78958333333333 0.071875 0.093055555555556
11 0.819921875 0.37430555555556 0.06953125 0.093055555555556
11 0.95 0.60069444444444 0.0703125 0.090277777777778
11 0.4234375 0.47708333333333 0.0765625 0.084722222222222
11 0.55 0.72916666666667 0.0671875 0.091666666666667
11 0.53125 0.095138888888889 0.0671875 0.095833333333333
11 0.655078125 0.029166666666667 0.07734375 0.058333333333333
11 0.58203125 0.61736111111111 0.0578125 0.076388888888889
11 0.481640625 0.24166666666667 0.06171875 0.072222222222222
11 0.13046875 0.42986111111111 0.065625 0.081944444444444
11 0.592578125 0.68958333333333 0.05703125 0.073611111111111
11 0.831640625 0.74444444444444 0.06171875 0.091666666666667
11 0.66328125 0.24652777777778 0.0546875 0.076388888888889
11 0.9625 0.94444444444444 0.053125 0.075
11 0.5375 0.15416666666667 0.053125 0.075
11 0.748828125 0.51388888888889 0.05390625 0.075
11 0.4984375 0.53263888888889 0.0546875 0.070833333333333
11 0.5875 0.54583333333333 0.05625 0.069444444444444
11 0.535546875 0.66875 0.05390625 0.070833333333333
11 0.66171875 0.44861111111111 0.0515625 0.072222222222222
11 0.4515625 0.37430555555556 0.053125 0.070833333333333
11 0.5984375 0.75833333333333 0.053125 0.072222222222222
11 0.858984375 0.22847222222222 0.05234375 0.073611111111111
11 0.678125 0.49722222222222 0.05 0.069444444444444
11 0.323046875 0.15763888888889 0.05078125 0.068055555555556
11 0.56875 0.89305555555556 0.046875 0.072222222222222
11 0.483203125 0.64444444444444 0.04921875 0.066666666666667
11 0.6015625 0.14930555555556 0.05 0.068055555555556
11 0.69296875 0.27013888888889 0.0484375 0.070833333333333
11 0.37890625 0.79861111111111 0.05 0.066666666666667
11 0.651171875 0.66319444444444 0.04765625 0.068055555555556
11 0.719140625 0.16041666666667 0.04921875 0.065277777777778
11 0.403125 0.44166666666667 0.0484375 0.066666666666667
11 0.84609375 0.63194444444444 0.0421875 0.069444444444444
11 0.8796875 0.8125 0.0453125 0.066666666666667
11 0.871484375 0.58125 0.04453125 0.068055555555556
11 0.0703125 0.83263888888889 0.046875 0.059722222222222
11 0.82265625 0.57916666666667 0.04375 0.063888888888889
11 0.634375 0.60486111111111 0.0453125 0.0625
11 0.209765625 0.27986111111111 0.04453125 0.0625
11 0.43125 0.96458333333333 0.0484375 0.056944444444444
11 0.4 0.64930555555556 0.0453125 0.059722222222222
11 0.351171875 0.95 0.04609375 0.058333333333333
11 0.45 0.74583333333333 0.04375 0.058333333333333
11 0.283984375 0.26111111111111 0.04296875 0.058333333333333
11 0.61953125 0.43680555555556 0.0421875 0.059722222222222
11 0.50078125 0.47847222222222 0.04375 0.056944444444444
11 0.276953125 0.21597222222222 0.04140625 0.059722222222222
11 0.64296875 0.80833333333333 0.040625 0.058333333333333
11 0.278125 0.32777777777778 0.0421875 0.058333333333333
11 0.43046875 0.63125 0.040625 0.056944444444444
11 0.728125 0.60972222222222 0.0421875 0.055555555555556
11 0.30703125 0.97916666666667 0.0515625 0.044444444444444
11 0.9265625 0.76388888888889 0.0390625 0.058333333333333
11 0.8375 0.32430555555556 0.0390625 0.056944444444444
11 0.190234375 0.21458333333333 0.03984375 0.056944444444444
11 0.925390625 0.58819444444444 0.04140625 0.054166666666667
11 0.42265625 0.52291666666667 0.04375 0.051388888888889
11 0.370703125 0.42083333333333 0.03984375 0.055555555555556
11 0.13671875 0.61111111111111 0.040625 0.052777777777778
11 0.98046875 0.029166666666667 0.0375 0.058333333333333
11 0.270703125 0.56875 0.03984375 0.054166666666667
11 0.22109375 0.76875 0.0390625 0.054166666666667
11 0.67265625 0.93958333333333 0.0390625 0.054166666666667
11 0.35546875 0.69305555555556 0.040625 0.052777777777778
11 0.530859375 0.56527777777778 0.03984375 0.052777777777778
11 0.350390625 0.59444444444444 0.03828125 0.052777777777778
11 0.921875 0.80833333333333 0.0359375 0.055555555555556
11 0.3734375 0.97638888888889 0.04375 0.047222222222222
11 0.229296875 0.78958333333333 0.03828125 0.051388888888889
11 0.3015625 0.75277777777778 0.0390625 0.05
11 0.034375 0.67847222222222 0.0375 0.051388888888889
11 0.728515625 0.74305555555556 0.03828125 0.05
11 0.69296875 0.80486111111111 0.0375 0.051388888888889
11 0.101171875 0.87638888888889 0.03828125 0.05
11 0.720703125 0.56319444444444 0.03671875 0.051388888888889
11 0.39609375 0.60555555555556 0.0375 0.05
11 0.734375 0.018055555555556 0.0515625 0.036111111111111
11 0.665625 0.98263888888889 0.05625 0.031944444444444
11 0.452734375 0.68125 0.03671875 0.048611111111111
11 0.34765625 0.81319444444444 0.0359375 0.048611111111111
11 0.55546875 0.63402777777778 0.0359375 0.048611111111111
11 0.52734375 0.81041666666667 0.0359375 0.048611111111111
11 0.02109375 0.76805555555556 0.034375 0.05
11 0.3234375 0.97013888888889 0.0375 0.045833333333333
11 0.117578125 0.84652777777778 0.03515625 0.048611111111111
11 0.098046875 0.97013888888889 0.03671875 0.045833333333333
11 0.385546875 0.92152777777778 0.03671875 0.045833333333333
11 0.989453125 0.58541666666667 0.01953125 0.076388888888889
11 0.6375 0.76875 0.03125 0.043055555555556
11 0.296875 0.89722222222222 0.0328125 0.041666666666667
11 0.49453125 0.85347222222222 0.0328125 0.045833333333333
11 0.9671875 0.98472222222222 0.040625 0.030555555555556
11 0.6875 0.9875 0.0375 0.025