11 0.21276041666667 0.85092592592593 0.16510416666667 0.28148148148148
11 0.43489583333333 0.50787037037037 0.15625 0.20277777777778
11 0.88489583333333 0.85787037037037 0.1125 0.26018518518519
11 0.85 0.32731481481481 0.10625 0.15277777777778
11 0.50494791666667 0.9125 0.10260416666667 0.14722222222222
11 0.62786458333333 0.70046296296296 0.0953125 0.13981481481481
11 0.784375 0.13101851851852 0.090625 0.15462962962963
11 0.48020833333333 0.61898148148148 0.09375 0.13611111111111
11 0.65677083333333 0.90092592592593 0.091666666666667 0.13333333333333
11 0.57005208333333 0.93796296296296 0.0890625 0.11666666666667
11 0.32109375 0.26435185185185 0.11197916666667 0.19907407407407
11 0.12578125 0.090740740740741 0.16197916666667 0.17592592592593
10 0.77630208333333 0.81296296296296 0.1703125 0.34259259259259
11 0.85104166666667 0.58009259259259 0.10625 0.14537037037037