10 0.34557291666667 0.63240740740741 0.011979166666667 0.016666666666667
10 0.56614583333333 0.30416666666667 0.01875 0.026851851851852
10 0.525 0.31944444444444 0.030208333333333 0.035185185185185
10 0.52083333333333 0.42037037037037 0.015625 0.024074074074074
10 0.41223958333333 0.5412037037037 0.016145833333333 0.025
10 0.56796875 0.10277777777778 0.015104166666667 0.024074074074074
10 0.24453125 0.4087962962963 0.021354166666667 0.028703703703704
10 0.39453125 0.5787037037037 0.030729166666667 0.044444444444444
10 0.21223958333333 0.49768518518519 0.011979166666667 0.017592592592593
10 0.50182291666667 0.36388888888889 0.015104166666667 0.02037037037037
10 0.15807291666667 0.62314814814815 0.040104166666667 0.066666666666667
10 0.11458333333333 0.61018518518519 0.020833333333333 0.035185185185185
10 0.16666666666667 0.55231481481481 0.017708333333333 0.028703703703704
10 0.071875 0.64259259259259 0.014583333333333 0.022222222222222
10 0.26848958333333 0.67314814814815 0.018229166666667 0.027777777777778
10 0.44427083333333 0.46111111111111 0.046875 0.068518518518519
10 0.47109375 0.43657407407407 0.024479166666667 0.036111111111111
10 0.16380208333333 0.63796296296296 0.021354166666667 0.035185185185185
10 0.26640625 0.46018518518519 0.024479166666667 0.038888888888889
10 0.38203125 0.54861111111111 0.018229166666667 0.026851851851852
10 0.14322916666667 0.54027777777778 0.015625 0.025
10 0.36979166666667 0.64027777777778 0.022916666666667 0.043518518518519
10 0.47317708333333 0.39259259259259 0.028645833333333 0.051851851851852
10 0.55078125 0.24398148148148 0.021354166666667 0.026851851851852
10 0.12942708333333 0.6462962962963 0.013020833333333 0.02037037037037
10 0.13072916666667 0.52731481481481 0.016666666666667 0.026851851851852
10 0.44166666666667 0.56898148148148 0.014583333333333 0.021296296296296
10 0.54973958333333 0.0625 0.0109375 0.015740740740741
10 0.20598958333333 0.59861111111111 0.013020833333333 0.019444444444444