10 0.47265625 0.31736111111111 0.0546875 0.10416666666667
10 0.248046875 0.47291666666667 0.07421875 0.17083333333333
10 0.269921875 0.071527777777778 0.09921875 0.14305555555556
10 0.525390625 0.055555555555556 0.07265625 0.11111111111111
10 0.346875 0.0625 0.0640625 0.11388888888889
10 0.76328125 0.61041666666667 0.040625 0.0875
10 0.691796875 0.034027777777778 0.06328125 0.068055555555556
10 0.543359375 0.20902777777778 0.06484375 0.10972222222222
10 0.460546875 0.22777777777778 0.04921875 0.086111111111111
10 0.29296875 0.41388888888889 0.053125 0.086111111111111
10 0.347265625 0.37777777777778 0.12109375 0.15833333333333
10 0.34140625 0.50486111111111 0.046875 0.073611111111111