10 0.2423887587822 0.29895833333333 0.084309133489461 0.097916666666667
10 0.3635831381733 0.28125 0.092505854800937 0.083333333333333
10 0.22131147540984 0.4875 0.079625292740047 0.079166666666667
10 0.075526932084309 0.42395833333333 0.078454332552693 0.06875
10 0.4268149882904 0.18020833333333 0.083138173302108 0.06875
10 0.39695550351288 0.40520833333333 0.081967213114754 0.089583333333333
10 0.31850117096019 0.17395833333333 0.072599531615925 0.072916666666667
10 0.26229508196721 0.43125 0.063231850117096 0.066666666666667
10 0.38407494145199 0.12291666666667 0.063231850117096 0.0625
10 0.58957845433255 0.03125 0.048009367681499 0.054166666666667
10 0.28864168618267 0.066666666666667 0.062060889929742 0.058333333333333
10 0.23185011709602 0.20625 0.042154566744731 0.041666666666667