10 0.1125 0.36388888888889 0.19166666666667 0.23333333333333
10 0.91432291666667 0.38518518518519 0.16822916666667 0.21111111111111
10 0.87317708333333 0.49027777777778 0.0859375 0.1212962962963
10 0.64713541666667 0.32916666666667 0.083854166666667 0.10833333333333
10 0.57317708333333 0.30138888888889 0.088020833333333 0.11388888888889
10 0.86953125 0.38518518518519 0.12552083333333 0.16851851851852
10 0.042447916666667 0.40555555555556 0.084895833333333 0.12962962962963
10 0.23333333333333 0.38472222222222 0.082291666666667 0.099074074074074
10 0.73307291666667 0.29861111111111 0.0640625 0.084259259259259
10 0.98046875 0.16944444444444 0.040104166666667 0.13888888888889
10 0.57317708333333 0.25509259259259 0.0703125 0.10648148148148
10 0.42838541666667 0.37314814814815 0.25052083333333 0.29259259259259
10 0.74895833333333 0.41759259259259 0.146875 0.1962962962963
10 0.14166666666667 0.30694444444444 0.0875 0.10833333333333
10 0.51640625 0.36759259259259 0.10052083333333 0.11851851851852