11 0.615234375 0.45138888888889 0.13515625 0.21111111111111
11 0.641015625 0.66388888888889 0.12734375 0.17777777777778
11 0.8046875 0.52291666666667 0.0734375 0.12916666666667
11 0.489453125 0.48333333333333 0.07890625 0.10277777777778
11 0.26015625 0.30486111111111 0.0734375 0.10138888888889
11 0.4890625 0.29027777777778 0.0609375 0.11388888888889
11 0.61015625 0.85486111111111 0.05625 0.081944444444444
11 0.750390625 0.63402777777778 0.06484375 0.10138888888889
11 0.227734375 0.78958333333333 0.05390625 0.081944444444444
11 0.355078125 0.35625 0.05390625 0.076388888888889
11 0.629296875 0.56388888888889 0.05234375 0.072222222222222
11 0.5015625 0.58263888888889 0.0515625 0.079166666666667
11 0.574609375 0.37569444444444 0.05078125 0.073611111111111
11 0.87578125 0.57916666666667 0.0484375 0.069444444444444
11 0.676171875 0.75069444444444 0.05078125 0.068055555555556
11 0.81953125 0.32361111111111 0.046875 0.069444444444444
11 0.848046875 0.6125 0.04609375 0.069444444444444
11 0.677734375 0.94861111111111 0.04453125 0.063888888888889
11 0.659765625 0.80347222222222 0.04296875 0.059722222222222
11 0.759375 0.71805555555556 0.04375 0.058333333333333
11 0.73671875 0.47986111111111 0.0421875 0.059722222222222
11 0.635546875 0.92777777777778 0.03828125 0.052777777777778