10 0.13619791666667 0.087037037037037 0.10572916666667 0.16481481481481
10 0.45052083333333 0.58935185185185 0.11145833333333 0.15648148148148
10 0.89947916666667 0.30138888888889 0.10625 0.15462962962963
10 0.6078125 0.10231481481481 0.11145833333333 0.13796296296296
10 0.38854166666667 0.8337962962963 0.097916666666667 0.11574074074074
10 0.45 0.2287037037037 0.094791666666667 0.13333333333333
10 0.45338541666667 0.83796296296296 0.086979166666667 0.10185185185185
10 0.665625 0.26990740740741 0.083333333333333 0.12685185185185
10 0.23463541666667 0.68101851851852 0.080729166666667 0.099074074074074
10 0.46197916666667 0.10138888888889 0.069791666666667 0.11759259259259
10 0.46614583333333 0.95462962962963 0.085416666666667 0.092592592592593
10 0.92604166666667 0.14305555555556 0.072916666666667 0.10833333333333
10 0.39973958333333 0.93703703703704 0.0765625 0.10185185185185
10 0.51197916666667 0.73240740740741 0.077083333333333 0.094444444444444
10 0.525 0.20648148148148 0.069791666666667 0.1037037037037
10 0.49140625 0.15 0.0703125 0.10185185185185
10 0.78515625 0.48194444444444 0.068229166666667 0.10277777777778
10 0.79427083333333 0.28935185185185 0.066666666666667 0.099074074074074
10 0.50026041666667 0.30833333333333 0.065104166666667 0.087037037037037
10 0.34921875 0.62268518518519 0.0671875 0.086111111111111
10 0.53802083333333 0.073611111111111 0.0625 0.087962962962963
10 0.64947916666667 0.62962962962963 0.064583333333333 0.083333333333333
10 0.48020833333333 0.45833333333333 0.063541666666667 0.083333333333333
10 0.65677083333333 0.1462962962963 0.063541666666667 0.07962962962963
10 0.4171875 0.8287037037037 0.061458333333333 0.081481481481481
10 0.534375 0.67638888888889 0.061458333333333 0.076851851851852
10 0.29401041666667 0.87962962962963 0.058854166666667 0.07962962962963
10 0.58255208333333 0.11481481481481 0.058854166666667 0.077777777777778
10 0.54791666666667 0.62361111111111 0.058333333333333 0.075
10 0.42864583333333 0.26296296296296 0.054166666666667 0.07962962962963
10 0.63723958333333 0.55509259259259 0.056770833333333 0.073148148148148
10 0.7140625 0.625 0.054166666666667 0.072222222222222
10 0.24479166666667 0.80787037037037 0.054166666666667 0.071296296296296
10 0.4515625 0.425 0.051041666666667 0.075925925925926
10 0.8234375 0.024537037037037 0.078125 0.049074074074074
10 0.57682291666667 0.36111111111111 0.050520833333333 0.072222222222222
10 0.58802083333333 0.44583333333333 0.051041666666667 0.069444444444444
10 0.54609375 0.39675925925926 0.0515625 0.067592592592593
10 0.16822916666667 0.96944444444444 0.059375 0.057407407407407
10 0.49453125 0.028703703703704 0.0578125 0.057407407407407
10 0.565625 0.31759259259259 0.046875 0.068518518518519
10 0.50703125 0.5412037037037 0.047395833333333 0.063888888888889
10 0.26536458333333 0.83657407407407 0.047395833333333 0.062037037037037
10 0.52708333333333 0.96203703703704 0.045833333333333 0.059259259259259
10 0.5984375 0.74583333333333 0.045833333333333 0.058333333333333
10 0.5046875 0.91481481481481 0.045833333333333 0.059259259259259
10 0.41796875 0.87037037037037 0.044270833333333 0.057407407407407
10 0.14869791666667 0.78611111111111 0.0453125 0.055555555555556
10 0.59427083333333 0.68055555555556 0.042708333333333 0.055555555555556
10 0.49947916666667 0.67037037037037 0.042708333333333 0.053703703703704
10 0.68385416666667 0.73611111111111 0.040625 0.051851851851852
10 0.14661458333333 0.86157407407407 0.043229166666667 0.052777777777778
10 0.17578125 0.78611111111111 0.040104166666667 0.051851851851852
10 0.05703125 0.63425925925926 0.038020833333333 0.048148148148148
10 0.51536458333333 0.37731481481481 0.036979166666667 0.052777777777778
10 0.28541666666667 0.96435185185185 0.0375 0.047222222222222
10 0.19114583333333 0.8212962962963 0.036458333333333 0.046296296296296
10 0.23828125 0.93703703703704 0.034895833333333 0.044444444444444
10 0.36848958333333 0.71064814814815 0.030729166666667 0.039814814814815