10 0.49427083333333 0.57268518518519 0.011458333333333 0.015740740740741
10 0.61744791666667 0.65833333333333 0.0234375 0.033333333333333
10 0.74375 0.67453703703704 0.01875 0.026851851851852
10 0.48567708333333 0.71157407407407 0.013020833333333 0.017592592592593
10 0.30104166666667 0.94166666666667 0.015625 0.022222222222222
10 0.80286458333333 0.15231481481481 0.013020833333333 0.021296296296296
10 0.303125 0.80324074074074 0.013541666666667 0.019444444444444
10 0.71484375 0.65787037037037 0.021354166666667 0.030555555555556
10 0.82994791666667 0.40092592592593 0.016145833333333 0.024074074074074
10 0.39557291666667 0.66990740740741 0.013020833333333 0.017592592592593
10 0.59270833333333 0.51527777777778 0.0125 0.017592592592593
10 0.56901041666667 0.82268518518519 0.0203125 0.028703703703704
10 0.093229166666667 0.76342592592593 0.023958333333333 0.034259259259259
10 0.87578125 0.7125 0.021354166666667 0.032407407407407
10 0.46770833333333 0.37777777777778 0.019791666666667 0.025925925925926
10 0.51848958333333 0.57731481481481 0.013020833333333 0.017592592592593
10 0.57864583333333 0.58611111111111 0.011458333333333 0.016666666666667
10 0.60911458333333 0.47083333333333 0.011979166666667 0.015740740740741
10 0.41484375 0.61296296296296 0.0140625 0.018518518518519
10 0.46901041666667 0.53518518518519 0.0109375 0.014814814814815
10 0.45130208333333 0.57407407407407 0.011979166666667 0.016666666666667
10 0.85208333333333 0.81574074074074 0.022916666666667 0.035185185185185
10 0.8078125 0.87268518518519 0.021875 0.032407407407407
10 0.95546875 0.71898148148148 0.0171875 0.026851851851852
10 0.46953125 0.7837962962963 0.015104166666667 0.021296296296296
10 0.33828125 0.76666666666667 0.0203125 0.02962962962963
10 0.5109375 0.65462962962963 0.0125 0.016666666666667
10 0.7703125 0.42037037037037 0.015625 0.024074074074074
10 0.675 0.58611111111111 0.020833333333333 0.02962962962963
10 0.53854166666667 0.55787037037037 0.014583333333333 0.019444444444444
10 0.81927083333333 0.88194444444444 0.026041666666667 0.039814814814815
10 0.35052083333333 0.73009259259259 0.027083333333333 0.037962962962963
10 0.69817708333333 0.74212962962963 0.018229166666667 0.026851851851852
10 0.48619791666667 0.74305555555556 0.0203125 0.026851851851852
10 0.5140625 0.51157407407407 0.014583333333333 0.019444444444444
10 0.4234375 0.66481481481481 0.011458333333333 0.016666666666667
10 0.85416666666667 0.26388888888889 0.021875 0.033333333333333
10 0.453125 0.61111111111111 0.0125 0.016666666666667
10 0.70494791666667 0.94722222222222 0.021354166666667 0.033333333333333
10 0.83776041666667 0.68796296296296 0.018229166666667 0.027777777777778
10 0.64765625 0.6712962962963 0.021354166666667 0.031481481481481
10 0.52760416666667 0.78194444444444 0.015625 0.021296296296296
10 0.31067708333333 0.8537037037037 0.013020833333333 0.018518518518519
10 0.90494791666667 0.74768518518519 0.019270833333333 0.030555555555556
10 0.82734375 0.89212962962963 0.025520833333333 0.037962962962963
10 0.5109375 0.53611111111111 0.0125 0.016666666666667
10 0.54166666666667 0.60509259259259 0.0125 0.015740740740741
10 0.83072916666667 0.61296296296296 0.015625 0.024074074074074
10 0.58776041666667 0.675 0.0234375 0.033333333333333
10 0.43958333333333 0.96851851851852 0.016666666666667 0.024074074074074
10 0.22161458333333 0.71157407407407 0.0234375 0.034259259259259
10 0.34635416666667 0.80972222222222 0.0125 0.017592592592593
10 0.28333333333333 0.99166666666667 0.017708333333333 0.018518518518519
10 0.25885416666667 0.84722222222222 0.011458333333333 0.014814814814815
10 0.80182291666667 0.32175925925926 0.025520833333333 0.037962962962963
10 0.37161458333333 0.7 0.0140625 0.018518518518519
10 0.45026041666667 0.7462962962963 0.022395833333333 0.027777777777778
10 0.28359375 0.97638888888889 0.0140625 0.019444444444444
10 0.30677083333333 0.88842592592593 0.0125 0.017592592592593
10 0.240625 0.99305555555556 0.01875 0.013888888888889
10 0.64322916666667 0.74722222222222 0.014583333333333 0.022222222222222
10 0.50364583333333 0.69166666666667 0.0125 0.016666666666667
10 0.49322916666667 0.2337962962963 0.021875 0.032407407407407
10 0.3640625 0.32083333333333 0.023958333333333 0.037962962962963
10 0.10572916666667 0.33657407407407 0.039583333333333 0.063888888888889
10 0.97734375 0.68657407407407 0.018229166666667 0.028703703703704
10 0.61354166666667 0.77685185185185 0.015625 0.022222222222222
10 0.50598958333333 0.76712962962963 0.0140625 0.019444444444444
10 0.86015625 0.98518518518519 0.021354166666667 0.02962962962963
10 0.5625 0.48703703703704 0.0125 0.016666666666667
10 0.47239583333333 0.99166666666667 0.027083333333333 0.016666666666667
10 0.51458333333333 0.74444444444444 0.013541666666667 0.018518518518519
10 0.43958333333333 0.77777777777778 0.014583333333333 0.02037037037037
10 0.54869791666667 0.73240740740741 0.011979166666667 0.016666666666667
10 0.56848958333333 0.54166666666667 0.016145833333333 0.02037037037037
10 0.90520833333333 0.87361111111111 0.022916666666667 0.034259259259259
10 0.41380208333333 0.84305555555556 0.0328125 0.050925925925926
10 0.37916666666667 0.73425925925926 0.015625 0.022222222222222
10 0.64661458333333 0.54768518518519 0.0140625 0.021296296296296
10 0.68567708333333 0.70231481481481 0.0171875 0.025
10 0.68072916666667 0.81944444444444 0.014583333333333 0.02037037037037
10 0.63802083333333 0.58055555555556 0.0125 0.018518518518519
10 0.27578125 0.85277777777778 0.011979166666667 0.016666666666667
10 0.52005208333333 0.60833333333333 0.0203125 0.027777777777778