11 0.52890625 0.40486111111111 0.4015625 0.52361111111111
11 0.768359375 0.31875 0.46171875 0.62916666666667
11 0.837890625 0.10763888888889 0.32265625 0.21527777777778
11 0.67890625 0.36388888888889 0.0328125 0.041666666666667
11 0.910546875 0.72013888888889 0.03203125 0.0375
11 0.925 0.62222222222222 0.028125 0.036111111111111
11 0.770703125 0.40625 0.02578125 0.034722222222222
11 0.8140625 0.47638888888889 0.025 0.036111111111111
11 0.855078125 0.46666666666667 0.02578125 0.033333333333333
11 0.858984375 0.57569444444444 0.02421875 0.034722222222222
11 0.66953125 0.43611111111111 0.0234375 0.033333333333333
11 0.793359375 0.41041666666667 0.02421875 0.031944444444444
11 0.908203125 0.53958333333333 0.02265625 0.029166666666667
11 0.644140625 0.26319444444444 0.02265625 0.029166666666667
11 0.8703125 0.63263888888889 0.021875 0.029166666666667
11 0.758984375 0.45347222222222 0.02109375 0.029166666666667
11 0.88046875 0.59305555555556 0.0203125 0.027777777777778
11 0.72109375 0.34930555555556 0.0203125 0.026388888888889
11 0.690234375 0.29930555555556 0.01953125 0.026388888888889
11 0.7421875 0.45 0.01875 0.025
11 0.75234375 0.35 0.0171875 0.022222222222222