11 0.537109375 0.36527777777778 0.03671875 0.047222222222222
11 0.544140625 0.43888888888889 0.03046875 0.044444444444444
11 0.65859375 0.81597222222222 0.03125 0.043055555555556
11 0.568359375 0.56666666666667 0.03203125 0.041666666666667
11 0.618359375 0.44652777777778 0.02890625 0.043055555555556
11 0.59765625 0.61527777777778 0.03125 0.038888888888889
11 0.688671875 0.87777777777778 0.02890625 0.041666666666667
11 0.59375 0.59930555555556 0.0296875 0.040277777777778
11 0.655859375 0.83194444444444 0.03046875 0.038888888888889
11 0.59453125 0.92291666666667 0.028125 0.040277777777778
11 0.58203125 0.67847222222222 0.0296875 0.0375
11 0.62109375 0.71041666666667 0.0296875 0.034722222222222
11 0.5890625 0.63472222222222 0.0296875 0.036111111111111
11 0.55625 0.66736111111111 0.0296875 0.0375
11 0.6453125 0.76527777777778 0.028125 0.036111111111111
11 0.54453125 0.63194444444444 0.0265625 0.036111111111111
11 0.608984375 0.66041666666667 0.02578125 0.0375
11 0.541796875 0.5125 0.02578125 0.036111111111111
11 0.602734375 0.64861111111111 0.02578125 0.036111111111111
11 0.537890625 0.5875 0.02734375 0.033333333333333
11 0.54140625 0.48541666666667 0.025 0.034722222222222
11 0.567578125 0.47152777777778 0.02734375 0.0375
11 0.6203125 0.60763888888889 0.025 0.034722222222222
11 0.6125 0.70347222222222 0.025 0.031944444444444
11 0.59453125 0.51458333333333 0.0234375 0.031944444444444
11 0.546484375 0.55625 0.02265625 0.031944444444444
11 0.564453125 0.89305555555556 0.02265625 0.030555555555556
11 0.653125 0.87083333333333 0.0234375 0.030555555555556
11 0.55234375 0.33888888888889 0.021875 0.030555555555556
11 0.622265625 0.38055555555556 0.02265625 0.030555555555556
11 0.671875 0.76111111111111 0.0234375 0.030555555555556