11 0.692578125 0.88611111111111 0.08671875 0.12777777777778
11 0.67578125 0.72986111111111 0.0703125 0.098611111111111
11 0.6671875 0.68611111111111 0.06875 0.077777777777778
11 0.80078125 0.74305555555556 0.0625 0.091666666666667
11 0.567578125 0.73888888888889 0.05703125 0.088888888888889
11 0.63203125 0.73680555555556 0.0546875 0.068055555555556
11 0.658203125 0.62569444444444 0.06015625 0.079166666666667
11 0.775 0.78125 0.05 0.065277777777778
11 0.67890625 0.90763888888889 0.0484375 0.065277777777778
11 0.70703125 0.97013888888889 0.0546875 0.059722222222222
11 0.515625 0.61875 0.0453125 0.065277777777778
11 0.58828125 0.63888888888889 0.0421875 0.061111111111111
11 0.697265625 0.91111111111111 0.04765625 0.061111111111111
11 0.465625 0.81527777777778 0.040625 0.061111111111111
11 0.812109375 0.46527777777778 0.04140625 0.058333333333333
11 0.64296875 0.95277777777778 0.0421875 0.058333333333333
11 0.436328125 0.57083333333333 0.03984375 0.055555555555556
11 0.621484375 0.51944444444444 0.03984375 0.058333333333333
11 0.691015625 0.68888888888889 0.04140625 0.058333333333333
11 0.81484375 0.82222222222222 0.0390625 0.055555555555556
11 0.661328125 0.82916666666667 0.03828125 0.052777777777778
11 0.4328125 0.65069444444444 0.0375 0.056944444444444
11 0.7 0.83611111111111 0.0390625 0.05
11 0.559375 0.525 0.0375 0.052777777777778
11 0.74140625 0.70277777777778 0.0375 0.052777777777778
11 0.79921875 0.5875 0.0359375 0.05
11 0.68671875 0.97291666666667 0.0390625 0.045833333333333
11 0.477734375 0.65416666666667 0.03671875 0.052777777777778
11 0.619921875 0.83611111111111 0.03515625 0.05
11 0.66484375 0.79444444444444 0.034375 0.047222222222222