11 0.79036458333333 0.8162037037037 0.081770833333333 0.097222222222222
11 0.55052083333333 0.6462962962963 0.067708333333333 0.07962962962963
11 0.42916666666667 0.39212962962963 0.046875 0.067592592592593
11 0.5609375 0.43472222222222 0.045833333333333 0.065740740740741
11 0.41536458333333 0.22824074074074 0.046354166666667 0.062037037037037
11 0.61145833333333 0.41759259259259 0.046875 0.061111111111111
11 0.31041666666667 0.18564814814815 0.04375 0.063888888888889
11 0.42239583333333 0.63796296296296 0.041666666666667 0.066666666666667
11 0.15052083333333 0.17962962962963 0.040625 0.062962962962963
11 0.33229166666667 0.19537037037037 0.042708333333333 0.057407407407407
11 0.47942708333333 0.37824074074074 0.043229166666667 0.05462962962963
11 0.11145833333333 0.15694444444444 0.0375 0.060185185185185
11 0.696875 0.67962962962963 0.04375 0.048148148148148
11 0.78645833333333 0.83240740740741 0.045833333333333 0.044444444444444
11 0.40546875 0.16203703703704 0.036979166666667 0.055555555555556
11 0.43489583333333 0.2537037037037 0.0375 0.051851851851852
11 0.33567708333333 0.33148148148148 0.028645833333333 0.07037037037037
11 0.36796875 0.23981481481481 0.044270833333333 0.044444444444444
11 0.44505208333333 0.32916666666667 0.038020833333333 0.050925925925926
11 0.43489583333333 0.14027777777778 0.035416666666667 0.05462962962963
11 0.503125 0.26759259259259 0.035416666666667 0.053703703703704
11 0.34114583333333 0.35509259259259 0.036458333333333 0.050925925925926
11 0.6578125 0.67685185185185 0.040625 0.046296296296296
11 0.26927083333333 0.31712962962963 0.034375 0.05462962962963
11 0.89973958333333 0.80925925925926 0.0390625 0.046296296296296
11 0.54166666666667 0.50601851851852 0.036458333333333 0.049074074074074
11 0.49635416666667 0.28703703703704 0.038541666666667 0.046296296296296
11 0.24375 0.21527777777778 0.034375 0.050925925925926
11 0.35026041666667 0.24351851851852 0.036979166666667 0.048148148148148
11 0.52473958333333 0.4912037037037 0.034895833333333 0.050925925925926
11 0.26614583333333 0.67175925925926 0.035416666666667 0.049074074074074
11 0.27005208333333 0.40555555555556 0.0328125 0.05
11 0.27734375 0.59027777777778 0.033854166666667 0.049074074074074
11 0.58645833333333 0.50231481481481 0.033333333333333 0.049074074074074
11 0.25651041666667 0.54212962962963 0.0328125 0.049074074074074
11 0.60572916666667 0.70787037037037 0.0375 0.043518518518519
11 0.034375 0.19074074074074 0.03125 0.05
11 0.46796875 0.13472222222222 0.031770833333333 0.049074074074074
11 0.62786458333333 0.86157407407407 0.034895833333333 0.043518518518519
11 0.10260416666667 0.4212962962963 0.03125 0.046296296296296
11 0.453125 0.68194444444444 0.03125 0.047222222222222
11 0.11953125 0.16990740740741 0.031770833333333 0.04537037037037
11 0.23307291666667 0.21111111111111 0.031770833333333 0.044444444444444
11 0.26276041666667 0.13287037037037 0.030729166666667 0.04537037037037
11 0.19869791666667 0.41435185185185 0.030729166666667 0.04537037037037
11 0.22421875 0.29027777777778 0.031770833333333 0.043518518518519
11 0.55208333333333 0.42638888888889 0.030208333333333 0.04537037037037
11 0.46171875 0.33472222222222 0.031770833333333 0.043518518518519
11 0.46875 0.044444444444444 0.029166666666667 0.046296296296296
11 0.68489583333333 0.60416666666667 0.033333333333333 0.039814814814815
11 0.073177083333333 0.20277777777778 0.0296875 0.044444444444444
11 0.16171875 0.39907407407407 0.0296875 0.044444444444444
11 0.58307291666667 0.60833333333333 0.031770833333333 0.040740740740741
11 0.02578125 0.10231481481481 0.0296875 0.043518518518519
11 0.30859375 0.30324074074074 0.0296875 0.043518518518519
11 0.65234375 0.58842592592593 0.030729166666667 0.041666666666667
11 0.42526041666667 0.22916666666667 0.0296875 0.043518518518519
11 0.22083333333333 0.67175925925926 0.029166666666667 0.043518518518519
11 0.51276041666667 0.25509259259259 0.028645833333333 0.043518518518519
11 0.08984375 0.50972222222222 0.028645833333333 0.043518518518519
11 0.22083333333333 0.17407407407407 0.029166666666667 0.042592592592593
11 0.5109375 0.29907407407407 0.029166666666667 0.042592592592593
11 0.054166666666667 0.1162037037037 0.028125 0.043518518518519
11 0.58828125 0.11388888888889 0.028645833333333 0.042592592592593
11 0.31875 0.38287037037037 0.029166666666667 0.041666666666667
11 0.38072916666667 0.2412037037037 0.029166666666667 0.041666666666667
11 0.3265625 0.4125 0.028125 0.043518518518519
11 0.33072916666667 0.31759259259259 0.029166666666667 0.040740740740741
11 0.23020833333333 0.57314814814815 0.028125 0.042592592592593
11 0.28697916666667 0.26342592592593 0.028125 0.041666666666667
11 0.37916666666667 0.33703703703704 0.029166666666667 0.040740740740741
11 0.21458333333333 0.11111111111111 0.028125 0.040740740740741
11 0.48567708333333 0.28055555555556 0.028645833333333 0.040740740740741
11 0.53541666666667 0.38935185185185 0.028125 0.041666666666667
11 0.25677083333333 0.46712962962963 0.028125 0.041666666666667
11 0.21744791666667 0.35 0.027604166666667 0.040740740740741
11 0.13125 0.12731481481481 0.028125 0.039814814814815
11 0.31458333333333 0.26805555555556 0.028125 0.039814814814815
11 0.15885416666667 0.36527777777778 0.027083333333333 0.041666666666667
11 0.36588541666667 0.46759259259259 0.0265625 0.040740740740741
11 0.60625 0.54907407407407 0.029166666666667 0.037037037037037
11 0.20989583333333 0.5087962962963 0.027083333333333 0.037962962962963
11 0.67291666666667 0.48518518518519 0.026041666666667 0.040740740740741
11 0.79817708333333 0.76944444444444 0.030729166666667 0.033333333333333
11 0.62213541666667 0.62731481481481 0.028645833333333 0.034259259259259
11 0.4078125 0.28611111111111 0.026041666666667 0.037037037037037
11 0.26276041666667 0.7625 0.025520833333333 0.039814814814815
11 0.54375 0.55740740740741 0.027083333333333 0.033333333333333
11 0.38776041666667 0.26481481481481 0.024479166666667 0.035185185185185
11 0.3765625 0.17592592592593 0.023958333333333 0.035185185185185
11 0.55963541666667 0.52592592592593 0.021354166666667 0.02962962962963
11 0.24635416666667 0.35925925925926 0.022916666666667 0.035185185185185
11 0.29609375 0.61296296296296 0.021354166666667 0.02962962962963
11 0.57994791666667 0.57546296296296 0.0234375 0.026851851851852