10 0.54947916666667 0.90509259259259 0.042708333333333 0.058333333333333
10 0.65364583333333 0.40555555555556 0.05625 0.083333333333333
10 0.5375 0.96574074074074 0.055208333333333 0.068518518518519
10 0.37838541666667 0.98518518518519 0.0359375 0.031481481481481
10 0.62161458333333 0.18564814814815 0.0578125 0.086111111111111
10 0.60260416666667 0.14212962962963 0.079166666666667 0.13981481481481
10 0.47213541666667 0.43148148148148 0.0578125 0.081481481481481
10 0.3359375 0.5712962962963 0.066666666666667 0.085185185185185
10 0.83411458333333 0.5587962962963 0.0546875 0.080555555555556
10 0.74010416666667 0.64444444444444 0.0375 0.057407407407407
10 0.21614583333333 0.82962962962963 0.082291666666667 0.1037037037037
10 0.4984375 0.57453703703704 0.082291666666667 0.13055555555556
10 0.59661458333333 0.26574074074074 0.0390625 0.059259259259259
10 0.30416666666667 0.71666666666667 0.046875 0.062962962962963
10 0.571875 0.36527777777778 0.017708333333333 0.026851851851852
10 0.75416666666667 0.4587962962963 0.077083333333333 0.125
10 0.48776041666667 0.16851851851852 0.0484375 0.07037037037037
10 0.33958333333333 0.95462962962963 0.073958333333333 0.088888888888889
10 0.37421875 0.66805555555556 0.0328125 0.043518518518519
10 0.70104166666667 0.78101851851852 0.040625 0.060185185185185
10 0.73229166666667 0.17037037037037 0.089583333333333 0.1462962962963
10 0.53385416666667 0.38101851851852 0.091666666666667 0.125
10 0.43723958333333 0.78518518518519 0.0578125 0.075925925925926
10 0.08046875 0.32685185185185 0.12447916666667 0.19259259259259
10 0.87005208333333 0.17546296296296 0.10052083333333 0.1712962962963
10 0.77265625 0.38657407407407 0.068229166666667 0.097222222222222
10 0.61197916666667 0.6662037037037 0.086458333333333 0.11759259259259
10 0.58697916666667 0.33055555555556 0.045833333333333 0.07037037037037
10 0.4265625 0.84953703703704 0.072916666666667 0.099074074074074
10 0.515625 0.55231481481481 0.059375 0.086111111111111
10 0.52682291666667 0.075925925925926 0.056770833333333 0.083333333333333
10 0.45546875 0.11574074074074 0.069270833333333 0.098148148148148
10 0.5578125 0.32083333333333 0.064583333333333 0.09537037037037
10 0.46875 0.61435185185185 0.094791666666667 0.14166666666667
10 0.29739583333333 0.77222222222222 0.041666666666667 0.059259259259259
10 0.57369791666667 0.052314814814815 0.0515625 0.076851851851852
10 0.30625 0.80509259259259 0.04375 0.062037037037037
10 0.39869791666667 0.95416666666667 0.0734375 0.089814814814815
10 0.35104166666667 0.94074074074074 0.039583333333333 0.05
10 0.46015625 0.9212962962963 0.0421875 0.055555555555556
10 0.65520833333333 0.23703703703704 0.040625 0.061111111111111
10 0.62135416666667 0.026388888888889 0.054166666666667 0.052777777777778
10 0.6546875 0.59305555555556 0.063541666666667 0.091666666666667
10 0.47395833333333 0.86342592592593 0.046875 0.067592592592593
10 0.38125 0.86666666666667 0.05625 0.085185185185185
10 0.47786458333333 0.71203703703704 0.1203125 0.16666666666667