11 0.42395833333333 0.25138888888889 0.05625 0.075
11 0.40390625 0.19166666666667 0.044270833333333 0.062962962962963
11 0.43255208333333 0.40277777777778 0.0453125 0.072222222222222
11 0.55572916666667 0.63981481481481 0.060416666666667 0.074074074074074
11 0.27057291666667 0.57083333333333 0.0609375 0.093518518518519
11 0.48177083333333 0.3912037037037 0.044791666666667 0.062037037037037
11 0.33385416666667 0.2212962962963 0.04375 0.061111111111111
11 0.5578125 0.51898148148148 0.045833333333333 0.05462962962963
11 0.11927083333333 0.19583333333333 0.042708333333333 0.058333333333333
11 0.61979166666667 0.42268518518519 0.042708333333333 0.060185185185185
11 0.24036458333333 0.23240740740741 0.041145833333333 0.053703703703704
11 0.146875 0.23796296296296 0.040625 0.057407407407407
11 0.38255208333333 0.26574074074074 0.038020833333333 0.057407407407407
11 0.34348958333333 0.37222222222222 0.040104166666667 0.059259259259259
11 0.43177083333333 0.62916666666667 0.039583333333333 0.062037037037037
11 0.265625 0.15787037037037 0.039583333333333 0.050925925925926
11 0.43567708333333 0.26805555555556 0.0359375 0.056481481481481
11 0.69401041666667 0.59537037037037 0.040104166666667 0.053703703703704
11 0.5796875 0.43935185185185 0.035416666666667 0.060185185185185
11 0.70234375 0.6712962962963 0.041145833333333 0.05
11 0.33177083333333 0.41944444444444 0.034375 0.05
11 0.59270833333333 0.51018518518519 0.036458333333333 0.048148148148148
11 0.91432291666667 0.79398148148148 0.043229166666667 0.04537037037037
11 0.30807291666667 0.20694444444444 0.033854166666667 0.050925925925926
11 0.43203125 0.15694444444444 0.0359375 0.05462962962963
11 0.27864583333333 0.41666666666667 0.033333333333333 0.05
11 0.59401041666667 0.59722222222222 0.034895833333333 0.048148148148148
11 0.66328125 0.66574074074074 0.036979166666667 0.046296296296296
11 0.45598958333333 0.35 0.033854166666667 0.048148148148148
11 0.23125 0.30925925925926 0.033333333333333 0.05
11 0.35052083333333 0.26574074074074 0.034375 0.046296296296296
11 0.221875 0.52314814814815 0.033333333333333 0.048148148148148
11 0.27994791666667 0.59259259259259 0.031770833333333 0.048148148148148
11 0.10234375 0.53981481481481 0.031770833333333 0.048148148148148
11 0.52447916666667 0.5 0.033333333333333 0.046296296296296
11 0.11822916666667 0.45555555555556 0.03125 0.046296296296296
11 0.21432291666667 0.43148148148148 0.031770833333333 0.046296296296296
11 0.321875 0.33009259259259 0.032291666666667 0.04537037037037
11 0.033854166666667 0.16018518518519 0.032291666666667 0.044444444444444
11 0.28307291666667 0.68009259259259 0.030729166666667 0.047222222222222
11 0.17291666666667 0.43101851851852 0.030208333333333 0.047222222222222
11 0.53515625 0.4 0.030729166666667 0.046296296296296
11 0.2328125 0.66759259259259 0.029166666666667 0.048148148148148
11 0.22526041666667 0.19259259259259 0.031770833333333 0.044444444444444
11 0.46640625 0.68472222222222 0.0296875 0.047222222222222
11 0.68151041666667 0.48657407407407 0.0296875 0.043518518518519
11 0.64713541666667 0.85416666666667 0.0328125 0.041666666666667
11 0.63177083333333 0.61851851851852 0.032291666666667 0.040740740740741
11 0.27161458333333 0.47916666666667 0.0296875 0.043518518518519
11 0.23489583333333 0.3712962962963 0.03125 0.044444444444444
11 0.66484375 0.58796296296296 0.030729166666667 0.040740740740741
11 0.44557291666667 0.34166666666667 0.0296875 0.040740740740741
11 0.061979166666667 0.16018518518519 0.028125 0.042592592592593
11 0.31614583333333 0.31805555555556 0.029166666666667 0.043518518518519
11 0.38255208333333 0.3537037037037 0.0296875 0.042592592592593
11 0.27708333333333 0.77453703703704 0.027083333333333 0.043518518518519
11 0.47005208333333 0.069907407407407 0.027604166666667 0.041666666666667
11 0.2140625 0.13148148148148 0.028125 0.042592592592593
11 0.13229166666667 0.16296296296296 0.029166666666667 0.040740740740741
11 0.03828125 0.23240740740741 0.027604166666667 0.042592592592593
11 0.16744791666667 0.39305555555556 0.027604166666667 0.041666666666667
11 0.27239583333333 0.35138888888889 0.028125 0.039814814814815
11 0.31796875 0.39675925925926 0.028645833333333 0.039814814814815
11 0.40859375 0.25185185185185 0.028645833333333 0.038888888888889
11 0.80052083333333 0.82083333333333 0.033333333333333 0.034259259259259
11 0.6125 0.69953703703704 0.029166666666667 0.037962962962963
11 0.16119791666667 0.19583333333333 0.027604166666667 0.039814814814815
11 0.58541666666667 0.12037037037037 0.026041666666667 0.040740740740741
11 0.47890625 0.30046296296296 0.0265625 0.039814814814815
11 0.27395833333333 0.32453703703704 0.027083333333333 0.039814814814815
11 0.30885416666667 0.61712962962963 0.027083333333333 0.039814814814815
11 0.80703125 0.74953703703704 0.031770833333333 0.032407407407407
11 0.078125 0.24398148148148 0.026041666666667 0.039814814814815
11 0.3734375 0.48101851851852 0.026041666666667 0.037962962962963
11 0.61614583333333 0.55092592592593 0.028125 0.035185185185185
11 0.55520833333333 0.43518518518519 0.026041666666667 0.038888888888889
11 0.4640625 0.15694444444444 0.026041666666667 0.037962962962963
11 0.51145833333333 0.27638888888889 0.026041666666667 0.036111111111111
11 0.28776041666667 0.29027777777778 0.025520833333333 0.036111111111111
11 0.5078125 0.31805555555556 0.025 0.036111111111111
11 0.31145833333333 0.28935185185185 0.023958333333333 0.034259259259259
11 0.37708333333333 0.19768518518519 0.021875 0.030555555555556
11 0.4109375 0.30462962962963 0.023958333333333 0.033333333333333
11 0.36614583333333 0.24398148148148 0.023958333333333 0.032407407407407