10 0.721484375 0.15486111111111 0.16328125 0.22083333333333
10 0.878125 0.34444444444444 0.1078125 0.13333333333333
10 0.51328125 0.34861111111111 0.084375 0.10277777777778
10 0.2140625 0.24652777777778 0.0828125 0.10694444444444
10 0.9640625 0.75555555555556 0.0734375 0.14444444444444
10 0.6125 0.14652777777778 0.0796875 0.10138888888889
10 0.400390625 0.36805555555556 0.14453125 0.15555555555556
10 0.217578125 0.95347222222222 0.06796875 0.084722222222222
10 0.37890625 0.17569444444444 0.0765625 0.10138888888889
10 0.574609375 0.975 0.04921875 0.044444444444444
10 0.351171875 0.69930555555556 0.07265625 0.090277777777778
10 0.484375 0.72222222222222 0.0578125 0.075
10 0.9546875 0.21041666666667 0.0859375 0.10694444444444
10 0.665234375 0.30069444444444 0.07265625 0.090277777777778
10 0.6421875 0.93055555555556 0.140625 0.13888888888889
10 0.087109375 0.088194444444444 0.17265625 0.17638888888889
10 0.6671875 0.50694444444444 0.0765625 0.083333333333333
10 0.474609375 0.22708333333333 0.09921875 0.11527777777778
10 0.827734375 0.86875 0.09296875 0.1125
10 0.777734375 0.28958333333333 0.13984375 0.15416666666667
10 0.46953125 0.82638888888889 0.0515625 0.066666666666667
10 0.44765625 0.33819444444444 0.0890625 0.10972222222222
10 0.424609375 0.96388888888889 0.05234375 0.061111111111111
10 0.919921875 0.42708333333333 0.07890625 0.098611111111111
10 0.691796875 0.084722222222222 0.11953125 0.14166666666667
10 0.54921875 0.6125 0.0734375 0.088888888888889
10 0.209765625 0.13541666666667 0.08671875 0.10972222222222
10 0.70703125 0.66944444444444 0.0578125 0.069444444444444
10 0.90078125 0.65277777777778 0.1984375 0.28333333333333
10 0.7453125 0.40069444444444 0.0671875 0.084722222222222
10 0.50078125 0.73611111111111 0.0859375 0.10555555555556
10 0.114453125 0.023611111111111 0.07578125 0.047222222222222
10 0.027734375 0.042361111111111 0.05546875 0.084722222222222
10 0.3546875 0.13263888888889 0.1390625 0.18472222222222
10 0.865625 0.50902777777778 0.065625 0.081944444444444
10 0.572265625 0.91805555555556 0.05703125 0.069444444444444
10 0.4140625 0.60069444444444 0.0921875 0.11527777777778
10 0.2890625 0.88541666666667 0.090625 0.11805555555556
10 0.49765625 0.048611111111111 0.0828125 0.097222222222222
10 0.7109375 0.20208333333333 0.103125 0.11805555555556
10 0.571484375 0.78680555555556 0.05703125 0.070833333333333
10 0.58671875 0.048611111111111 0.103125 0.097222222222222
10 0.605859375 0.39722222222222 0.06484375 0.075
10 0.351953125 0.43611111111111 0.08515625 0.10555555555556
10 0.8375 0.77013888888889 0.053125 0.073611111111111
10 0.477734375 0.44166666666667 0.08046875 0.097222222222222
10 0.18046875 0.68541666666667 0.0640625 0.081944444444444