10 0.44947916666667 0.81481481481481 0.028125 0.046296296296296
10 0.65859375 0.6462962962963 0.0234375 0.033333333333333
10 0.89270833333333 0.72361111111111 0.01875 0.028703703703704
10 0.834375 0.98657407407407 0.028125 0.026851851851852
10 0.79635416666667 0.85462962962963 0.019791666666667 0.02962962962963
10 0.66171875 0.91990740740741 0.024479166666667 0.037962962962963
10 0.80182291666667 0.86527777777778 0.024479166666667 0.047222222222222
10 0.56197916666667 0.62824074074074 0.023958333333333 0.032407407407407
10 0.36796875 0.71851851851852 0.0234375 0.033333333333333
10 0.49583333333333 0.73472222222222 0.01875 0.025
10 0.66588541666667 0.74675925925926 0.022395833333333 0.030555555555556
10 0.38723958333333 0.70277777777778 0.019270833333333 0.027777777777778
10 0.13411458333333 0.77685185185185 0.019270833333333 0.027777777777778
10 0.074739583333333 0.29537037037037 0.0328125 0.051851851851852
10 0.36223958333333 0.32592592592593 0.019270833333333 0.027777777777778
10 0.70859375 0.55092592592593 0.018229166666667 0.025925925925926
10 0.678125 0.93194444444444 0.023958333333333 0.037962962962963
10 0.96276041666667 0.80231481481481 0.0171875 0.025
10 0.484375 0.95694444444444 0.028125 0.037962962962963
10 0.80911458333333 0.87962962962963 0.0203125 0.02962962962963
10 0.68411458333333 0.94027777777778 0.019270833333333 0.028703703703704
10 0.55052083333333 0.59953703703704 0.019791666666667 0.026851851851852
10 0.46223958333333 0.9787037037037 0.019270833333333 0.024074074074074
10 0.77083333333333 0.65601851851852 0.019791666666667 0.028703703703704
10 0.83411458333333 0.79212962962963 0.019270833333333 0.028703703703704
10 0.23307291666667 0.69351851851852 0.028645833333333 0.040740740740741
10 0.76536458333333 0.3875 0.024479166666667 0.037962962962963
10 0.37630208333333 0.71388888888889 0.028645833333333 0.040740740740741
10 0.56953125 0.9837962962963 0.021354166666667 0.025
10 0.73020833333333 0.69305555555556 0.019791666666667 0.028703703703704
10 0.81484375 0.22592592592593 0.021354166666667 0.02962962962963
10 0.95859375 0.61111111111111 0.0203125 0.02962962962963
10 0.76458333333333 0.97268518518519 0.017708333333333 0.025
10 0.51979166666667 0.7037037037037 0.01875 0.025925925925926
10 0.98932291666667 0.66388888888889 0.019270833333333 0.035185185185185
10 0.90833333333333 0.97314814814815 0.021875 0.031481481481481
10 0.47916666666667 0.57175925925926 0.01875 0.026851851851852
10 0.534375 0.30509259259259 0.020833333333333 0.030555555555556
10 0.15416666666667 0.80740740740741 0.076041666666667 0.10925925925926