11 0.155078125 0.85 0.20703125 0.22777777777778
11 0.281640625 0.11041666666667 0.11015625 0.11805555555556
11 0.911328125 0.97361111111111 0.09296875 0.052777777777778
11 0.062109375 0.13958333333333 0.12421875 0.19861111111111
11 0.33671875 0.41180555555556 0.0953125 0.10138888888889
11 0.91640625 0.12013888888889 0.146875 0.17361111111111
11 0.61953125 0.78194444444444 0.1296875 0.15833333333333
11 0.952734375 0.78611111111111 0.08046875 0.1
11 0.31640625 0.30138888888889 0.1625 0.16111111111111
11 0.76796875 0.16875 0.175 0.20138888888889
11 0.966796875 0.54097222222222 0.06640625 0.14305555555556
11 0.56953125 0.73680555555556 0.0765625 0.090277777777778
11 0.53359375 0.048611111111111 0.11875 0.097222222222222
11 0.355859375 0.93333333333333 0.13984375 0.13055555555556
11 0.441015625 0.65902777777778 0.15859375 0.1625
11 0.70703125 0.34305555555556 0.0828125 0.097222222222222
11 0.663671875 0.084722222222222 0.10703125 0.13333333333333
11 0.550390625 0.5875 0.08203125 0.094444444444444
11 0.0203125 0.78472222222222 0.040625 0.097222222222222
11 0.47890625 0.34097222222222 0.18125 0.22916666666667
11 0.67265625 0.42847222222222 0.1265625 0.14861111111111
11 0.2953125 0.66805555555556 0.0765625 0.088888888888889
11 0.21484375 0.11597222222222 0.1078125 0.12916666666667
11 0.828125 0.83888888888889 0.1421875 0.16666666666667
11 0.86328125 0.51875 0.0609375 0.079166666666667
11 0.637109375 0.29930555555556 0.10390625 0.11805555555556
11 0.6859375 0.87569444444444 0.165625 0.19583333333333
11 0.775390625 0.72638888888889 0.10078125 0.11388888888889
11 0.5015625 0.94375 0.096875 0.10138888888889
11 0.933203125 0.91736111111111 0.08984375 0.10416666666667