11 0.81015625 0.54652777777778 0.06875 0.073611111111111
11 0.699609375 0.60486111111111 0.03984375 0.045833333333333
11 0.856640625 0.59861111111111 0.03828125 0.047222222222222
11 0.675 0.20694444444444 0.0484375 0.066666666666667
11 0.81171875 0.63333333333333 0.0390625 0.044444444444444
11 0.71171875 0.65138888888889 0.05 0.055555555555556
11 0.65703125 0.68888888888889 0.0375 0.05
11 0.352734375 0.47361111111111 0.28671875 0.56944444444444
11 0.825 0.22986111111111 0.2796875 0.45972222222222
11 0.5671875 0.26597222222222 0.034375 0.054166666666667
11 0.75625 0.30138888888889 0.0390625 0.055555555555556
11 0.682421875 0.30625 0.05078125 0.068055555555556
11 0.637890625 0.54166666666667 0.05390625 0.069444444444444
11 0.608203125 0.2 0.05078125 0.063888888888889
11 0.680859375 0.57083333333333 0.05234375 0.063888888888889
11 0.5953125 0.43263888888889 0.046875 0.0625
11 0.62109375 0.51527777777778 0.0359375 0.047222222222222
11 0.75078125 0.70902777777778 0.0796875 0.076388888888889
11 0.81953125 0.46458333333333 0.0359375 0.045833333333333
11 0.826953125 0.25833333333333 0.31484375 0.51666666666667
11 0.75 0.70902777777778 0.0796875 0.084722222222222
11 0.348828125 0.41388888888889 0.28984375 0.46111111111111
11 0.816015625 0.54652777777778 0.06015625 0.073611111111111
11 0.6375 0.54236111111111 0.0515625 0.073611111111111
11 0.7953125 0.54236111111111 0.053125 0.068055555555556
11 0.608203125 0.2 0.04921875 0.069444444444444
11 0.759765625 0.62013888888889 0.05078125 0.068055555555556
11 0.71171875 0.65069444444444 0.05 0.059722222222222
11 0.675 0.20694444444444 0.0453125 0.069444444444444
11 0.683984375 0.30486111111111 0.04453125 0.065277777777778
11 0.747265625 0.54097222222222 0.04453125 0.0625
11 0.59375 0.43680555555556 0.040625 0.059722222222222
11 0.772265625 0.70902777777778 0.04140625 0.056944444444444
11 0.679296875 0.56944444444444 0.04765625 0.061111111111111
11 0.57265625 0.39444444444444 0.0390625 0.058333333333333
11 0.75625 0.30069444444444 0.0359375 0.059722222222222
11 0.657421875 0.68888888888889 0.03671875 0.052777777777778
11 0.620703125 0.51527777777778 0.03828125 0.052777777777778
11 0.643359375 0.33888888888889 0.05078125 0.077777777777778
11 0.7 0.60486111111111 0.0390625 0.048611111111111
11 0.81953125 0.46388888888889 0.0359375 0.052777777777778
11 0.81171875 0.63472222222222 0.0375 0.05
11 0.567578125 0.26527777777778 0.03359375 0.055555555555556
11 0.779296875 0.6 0.05078125 0.075
11 0.85625 0.59930555555556 0.0359375 0.051388888888889
11 0.756640625 0.43541666666667 0.03515625 0.048611111111111
11 0.27421875 0.24791666666667 0.0328125 0.051388888888889
11 0.946875 0.54305555555556 0.034375 0.047222222222222
11 0.619140625 0.29861111111111 0.03203125 0.047222222222222
11 0.66875 0.51041666666667 0.0328125 0.045833333333333
11 0.706640625 0.57013888888889 0.03359375 0.043055555555556
11 0.708984375 0.34166666666667 0.03203125 0.044444444444444
11 0.68125 0.72291666666667 0.0328125 0.043055555555556
11 0.68125 0.81180555555556 0.0296875 0.040277777777778
11 0.571875 0.35625 0.0296875 0.045833333333333
11 0.39140625 0.23125 0.021875 0.031944444444444