11 0.3078125 0.53935185185185 0.040625 0.056481481481481
11 0.525 0.69722222222222 0.03125 0.048148148148148
11 0.070833333333333 0.18888888888889 0.028125 0.044444444444444
11 0.71119791666667 0.47731481481481 0.024479166666667 0.037962962962963
11 0.83697916666667 0.90231481481481 0.025 0.036111111111111
11 0.39739583333333 0.66712962962963 0.023958333333333 0.034259259259259
11 0.077864583333333 0.67361111111111 0.024479166666667 0.032407407407407
11 0.75885416666667 0.90277777777778 0.022916666666667 0.033333333333333
11 0.62942708333333 0.40092592592593 0.021354166666667 0.035185185185185
11 0.88697916666667 0.64953703703704 0.021875 0.032407407407407
11 0.6578125 0.92731481481481 0.021875 0.030555555555556
11 0.87057291666667 0.77685185185185 0.021354166666667 0.02962962962963
11 0.80677083333333 0.28472222222222 0.019791666666667 0.030555555555556
11 0.99010416666667 0.48055555555556 0.019791666666667 0.02962962962963
11 0.78307291666667 0.54027777777778 0.0203125 0.028703703703704
11 0.54166666666667 0.90231481481481 0.019791666666667 0.028703703703704
11 0.57161458333333 0.6162037037037 0.019270833333333 0.028703703703704
11 0.85989583333333 0.98842592592593 0.020833333333333 0.025
11 0.94114583333333 0.77407407407407 0.01875 0.027777777777778
11 0.48046875 0.30601851851852 0.018229166666667 0.026851851851852
11 0.5953125 0.75833333333333 0.01875 0.025925925925926
11 0.23203125 0.77361111111111 0.019270833333333 0.025
11 0.97734375 0.51111111111111 0.018229166666667 0.025925925925926
11 0.49791666666667 0.61481481481481 0.017708333333333 0.025925925925926
11 0.76796875 0.63472222222222 0.018229166666667 0.025
11 0.68046875 0.92083333333333 0.018229166666667 0.025
11 0.30078125 0.61435185185185 0.0171875 0.025
11 0.76822916666667 0.82361111111111 0.017708333333333 0.025
11 0.62942708333333 0.59953703703704 0.0171875 0.025
11 0.81979166666667 0.65092592592593 0.017708333333333 0.024074074074074
11 0.5828125 0.72638888888889 0.016666666666667 0.025
11 0.77994791666667 0.24490740740741 0.016145833333333 0.023148148148148
11 0.84973958333333 0.92361111111111 0.016145833333333 0.023148148148148
11 0.55026041666667 0.47962962962963 0.016145833333333 0.022222222222222
11 0.93098958333333 0.58842592592593 0.015104166666667 0.023148148148148
11 0.68307291666667 0.73194444444444 0.015104166666667 0.023148148148148
11 0.83880208333333 0.64027777777778 0.016145833333333 0.021296296296296
11 0.86432291666667 0.56851851851852 0.015104166666667 0.022222222222222
11 0.65546875 0.83518518518519 0.015104166666667 0.022222222222222
11 0.69166666666667 0.55694444444444 0.014583333333333 0.019444444444444
11 0.80625 0.72037037037037 0.014583333333333 0.02037037037037
11 0.56614583333333 0.65694444444444 0.014583333333333 0.019444444444444
11 0.81302083333333 0.85092592592593 0.013541666666667 0.02037037037037
11 0.72630208333333 0.2875 0.0140625 0.019444444444444
11 0.72447916666667 0.76342592592593 0.013541666666667 0.019444444444444
11 0.99401041666667 0.56203703703704 0.0109375 0.024074074074074
11 0.44609375 0.81712962962963 0.0140625 0.017592592592593
11 0.98932291666667 0.65555555555556 0.013020833333333 0.018518518518519
11 0.32864583333333 0.95138888888889 0.013541666666667 0.017592592592593
11 0.5296875 0.99259259259259 0.015625 0.014814814814815
11 0.54036458333333 0.6587962962963 0.013020833333333 0.017592592592593
11 0.62760416666667 0.78657407407407 0.0125 0.017592592592593
11 0.68854166666667 0.78009259259259 0.0125 0.017592592592593
11 0.6703125 0.71990740740741 0.0125 0.017592592592593
11 0.60572916666667 0.73009259259259 0.0125 0.017592592592593
11 0.76223958333333 0.78472222222222 0.011979166666667 0.017592592592593
11 0.61744791666667 0.74583333333333 0.011979166666667 0.017592592592593
11 0.48958333333333 0.73703703703704 0.0125 0.016666666666667
11 0.39427083333333 0.87962962962963 0.0125 0.016666666666667
11 0.58854166666667 0.82222222222222 0.0125 0.016666666666667
11 0.71744791666667 0.63796296296296 0.011979166666667 0.016666666666667
11 0.66119791666667 0.50185185185185 0.011979166666667 0.016666666666667
11 0.58020833333333 0.77638888888889 0.0125 0.015740740740741
11 0.50364583333333 0.75277777777778 0.0125 0.014814814814815
11 0.69427083333333 0.5337962962963 0.011458333333333 0.015740740740741
11 0.68203125 0.66296296296296 0.0109375 0.016666666666667
11 0.36223958333333 0.89907407407407 0.011979166666667 0.014814814814815
11 0.47838541666667 0.66574074074074 0.011979166666667 0.014814814814815
11 0.58932291666667 0.80324074074074 0.0109375 0.015740740740741
11 0.50625 0.84351851851852 0.011458333333333 0.014814814814815
11 0.47265625 0.85509259259259 0.011979166666667 0.013888888888889
11 0.66822916666667 0.69212962962963 0.010416666666667 0.015740740740741
11 0.6484375 0.53425925925926 0.010416666666667 0.014814814814815
11 0.61901041666667 0.56666666666667 0.0098958333333333 0.014814814814815
11 0.66145833333333 0.57453703703704 0.010416666666667 0.013888888888889
11 0.51171875 0.65601851851852 0.0098958333333333 0.013888888888889
11 0.71536458333333 0.5912037037037 0.0098958333333333 0.013888888888889
11 0.68671875 0.60509259259259 0.0098958333333333 0.013888888888889
11 0.71458333333333 0.52638888888889 0.009375 0.013888888888889
11 0.5890625 0.53703703703704 0.0083333333333333 0.012962962962963