10 0.657421875 0.72013888888889 0.03203125 0.043055555555556
10 0.61796875 0.52152777777778 0.03125 0.043055555555556
10 0.523828125 0.73055555555556 0.03984375 0.05
10 0.72890625 0.71180555555556 0.0375 0.048611111111111
10 0.61171875 0.60972222222222 0.034375 0.047222222222222
10 0.782421875 0.74236111111111 0.05078125 0.065277777777778
10 0.687109375 0.98541666666667 0.03046875 0.029166666666667
10 0.7046875 0.68194444444444 0.0359375 0.047222222222222
10 0.494140625 0.86527777777778 0.04296875 0.055555555555556
10 0.633203125 0.73055555555556 0.03359375 0.044444444444444
10 0.7671875 0.75694444444444 0.05 0.072222222222222
10 0.7859375 0.46458333333333 0.040625 0.051388888888889
10 0.618359375 0.75694444444444 0.05234375 0.066666666666667
10 0.82890625 0.85555555555556 0.03125 0.041666666666667
10 0.79296875 0.57638888888889 0.0390625 0.055555555555556
10 0.631640625 0.90972222222222 0.04609375 0.063888888888889
10 0.69296875 0.87222222222222 0.0328125 0.044444444444444
10 0.62578125 0.66111111111111 0.0390625 0.055555555555556
10 0.716015625 0.69444444444444 0.04609375 0.066666666666667
10 0.691796875 0.77013888888889 0.06953125 0.093055555555556
10 0.47109375 0.6625 0.0359375 0.044444444444444
10 0.657421875 0.67777777777778 0.03359375 0.047222222222222
10 0.4890625 0.73055555555556 0.034375 0.05
10 0.5546875 0.65 0.0390625 0.05
10 0.630078125 0.79930555555556 0.04140625 0.054166666666667
10 0.65234375 0.6 0.05 0.061111111111111
10 0.708984375 0.91875 0.07734375 0.11527777777778
10 0.765625 0.8 0.040625 0.05