11 0.42890625 0.62083333333333 0.15 0.225
11 0.63046875 0.13819444444444 0.096875 0.11527777777778
10 0.7046875 0.52083333333333 0.078125 0.12222222222222
11 0.16953125 0.36944444444444 0.0875 0.11111111111111
10 0.248828125 0.67638888888889 0.11484375 0.13888888888889
11 0.604296875 0.76041666666667 0.11640625 0.11527777777778
11 0.0953125 0.59861111111111 0.05625 0.077777777777778
11 0.64453125 0.425 0.071875 0.094444444444444
11 0.886328125 0.58472222222222 0.08203125 0.086111111111111
11 0.310546875 0.45486111111111 0.11328125 0.21527777777778
11 0.939453125 0.67569444444444 0.09453125 0.095833333333333