10 0.648046875 0.64375 0.05859375 0.065277777777778
10 0.777734375 0.69097222222222 0.04296875 0.051388888888889
10 0.61015625 0.71736111111111 0.05625 0.0625
10 0.54921875 0.70347222222222 0.0421875 0.051388888888889
10 0.578515625 0.49513888888889 0.04140625 0.051388888888889
10 0.801171875 0.56388888888889 0.04296875 0.05
10 0.603515625 0.97708333333333 0.04296875 0.043055555555556
10 0.463671875 0.68402777777778 0.04296875 0.054166666666667
10 0.65234375 0.96319444444444 0.0453125 0.051388888888889
10 0.53984375 0.46041666666667 0.04375 0.051388888888889
10 0.67890625 0.83680555555556 0.0609375 0.068055555555556
10 0.648828125 0.59027777777778 0.06484375 0.066666666666667
10 0.597265625 0.72777777777778 0.04140625 0.05
10 0.80390625 0.68333333333333 0.04375 0.052777777777778
10 0.394140625 0.44791666666667 0.03515625 0.048611111111111
10 0.66640625 0.98333333333333 0.0390625 0.033333333333333
10 0.819140625 0.77291666666667 0.04921875 0.056944444444444
10 0.434375 0.50277777777778 0.0546875 0.055555555555556
10 0.677734375 0.62777777777778 0.03984375 0.05
10 0.52109375 0.65902777777778 0.0453125 0.054166666666667
10 0.69609375 0.96041666666667 0.04375 0.051388888888889
10 0.819921875 0.43125 0.03515625 0.040277777777778
10 0.6484375 0.70347222222222 0.040625 0.045833333333333
10 0.584375 0.66111111111111 0.0453125 0.052777777777778
10 0.69921875 0.88680555555556 0.065625 0.068055555555556
10 0.650390625 0.74097222222222 0.03671875 0.043055555555556
10 0.739453125 0.68402777777778 0.04296875 0.051388888888889
10 0.627734375 0.69513888888889 0.04609375 0.051388888888889
10 0.744921875 0.73194444444444 0.03984375 0.05
10 0.69609375 0.77847222222222 0.0375 0.043055555555556
10 0.624609375 0.66319444444444 0.03203125 0.0375
10 0.392578125 0.52847222222222 0.04296875 0.054166666666667
10 0.5328125 0.58125 0.0390625 0.048611111111111
10 0.790625 0.73125 0.0421875 0.048611111111111