10 0.665625 0.27638888888889 0.2109375 0.26944444444444
10 0.752734375 0.53333333333333 0.16328125 0.17222222222222
10 0.726171875 0.33541666666667 0.13046875 0.18472222222222
10 0.74296875 0.83263888888889 0.1140625 0.14305555555556
10 0.199609375 0.088194444444444 0.11015625 0.17638888888889
10 0.65078125 0.46458333333333 0.096875 0.12638888888889
10 0.730078125 0.65833333333333 0.10234375 0.125
10 0.501953125 0.11666666666667 0.09296875 0.11944444444444
10 0.35703125 0.21597222222222 0.065625 0.093055555555556
10 0.586328125 0.29791666666667 0.06328125 0.090277777777778
10 0.22421875 0.57638888888889 0.06875 0.10277777777778
10 0.41796875 0.29722222222222 0.065625 0.094444444444444
10 0.298828125 0.23333333333333 0.06171875 0.088888888888889
10 0.182421875 0.13263888888889 0.05546875 0.090277777777778
10 0.61484375 0.80625 0.0578125 0.081944444444444
10 0.71875 0.88680555555556 0.0640625 0.073611111111111
10 0.796484375 0.043055555555556 0.05546875 0.086111111111111
10 0.545703125 0.32430555555556 0.05546875 0.081944444444444
10 0.8890625 0.40138888888889 0.053125 0.083333333333333
10 0.58359375 0.15 0.0546875 0.080555555555556
10 0.775 0.9625 0.0625 0.069444444444444
10 0.705859375 0.68263888888889 0.05078125 0.068055555555556
10 0.64375 0.72777777777778 0.0484375 0.063888888888889
10 0.7515625 0.22708333333333 0.0515625 0.081944444444444
10 0.862890625 0.35 0.05078125 0.080555555555556
10 0.36875 0.020138888888889 0.059375 0.040277777777778