10 0.41484375 0.15138888888889 0.040625 0.061111111111111
10 0.64609375 0.070138888888889 0.0640625 0.0875
10 0.626171875 0.57569444444444 0.05546875 0.076388888888889
10 0.780859375 0.54236111111111 0.04453125 0.068055555555556
10 0.953515625 0.73263888888889 0.06171875 0.079166666666667
10 0.409375 0.66805555555556 0.0390625 0.052777777777778
10 0.629296875 0.54375 0.04609375 0.065277777777778
10 0.405859375 0.44930555555556 0.08359375 0.11527777777778
10 0.650390625 0.77152777777778 0.04296875 0.059722222222222
10 0.97421875 0.61875 0.05 0.079166666666667
10 0.356640625 0.62847222222222 0.03828125 0.054166666666667
10 0.755859375 0.72222222222222 0.04140625 0.055555555555556
10 0.171484375 0.40416666666667 0.04453125 0.069444444444444
10 0.459765625 0.22569444444444 0.04296875 0.0625
10 0.207421875 0.22430555555556 0.03828125 0.054166666666667
10 0.20546875 0.78333333333333 0.0671875 0.080555555555556
10 0.79921875 0.43402777777778 0.0578125 0.095833333333333
10 0.707421875 0.97569444444444 0.06796875 0.051388888888889
10 0.863671875 0.17777777777778 0.04609375 0.069444444444444
10 0.1140625 0.84930555555556 0.0359375 0.045833333333333
10 0.549609375 0.30277777777778 0.06484375 0.097222222222222
10 0.52734375 0.61180555555556 0.0453125 0.056944444444444
10 0.7140625 0.79166666666667 0.0421875 0.058333333333333
10 0.68359375 0.18472222222222 0.0421875 0.058333333333333
10 0.475 0.38125 0.053125 0.076388888888889
10 0.67421875 0.80416666666667 0.0453125 0.061111111111111
10 0.3125 0.79583333333333 0.0390625 0.052777777777778
10 0.598046875 0.78055555555556 0.05703125 0.069444444444444
10 0.5765625 0.63888888888889 0.06875 0.080555555555556
10 0.369921875 0.84861111111111 0.03828125 0.05
10 0.17578125 0.27152777777778 0.0609375 0.079166666666667
10 0.026953125 0.82847222222222 0.05078125 0.070833333333333
10 0.59453125 0.73333333333333 0.0734375 0.083333333333333
10 0.291015625 0.88888888888889 0.03828125 0.047222222222222
10 0.73125 0.084027777777778 0.04375 0.059722222222222
10 0.119921875 0.61041666666667 0.03828125 0.051388888888889
10 0.951171875 0.57847222222222 0.05390625 0.076388888888889
10 0.417578125 0.62222222222222 0.04453125 0.058333333333333
10 0.38203125 0.62013888888889 0.0359375 0.048611111111111
10 0.858984375 0.71458333333333 0.05078125 0.073611111111111
10 0.390234375 0.79444444444444 0.05234375 0.072222222222222
10 0.55390625 0.65 0.0671875 0.080555555555556
10 0.560546875 0.81875 0.07890625 0.093055555555556
10 0.621875 0.69861111111111 0.0375 0.05
10 0.87421875 0.20972222222222 0.06875 0.094444444444444
10 0.46484375 0.97430555555556 0.0484375 0.051388888888889
10 0.832421875 0.70208333333333 0.04609375 0.065277777777778
10 0.483203125 0.6625 0.06328125 0.075
10 0.276953125 0.56388888888889 0.04140625 0.058333333333333
10 0.5 0.54444444444444 0.046875 0.055555555555556
10 0.576171875 0.62083333333333 0.04296875 0.058333333333333
10 0.620703125 0.086805555555556 0.05390625 0.070833333333333
10 0.840625 0.73333333333333 0.04375 0.058333333333333
10 0.109375 0.96111111111111 0.04375 0.058333333333333
10 0.514453125 0.87708333333333 0.03671875 0.051388888888889
10 0.0765625 0.85555555555556 0.046875 0.058333333333333
10 0.571484375 0.031944444444444 0.07890625 0.063888888888889
10 0.891015625 0.77361111111111 0.07109375 0.086111111111111
10 0.28203125 0.35069444444444 0.04375 0.059722222222222
10 0.960546875 0.81041666666667 0.04765625 0.065277777777778
10 0.710546875 0.73472222222222 0.04921875 0.066666666666667
10 0.527734375 0.52708333333333 0.04453125 0.059722222222222
10 0.59765625 0.65277777777778 0.05 0.069444444444444
10 0.721875 0.19444444444444 0.05 0.069444444444444
10 0.93984375 0.50763888888889 0.05625 0.070833333333333
10 0.014453125 0.67222222222222 0.02890625 0.061111111111111
10 0.6515625 0.85694444444444 0.0453125 0.055555555555556
10 0.37421875 0.40763888888889 0.0421875 0.056944444444444
10 0.6375 0.65902777777778 0.046875 0.059722222222222
10 0.85234375 0.34513888888889 0.053125 0.081944444444444
10 0.75078125 0.53402777777778 0.0484375 0.068055555555556
10 0.387890625 0.95833333333333 0.04453125 0.058333333333333
10 0.50859375 0.45208333333333 0.0515625 0.0625
10 0.5625 0.55555555555556 0.0421875 0.058333333333333
10 0.65 0.91597222222222 0.1078125 0.14305555555556
10 0.709375 0.43680555555556 0.059375 0.084722222222222
10 0.578125 0.88611111111111 0.0390625 0.055555555555556
10 0.393359375 0.91666666666667 0.03671875 0.052777777777778
10 0.355859375 0.68888888888889 0.03984375 0.055555555555556
10 0.286328125 0.19791666666667 0.03828125 0.056944444444444
10 0.248046875 0.19097222222222 0.03671875 0.051388888888889
10 0.169140625 0.22083333333333 0.06015625 0.069444444444444
10 0.45078125 0.48472222222222 0.059375 0.083333333333333
10 0.637109375 0.37013888888889 0.04296875 0.059722222222222
10 0.67578125 0.56597222222222 0.05 0.068055555555556
10 0.104296875 0.41805555555556 0.05234375 0.075
10 0.887109375 0.60972222222222 0.04140625 0.058333333333333
10 0.323046875 0.97847222222222 0.06328125 0.045833333333333
10 0.673828125 0.66527777777778 0.05078125 0.072222222222222
10 0.86953125 0.50555555555556 0.0453125 0.063888888888889
10 0.30390625 0.125 0.05 0.066666666666667
10 0.583203125 0.37986111111111 0.06171875 0.076388888888889
10 0.5109375 0.088888888888889 0.0546875 0.077777777777778
10 0.467578125 0.75833333333333 0.05546875 0.077777777777778