10 0.23046875 0.10462962962963 0.0484375 0.077777777777778
10 0.69322916666667 0.24537037037037 0.028125 0.038888888888889
10 0.41197916666667 0.56712962962963 0.097916666666667 0.125
10 0.18619791666667 0.17314814814815 0.031770833333333 0.046296296296296
10 0.78932291666667 0.78148148148148 0.0359375 0.040740740740741
10 0.49270833333333 0.18564814814815 0.028125 0.039814814814815
10 0.80364583333333 0.6837962962963 0.038541666666667 0.049074074074074
10 0.37005208333333 0.38888888888889 0.0328125 0.048148148148148
10 0.53958333333333 0.11111111111111 0.042708333333333 0.053703703703704
10 0.48723958333333 0.13981481481481 0.024479166666667 0.038888888888889
10 0.15911458333333 0.55046296296296 0.0796875 0.10092592592593
10 0.45651041666667 0.011574074074074 0.0421875 0.023148148148148
10 0.665625 0.21111111111111 0.032291666666667 0.042592592592593
10 0.33671875 0.26898148148148 0.030729166666667 0.047222222222222
10 0.2625 0.34351851851852 0.028125 0.046296296296296
10 0.85520833333333 0.66898148148148 0.040625 0.049074074074074
10 0.5703125 0.5287037037037 0.0875 0.12407407407407
10 0.39791666666667 0.019907407407407 0.036458333333333 0.039814814814815
10 0.63020833333333 0.21898148148148 0.028125 0.041666666666667
10 0.0921875 0.32638888888889 0.028125 0.043518518518519
10 0.3328125 0.16527777777778 0.03125 0.049074074074074
10 0.34895833333333 0.0875 0.030208333333333 0.04537037037037
10 0.14453125 0.18796296296296 0.0296875 0.042592592592593
10 0.58463541666667 0.21435185185185 0.036979166666667 0.050925925925926
10 0.51328125 0.15509259259259 0.0296875 0.043518518518519
10 0.64921875 0.17824074074074 0.028645833333333 0.037962962962963
10 0.35182291666667 0.29814814814815 0.030729166666667 0.044444444444444
10 0.64947916666667 0.44907407407407 0.03125 0.042592592592593
10 0.1828125 0.65138888888889 0.035416666666667 0.050925925925926
10 0.73125 0.32361111111111 0.032291666666667 0.04537037037037
10 0.25182291666667 0.22546296296296 0.027604166666667 0.039814814814815
10 0.58932291666667 0.16064814814815 0.030729166666667 0.043518518518519
10 0.41822916666667 0.13981481481481 0.03125 0.044444444444444
10 0.3984375 0.22777777777778 0.035416666666667 0.051851851851852
10 0.63307291666667 0.58287037037037 0.038020833333333 0.04537037037037
10 0.13541666666667 0.15601851851852 0.044791666666667 0.063888888888889
10 0.28072916666667 0.035185185185185 0.051041666666667 0.066666666666667
10 0.37916666666667 0.17916666666667 0.042708333333333 0.058333333333333
10 0.34765625 0.12777777777778 0.047395833333333 0.061111111111111
10 0.57838541666667 0.064814814814815 0.0453125 0.051851851851852
10 0.4953125 0.055555555555556 0.030208333333333 0.044444444444444
10 0.628125 0.73796296296296 0.035416666666667 0.040740740740741
10 0.53359375 0.0097222222222222 0.040104166666667 0.019444444444444
10 0.21744791666667 0.46018518518519 0.093229166666667 0.14444444444444
10 0.59479166666667 0.18240740740741 0.03125 0.046296296296296
10 0.52942708333333 0.33888888888889 0.0390625 0.057407407407407
10 0.375 0.068981481481481 0.039583333333333 0.056481481481481
10 0.71692708333333 0.55416666666667 0.086979166666667 0.091666666666667
10 0.22760416666667 0.049074074074074 0.03125 0.046296296296296
10 0.6234375 0.26064814814815 0.029166666666667 0.039814814814815
10 0.40234375 0.058796296296296 0.034895833333333 0.052777777777778
10 0.69973958333333 0.43240740740741 0.0921875 0.11666666666667
10 0.071354166666667 0.19583333333333 0.032291666666667 0.04537037037037
10 0.16119791666667 0.23009259259259 0.030729166666667 0.047222222222222
10 0.4640625 0.16944444444444 0.029166666666667 0.042592592592593
10 0.51380208333333 0.070833333333333 0.0265625 0.037962962962963