11 0.12916666666667 0.525 0.039583333333333 0.05
11 0.60807291666667 0.80648148148148 0.0390625 0.048148148148148
11 0.56276041666667 0.23796296296296 0.074479166666667 0.096296296296296
11 0.69192708333333 0.36203703703704 0.044270833333333 0.053703703703704
11 0.75989583333333 0.24907407407407 0.04375 0.053703703703704
11 0.51536458333333 0.27546296296296 0.041145833333333 0.050925925925926
11 0.253125 0.22824074074074 0.042708333333333 0.05462962962963
11 0.0578125 0.47453703703704 0.061458333333333 0.091666666666667
11 0.07265625 0.96064814814815 0.063020833333333 0.076851851851852
11 0.4421875 0.3912037037037 0.044791666666667 0.05462962962963
11 0.16510416666667 0.38842592592593 0.066666666666667 0.097222222222222
11 0.54635416666667 0.2412037037037 0.12291666666667 0.13611111111111
11 0.66822916666667 0.39351851851852 0.044791666666667 0.053703703703704
11 0.18723958333333 0.060185185185185 0.040104166666667 0.055555555555556
11 0.96458333333333 0.81018518518519 0.061458333333333 0.11666666666667
11 0.51692708333333 0.22083333333333 0.0359375 0.043518518518519
11 0.26822916666667 0.83842592592593 0.070833333333333 0.089814814814815
11 0.61041666666667 0.325 0.039583333333333 0.046296296296296
11 0.75677083333333 0.36435185185185 0.035416666666667 0.039814814814815
11 0.087239583333333 0.064814814814815 0.038020833333333 0.053703703703704
11 0.41015625 0.29305555555556 0.096354166666667 0.13425925925926
11 0.22395833333333 0.33101851851852 0.053125 0.05462962962963
11 0.88723958333333 0.12685185185185 0.0390625 0.046296296296296
11 0.89505208333333 0.18518518518519 0.1203125 0.17222222222222
11 0.54166666666667 0.26064814814815 0.0375 0.047222222222222
11 0.14791666666667 0.79583333333333 0.103125 0.13981481481481
11 0.13359375 0.18611111111111 0.0703125 0.10555555555556
11 0.44765625 0.076388888888889 0.041145833333333 0.056481481481481
11 0.32369791666667 0.23148148148148 0.1109375 0.14814814814815
11 0.97526041666667 0.57592592592593 0.036979166666667 0.053703703703704
11 0.67916666666667 0.41481481481481 0.109375 0.13888888888889
11 0.06015625 0.5712962962963 0.040104166666667 0.048148148148148
11 0.85286458333333 0.53564814814815 0.040104166666667 0.049074074074074
11 0.240625 0.3337962962963 0.038541666666667 0.049074074074074
11 0.64166666666667 0.20092592592593 0.098958333333333 0.11296296296296
11 0.67447916666667 0.076851851851852 0.047916666666667 0.061111111111111
11 0.91432291666667 0.43148148148148 0.12239583333333 0.15185185185185
11 0.89479166666667 0.21574074074074 0.046875 0.057407407407407
11 0.69088541666667 0.094907407407407 0.088020833333333 0.10462962962963
11 0.42786458333333 0.82268518518519 0.055729166666667 0.069444444444444
11 0.66901041666667 0.21342592592593 0.0390625 0.050925925925926
11 0.76145833333333 0.44212962962963 0.035416666666667 0.04537037037037
11 0.36354166666667 0.42037037037037 0.060416666666667 0.068518518518519
11 0.3546875 0.25509259259259 0.04375 0.056481481481481
11 0.20338541666667 0.25046296296296 0.038020833333333 0.049074074074074
11 0.03671875 0.16805555555556 0.046354166666667 0.063888888888889
11 0.36510416666667 0.54814814814815 0.128125 0.18333333333333
11 0.36822916666667 0.34907407407407 0.039583333333333 0.048148148148148
11 0.96822916666667 0.82777777777778 0.047916666666667 0.059259259259259
11 0.56041666666667 0.3412037037037 0.04375 0.05462962962963
11 0.097916666666667 0.19814814814815 0.15833333333333 0.18148148148148
11 0.40338541666667 0.16435185185185 0.046354166666667 0.060185185185185
11 0.46354166666667 0.20509259259259 0.040625 0.050925925925926
11 0.30651041666667 0.43472222222222 0.066145833333333 0.069444444444444
11 0.21015625 0.71111111111111 0.034895833333333 0.040740740740741
11 0.8375 0.7537037037037 0.040625 0.05
11 0.96015625 0.76666666666667 0.040104166666667 0.05
11 0.63046875 0.85740740740741 0.13802083333333 0.17962962962963
11 0.37109375 0.51064814814815 0.044270833333333 0.04537037037037
11 0.66510416666667 0.43333333333333 0.04375 0.05
11 0.24140625 0.2787037037037 0.13802083333333 0.19259259259259
11 0.4140625 0.069907407407407 0.11354166666667 0.13981481481481
11 0.634375 0.62962962962963 0.080208333333333 0.096296296296296
11 0.27786458333333 0.11944444444444 0.0328125 0.044444444444444
11 0.07734375 0.7462962962963 0.041145833333333 0.051851851851852
11 0.80026041666667 0.56759259259259 0.0390625 0.046296296296296
11 0.39010416666667 0.98611111111111 0.038541666666667 0.025925925925926
11 0.284375 0.5787037037037 0.038541666666667 0.046296296296296