11 0.694921875 0.89305555555556 0.11328125 0.14722222222222
11 0.64609375 0.66180555555556 0.090625 0.12361111111111
11 0.73671875 0.11944444444444 0.096875 0.11111111111111
11 0.928515625 0.056944444444444 0.06953125 0.11388888888889
11 0.634765625 0.74722222222222 0.08671875 0.10833333333333
11 0.84921875 0.67777777777778 0.0734375 0.094444444444444
11 0.846875 0.38680555555556 0.0640625 0.10694444444444
11 0.92734375 0.73680555555556 0.065625 0.10416666666667
11 0.180859375 0.24861111111111 0.07109375 0.094444444444444
11 0.770703125 0.37152777777778 0.06640625 0.093055555555556
11 0.917578125 0.25763888888889 0.06484375 0.0875
11 0.915625 0.17152777777778 0.059375 0.090277777777778
11 0.5796875 0.62708333333333 0.0671875 0.079166666666667
11 0.777734375 0.69930555555556 0.08359375 0.0625
11 0.30546875 0.058333333333333 0.0625 0.083333333333333
11 0.57265625 0.29444444444444 0.059375 0.086111111111111
11 0.119921875 0.43680555555556 0.06015625 0.081944444444444
11 0.655859375 0.55833333333333 0.06171875 0.080555555555556
11 0.769140625 0.73472222222222 0.05703125 0.080555555555556
11 0.550390625 0.42708333333333 0.06171875 0.079166666666667
11 0.10703125 0.38402777777778 0.0578125 0.079166666666667
11 0.62734375 0.63194444444444 0.05625 0.080555555555556
11 0.494921875 0.35208333333333 0.05859375 0.076388888888889
11 0.576171875 0.48958333333333 0.05703125 0.076388888888889
11 0.680078125 0.50277777777778 0.05703125 0.075
11 0.634375 0.046527777777778 0.053125 0.079166666666667
11 0.5 0.73958333333333 0.0578125 0.073611111111111
11 0.72265625 0.64791666666667 0.0546875 0.076388888888889
11 0.87578125 0.68263888888889 0.053125 0.073611111111111
11 0.287109375 0.57361111111111 0.05234375 0.072222222222222
11 0.8375 0.47152777777778 0.0546875 0.073611111111111
11 0.598046875 0.79444444444444 0.05390625 0.069444444444444
11 0.690625 0.32638888888889 0.0515625 0.072222222222222
11 0.47265625 0.49861111111111 0.0546875 0.066666666666667
11 0.638671875 0.57291666666667 0.05703125 0.065277777777778
11 0.25 0.79652777777778 0.053125 0.068055555555556
11 0.771484375 0.029861111111111 0.05859375 0.059722222222222
11 0.737890625 0.70694444444444 0.05078125 0.069444444444444
11 0.249609375 0.20486111111111 0.04765625 0.073611111111111
11 0.295703125 0.33055555555556 0.04921875 0.069444444444444
11 0.383203125 0.40763888888889 0.05078125 0.068055555555556
11 0.712890625 0.48263888888889 0.04921875 0.068055555555556
11 0.414453125 0.41111111111111 0.05078125 0.066666666666667
11 0.912890625 0.46111111111111 0.04765625 0.069444444444444
11 0.471484375 0.44027777777778 0.04609375 0.069444444444444
11 0.80234375 0.48541666666667 0.0484375 0.065277777777778
11 0.17578125 0.20486111111111 0.0484375 0.068055555555556
11 0.695703125 0.76666666666667 0.04921875 0.063888888888889
11 0.465625 0.56388888888889 0.0484375 0.063888888888889
11 0.7078125 0.62986111111111 0.046875 0.065277777777778
11 0.1890625 0.37152777777778 0.0484375 0.0625
11 0.425390625 0.96597222222222 0.04765625 0.0625
11 0.52578125 0.63263888888889 0.0484375 0.059722222222222
11 0.209375 0.77569444444444 0.0453125 0.065277777777778
11 0.42578125 0.46944444444444 0.0453125 0.063888888888889
11 0.278515625 0.17638888888889 0.04453125 0.063888888888889
11 0.71484375 0.025694444444444 0.0546875 0.051388888888889
11 0.917578125 0.58263888888889 0.04453125 0.0625
11 0.744140625 0.75208333333333 0.04609375 0.059722222222222
11 0.14375 0.19513888888889 0.04375 0.0625
11 0.574609375 0.83333333333333 0.04609375 0.058333333333333
11 0.437109375 0.58888888888889 0.04609375 0.058333333333333
11 0.737890625 0.6625 0.04453125 0.061111111111111
11 0.21484375 0.20277777777778 0.04375 0.061111111111111
11 0.416796875 0.78263888888889 0.04453125 0.059722222222222
11 0.510546875 0.029861111111111 0.04453125 0.059722222222222
11 0.980859375 0.54027777777778 0.03828125 0.069444444444444
11 0.381640625 0.60416666666667 0.04296875 0.061111111111111
11 0.524609375 0.52013888888889 0.04609375 0.056944444444444
11 0.591015625 0.54652777777778 0.04453125 0.056944444444444
11 0.9859375 0.46527777777778 0.028125 0.088888888888889
11 0.46328125 0.19930555555556 0.04375 0.056944444444444
11 0.137890625 0.96388888888889 0.04453125 0.055555555555556
11 0.98046875 0.69583333333333 0.0375 0.063888888888889
11 0.045703125 0.86527777777778 0.04296875 0.055555555555556
11 0.158984375 0.35902777777778 0.03984375 0.059722222222222
11 0.619921875 0.87222222222222 0.04140625 0.055555555555556
11 0.12109375 0.59583333333333 0.040625 0.058333333333333
11 0.43359375 0.66805555555556 0.040625 0.055555555555556
11 0.793359375 0.69583333333333 0.03984375 0.055555555555556
11 0.49609375 0.63819444444444 0.040625 0.054166666666667
11 0.33828125 0.79791666666667 0.0390625 0.054166666666667
11 0.55859375 0.25208333333333 0.040625 0.054166666666667
11 0.416015625 0.94444444444444 0.04140625 0.052777777777778
11 0.4015625 0.85069444444444 0.0390625 0.051388888888889
11 0.749609375 0.94652777777778 0.03984375 0.051388888888889
11 0.35234375 0.61875 0.0390625 0.051388888888889
11 0.4125 0.63194444444444 0.0375 0.052777777777778
11 0.626171875 0.58611111111111 0.03828125 0.05
11 0.13203125 0.85694444444444 0.0390625 0.047222222222222
11 0.369921875 0.66527777777778 0.03671875 0.05
11 0.619921875 0.83541666666667 0.03671875 0.048611111111111
11 0.1015625 0.83680555555556 0.0375 0.045833333333333
11 0.539453125 0.87847222222222 0.03671875 0.048611111111111
11 0.012890625 0.80138888888889 0.02578125 0.066666666666667
11 0.32265625 0.89861111111111 0.0359375 0.047222222222222
11 0.01875 0.67569444444444 0.0328125 0.051388888888889
11 0.596875 0.89930555555556 0.034375 0.045833333333333
11 0.10546875 0.87847222222222 0.0359375 0.043055555555556
11 0.509765625 0.98333333333333 0.04453125 0.033333333333333