10 0.41510416666667 0.25694444444444 0.03125 0.050925925925926
10 0.6640625 0.55092592592593 0.025 0.037037037037037
10 0.044010416666667 0.26527777777778 0.040104166666667 0.05462962962963
10 0.35807291666667 0.28842592592593 0.030729166666667 0.043518518518519
10 0.24140625 0.51666666666667 0.0296875 0.046296296296296
10 0.17239583333333 0.46018518518519 0.026041666666667 0.042592592592593
10 0.3203125 0.42962962962963 0.033333333333333 0.048148148148148
10 0.58359375 0.48842592592593 0.031770833333333 0.043518518518519
10 0.21848958333333 0.39722222222222 0.030729166666667 0.044444444444444
10 0.18333333333333 0.41157407407407 0.029166666666667 0.043518518518519
10 0.30755208333333 0.70462962962963 0.025520833333333 0.037037037037037
10 0.93203125 0.66157407407407 0.0296875 0.04537037037037
10 0.37864583333333 0.25555555555556 0.036458333333333 0.05
10 0.0734375 0.32592592592593 0.030208333333333 0.044444444444444
10 0.54348958333333 0.4662037037037 0.024479166666667 0.034259259259259
10 0.80755208333333 0.70277777777778 0.030729166666667 0.048148148148148
10 0.79661458333333 0.62824074074074 0.0265625 0.037962962962963
10 0.44739583333333 0.39722222222222 0.034375 0.048148148148148
10 0.53671875 0.12638888888889 0.0234375 0.034259259259259
10 0.4046875 0.38611111111111 0.026041666666667 0.037037037037037
10 0.11953125 0.2537037037037 0.0421875 0.064814814814815
10 0.12708333333333 0.31481481481481 0.028125 0.040740740740741
10 0.23307291666667 0.21898148148148 0.033854166666667 0.047222222222222
10 0.31145833333333 0.38425925925926 0.039583333333333 0.057407407407407
10 0.4140625 0.57361111111111 0.029166666666667 0.047222222222222
10 0.26666666666667 0.40833333333333 0.034375 0.05
10 0.62239583333333 0.61388888888889 0.023958333333333 0.035185185185185
10 0.459375 0.40277777777778 0.033333333333333 0.048148148148148
10 0.12135416666667 0.47453703703704 0.029166666666667 0.04537037037037
10 0.67473958333333 0.76064814814815 0.030729166666667 0.04537037037037
10 0.29114583333333 0.25694444444444 0.048958333333333 0.069444444444444
10 0.63984375 0.55555555555556 0.0265625 0.038888888888889
10 0.32760416666667 0.28425925925926 0.03125 0.048148148148148
10 0.36145833333333 0.45277777777778 0.025 0.037037037037037
10 0.56223958333333 0.58009259259259 0.0421875 0.056481481481481
10 0.68151041666667 0.60138888888889 0.0359375 0.04537037037037
10 0.29895833333333 0.65277777777778 0.029166666666667 0.046296296296296
10 0.51015625 0.46157407407407 0.030729166666667 0.04537037037037
10 0.69921875 0.52083333333333 0.027604166666667 0.039814814814815
10 0.57135416666667 0.40740740740741 0.038541666666667 0.05
10 0.42083333333333 0.19861111111111 0.027083333333333 0.039814814814815
10 0.61536458333333 0.37314814814815 0.0265625 0.038888888888889
10 0.59895833333333 0.53472222222222 0.038541666666667 0.05462962962963
10 0.22421875 0.4537037037037 0.027604166666667 0.040740740740741
10 0.043229166666667 0.3462962962963 0.027083333333333 0.038888888888889
10 0.19479166666667 0.21342592592593 0.029166666666667 0.043518518518519
10 0.225 0.28888888888889 0.025 0.035185185185185
10 0.20026041666667 0.32777777777778 0.028645833333333 0.042592592592593
10 0.509375 0.38935185185185 0.026041666666667 0.037962962962963
10 0.66640625 0.4287037037037 0.028645833333333 0.040740740740741
10 0.90364583333333 0.92962962962963 0.083333333333333 0.11666666666667
10 0.11979166666667 0.56574074074074 0.025 0.040740740740741
10 0.4140625 0.10324074074074 0.029166666666667 0.043518518518519
10 0.25208333333333 0.38194444444444 0.026041666666667 0.037962962962963
10 0.5265625 0.40648148148148 0.025 0.035185185185185
10 0.25416666666667 0.4712962962963 0.026041666666667 0.038888888888889
10 0.27083333333333 0.32592592592593 0.026041666666667 0.037037037037037
10 0.43359375 0.36388888888889 0.031770833333333 0.044444444444444
10 0.44192708333333 0.32314814814815 0.025520833333333 0.037037037037037
10 0.48776041666667 0.6162037037037 0.025520833333333 0.039814814814815