10 0.6953125 0.68958333333333 0.0375 0.048611111111111
10 0.468359375 0.82430555555556 0.04140625 0.054166666666667
10 0.73984375 0.70763888888889 0.040625 0.051388888888889
10 0.4390625 0.66875 0.0375 0.051388888888889
10 0.81328125 0.825 0.0390625 0.055555555555556
10 0.44609375 0.58819444444444 0.0359375 0.045833333333333
10 0.666015625 0.72777777777778 0.09609375 0.12222222222222
10 0.623828125 0.84861111111111 0.04140625 0.052777777777778
10 0.705078125 0.97152777777778 0.03984375 0.054166666666667
10 0.481640625 0.67361111111111 0.03671875 0.05
10 0.798828125 0.58819444444444 0.03671875 0.045833333333333
10 0.6828125 0.96736111111111 0.0359375 0.045833333333333
10 0.65390625 0.62638888888889 0.0515625 0.069444444444444
10 0.6375 0.94791666666667 0.0515625 0.059722222222222
10 0.807421875 0.45972222222222 0.03203125 0.044444444444444
10 0.795703125 0.75138888888889 0.06796875 0.088888888888889
10 0.597265625 0.64097222222222 0.03828125 0.054166666666667
10 0.669140625 0.82569444444444 0.03828125 0.051388888888889
10 0.68046875 0.90416666666667 0.0546875 0.066666666666667
10 0.526171875 0.62152777777778 0.04296875 0.056944444444444
10 0.56484375 0.54513888888889 0.0375 0.048611111111111
10 0.64296875 0.74305555555556 0.0671875 0.075
10 0.66875 0.79166666666667 0.0359375 0.044444444444444
10 0.624609375 0.51875 0.03671875 0.051388888888889
10 0.572265625 0.74166666666667 0.05390625 0.069444444444444
10 0.6671875 0.61736111111111 0.0421875 0.056944444444444
10 0.692578125 0.89166666666667 0.08046875 0.11111111111111
10 0.77578125 0.78125 0.04375 0.059722222222222