10 0.23359375 0.42546296296296 0.052604166666667 0.065740740740741
10 0.63203125 0.021759259259259 0.0328125 0.041666666666667
10 0.27994791666667 0.31759259259259 0.015104166666667 0.022222222222222
10 0.1703125 0.50833333333333 0.014583333333333 0.02037037037037
10 0.55286458333333 0.20833333333333 0.081770833333333 0.098148148148148
10 0.61380208333333 0.14583333333333 0.019270833333333 0.034259259259259
10 0.46145833333333 0.34490740740741 0.026041666666667 0.039814814814815
10 0.56692708333333 0.1712962962963 0.0578125 0.068518518518519
10 0.57369791666667 0.15740740740741 0.0359375 0.044444444444444
10 0.209375 0.49583333333333 0.036458333333333 0.056481481481481
10 0.49401041666667 0.37407407407407 0.016145833333333 0.022222222222222
10 0.40859375 0.23009259259259 0.016145833333333 0.023148148148148
10 0.42890625 0.38611111111111 0.0171875 0.024074074074074
10 0.225 0.43333333333333 0.03125 0.046296296296296
10 0.33125 0.20787037037037 0.044791666666667 0.065740740740741
10 0.47421875 0.25925925925926 0.0203125 0.025925925925926
10 0.35989583333333 0.24027777777778 0.075 0.086111111111111
10 0.3546875 0.24722222222222 0.045833333333333 0.061111111111111
10 0.25052083333333 0.24583333333333 0.016666666666667 0.021296296296296
10 0.30078125 0.4037037037037 0.034895833333333 0.055555555555556
10 0.56640625 0.10740740740741 0.0171875 0.02037037037037