10 0.51692708333333 0.92314814814815 0.097395833333333 0.13888888888889
10 0.94166666666667 0.56805555555556 0.066666666666667 0.10833333333333
10 0.725 0.098148148148148 0.086458333333333 0.14074074074074
10 0.959375 0.63564814814815 0.063541666666667 0.10462962962963
10 0.82473958333333 0.81851851851852 0.063020833333333 0.096296296296296
10 0.33307291666667 0.56898148148148 0.0453125 0.062037037037037
10 0.66510416666667 0.50509259259259 0.036458333333333 0.050925925925926
10 0.80833333333333 0.47546296296296 0.032291666666667 0.050925925925926
10 0.90807291666667 0.47916666666667 0.038020833333333 0.058333333333333
10 0.39427083333333 0.46157407407407 0.032291666666667 0.047222222222222
10 0.64192708333333 0.56018518518519 0.033854166666667 0.046296296296296
10 0.85598958333333 0.4587962962963 0.0328125 0.047222222222222
10 0.53723958333333 0.75416666666667 0.0359375 0.041666666666667
10 0.82838541666667 0.38611111111111 0.0328125 0.046296296296296
10 0.082552083333333 0.73055555555556 0.031770833333333 0.046296296296296
10 0.63671875 0.49074074074074 0.0296875 0.042592592592593
10 0.45625 0.72453703703704 0.03125 0.04537037037037
10 0.41640625 0.72592592592593 0.0296875 0.046296296296296
10 0.73020833333333 0.37592592592593 0.030208333333333 0.042592592592593
10 0.51276041666667 0.42361111111111 0.0296875 0.041666666666667
10 0.52135416666667 0.22314814814815 0.029166666666667 0.042592592592593
10 0.70442708333333 0.068981481481481 0.028645833333333 0.041666666666667
10 0.50598958333333 0.73657407407407 0.028645833333333 0.039814814814815
10 0.4984375 0.79259259259259 0.029166666666667 0.035185185185185
10 0.24401041666667 0.51712962962963 0.0265625 0.037962962962963
10 0.46458333333333 0.73287037037037 0.029166666666667 0.037962962962963
10 0.81223958333333 0.28518518518519 0.027604166666667 0.040740740740741
10 0.25494791666667 0.76712962962963 0.0265625 0.037962962962963
10 0.26458333333333 0.33055555555556 0.025 0.038888888888889
10 0.5078125 0.50277777777778 0.023958333333333 0.040740740740741
10 0.5875 0.88796296296296 0.026041666666667 0.035185185185185
10 0.73802083333333 0.77407407407407 0.025 0.037037037037037
10 0.50546875 0.65277777777778 0.021354166666667 0.042592592592593
10 0.70442708333333 0.34444444444444 0.024479166666667 0.037037037037037
10 0.44088541666667 0.76296296296296 0.0265625 0.033333333333333
10 0.52552083333333 0.48240740740741 0.025 0.035185185185185
10 0.4921875 0.49444444444444 0.025 0.035185185185185
10 0.51875 0.66481481481481 0.026041666666667 0.033333333333333
10 0.68828125 0.27546296296296 0.024479166666667 0.034259259259259
10 0.59270833333333 0.7787037037037 0.025 0.033333333333333
10 0.36692708333333 0.77916666666667 0.025520833333333 0.032407407407407
10 0.38645833333333 0.81157407407407 0.025 0.032407407407407
10 0.29192708333333 0.68055555555556 0.024479166666667 0.031481481481481
10 0.2578125 0.8037037037037 0.023958333333333 0.031481481481481
10 0.546875 0.79861111111111 0.023958333333333 0.032407407407407
10 0.31901041666667 0.75092592592593 0.0234375 0.02962962962963
10 0.10755208333333 0.66527777777778 0.022395833333333 0.030555555555556
10 0.43541666666667 0.68935185185185 0.022916666666667 0.028703703703704
10 0.74609375 0.65972222222222 0.021354166666667 0.030555555555556
10 0.41822916666667 0.75555555555556 0.021875 0.02962962962963
10 0.56666666666667 0.52592592592593 0.021875 0.02962962962963
10 0.49947916666667 0.76203703703704 0.022916666666667 0.027777777777778
10 0.42682291666667 0.61759259259259 0.021354166666667 0.02962962962963
10 0.35651041666667 0.80833333333333 0.022395833333333 0.027777777777778
10 0.30104166666667 0.53518518518519 0.020833333333333 0.02962962962963
10 0.47369791666667 0.53287037037037 0.021354166666667 0.028703703703704
10 0.62942708333333 0.63009259259259 0.0203125 0.028703703703704
10 0.37317708333333 0.84259259259259 0.022395833333333 0.025925925925926
10 0.48463541666667 0.80648148148148 0.022395833333333 0.025925925925926
10 0.47395833333333 0.77268518518519 0.020833333333333 0.026851851851852
10 0.50338541666667 0.63240740740741 0.019270833333333 0.027777777777778
10 0.51588541666667 0.55324074074074 0.0203125 0.026851851851852
10 0.47760416666667 0.64861111111111 0.019791666666667 0.026851851851852
10 0.99348958333333 0.096759259259259 0.011979166666667 0.043518518518519
10 0.40885416666667 0.58055555555556 0.019791666666667 0.025925925925926
10 0.48229166666667 0.5462962962963 0.019791666666667 0.025925925925926
10 0.54869791666667 0.56203703703704 0.019270833333333 0.025925925925926
10 0.51145833333333 0.46898148148148 0.01875 0.026851851851852
10 0.39739583333333 0.65787037037037 0.019791666666667 0.025
10 0.48802083333333 0.72407407407407 0.01875 0.025925925925926
10 0.48046875 0.60231481481481 0.019270833333333 0.025
10 0.51796875 0.58842592592593 0.018229166666667 0.025
10 0.36302083333333 0.44583333333333 0.016666666666667 0.025
10 0.48697916666667 0.43935185185185 0.017708333333333 0.025
10 0.99348958333333 0.13842592592593 0.011979166666667 0.034259259259259
10 0.46223958333333 0.61064814814815 0.0171875 0.023148148148148
10 0.39322916666667 0.78287037037037 0.017708333333333 0.023148148148148
10 0.45260416666667 0.55277777777778 0.017708333333333 0.022222222222222
10 0.5390625 0.94953703703704 0.016666666666667 0.023148148148148
10 0.52838541666667 0.38287037037037 0.016145833333333 0.023148148148148
10 0.51354166666667 0.36157407407407 0.015625 0.023148148148148
10 0.49036458333333 0.67731481481481 0.016145833333333 0.021296296296296
10 0.39479166666667 0.30185185185185 0.014583333333333 0.022222222222222