11 0.457421875 0.44236111111111 0.06484375 0.10972222222222
11 0.610546875 0.43333333333333 0.26484375 0.35
11 0.214453125 0.2875 0.09765625 0.16388888888889
11 0.042578125 0.57708333333333 0.08515625 0.18472222222222
11 0.834765625 0.24375 0.07109375 0.12361111111111
11 0.650390625 0.079166666666667 0.07890625 0.13611111111111
11 0.039453125 0.21805555555556 0.07890625 0.19166666666667
11 0.40703125 0.87013888888889 0.140625 0.21527777777778
11 0.70859375 0.55486111111111 0.05625 0.098611111111111
11 0.548828125 0.21875 0.16796875 0.21805555555556
11 0.841015625 0.13680555555556 0.07109375 0.12361111111111
11 0.252734375 0.22708333333333 0.15703125 0.27083333333333
11 0.54609375 0.018055555555556 0.0640625 0.036111111111111
11 0.49296875 0.97152777777778 0.0796875 0.054166666666667
11 0.209375 0.51458333333333 0.1 0.16805555555556
11 0.88515625 0.053472222222222 0.075 0.10694444444444
11 0.8265625 0.022222222222222 0.0640625 0.044444444444444
11 0.648046875 0.79097222222222 0.16484375 0.3625