11 0.7265625 0.42222222222222 0.040625 0.072222222222222
11 0.293359375 0.25763888888889 0.06171875 0.095833333333333
11 0.653515625 0.86666666666667 0.04609375 0.055555555555556
11 0.61328125 0.55347222222222 0.0578125 0.098611111111111
11 0.8359375 0.47986111111111 0.0421875 0.070833333333333
11 0.831640625 0.26388888888889 0.04140625 0.069444444444444
11 0.58203125 0.77569444444444 0.04375 0.065277777777778
11 0.604296875 0.40138888888889 0.13515625 0.23055555555556
11 0.6578125 0.54513888888889 0.0421875 0.070833333333333
11 0.883203125 0.54583333333333 0.04140625 0.069444444444444
11 0.653515625 0.58541666666667 0.13203125 0.17638888888889
11 0.508984375 0.26388888888889 0.04921875 0.077777777777778
11 0.519140625 0.53125 0.05078125 0.076388888888889
11 0.24921875 0.74652777777778 0.0484375 0.084722222222222
11 0.676953125 0.71875 0.08203125 0.12083333333333
11 0.78203125 0.45694444444444 0.059375 0.1
11 0.733203125 0.66805555555556 0.04453125 0.063888888888889
11 0.23203125 0.28055555555556 0.0625 0.10833333333333
11 0.437109375 0.45 0.07734375 0.10277777777778
11 0.787890625 0.61944444444444 0.04140625 0.063888888888889
11 0.850390625 0.575 0.04140625 0.066666666666667
11 0.64140625 0.88263888888889 0.065625 0.093055555555556
11 0.565625 0.46597222222222 0.04375 0.070833333333333
11 0.7109375 0.96805555555556 0.0625 0.061111111111111
11 0.501171875 0.17013888888889 0.04921875 0.076388888888889
11 0.31875 0.23888888888889 0.0515625 0.083333333333333