11 0.5890625 0.68958333333333 0.0625 0.10138888888889
11 0.407421875 0.32152777777778 0.05703125 0.093055555555556
11 0.3703125 0.81180555555556 0.0578125 0.090277777777778
11 0.333984375 0.57013888888889 0.05234375 0.090277777777778
11 0.602734375 0.045833333333333 0.05234375 0.077777777777778
11 0.615625 0.25833333333333 0.0453125 0.069444444444444
11 0.4703125 0.21111111111111 0.04375 0.069444444444444
11 0.28046875 0.030555555555556 0.046875 0.061111111111111
11 0.630859375 0.13055555555556 0.04453125 0.066666666666667
11 0.277734375 0.18402777777778 0.03828125 0.068055555555556
11 0.645703125 0.8375 0.04140625 0.061111111111111
11 0.2828125 0.36180555555556 0.0390625 0.0625