10 0.59921875 0.77291666666667 0.10625 0.43194444444444
10 0.11953125 0.54305555555556 0.2390625 0.49444444444444
11 0.6171875 0.27361111111111 0.325 0.50833333333333
10 0.7796875 0.81041666666667 0.234375 0.37361111111111
10 0.115234375 0.58125 0.23046875 0.55694444444444
11 0.61328125 0.26597222222222 0.3171875 0.50416666666667
10 0.7671875 0.83333333333333 0.2375 0.33055555555556
10 0.13515625 0.58263888888889 0.26875 0.61527777777778
10 0.792578125 0.81041666666667 0.24140625 0.37638888888889
10 0.60546875 0.76458333333333 0.1171875 0.44305555555556
10 0.15234375 0.53125 0.3046875 0.50694444444444
10 0.621875 0.25555555555556 0.2796875 0.43611111111111