10 0.3671875 0.78055555555556 0.014583333333333 0.018518518518519
10 0.29557291666667 0.91851851851852 0.015104166666667 0.018518518518519
10 0.49739583333333 0.78472222222222 0.015625 0.017592592592593
10 0.84427083333333 0.45046296296296 0.016666666666667 0.021296296296296
10 0.8640625 0.85787037037037 0.021875 0.025
10 0.37473958333333 0.35046296296296 0.0234375 0.032407407407407
10 0.49895833333333 0.69305555555556 0.014583333333333 0.015740740740741
10 0.50104166666667 0.57731481481481 0.014583333333333 0.017592592592593
10 0.52734375 0.64814814814815 0.015104166666667 0.016666666666667
10 0.52942708333333 0.79814814814815 0.0140625 0.014814814814815
10 0.69088541666667 0.78888888888889 0.0234375 0.025925925925926
10 0.4625 0.39212962962963 0.01875 0.023148148148148
10 0.46848958333333 0.74861111111111 0.018229166666667 0.019444444444444
10 0.34765625 0.77407407407407 0.028645833333333 0.035185185185185
10 0.89401041666667 0.79398148148148 0.018229166666667 0.021296296296296
10 0.82265625 0.65138888888889 0.018229166666667 0.023148148148148
10 0.59947916666667 0.72083333333333 0.025 0.030555555555556
10 0.11692708333333 0.39907407407407 0.040104166666667 0.062962962962963
10 0.48958333333333 0.7287037037037 0.013541666666667 0.014814814814815
10 0.74166666666667 0.71111111111111 0.020833333333333 0.024074074074074
10 0.55182291666667 0.52916666666667 0.011979166666667 0.013888888888889
10 0.45755208333333 0.8212962962963 0.019270833333333 0.02037037037037
10 0.24791666666667 0.88472222222222 0.0125 0.013888888888889
10 0.38489583333333 0.71481481481481 0.013541666666667 0.014814814814815
10 0.27005208333333 0.88842592592593 0.013020833333333 0.015740740740741
10 0.45234375 0.76851851851852 0.0140625 0.016666666666667
10 0.571875 0.62546296296296 0.0125 0.013888888888889
10 0.47213541666667 0.79444444444444 0.021354166666667 0.024074074074074
10 0.64192708333333 0.68101851851852 0.025520833333333 0.028703703703704
10 0.44114583333333 0.65972222222222 0.016666666666667 0.017592592592593
10 0.36223958333333 0.74907407407407 0.0140625 0.016666666666667
10 0.48020833333333 0.2462962962963 0.020833333333333 0.027777777777778
10 0.50729166666667 0.64444444444444 0.020833333333333 0.024074074074074
10 0.78541666666667 0.38009259259259 0.015625 0.019444444444444
10 0.30078125 0.89212962962963 0.015104166666667 0.017592592592593
10 0.40520833333333 0.88657407407407 0.034375 0.052777777777778
10 0.4109375 0.70601851851852 0.0125 0.013888888888889
10 0.60442708333333 0.69444444444444 0.021354166666667 0.025925925925926
10 0.48932291666667 0.81157407407407 0.015104166666667 0.017592592592593
10 0.984375 0.72685185185185 0.020833333333333 0.025925925925926
10 0.42786458333333 0.79027777777778 0.016145833333333 0.017592592592593
10 0.21302083333333 0.7537037037037 0.021875 0.02962962962963
10 0.94817708333333 0.76388888888889 0.021354166666667 0.027777777777778
10 0.47682291666667 0.61388888888889 0.016145833333333 0.018518518518519
10 0.51171875 0.82361111111111 0.015104166666667 0.015740740740741
10 0.40338541666667 0.66898148148148 0.0140625 0.015740740740741
10 0.67109375 0.74675925925926 0.016145833333333 0.017592592592593
10 0.28802083333333 0.83935185185185 0.0125 0.013888888888889
10 0.67161458333333 0.85277777777778 0.016145833333333 0.018518518518519
10 0.6375 0.58194444444444 0.011458333333333 0.013888888888889
10 0.32369791666667 0.83148148148148 0.025520833333333 0.031481481481481
10 0.88958333333333 0.92268518518519 0.020833333333333 0.025
10 0.77760416666667 0.46481481481481 0.013541666666667 0.016666666666667
10 0.55651041666667 0.57592592592593 0.016145833333333 0.016666666666667
10 0.62760416666667 0.61111111111111 0.0125 0.014814814814815
10 0.86744791666667 0.73333333333333 0.021354166666667 0.025925925925926
10 0.81223958333333 0.32083333333333 0.0265625 0.034259259259259
10 0.86432291666667 0.30555555555556 0.021354166666667 0.031481481481481
10 0.65911458333333 0.63009259259259 0.021354166666667 0.025
10 0.58203125 0.5412037037037 0.0140625 0.015740740740741
10 0.56276041666667 0.8625 0.0171875 0.019444444444444
10 0.50416666666667 0.53981481481481 0.016666666666667 0.018518518518519
10 0.696875 0.69351851851852 0.021875 0.024074074074074
10 0.80598958333333 0.91527777777778 0.0203125 0.023148148148148
10 0.44140625 0.61851851851852 0.018229166666667 0.02037037037037
10 0.29817708333333 0.97638888888889 0.0140625 0.015740740740741
10 0.63385416666667 0.78333333333333 0.017708333333333 0.02037037037037
10 0.8296875 0.94351851851852 0.022916666666667 0.027777777777778
10 0.6015625 0.81157407407407 0.013541666666667 0.015740740740741
10 0.52786458333333 0.60555555555556 0.013020833333333 0.014814814814815
10 0.079427083333333 0.80787037037037 0.019270833333333 0.025
10 0.53932291666667 0.76574074074074 0.0140625 0.016666666666667
10 0.50598958333333 0.61296296296296 0.013020833333333 0.014814814814815
10 0.83515625 0.7337962962963 0.0171875 0.019444444444444
10 0.46484375 0.57407407407407 0.0140625 0.014814814814815
10 0.43958333333333 0.80694444444444 0.023958333333333 0.026851851851852