10 0.751953125 0.44097222222222 0.03046875 0.0375
10 0.929296875 0.61527777777778 0.02265625 0.030555555555556
10 0.91875 0.70347222222222 0.021875 0.029166666666667
10 0.8109375 0.45972222222222 0.0234375 0.030555555555556
10 0.91640625 0.51527777777778 0.0203125 0.025
10 0.927734375 0.075 0.14296875 0.15
10 0.72265625 0.33819444444444 0.0203125 0.026388888888889
10 0.665234375 0.31666666666667 0.03359375 0.038888888888889
10 0.88359375 0.58125 0.0203125 0.026388888888889
10 0.794140625 0.40486111111111 0.02109375 0.029166666666667
10 0.769140625 0.39236111111111 0.02265625 0.029166666666667
10 0.52890625 0.46458333333333 0.4328125 0.69027777777778
10 0.77890625 0.28541666666667 0.440625 0.56527777777778
10 0.855859375 0.56597222222222 0.02578125 0.034722222222222