11 0.65338541666667 0.82638888888889 0.056770833333333 0.087962962962963
11 0.47083333333333 0.85324074074074 0.08125 0.11574074074074
11 0.94296875 0.051388888888889 0.1140625 0.10277777777778
11 0.35989583333333 0.17407407407407 0.085416666666667 0.12777777777778
11 0.3796875 0.82592592592593 0.23333333333333 0.3037037037037
11 0.53984375 0.5375 0.15572916666667 0.16574074074074
11 0.45651041666667 0.23287037037037 0.21822916666667 0.38055555555556
11 0.81484375 0.78518518518519 0.061979166666667 0.098148148148148
11 0.51458333333333 0.67037037037037 0.079166666666667 0.11296296296296
11 0.57369791666667 0.17037037037037 0.14635416666667 0.21481481481481
11 0.55651041666667 0.9462962962963 0.0765625 0.10555555555556
11 0.43020833333333 0.32361111111111 0.165625 0.20648148148148
11 0.4640625 0.44583333333333 0.10520833333333 0.15092592592593
11 0.062239583333333 0.38055555555556 0.12447916666667 0.18703703703704
11 0.41692708333333 0.96805555555556 0.078645833333333 0.062037037037037
11 0.35859375 0.66666666666667 0.3765625 0.51111111111111
11 0.68463541666667 0.90648148148148 0.084895833333333 0.11666666666667
11 0.52760416666667 0.7875 0.13125 0.19537037037037