11 0.24010416666667 0.85138888888889 0.22291666666667 0.29537037037037
11 0.3421875 0.66064814814815 0.34583333333333 0.53796296296296
11 0.5171875 0.14907407407407 0.2125 0.26851851851852
11 0.4203125 0.34212962962963 0.15416666666667 0.24166666666667
11 0.052083333333333 0.31944444444444 0.10416666666667 0.21851851851852
11 0.47838541666667 0.81574074074074 0.12239583333333 0.20185185185185
11 0.0453125 0.19953703703704 0.090625 0.39907407407407
11 0.78984375 0.93194444444444 0.13489583333333 0.13796296296296
11 0.32578125 0.16111111111111 0.094270833333333 0.16481481481481
11 0.60963541666667 0.9087962962963 0.10052083333333 0.13796296296296
11 0.54791666666667 0.49953703703704 0.090625 0.14907407407407