8 0.57135416666667 0.12916666666667 0.086458333333333 0.11388888888889
20 0.27317708333333 0.20462962962963 0.058854166666667 0.061111111111111
20 0.31067708333333 0.37731481481481 0.041145833333333 0.049074074074074
20 0.21145833333333 0.4625 0.05625 0.067592592592593
20 0.36015625 0.23981481481481 0.050520833333333 0.053703703703704
20 0.56692708333333 0.76990740740741 0.041145833333333 0.04537037037037
20 0.38046875 0.13009259259259 0.043229166666667 0.056481481481481
20 0.59375 0.73796296296296 0.041666666666667 0.046296296296296
20 0.21458333333333 0.34027777777778 0.064583333333333 0.069444444444444
20 0.6265625 0.82083333333333 0.038541666666667 0.056481481481481
20 0.22708333333333 0.41111111111111 0.040625 0.046296296296296
20 0.15390625 0.4087962962963 0.0453125 0.065740740740741
10 0.57083333333333 0.12824074074074 0.082291666666667 0.11944444444444
11 0.38125 0.12962962962963 0.039583333333333 0.059259259259259
11 0.56822916666667 0.51157407407407 0.032291666666667 0.039814814814815
11 0.39947916666667 0.23194444444444 0.033333333333333 0.043518518518519
11 0.69557291666667 0.5625 0.027604166666667 0.039814814814815
11 0.96953125 0.71064814814815 0.028645833333333 0.043518518518519
11 0.89557291666667 0.61388888888889 0.0234375 0.02962962962963
10 0.57083333333333 0.12824074074074 0.08125 0.11759259259259
11 0.38098958333333 0.12916666666667 0.040104166666667 0.060185185185185
11 0.6953125 0.5625 0.027083333333333 0.039814814814815
11 0.234375 0.61296296296296 0.029166666666667 0.035185185185185
11 0.56848958333333 0.51157407407407 0.031770833333333 0.039814814814815
11 0.16822916666667 0.50972222222222 0.029166666666667 0.032407407407407