10 0.76588541666667 0.38425925925926 0.13385416666667 0.16296296296296
10 0.089583333333333 0.33425925925926 0.17604166666667 0.22037037037037
10 0.98098958333333 0.43333333333333 0.038020833333333 0.094444444444444
10 0.93046875 0.32222222222222 0.14322916666667 0.19444444444444
10 0.83411458333333 0.25833333333333 0.10052083333333 0.12962962962963
10 0.041145833333333 0.34212962962963 0.082291666666667 0.18240740740741
10 0.94947916666667 0.21388888888889 0.083333333333333 0.10740740740741
10 0.44583333333333 0.33009259259259 0.32083333333333 0.37314814814815
10 0.64609375 0.28611111111111 0.093229166666667 0.11666666666667
10 0.72864583333333 0.20555555555556 0.066666666666667 0.081481481481481
10 0.8609375 0.4212962962963 0.064583333333333 0.096296296296296
10 0.56796875 0.22824074074074 0.0890625 0.10833333333333
10 0.15703125 0.2587962962963 0.0890625 0.11018518518519