10 0.97916666666667 0.42037037037037 0.038541666666667 0.081481481481481
10 0.94869791666667 0.19814814814815 0.083854166666667 0.10555555555556
10 0.92786458333333 0.31064814814815 0.14427083333333 0.18981481481481
10 0.41197916666667 0.34490740740741 0.21875 0.2712962962963
10 0.83723958333333 0.21018518518519 0.10260416666667 0.12962962962963
10 0.61901041666667 0.37361111111111 0.088020833333333 0.12314814814815
10 0.63229166666667 0.26944444444444 0.084375 0.10740740740741
10 0.71744791666667 0.19212962962963 0.066145833333333 0.084259259259259
10 0.097395833333333 0.29583333333333 0.18645833333333 0.23055555555556
10 0.1328125 0.22592592592593 0.095833333333333 0.11481481481481
10 0.76848958333333 0.34259259259259 0.16302083333333 0.21111111111111