11 0.650390625 0.54791666666667 0.04609375 0.059722222222222
11 0.671484375 0.66388888888889 0.03828125 0.047222222222222
11 0.615625 0.46458333333333 0.03125 0.043055555555556
11 0.9375 0.52152777777778 0.0328125 0.040277777777778
11 0.719921875 0.57777777777778 0.03515625 0.044444444444444
11 0.81328125 0.60625 0.0359375 0.040277777777778
11 0.723828125 0.64236111111111 0.04453125 0.054166666666667
11 0.823046875 0.23055555555556 0.33671875 0.46111111111111
11 0.6375 0.22847222222222 0.0484375 0.073611111111111
11 0.589453125 0.28611111111111 0.03359375 0.05
11 0.6984375 0.23611111111111 0.05 0.069444444444444
11 0.71171875 0.54791666666667 0.04375 0.056944444444444
11 0.751171875 0.70972222222222 0.05703125 0.066666666666667
11 0.833203125 0.49305555555556 0.03359375 0.044444444444444
11 0.7703125 0.69583333333333 0.0375 0.044444444444444
11 0.82578125 0.53958333333333 0.05 0.065277777777778
11 0.677734375 0.80138888888889 0.03828125 0.044444444444444
11 0.679296875 0.57569444444444 0.03359375 0.043055555555556
11 0.73046875 0.68888888888889 0.034375 0.041666666666667
11 0.766796875 0.59305555555556 0.04921875 0.058333333333333
11 0.678515625 0.71875 0.03359375 0.040277777777778
11 0.8546875 0.59583333333333 0.0375 0.047222222222222
11 0.27421875 0.19583333333333 0.0328125 0.055555555555556
11 0.3578125 0.42013888888889 0.2921875 0.54305555555556