10 0.907421875 0.65694444444444 0.18359375 0.29444444444444
10 0.72109375 0.10972222222222 0.140625 0.21944444444444
10 0.782421875 0.33194444444444 0.13359375 0.16944444444444
10 0.43515625 0.43958333333333 0.134375 0.15694444444444
10 0.029296875 0.64097222222222 0.05859375 0.25138888888889
10 0.877734375 0.36875 0.09921875 0.13472222222222
10 0.952734375 0.11319444444444 0.09140625 0.1375
10 0.3890625 0.18194444444444 0.0921875 0.13611111111111
10 0.83828125 0.83819444444444 0.065625 0.17638888888889
10 0.239453125 0.33402777777778 0.08515625 0.12916666666667
10 0.723046875 0.23611111111111 0.08515625 0.125
10 0.60234375 0.075 0.0859375 0.12222222222222
10 0.30390625 0.93194444444444 0.075 0.12222222222222
10 0.0671875 0.088888888888889 0.078125 0.11666666666667
10 0.16015625 0.054166666666667 0.0828125 0.10833333333333
10 0.9046875 0.38958333333333 0.0765625 0.11805555555556
10 0.505859375 0.10555555555556 0.07578125 0.11666666666667
10 0.224609375 0.20069444444444 0.07734375 0.1125
10 0.534765625 0.38194444444444 0.07890625 0.11111111111111
10 0.96328125 0.24027777777778 0.071875 0.11666666666667
10 0.415234375 0.63541666666667 0.07109375 0.11527777777778
10 0.663671875 0.94791666666667 0.08046875 0.098611111111111
10 0.48359375 0.28055555555556 0.071875 0.097222222222222
10 0.330859375 0.18194444444444 0.06953125 0.11111111111111
10 0.3796875 0.67013888888889 0.0734375 0.10138888888889
10 0.630859375 0.19652777777778 0.06796875 0.10138888888889
10 0.48203125 0.46111111111111 0.06875 0.1
10 0.864453125 0.041666666666667 0.08046875 0.083333333333333
10 0.35 0.72013888888889 0.0671875 0.098611111111111
10 0.746484375 0.43263888888889 0.06171875 0.095833333333333
10 0.93046875 0.43958333333333 0.065625 0.093055555555556
10 0.03203125 0.50069444444444 0.0640625 0.10138888888889
10 0.357421875 0.47986111111111 0.06328125 0.093055555555556
10 0.59609375 0.95416666666667 0.06875 0.083333333333333
10 0.828125 0.90069444444444 0.0625 0.090277777777778
10 0.68359375 0.34027777777778 0.0640625 0.091666666666667
10 0.8390625 0.79166666666667 0.0578125 0.097222222222222
10 0.5703125 0.65694444444444 0.0640625 0.086111111111111
10 0.61953125 0.44652777777778 0.0609375 0.090277777777778
10 0.2 0.72986111111111 0.0625 0.0875
10 0.573828125 0.80208333333333 0.06015625 0.081944444444444
10 0.762890625 0.64791666666667 0.05859375 0.090277777777778
10 0.7859375 0.80763888888889 0.0609375 0.079166666666667
10 0.66796875 0.54513888888889 0.059375 0.079166666666667
10 0.87109375 0.56527777777778 0.05625 0.083333333333333
10 0.5171875 0.8 0.0515625 0.077777777777778
10 0.484375 0.75763888888889 0.05 0.073611111111111
10 0.825390625 0.017361111111111 0.05078125 0.031944444444444
10 0.23203125 0.98125 0.05625 0.0375
10 0.46875 0.86805555555556 0.0515625 0.075
10 0.43046875 0.98611111111111 0.0453125 0.027777777777778