11 0.076822916666667 0.375 0.15364583333333 0.2037037037037
11 0.62161458333333 0.33564814814815 0.084895833333333 0.11203703703704
11 0.20625 0.40324074074074 0.140625 0.16388888888889
11 0.90833333333333 0.37268518518519 0.16875 0.21944444444444
11 0.70234375 0.2912037037037 0.068229166666667 0.09537037037037
11 0.13203125 0.29398148148148 0.0828125 0.10462962962963
11 0.54869791666667 0.2662037037037 0.080729166666667 0.10092592592593
11 0.69921875 0.32268518518519 0.099479166666667 0.16759259259259
11 0.77395833333333 0.38657407407407 0.10104166666667 0.13055555555556
11 0.75598958333333 0.42268518518519 0.13489583333333 0.21574074074074
11 0.9609375 0.16388888888889 0.079166666666667 0.17037037037037
11 0.34609375 0.41435185185185 0.24739583333333 0.2712962962963