10 0.42578125 0.68101851851852 0.0203125 0.026851851851852
10 0.40833333333333 0.5712962962963 0.01875 0.024074074074074
10 0.59765625 0.42407407407407 0.0296875 0.040740740740741
10 0.47291666666667 0.72268518518519 0.020833333333333 0.026851851851852
10 0.68411458333333 0.091666666666667 0.0265625 0.038888888888889
10 0.54661458333333 0.56990740740741 0.018229166666667 0.025
10 0.61328125 0.66574074074074 0.021354166666667 0.02962962962963
10 0.6875 0.23287037037037 0.060416666666667 0.091666666666667
10 0.32682291666667 0.91481481481481 0.0265625 0.037037037037037
10 0.49583333333333 0.75601851851852 0.027083333333333 0.036111111111111
10 0.54895833333333 0.7962962962963 0.025 0.031481481481481
10 0.56484375 0.30833333333333 0.0296875 0.038888888888889
10 0.33776041666667 0.70324074074074 0.021354166666667 0.028703703703704
10 0.4921875 0.48518518518519 0.020833333333333 0.027777777777778
10 0.52682291666667 0.6712962962963 0.019270833333333 0.025925925925926
10 0.51119791666667 0.75833333333333 0.021354166666667 0.027777777777778
10 0.51145833333333 0.51527777777778 0.025 0.032407407407407
10 0.9875 0.098611111111111 0.023958333333333 0.049074074074074
10 0.53645833333333 0.73009259259259 0.016666666666667 0.021296296296296
10 0.52890625 0.94675925925926 0.0203125 0.026851851851852
10 0.76484375 0.81805555555556 0.0265625 0.037962962962963
10 0.36223958333333 0.82777777777778 0.019270833333333 0.027777777777778
10 0.95416666666667 0.54027777777778 0.033333333333333 0.052777777777778
10 0.60651041666667 0.77962962962963 0.022395833333333 0.02962962962963
10 0.79114583333333 0.1087962962963 0.026041666666667 0.037962962962963
10 0.69270833333333 0.41342592592593 0.030208333333333 0.043518518518519
10 0.50651041666667 0.77824074074074 0.019270833333333 0.025
10 0.47838541666667 0.53888888888889 0.018229166666667 0.024074074074074
10 0.37734375 0.4712962962963 0.028645833333333 0.040740740740741
10 0.76015625 0.72037037037037 0.0265625 0.037037037037037
10 0.56927083333333 0.80787037037037 0.025 0.032407407407407
10 0.36145833333333 0.85462962962963 0.021875 0.02962962962963
10 0.87682291666667 0.41712962962963 0.033854166666667 0.050925925925926
10 0.82369791666667 0.9875 0.025520833333333 0.025
10 0.48671875 0.78888888888889 0.0296875 0.037037037037037
10 0.31979166666667 0.95787037037037 0.029166666666667 0.041666666666667
10 0.15520833333333 0.67962962962963 0.019791666666667 0.027777777777778
10 0.38697916666667 0.52824074074074 0.021875 0.030555555555556
10 0.13020833333333 0.67731481481481 0.023958333333333 0.034259259259259
10 0.58203125 0.54907407407407 0.030729166666667 0.042592592592593
10 0.40859375 0.79259259259259 0.0203125 0.025925925925926
10 0.54244791666667 0.48148148148148 0.0203125 0.027777777777778
10 0.86380208333333 0.49166666666667 0.0359375 0.057407407407407
10 0.51223958333333 0.68888888888889 0.018229166666667 0.024074074074074
10 0.97526041666667 0.57361111111111 0.034895833333333 0.050925925925926
10 0.52135416666667 0.56805555555556 0.019791666666667 0.025
10 0.465625 0.9837962962963 0.022916666666667 0.026851851851852
10 0.76015625 0.5 0.0296875 0.040740740740741
10 0.64505208333333 0.76898148148148 0.086979166666667 0.11203703703704
10 0.503125 0.43888888888889 0.01875 0.024074074074074
10 0.53020833333333 0.91712962962963 0.029166666666667 0.039814814814815
10 0.48203125 0.68194444444444 0.015104166666667 0.019444444444444
10 0.54166666666667 0.62453703703704 0.020833333333333 0.028703703703704
10 0.35963541666667 0.78981481481481 0.0234375 0.031481481481481
10 0.35546875 0.50648148148148 0.049479166666667 0.077777777777778
10 0.4765625 0.79814814814815 0.038541666666667 0.046296296296296
10 0.80911458333333 0.34166666666667 0.033854166666667 0.048148148148148
10 0.65885416666667 0.55555555555556 0.025 0.033333333333333
10 0.4375 0.64259259259259 0.019791666666667 0.025925925925926
10 0.50026041666667 0.5587962962963 0.0171875 0.021296296296296
10 0.73645833333333 0.14814814814815 0.027083333333333 0.040740740740741
10 0.3140625 0.78935185185185 0.023958333333333 0.032407407407407
10 0.98046875 0.63611111111111 0.040104166666667 0.13703703703704
10 0.41380208333333 0.68842592592593 0.019270833333333 0.025
10 0.43671875 0.4537037037037 0.0171875 0.024074074074074
10 0.45442708333333 0.28888888888889 0.0140625 0.018518518518519
10 0.45208333333333 0.74583333333333 0.030208333333333 0.041666666666667
10 0.546875 0.83888888888889 0.022916666666667 0.031481481481481
10 0.765625 0.58518518518519 0.026041666666667 0.037037037037037
10 0.26276041666667 0.78333333333333 0.021354166666667 0.02962962962963
10 0.4609375 0.60648148148148 0.014583333333333 0.018518518518519
10 0.45572916666667 0.55833333333333 0.017708333333333 0.022222222222222
10 0.47291666666667 0.64814814814815 0.017708333333333 0.024074074074074
10 0.4 0.84490740740741 0.023958333333333 0.032407407407407
10 0.52786458333333 0.4962962962963 0.022395833333333 0.027777777777778
10 0.6140625 0.89027777777778 0.025 0.036111111111111
10 0.50416666666667 0.65462962962963 0.019791666666667 0.025925925925926
10 0.875 0.38842592592593 0.028125 0.039814814814815
10 0.63046875 0.61574074074074 0.036979166666667 0.05
10 0.478125 0.61574074074074 0.01875 0.024074074074074
10 0.73151041666667 0.57083333333333 0.024479166666667 0.034259259259259
10 0.33203125 0.56944444444444 0.022395833333333 0.031481481481481
10 0.81875 0.85 0.064583333333333 0.077777777777778
10 0.81822916666667 0.4287037037037 0.03125 0.046296296296296
10 0.26223958333333 0.75555555555556 0.024479166666667 0.035185185185185
10 0.55729166666667 0.37824074074074 0.021875 0.028703703703704