10 0.16015625 0.93009259259259 0.31302083333333 0.13981481481481
10 0.51302083333333 0.91018518518519 0.023958333333333 0.031481481481481
10 0.56770833333333 0.27314814814815 0.033333333333333 0.051851851851852
10 0.45833333333333 0.89768518518519 0.023958333333333 0.034259259259259
10 0.55755208333333 0.30324074074074 0.025520833333333 0.037962962962963
10 0.55130208333333 0.5837962962963 0.025520833333333 0.034259259259259
10 0.42760416666667 0.82175925925926 0.022916666666667 0.030555555555556
10 0.30390625 0.92083333333333 0.025520833333333 0.036111111111111
10 0.42578125 0.91898148148148 0.022395833333333 0.028703703703704
10 0.56302083333333 0.81944444444444 0.027083333333333 0.037037037037037
10 0.81536458333333 0.29861111111111 0.028645833333333 0.047222222222222
10 0.40338541666667 0.8912037037037 0.018229166666667 0.025
10 0.54244791666667 0.79814814814815 0.0171875 0.022222222222222
10 0.56770833333333 0.57824074074074 0.025 0.032407407407407
10 0.55755208333333 0.89814814814815 0.027604166666667 0.037037037037037
10 0.58307291666667 0.63611111111111 0.0234375 0.031481481481481
10 0.43020833333333 0.89537037037037 0.017708333333333 0.024074074074074
10 0.51145833333333 0.71851851851852 0.023958333333333 0.031481481481481
10 0.79791666666667 0.40416666666667 0.045833333333333 0.058333333333333
10 0.54192708333333 0.48101851851852 0.021354166666667 0.028703703703704
10 0.29713541666667 0.83564814814815 0.024479166666667 0.034259259259259
10 0.44739583333333 0.79027777777778 0.028125 0.037962962962963
10 0.43359375 0.94953703703704 0.0265625 0.036111111111111
10 0.43489583333333 0.77314814814815 0.021875 0.027777777777778
10 0.58385416666667 0.47268518518519 0.026041666666667 0.037962962962963
10 0.30625 0.94861111111111 0.022916666666667 0.032407407407407
10 0.53984375 0.76944444444444 0.024479166666667 0.031481481481481
10 0.49348958333333 0.50185185185185 0.0390625 0.059259259259259
10 0.48072916666667 0.85462962962963 0.026041666666667 0.033333333333333
10 0.29869791666667 0.61944444444444 0.024479166666667 0.033333333333333
10 0.5 0.45972222222222 0.019791666666667 0.026851851851852
10 0.10364583333333 0.87407407407407 0.022916666666667 0.031481481481481
10 0.55625 0.50740740740741 0.035416666666667 0.051851851851852
10 0.36744791666667 0.96527777777778 0.053645833333333 0.069444444444444
10 0.6953125 0.53657407407407 0.052083333333333 0.080555555555556
10 0.75208333333333 0.79166666666667 0.027083333333333 0.037037037037037
10 0.53697916666667 0.63657407407407 0.019791666666667 0.026851851851852
10 0.44713541666667 0.73148148148148 0.0296875 0.037037037037037
10 0.88723958333333 0.53518518518519 0.0578125 0.081481481481481
10 0.53229166666667 0.92222222222222 0.03125 0.038888888888889
10 0.88463541666667 0.77314814814815 0.0640625 0.096296296296296
10 0.45729166666667 0.84259259259259 0.025 0.033333333333333
10 0.51953125 0.79212962962963 0.0234375 0.030555555555556
10 0.50130208333333 0.77824074074074 0.024479166666667 0.030555555555556
10 0.50651041666667 0.56064814814815 0.022395833333333 0.028703703703704
10 0.53619791666667 0.85462962962963 0.024479166666667 0.031481481481481
10 0.26953125 0.71759259259259 0.0234375 0.033333333333333
10 0.98046875 0.58518518518519 0.038020833333333 0.066666666666667
10 0.62005208333333 0.88333333333333 0.028645833333333 0.038888888888889
10 0.14453125 0.65462962962963 0.027604166666667 0.037037037037037
10 0.52942708333333 0.55601851851852 0.0234375 0.032407407407407
10 0.68567708333333 0.010648148148148 0.0265625 0.021296296296296
10 0.52578125 0.70601851851852 0.018229166666667 0.023148148148148
10 0.98072916666667 0.73101851851852 0.032291666666667 0.047222222222222
10 0.43072916666667 0.86898148148148 0.022916666666667 0.030555555555556
10 0.39895833333333 0.92824074074074 0.020833333333333 0.026851851851852
10 0.64166666666667 0.030555555555556 0.028125 0.042592592592593
10 0.51927083333333 0.58472222222222 0.038541666666667 0.043518518518519
10 0.34296875 0.45925925925926 0.019270833333333 0.025925925925926
10 0.90494791666667 0.51990740740741 0.081770833333333 0.12314814814815
10 0.52213541666667 0.74861111111111 0.027604166666667 0.034259259259259
10 0.24348958333333 0.36018518518519 0.030729166666667 0.053703703703704
10 0.87890625 0.54814814814815 0.034895833333333 0.051851851851852
10 0.59140625 0.8662037037037 0.025520833333333 0.036111111111111
10 0.61484375 0.97962962962963 0.0296875 0.037037037037037
10 0.50442708333333 0.66111111111111 0.027604166666667 0.035185185185185
10 0.54010416666667 0.66712962962963 0.023958333333333 0.032407407407407
10 0.49036458333333 0.82777777777778 0.034895833333333 0.042592592592593
10 0.58333333333333 0.5462962962963 0.030208333333333 0.040740740740741
10 0.79244791666667 0.1962962962963 0.0296875 0.040740740740741
10 0.5640625 0.96898148148148 0.028125 0.037962962962963
10 0.63619791666667 0.35833333333333 0.027604166666667 0.042592592592593
10 0.68958333333333 0.65046296296296 0.028125 0.037962962962963
10 0.58020833333333 0.88425925925926 0.019791666666667 0.025925925925926
10 0.77526041666667 0.63333333333333 0.025520833333333 0.037037037037037
10 0.34947916666667 0.87824074074074 0.023958333333333 0.034259259259259