10 0.675390625 0.64097222222222 0.03671875 0.051388888888889
10 0.58828125 0.65277777777778 0.0375 0.05
10 0.64140625 0.62777777777778 0.0546875 0.066666666666667
10 0.648046875 0.68541666666667 0.03359375 0.045833333333333
10 0.54375 0.81041666666667 0.0375 0.040277777777778
10 0.746875 0.56041666666667 0.0421875 0.054166666666667
10 0.633203125 0.89305555555556 0.04453125 0.058333333333333
10 0.5234375 0.89513888888889 0.0421875 0.048611111111111
10 0.732421875 0.94513888888889 0.03046875 0.040277777777778
10 0.669921875 0.76388888888889 0.08203125 0.11666666666667
10 0.756640625 0.80138888888889 0.03671875 0.05
10 0.705078125 0.67569444444444 0.03359375 0.043055555555556
10 0.756640625 0.44513888888889 0.03671875 0.051388888888889
10 0.76796875 0.71597222222222 0.034375 0.045833333333333
10 0.601171875 0.47708333333333 0.03515625 0.043055555555556
10 0.71484375 0.91041666666667 0.0359375 0.048611111111111
10 0.628125 0.55208333333333 0.0484375 0.0625
10 0.812109375 0.83263888888889 0.03359375 0.043055555555556
10 0.5734375 0.76319444444444 0.034375 0.040277777777778
10 0.6734375 0.89791666666667 0.04375 0.054166666666667
10 0.733203125 0.73888888888889 0.04140625 0.05