6 0.66171875 0.84444444444444 0.0375 0.052777777777778
6 0.73046875 0.79791666666667 0.040625 0.056944444444444
6 0.57890625 0.46041666666667 0.0453125 0.059722222222222
10 0.561328125 0.95347222222222 0.04140625 0.054166666666667
10 0.576953125 0.45763888888889 0.04453125 0.065277777777778
10 0.578125 0.62638888888889 0.059375 0.047222222222222
10 0.5609375 0.95347222222222 0.0453125 0.059722222222222
10 0.7296875 0.79861111111111 0.0421875 0.055555555555556
10 0.598046875 0.55486111111111 0.03671875 0.065277777777778
10 0.693359375 0.79513888888889 0.04140625 0.054166666666667
10 0.740625 0.87708333333333 0.0375 0.048611111111111
10 0.662890625 0.84513888888889 0.03984375 0.051388888888889
10 0.6484375 0.65347222222222 0.0375 0.045833333333333
10 0.56171875 0.63055555555556 0.0359375 0.044444444444444
10 0.611328125 0.69583333333333 0.03671875 0.044444444444444
10 0.67578125 0.74513888888889 0.034375 0.043055555555556
10 0.567578125 0.44652777777778 0.03359375 0.045833333333333
10 0.58359375 0.85763888888889 0.034375 0.043055555555556
10 0.704296875 0.91875 0.03359375 0.043055555555556
10 0.737890625 0.78680555555556 0.03359375 0.043055555555556
10 0.6953125 0.47638888888889 0.03125 0.044444444444444
10 0.68359375 0.38055555555556 0.03125 0.044444444444444
10 0.630859375 0.92430555555556 0.03203125 0.043055555555556
10 0.692578125 0.81944444444444 0.03203125 0.041666666666667
10 0.63984375 0.58819444444444 0.0328125 0.040277777777778
10 0.6796875 0.76597222222222 0.0328125 0.040277777777778
10 0.59140625 0.54513888888889 0.03125 0.040277777777778
10 0.662890625 0.60486111111111 0.03203125 0.040277777777778
10 0.60078125 0.79097222222222 0.03125 0.040277777777778
10 0.61015625 0.74444444444444 0.03125 0.038888888888889
10 0.66796875 0.67638888888889 0.03125 0.038888888888889
10 0.60546875 0.66597222222222 0.0296875 0.040277777777778
10 0.605078125 0.57013888888889 0.03046875 0.0375
10 0.70625 0.67291666666667 0.0296875 0.0375
10 0.608984375 0.72708333333333 0.03046875 0.0375
10 0.7171875 0.70902777777778 0.0296875 0.0375
10 0.6828125 0.68194444444444 0.0296875 0.036111111111111
10 0.581640625 0.63402777777778 0.02734375 0.0375
10 0.6046875 0.61458333333333 0.028125 0.034722222222222
10 0.63359375 0.73472222222222 0.028125 0.036111111111111
10 0.682421875 0.86458333333333 0.02734375 0.034722222222222
10 0.71875 0.77291666666667 0.025 0.031944444444444
10 0.671875 0.58125 0.01875 0.026388888888889
10 0.578515625 0.45972222222222 0.04296875 0.063888888888889
10 0.73125 0.79513888888889 0.0453125 0.059722222222222
10 0.66171875 0.84444444444444 0.0375 0.05
10 0.69296875 0.79375 0.040625 0.054166666666667
10 0.561328125 0.95277777777778 0.04296875 0.058333333333333
10 0.694140625 0.67777777777778 0.04765625 0.038888888888889
10 0.648046875 0.65416666666667 0.03515625 0.047222222222222
10 0.740625 0.87708333333333 0.0359375 0.045833333333333
10 0.562109375 0.63125 0.03515625 0.045833333333333
10 0.583203125 0.85763888888889 0.03359375 0.043055555555556
10 0.6921875 0.81875 0.0328125 0.043055555555556
10 0.703125 0.91805555555556 0.0328125 0.041666666666667
10 0.695703125 0.47638888888889 0.03046875 0.044444444444444
10 0.683984375 0.38194444444444 0.03046875 0.044444444444444
10 0.675390625 0.74444444444444 0.03203125 0.041666666666667
10 0.611328125 0.69583333333333 0.03203125 0.041666666666667
10 0.567578125 0.44652777777778 0.03046875 0.043055555555556
10 0.630859375 0.92361111111111 0.03046875 0.041666666666667
10 0.639453125 0.5875 0.03046875 0.041666666666667
10 0.591015625 0.54513888888889 0.03046875 0.040277777777778
10 0.601171875 0.79097222222222 0.03046875 0.040277777777778
10 0.6375 0.65763888888889 0.0296875 0.040277777777778
10 0.60546875 0.57083333333333 0.0296875 0.038888888888889
10 0.6796875 0.76666666666667 0.0296875 0.038888888888889
10 0.610546875 0.74513888888889 0.03046875 0.0375
10 0.662890625 0.60555555555556 0.02890625 0.038888888888889
10 0.705859375 0.67361111111111 0.02890625 0.038888888888889
10 0.605859375 0.66527777777778 0.02890625 0.038888888888889
10 0.633203125 0.73541666666667 0.02890625 0.0375
10 0.668359375 0.67708333333333 0.02734375 0.0375
10 0.608984375 0.72638888888889 0.02578125 0.038888888888889
10 0.60390625 0.61388888888889 0.0265625 0.036111111111111
10 0.6828125 0.68333333333333 0.0265625 0.036111111111111
10 0.581640625 0.63402777777778 0.02578125 0.034722222222222
10 0.716796875 0.71041666666667 0.02578125 0.034722222222222
10 0.68125 0.86527777777778 0.0265625 0.036111111111111
10 0.598828125 0.69027777777778 0.02265625 0.027777777777778
10 0.671875 0.58125 0.0171875 0.023611111111111