10 0.68984375 0.17962962962963 0.066145833333333 0.074074074074074
10 0.11197916666667 0.40972222222222 0.069791666666667 0.084259259259259
10 0.68333333333333 0.38518518518519 0.098958333333333 0.090740740740741
10 0.11145833333333 0.29907407407407 0.11041666666667 0.10185185185185
10 0.091145833333333 0.22916666666667 0.059375 0.065740740740741
10 0.79140625 0.13935185185185 0.10364583333333 0.13981481481481
10 0.76588541666667 0.49814814814815 0.053645833333333 0.064814814814815
10 0.60703125 0.084722222222222 0.080729166666667 0.10092592592593
10 0.51119791666667 0.32916666666667 0.059895833333333 0.069444444444444
10 0.86979166666667 0.50925925925926 0.054166666666667 0.07037037037037
10 0.41432291666667 0.064351851851852 0.074479166666667 0.10277777777778
10 0.35833333333333 0.25972222222222 0.08125 0.082407407407407
10 0.03828125 0.15046296296296 0.068229166666667 0.078703703703704
10 0.71484375 0.26759259259259 0.13385416666667 0.1537037037037
10 0.92291666666667 0.44861111111111 0.054166666666667 0.075
10 0.80859375 0.2162037037037 0.052604166666667 0.075
10 0.28619791666667 0.5 0.12864583333333 0.16111111111111
10 0.41197916666667 0.16203703703704 0.079166666666667 0.10925925925926
10 0.71067708333333 0.078240740740741 0.081770833333333 0.10648148148148
10 0.225 0.22962962962963 0.059375 0.062962962962963
10 0.59947916666667 0.29953703703704 0.072916666666667 0.086111111111111
10 0.86145833333333 0.41481481481481 0.11145833333333 0.15
10 0.80572916666667 0.46527777777778 0.045833333333333 0.05462962962963
10 0.19713541666667 0.37268518518519 0.0984375 0.11944444444444
10 0.97994791666667 0.28842592592593 0.0390625 0.10277777777778
10 0.09765625 0.046296296296296 0.12760416666667 0.092592592592593
10 0.97265625 0.51018518518519 0.052604166666667 0.077777777777778
10 0.92239583333333 0.18842592592593 0.052083333333333 0.073148148148148
10 0.39088541666667 0.43888888888889 0.099479166666667 0.10925925925926
10 0.27005208333333 0.3337962962963 0.083854166666667 0.089814814814815
10 0.91744791666667 0.3587962962963 0.065104166666667 0.10092592592593
10 0.25286458333333 0.081481481481481 0.0671875 0.094444444444444
10 0.83854166666667 0.54166666666667 0.05 0.064814814814815
10 0.6078125 0.44212962962963 0.097916666666667 0.10833333333333
10 0.52526041666667 0.47314814814815 0.2078125 0.26296296296296
10 0.029947916666667 0.25833333333333 0.059895833333333 0.077777777777778
10 0.22369791666667 0.42685185185185 0.086979166666667 0.096296296296296