10 0.83489461358314 0.047916666666667 0.056206088992974 0.054166666666667
10 0.36182669789227 0.24375 0.086651053864169 0.1
10 0.62704918032787 0.11875 0.052693208430913 0.058333333333333
10 0.52107728337237 0.091666666666667 0.063231850117096 0.066666666666667
10 0.36885245901639 0.16979166666667 0.065573770491803 0.06875
10 0.53454332552693 0.48020833333333 0.7271662763466 0.61458333333333
10 0.4672131147541 0.15104166666667 0.053864168618267 0.05625
10 0.75175644028103 0.045833333333333 0.058548009367682 0.058333333333333
10 0.29508196721311 0.29583333333333 0.067915690866511 0.070833333333333
10 0.76463700234192 0.11145833333333 0.053864168618267 0.05625
10 0.57084309133489 0.1625 0.10655737704918 0.10416666666667
10 0.61826697892272 0.05625 0.053864168618267 0.0625
10 0.71311475409836 0.13854166666667 0.072599531615925 0.08125
10 0.47658079625293 0.039583333333333 0.056206088992974 0.0625
10 0.80913348946136 0.1 0.056206088992974 0.058333333333333