10 0.84140625 0.36805555555556 0.3171875 0.6
10 0.434375 0.35347222222222 0.0890625 0.098611111111111
6 0.571875 0.47638888888889 0.0796875 0.1
10 0.163671875 0.6375 0.28046875 0.45555555555556
10 0.208203125 0.8875 0.08515625 0.1
10 0.40625 0.57986111111111 0.078125 0.095833333333333
10 0.220703125 0.065277777777778 0.08515625 0.1
10 0.82578125 0.35208333333333 0.346875 0.6625
10 0.178515625 0.22708333333333 0.08359375 0.11527777777778
10 0.169921875 0.63680555555556 0.32890625 0.5125
10 0.221484375 0.065972222222222 0.08671875 0.10972222222222
10 0.162890625 0.05 0.08828125 0.1
10 0.406640625 0.58055555555556 0.08046875 0.10833333333333
10 0.207421875 0.88541666666667 0.08359375 0.10138888888889
10 0.47109375 0.57638888888889 0.08125 0.097222222222222
10 0.571875 0.47638888888889 0.0765625 0.10277777777778
10 0.45234375 0.070138888888889 0.0734375 0.10694444444444
10 0.551171875 0.33472222222222 0.06640625 0.10277777777778
10 0.350390625 0.30486111111111 0.06484375 0.095833333333333
10 0.028125 0.20972222222222 0.05625 0.10555555555556
10 0.258984375 0.16111111111111 0.05859375 0.086111111111111
10 0.521484375 0.48125 0.05859375 0.079166666666667
10 0.528515625 0.55277777777778 0.05703125 0.075
10 0.5703125 0.41388888888889 0.05625 0.075
10 0.3609375 0.45972222222222 0.053125 0.077777777777778
10 0.500390625 0.59583333333333 0.05703125 0.072222222222222
10 0.434765625 0.42638888888889 0.05234375 0.077777777777778
10 0.5375 0.40208333333333 0.053125 0.070833333333333
10 0.342578125 0.14513888888889 0.05078125 0.073611111111111
10 0.485546875 0.41875 0.05078125 0.070833333333333
10 0.443359375 0.47222222222222 0.04921875 0.069444444444444
10 0.421484375 0.029861111111111 0.05546875 0.059722222222222
10 0.288671875 0.028472222222222 0.05078125 0.056944444444444
10 0.22890625 0.475 0.03125 0.044444444444444
10 0.032421875 0.59444444444444 0.03046875 0.041666666666667
10 0.987109375 0.69791666666667 0.02578125 0.048611111111111
10 0.784765625 0.71875 0.03046875 0.0375
10 0.069140625 0.96458333333333 0.02734375 0.040277777777778
10 0.207421875 0.94444444444444 0.02734375 0.038888888888889
10 0.1640625 0.63402777777778 0.3046875 0.47638888888889
10 0.838671875 0.34652777777778 0.32109375 0.63194444444444
10 0.300390625 0.11319444444444 0.09765625 0.13194444444444
10 0.221484375 0.065277777777778 0.08515625 0.10833333333333
10 0.16328125 0.051388888888889 0.0859375 0.10277777777778
10 0.178125 0.22708333333333 0.078125 0.1125
10 0.406640625 0.57986111111111 0.07578125 0.10694444444444
10 0.207421875 0.88680555555556 0.08203125 0.10694444444444
10 0.45390625 0.069444444444444 0.075 0.10555555555556
10 0.57109375 0.47777777777778 0.0734375 0.10555555555556
10 0.55078125 0.33402777777778 0.0609375 0.098611111111111
10 0.46796875 0.57638888888889 0.0703125 0.091666666666667
10 0.02734375 0.20972222222222 0.0546875 0.10555555555556
10 0.350390625 0.30486111111111 0.06171875 0.093055555555556
10 0.258203125 0.1625 0.05703125 0.086111111111111
10 0.521484375 0.48194444444444 0.05703125 0.080555555555556
10 0.3921875 0.040972222222222 0.0546875 0.076388888888889
10 0.433984375 0.425 0.05234375 0.077777777777778
10 0.36015625 0.45972222222222 0.05 0.077777777777778
10 0.528515625 0.55208333333333 0.05234375 0.073611111111111
10 0.570703125 0.41458333333333 0.05078125 0.073611111111111
10 0.501953125 0.59652777777778 0.05234375 0.070833333333333
10 0.422265625 0.030555555555556 0.06015625 0.061111111111111
10 0.342578125 0.14513888888889 0.04765625 0.070833333333333
10 0.5375 0.40138888888889 0.0484375 0.069444444444444
10 0.48515625 0.41875 0.046875 0.070833333333333
10 0.444921875 0.47291666666667 0.04609375 0.068055555555556
10 0.28828125 0.027777777777778 0.053125 0.055555555555556
10 0.229296875 0.475 0.03046875 0.044444444444444
10 0.9859375 0.69722222222222 0.0265625 0.047222222222222
10 0.069140625 0.96458333333333 0.02890625 0.043055555555556
10 0.031640625 0.59513888888889 0.02890625 0.043055555555556
10 0.78515625 0.72083333333333 0.0296875 0.038888888888889
10 0.20703125 0.94375 0.0265625 0.040277777777778
10 0.2421875 0.90277777777778 0.0234375 0.036111111111111
10 0.837890625 0.34652777777778 0.32265625 0.63472222222222
10 0.16328125 0.63263888888889 0.3046875 0.47638888888889
10 0.301953125 0.1125 0.09609375 0.13333333333333
10 0.1625 0.05 0.0875 0.1
10 0.22109375 0.065277777777778 0.084375 0.10833333333333
10 0.206640625 0.88611111111111 0.08359375 0.10277777777778
10 0.40703125 0.57916666666667 0.0765625 0.10833333333333
10 0.454296875 0.069444444444444 0.07578125 0.10555555555556
10 0.46796875 0.57569444444444 0.071875 0.093055555555556
10 0.571484375 0.47777777777778 0.07421875 0.10555555555556
10 0.350390625 0.30486111111111 0.06015625 0.093055555555556
10 0.551171875 0.33402777777778 0.06328125 0.098611111111111
10 0.521484375 0.48194444444444 0.06015625 0.080555555555556
10 0.528515625 0.55208333333333 0.05546875 0.076388888888889
10 0.43359375 0.425 0.053125 0.077777777777778
10 0.501171875 0.59652777777778 0.05390625 0.073611111111111
10 0.5703125 0.41319444444444 0.053125 0.073611111111111
10 0.360546875 0.45902777777778 0.05078125 0.076388888888889
10 0.422265625 0.029861111111111 0.05859375 0.059722222222222
10 0.444921875 0.47152777777778 0.04765625 0.070833333333333
10 0.5375 0.4 0.0484375 0.069444444444444
10 0.485546875 0.41805555555556 0.04765625 0.069444444444444
10 0.2875 0.026388888888889 0.0515625 0.052777777777778
10 0.784765625 0.72013888888889 0.03203125 0.040277777777778
10 0.9859375 0.69722222222222 0.028125 0.047222222222222
10 0.03125 0.59513888888889 0.028125 0.043055555555556
10 0.20703125 0.94375 0.028125 0.040277777777778