10 0.401953125 0.29722222222222 0.05234375 0.075
10 0.149609375 0.68333333333333 0.03203125 0.041666666666667
10 0.841015625 0.65486111111111 0.02890625 0.034722222222222
10 0.14765625 0.51736111111111 0.2875 0.47638888888889
10 0.048828125 0.91875 0.03515625 0.045833333333333
10 0.330078125 0.28333333333333 0.06015625 0.077777777777778
10 0.849609375 0.32777777777778 0.31015625 0.59444444444444
10 0.238671875 0.22430555555556 0.08046875 0.10972222222222
10 0.2109375 0.11458333333333 0.115625 0.1625
10 0.229296875 0.33958333333333 0.05859375 0.084722222222222
10 0.36015625 0.33958333333333 0.071875 0.10416666666667
10 0.416796875 0.17916666666667 0.05859375 0.080555555555556
10 0.28203125 0.13194444444444 0.0640625 0.088888888888889
10 0.2265625 0.040972222222222 0.0921875 0.081944444444444
10 0.315625 0.16388888888889 0.0578125 0.083333333333333
10 0.423828125 0.10555555555556 0.08046875 0.11388888888889
10 0.019921875 0.020138888888889 0.03828125 0.040277777777778
10 0.285546875 0.42916666666667 0.06328125 0.094444444444444
10 0.16328125 0.045833333333333 0.078125 0.091666666666667
10 0.271484375 0.086805555555556 0.05859375 0.090277777777778
10 0.269921875 0.35416666666667 0.05703125 0.080555555555556
10 0.4359375 0.23819444444444 0.0578125 0.079166666666667