11 0.034114583333333 0.71898148148148 0.0671875 0.15092592592593
11 0.87447916666667 0.97731481481481 0.042708333333333 0.049074074074074
11 0.39895833333333 0.83333333333333 0.038541666666667 0.05
11 0.45651041666667 0.92361111111111 0.030729166666667 0.04537037037037
11 0.93515625 0.16018518518519 0.028645833333333 0.044444444444444
11 0.65885416666667 0.51666666666667 0.028125 0.042592592592593
11 0.70755208333333 0.75185185185185 0.027604166666667 0.040740740740741
11 0.20651041666667 0.80555555555556 0.0265625 0.037037037037037
11 0.048697916666667 0.89351851851852 0.025520833333333 0.038888888888889
11 0.4984375 0.3962962962963 0.023958333333333 0.037037037037037
11 0.27447916666667 0.97453703703704 0.025 0.036111111111111
11 0.82890625 0.96435185185185 0.0234375 0.036111111111111
11 0.90052083333333 0.95509259259259 0.021875 0.032407407407407
11 0.55390625 0.75833333333333 0.022395833333333 0.035185185185185
11 0.70651041666667 0.81435185185185 0.021354166666667 0.032407407407407
11 0.37890625 0.91805555555556 0.022395833333333 0.030555555555556
11 0.63463541666667 0.68472222222222 0.022395833333333 0.030555555555556
11 0.42213541666667 0.38240740740741 0.0203125 0.033333333333333
11 0.78802083333333 0.9625 0.020833333333333 0.032407407407407
11 0.44739583333333 0.69490740740741 0.021875 0.028703703703704
11 0.8546875 0.89583333333333 0.020833333333333 0.030555555555556
11 0.65572916666667 0.69537037037037 0.020833333333333 0.02962962962963
11 0.92473958333333 0.82314814814815 0.0203125 0.02962962962963
11 0.51276041666667 0.20648148148148 0.019270833333333 0.031481481481481
11 0.94036458333333 0.51064814814815 0.0203125 0.028703703703704
11 0.871875 0.61342592592593 0.019791666666667 0.028703703703704
11 0.74609375 0.68657407407407 0.019270833333333 0.026851851851852
11 0.80286458333333 0.66898148148148 0.019270833333333 0.026851851851852
11 0.87942708333333 0.22916666666667 0.018229166666667 0.026851851851852
11 0.97213541666667 0.97546296296296 0.019270833333333 0.026851851851852
11 0.52604166666667 0.90972222222222 0.01875 0.025
11 0.84661458333333 0.50138888888889 0.0171875 0.026851851851852
11 0.66380208333333 0.82546296296296 0.0171875 0.026851851851852
11 0.84401041666667 0.82268518518519 0.018229166666667 0.025
11 0.83359375 0.77314814814815 0.0171875 0.025925925925926
11 0.45807291666667 0.83888888888889 0.018229166666667 0.024074074074074
11 0.44192708333333 0.85324074074074 0.018229166666667 0.023148148148148
11 0.91927083333333 0.46527777777778 0.016666666666667 0.023148148148148
11 0.45338541666667 0.74305555555556 0.021354166666667 0.017592592592593
11 0.47395833333333 0.81574074074074 0.016666666666667 0.022222222222222
11 0.6140625 0.76759259259259 0.015625 0.022222222222222
11 0.525 0.60833333333333 0.015625 0.022222222222222
11 0.37942708333333 0.80324074074074 0.015104166666667 0.021296296296296
11 0.63697916666667 0.82407407407407 0.014583333333333 0.02037037037037
11 0.309375 0.86712962962963 0.014583333333333 0.019444444444444
11 0.3671875 0.81898148148148 0.014583333333333 0.019444444444444
11 0.55494791666667 0.84814814814815 0.015104166666667 0.018518518518519
11 0.43359375 0.74861111111111 0.0140625 0.019444444444444
11 0.51067708333333 0.75324074074074 0.0140625 0.019444444444444
11 0.3578125 0.78472222222222 0.013541666666667 0.019444444444444
11 0.30677083333333 0.92731481481481 0.013541666666667 0.019444444444444
11 0.3671875 0.99259259259259 0.017708333333333 0.014814814814815
11 0.52057291666667 0.60555555555556 0.0140625 0.018518518518519
11 0.34192708333333 0.81388888888889 0.0140625 0.018518518518519
11 0.41796875 0.78472222222222 0.013020833333333 0.019444444444444
11 0.32317708333333 0.99305555555556 0.018229166666667 0.013888888888889
11 0.27864583333333 0.89814814814815 0.013541666666667 0.018518518518519
11 0.50494791666667 0.67407407407407 0.013020833333333 0.018518518518519
11 0.26848958333333 0.87824074074074 0.0140625 0.017592592592593
11 0.43177083333333 0.8162037037037 0.013541666666667 0.017592592592593
11 0.47447916666667 0.58333333333333 0.0125 0.018518518518519
11 0.51328125 0.5625 0.013020833333333 0.017592592592593
11 0.55078125 0.56157407407407 0.013020833333333 0.017592592592593
11 0.54973958333333 0.66805555555556 0.011979166666667 0.017592592592593
11 0.58541666666667 0.49583333333333 0.0125 0.017592592592593
11 0.4953125 0.65555555555556 0.013541666666667 0.016666666666667
11 0.30859375 0.95601851851852 0.011979166666667 0.017592592592593
11 0.475 0.74907407407407 0.0125 0.016666666666667
11 0.50416666666667 0.69398148148148 0.011458333333333 0.017592592592593
11 0.25052083333333 0.94259259259259 0.011458333333333 0.016666666666667
11 0.37291666666667 0.75462962962963 0.011458333333333 0.016666666666667
11 0.46015625 0.66203703703704 0.011979166666667 0.016666666666667
11 0.48177083333333 0.65601851851852 0.011458333333333 0.015740740740741
11 0.45520833333333 0.63935185185185 0.011458333333333 0.015740740740741
11 0.49166666666667 0.79444444444444 0.011458333333333 0.014814814814815
11 0.42239583333333 0.67962962962963 0.011458333333333 0.014814814814815
11 0.6203125 0.6375 0.010416666666667 0.015740740740741
11 0.6171875 0.60601851851852 0.010416666666667 0.015740740740741
11 0.40494791666667 0.74398148148148 0.0109375 0.013888888888889