10 0.55572916666667 0.75509259259259 0.032291666666667 0.041666666666667
10 0.49270833333333 0.6 0.026041666666667 0.031481481481481
10 0.86536458333333 0.23287037037037 0.0328125 0.049074074074074
10 0.52395833333333 0.23564814814815 0.028125 0.039814814814815
10 0.47083333333333 0.77546296296296 0.030208333333333 0.037962962962963
10 0.5453125 0.86527777777778 0.038541666666667 0.052777777777778
10 0.46588541666667 0.53842592592593 0.027604166666667 0.034259259259259
10 0.2390625 0.85787037037037 0.029166666666667 0.036111111111111
10 0.47109375 0.69305555555556 0.0328125 0.039814814814815
10 0.46328125 0.69907407407407 0.0265625 0.031481481481481
10 0.49427083333333 0.88796296296296 0.034375 0.042592592592593
10 0.80833333333333 0.32638888888889 0.034375 0.049074074074074
10 0.77265625 0.13333333333333 0.030729166666667 0.048148148148148
10 0.40390625 0.42175925925926 0.027604166666667 0.037962962962963
10 0.89869791666667 0.50185185185185 0.034895833333333 0.051851851851852
10 0.39973958333333 0.7212962962963 0.028645833333333 0.040740740740741
10 0.51588541666667 0.43981481481481 0.0234375 0.031481481481481
10 0.42838541666667 0.74212962962963 0.022395833333333 0.028703703703704
10 0.22057291666667 0.18842592592593 0.0359375 0.058333333333333
10 0.9328125 0.75277777777778 0.035416666666667 0.053703703703704
10 0.52317708333333 0.85694444444444 0.036979166666667 0.047222222222222
10 0.54375 0.36111111111111 0.042708333333333 0.057407407407407
10 0.53098958333333 0.77592592592593 0.022395833333333 0.025925925925926
10 0.72161458333333 0.42962962962963 0.0359375 0.051851851851852
10 0.51432291666667 0.57453703703704 0.0328125 0.039814814814815
10 0.05078125 0.82175925925926 0.024479166666667 0.032407407407407
10 0.37630208333333 0.18842592592593 0.0296875 0.043518518518519
10 0.57109375 0.81435185185185 0.028645833333333 0.037962962962963
10 0.44114583333333 0.29212962962963 0.029166666666667 0.039814814814815
10 0.72864583333333 0.53888888888889 0.032291666666667 0.044444444444444
10 0.013541666666667 0.69166666666667 0.027083333333333 0.046296296296296
10 0.52369791666667 0.75138888888889 0.031770833333333 0.039814814814815
10 0.2609375 0.85416666666667 0.029166666666667 0.037962962962963
10 0.51484375 0.71157407407407 0.025520833333333 0.030555555555556
10 0.45494791666667 0.89027777777778 0.028645833333333 0.036111111111111
10 0.99036458333333 0.43333333333333 0.019270833333333 0.046296296296296
10 0.97994791666667 0.65416666666667 0.0390625 0.062037037037037
10 0.48854166666667 0.68611111111111 0.038541666666667 0.044444444444444
10 0.70598958333333 0.68981481481481 0.028645833333333 0.040740740740741
10 0.42682291666667 0.87314814814815 0.0328125 0.042592592592593
10 0.49557291666667 0.8212962962963 0.024479166666667 0.031481481481481
10 0.37421875 0.74907407407407 0.028645833333333 0.035185185185185
10 0.4609375 0.6537037037037 0.026041666666667 0.031481481481481
10 0.50052083333333 0.53888888888889 0.030208333333333 0.038888888888889
10 0.75755208333333 0.44537037037037 0.072395833333333 0.10925925925926
10 0.20989583333333 0.59490740740741 0.025 0.032407407407407
10 0.26953125 0.45972222222222 0.021354166666667 0.028703703703704
10 0.5359375 0.52685185185185 0.033333333333333 0.040740740740741
10 0.56901041666667 0.57222222222222 0.0265625 0.035185185185185
10 0.32890625 0.77407407407407 0.024479166666667 0.031481481481481
10 0.44401041666667 0.77407407407407 0.030729166666667 0.037037037037037
10 0.43020833333333 0.65648148148148 0.027083333333333 0.035185185185185
10 0.51432291666667 0.64398148148148 0.0265625 0.032407407407407
10 0.5140625 0.59814814814815 0.023958333333333 0.02962962962963
10 0.18828125 0.69444444444444 0.0265625 0.035185185185185
10 0.49609375 0.7837962962963 0.028645833333333 0.036111111111111
10 0.81927083333333 0.52962962962963 0.0375 0.053703703703704
10 0.37005208333333 0.8375 0.0234375 0.028703703703704
10 0.46328125 0.40694444444444 0.031770833333333 0.050925925925926
10 0.61666666666667 0.40185185185185 0.034375 0.05
10 0.43020833333333 0.77777777777778 0.025 0.031481481481481
10 0.40234375 0.86527777777778 0.027604166666667 0.032407407407407
10 0.72526041666667 0.36111111111111 0.0421875 0.061111111111111
10 0.83385416666667 0.38564814814815 0.0375 0.056481481481481
10 0.46979166666667 0.80925925925926 0.029166666666667 0.035185185185185
10 0.50286458333333 0.87175925925926 0.0296875 0.036111111111111
10 0.24479166666667 0.79768518518519 0.027083333333333 0.036111111111111
10 0.49088541666667 0.50787037037037 0.022395833333333 0.030555555555556
10 0.69244791666667 0.51203703703704 0.0234375 0.035185185185185
10 0.36640625 0.8712962962963 0.025520833333333 0.033333333333333
10 0.4453125 0.6837962962963 0.032291666666667 0.043518518518519
10 0.43671875 0.66759259259259 0.0328125 0.046296296296296
10 0.38984375 0.83842592592593 0.0234375 0.028703703703704
10 0.40963541666667 0.7087962962963 0.028645833333333 0.034259259259259
10 0.5890625 0.14444444444444 0.0375 0.057407407407407
10 0.51510416666667 0.50324074074074 0.026041666666667 0.034259259259259
10 0.49427083333333 0.47824074074074 0.022916666666667 0.028703703703704
10 0.79036458333333 0.81157407407407 0.0953125 0.15092592592593