10 0.637109375 0.74236111111111 0.03828125 0.048611111111111
10 0.652734375 0.83888888888889 0.03046875 0.041666666666667
10 0.594140625 0.50902777777778 0.02578125 0.040277777777778
10 0.5453125 0.53194444444444 0.028125 0.041666666666667
10 0.577734375 0.57430555555556 0.03046875 0.040277777777778
10 0.55546875 0.47777777777778 0.0296875 0.041666666666667
10 0.532421875 0.64097222222222 0.02734375 0.0375
10 0.634765625 0.86666666666667 0.02734375 0.038888888888889
10 0.555078125 0.42916666666667 0.02734375 0.036111111111111
10 0.6734375 0.85416666666667 0.0265625 0.036111111111111
10 0.5703125 0.54791666666667 0.025 0.0375
10 0.5546875 0.29930555555556 0.025 0.0375
10 0.548046875 0.35972222222222 0.02578125 0.036111111111111
10 0.594921875 0.89305555555556 0.02578125 0.036111111111111
10 0.54140625 0.45833333333333 0.025 0.036111111111111
10 0.622265625 0.36666666666667 0.02421875 0.036111111111111
10 0.593359375 0.68958333333333 0.02578125 0.031944444444444
10 0.6078125 0.60625 0.0265625 0.031944444444444
10 0.615625 0.42708333333333 0.0234375 0.031944444444444
10 0.584375 0.64861111111111 0.021875 0.030555555555556
10 0.528515625 0.57291666666667 0.02109375 0.029166666666667
10 0.603125 0.69375 0.021875 0.029166666666667
10 0.587890625 0.59722222222222 0.02109375 0.027777777777778
10 0.60234375 0.61875 0.0203125 0.026388888888889
10 0.519921875 0.60555555555556 0.01640625 0.022222222222222