11 0.692578125 0.81111111111111 0.09296875 0.14166666666667
11 0.601953125 0.61805555555556 0.11484375 0.15833333333333
11 0.62109375 0.52222222222222 0.0796875 0.10555555555556
11 0.63046875 0.94583333333333 0.059375 0.094444444444444
11 0.399609375 0.43888888888889 0.05390625 0.077777777777778
11 0.785546875 0.66597222222222 0.05234375 0.079166666666667
11 0.452734375 0.64930555555556 0.05078125 0.073611111111111
11 0.79765625 0.55486111111111 0.0484375 0.070833333333333
11 0.751171875 0.70555555555556 0.04921875 0.069444444444444
11 0.56328125 0.42013888888889 0.046875 0.070833333333333
11 0.527734375 0.62152777777778 0.04921875 0.065277777777778
11 0.79609375 0.775 0.05 0.063888888888889
11 0.212890625 0.95555555555556 0.04609375 0.069444444444444
11 0.85 0.64097222222222 0.046875 0.068055555555556
11 0.827734375 0.41597222222222 0.04453125 0.0625
11 0.55703125 0.65486111111111 0.04375 0.0625
11 0.488671875 0.55347222222222 0.04296875 0.0625
11 0.505859375 0.40902777777778 0.04296875 0.059722222222222
11 0.636328125 0.67013888888889 0.04296875 0.059722222222222
11 0.641015625 0.81736111111111 0.04296875 0.059722222222222
11 0.666015625 0.58263888888889 0.04140625 0.059722222222222
11 0.729296875 0.89861111111111 0.04296875 0.058333333333333
11 0.323046875 0.4625 0.03984375 0.058333333333333
11 0.83984375 0.70763888888889 0.0421875 0.056944444444444
11 0.33046875 0.35486111111111 0.040625 0.048611111111111
11 0.74453125 0.61805555555556 0.0375 0.055555555555556
11 0.659375 0.70694444444444 0.0375 0.05
11 0.695703125 0.70277777777778 0.03671875 0.05