10 0.73671875 0.42569444444444 0.0234375 0.029166666666667
10 0.7359375 0.52083333333333 0.0234375 0.030555555555556
10 0.647265625 0.52777777777778 0.02109375 0.027777777777778
10 0.762890625 0.32569444444444 0.43203125 0.62361111111111
10 0.758984375 0.47708333333333 0.02265625 0.031944444444444
10 0.66796875 0.43194444444444 0.025 0.030555555555556
10 0.8828125 0.58680555555556 0.0265625 0.0375
10 0.822265625 0.51666666666667 0.02109375 0.027777777777778
10 0.840234375 0.65486111111111 0.02421875 0.031944444444444
10 0.892578125 0.68194444444444 0.02109375 0.027777777777778
10 0.861328125 0.65416666666667 0.02109375 0.027777777777778
10 0.9203125 0.1 0.159375 0.2
10 0.8015625 0.53819444444444 0.0328125 0.040277777777778
10 0.75703125 0.51597222222222 0.028125 0.034722222222222
10 0.696875 0.41597222222222 0.021875 0.029166666666667
10 0.87734375 0.81111111111111 0.025 0.033333333333333
10 0.85625 0.67916666666667 0.0234375 0.033333333333333