10 0.76848958333333 0.83101851851852 0.10260416666667 0.13981481481481
10 0.80833333333333 0.37314814814815 0.12708333333333 0.19259259259259
10 0.66171875 0.2662037037037 0.053645833333333 0.086111111111111
10 0.72057291666667 0.47407407407407 0.047395833333333 0.061111111111111
10 0.68098958333333 0.45787037037037 0.052604166666667 0.076851851851852
10 0.68229166666667 0.33287037037037 0.044791666666667 0.062037037037037
10 0.71640625 0.62037037037037 0.046354166666667 0.059259259259259
10 0.63802083333333 0.54537037037037 0.045833333333333 0.059259259259259
10 0.63541666666667 0.061111111111111 0.036458333333333 0.062962962962963
10 0.68697916666667 0.84861111111111 0.04375 0.050925925925926
10 0.7234375 0.23333333333333 0.039583333333333 0.053703703703704
10 0.72630208333333 0.63101851851852 0.040104166666667 0.052777777777778
10 0.78177083333333 0.28333333333333 0.0375 0.051851851851852
10 0.71041666666667 0.26759259259259 0.035416666666667 0.051851851851852
10 0.6 0.32314814814815 0.0375 0.048148148148148
10 0.79036458333333 0.2537037037037 0.034895833333333 0.048148148148148
10 0.83932291666667 0.10972222222222 0.0328125 0.049074074074074
10 0.61640625 0.34212962962963 0.0328125 0.047222222222222
10 0.37265625 0.52175925925926 0.034895833333333 0.04537037037037
10 0.69791666666667 0.30416666666667 0.033333333333333 0.04537037037037
10 0.58854166666667 0.52962962962963 0.032291666666667 0.042592592592593
10 0.55494791666667 0.49583333333333 0.031770833333333 0.041666666666667
10 0.65572916666667 0.32037037037037 0.03125 0.042592592592593
10 0.69661458333333 0.42638888888889 0.030729166666667 0.041666666666667
10 0.45494791666667 0.63518518518519 0.0328125 0.038888888888889
10 0.67395833333333 0.51296296296296 0.03125 0.040740740740741
10 0.51119791666667 0.45046296296296 0.031770833333333 0.039814814814815
10 0.73463541666667 0.64351851851852 0.030729166666667 0.040740740740741
10 0.74817708333333 0.45833333333333 0.030729166666667 0.040740740740741
10 0.82239583333333 0.56574074074074 0.030208333333333 0.040740740740741
10 0.3546875 0.53703703703704 0.03125 0.038888888888889
10 0.33098958333333 0.36759259259259 0.0296875 0.040740740740741
10 0.68229166666667 0.37638888888889 0.030208333333333 0.039814814814815
10 0.98958333333333 0.064814814814815 0.020833333333333 0.057407407407407
10 0.39973958333333 0.4087962962963 0.0296875 0.039814814814815
10 0.71927083333333 0.059722222222222 0.029166666666667 0.039814814814815
10 0.70026041666667 0.37731481481481 0.028645833333333 0.039814814814815
10 0.63229166666667 0.09212962962963 0.027083333333333 0.041666666666667
10 0.72291666666667 0.16805555555556 0.028125 0.039814814814815
10 0.68567708333333 0.024074074074074 0.027604166666667 0.037037037037037
10 0.62578125 0.2125 0.0265625 0.037962962962963
10 0.79661458333333 0.45925925925926 0.0265625 0.037037037037037
10 0.49947916666667 0.38101851851852 0.027083333333333 0.036111111111111
10 0.71380208333333 0.41898148148148 0.0265625 0.036111111111111
10 0.67604166666667 0.70185185185185 0.027083333333333 0.035185185185185
10 0.72552083333333 0.34953703703704 0.026041666666667 0.034259259259259
10 0.58697916666667 0.38888888888889 0.026041666666667 0.033333333333333
10 0.78489583333333 0.065277777777778 0.025 0.034259259259259
10 0.67083333333333 0.093518518518519 0.023958333333333 0.035185185185185
10 0.80911458333333 0.6125 0.024479166666667 0.034259259259259
10 0.57161458333333 0.31944444444444 0.024479166666667 0.033333333333333
10 0.6265625 0.28981481481481 0.025 0.033333333333333
10 0.73072916666667 0.087037037037037 0.023958333333333 0.033333333333333
10 0.328125 0.31759259259259 0.023958333333333 0.033333333333333
10 0.60572916666667 0.4212962962963 0.025 0.031481481481481
10 0.31302083333333 0.48055555555556 0.025 0.031481481481481
10 0.6671875 0.0125 0.030208333333333 0.025
10 0.58776041666667 0.41296296296296 0.0234375 0.02962962962963
10 0.7296875 0.20462962962963 0.022916666666667 0.031481481481481
10 0.39244791666667 0.20138888888889 0.022395833333333 0.030555555555556
10 0.69140625 0.19907407407407 0.021354166666667 0.031481481481481