10 0.588671875 0.5875 0.03515625 0.041666666666667
10 0.657421875 0.83680555555556 0.03203125 0.045833333333333
10 0.56171875 0.55069444444444 0.0328125 0.043055555555556
10 0.570703125 0.66458333333333 0.02890625 0.040277777777778
10 0.633984375 0.74444444444444 0.03203125 0.041666666666667
10 0.5421875 0.65138888888889 0.0296875 0.038888888888889
10 0.651171875 0.74513888888889 0.02890625 0.034722222222222
10 0.555078125 0.32013888888889 0.02578125 0.0375
10 0.546875 0.42916666666667 0.0265625 0.036111111111111
10 0.546875 0.48958333333333 0.025 0.0375
10 0.5421875 0.45625 0.0265625 0.034722222222222
10 0.5953125 0.67986111111111 0.0265625 0.034722222222222
10 0.607421875 0.69722222222222 0.02734375 0.033333333333333
10 0.678125 0.85625 0.025 0.034722222222222
10 0.59375 0.51319444444444 0.025 0.031944444444444
10 0.621875 0.36875 0.0234375 0.031944444444444
10 0.5921875 0.60208333333333 0.0234375 0.031944444444444
10 0.557421875 0.47291666666667 0.02421875 0.031944444444444
10 0.596484375 0.90277777777778 0.02421875 0.030555555555556
10 0.594140625 0.65138888888889 0.02421875 0.030555555555556
10 0.597265625 0.62222222222222 0.02421875 0.030555555555556
10 0.541015625 0.36041666666667 0.02265625 0.031944444444444
10 0.64140625 0.87083333333333 0.0234375 0.030555555555556
10 0.541796875 0.54027777777778 0.02265625 0.030555555555556
10 0.616015625 0.4375 0.02265625 0.030555555555556
10 0.541796875 0.62430555555556 0.02265625 0.029166666666667
10 0.533984375 0.57152777777778 0.02109375 0.029166666666667
10 0.526171875 0.59791666666667 0.02109375 0.029166666666667
10 0.569140625 0.75902777777778 0.01796875 0.023611111111111