11 0.60234375 0.23472222222222 0.028645833333333 0.047222222222222
11 0.21666666666667 0.59027777777778 0.023958333333333 0.034259259259259
11 0.51067708333333 0.41898148148148 0.0390625 0.062037037037037
11 0.259375 0.52407407407407 0.0125 0.02037037037037
11 0.14166666666667 0.68842592592593 0.015625 0.025
11 0.33229166666667 0.44861111111111 0.071875 0.09537037037037
11 0.18020833333333 0.67037037037037 0.022916666666667 0.038888888888889
11 0.18072916666667 0.70324074074074 0.0125 0.021296296296296
11 0.44661458333333 0.46574074074074 0.0171875 0.024074074074074
11 0.21458333333333 0.59861111111111 0.033333333333333 0.058333333333333
11 0.58125 0.36342592592593 0.0125 0.019444444444444
11 0.29765625 0.52314814814815 0.044270833333333 0.068518518518519
11 0.29166666666667 0.51296296296296 0.030208333333333 0.044444444444444
11 0.22526041666667 0.46759259259259 0.0203125 0.02962962962963
11 0.30572916666667 0.4125 0.034375 0.049074074074074
11 0.60104166666667 0.013888888888889 0.013541666666667 0.022222222222222
11 0.2734375 0.61898148148148 0.026041666666667 0.043518518518519
11 0.43723958333333 0.55787037037037 0.019270833333333 0.028703703703704
11 0.53880208333333 0.33009259259259 0.016145833333333 0.025
11 0.54375 0.37175925925926 0.022916666666667 0.036111111111111
11 0.403125 0.59305555555556 0.020833333333333 0.028703703703704
11 0.58255208333333 0.30231481481481 0.0109375 0.017592592592593
11 0.59583333333333 0.056018518518519 0.015625 0.026851851851852
11 0.44479166666667 0.51203703703704 0.022916666666667 0.031481481481481
11 0.4609375 0.56481481481481 0.013541666666667 0.022222222222222
11 0.54375 0.40787037037037 0.020833333333333 0.034259259259259