10 0.460546875 0.35694444444444 0.05234375 0.086111111111111
33 0.61640625 0.26527777777778 0.059375 0.10277777777778
8 0.365234375 0.44444444444444 0.06796875 0.10833333333333
10 0.332421875 0.65694444444444 0.09921875 0.19444444444444
10 0.272265625 0.50972222222222 0.04765625 0.077777777777778
8 0.65234375 0.0625 0.0578125 0.10555555555556
10 0.34609375 0.063194444444444 0.0578125 0.10694444444444
8 0.37421875 0.19166666666667 0.06875 0.125
8 0.260546875 0.64097222222222 0.03515625 0.059722222222222
33 0.6171875 0.26527777777778 0.05625 0.10277777777778
10 0.331640625 0.65277777777778 0.09140625 0.17777777777778
10 0.375390625 0.19305555555556 0.06796875 0.12222222222222
10 0.65234375 0.061805555555556 0.05625 0.10138888888889
10 0.34609375 0.063888888888889 0.05625 0.097222222222222
10 0.46171875 0.35763888888889 0.053125 0.084722222222222
10 0.27265625 0.50902777777778 0.0515625 0.079166666666667
33 0.76015625 0.70347222222222 0.040625 0.076388888888889
10 0.33203125 0.65555555555556 0.0984375 0.19722222222222
10 0.365625 0.44444444444444 0.071875 0.11111111111111
10 0.37421875 0.19236111111111 0.0765625 0.12916666666667
10 0.651953125 0.063194444444444 0.06171875 0.10694444444444
10 0.617578125 0.26319444444444 0.06171875 0.10416666666667
10 0.3203125 0.32430555555556 0.0484375 0.079166666666667
10 0.461328125 0.35763888888889 0.05703125 0.090277777777778
10 0.272265625 0.50833333333333 0.04921875 0.080555555555556
10 0.346875 0.063888888888889 0.059375 0.10277777777778
10 0.39453125 0.53263888888889 0.05 0.081944444444444
10 0.758984375 0.70208333333333 0.04453125 0.081944444444444
10 0.26015625 0.64097222222222 0.040625 0.0625
10 0.396875 0.022916666666667 0.053125 0.045833333333333