10 0.601171875 0.80069444444444 0.06796875 0.11527777777778
11 0.35859375 0.85208333333333 0.0609375 0.093055555555556
11 0.39765625 0.38541666666667 0.05625 0.095833333333333
11 0.657421875 0.12430555555556 0.04765625 0.073611111111111
11 0.275 0.049305555555556 0.0515625 0.079166666666667
11 0.639453125 0.23194444444444 0.04453125 0.069444444444444
11 0.48046875 0.19930555555556 0.04375 0.068055555555556
11 0.32734375 0.30763888888889 0.040625 0.0625
11 0.3921875 0.24791666666667 0.040625 0.0625
11 0.66796875 0.79930555555556 0.0390625 0.0625
11 0.300390625 0.61527777777778 0.03984375 0.094444444444444
11 0.629296875 0.053472222222222 0.10390625 0.10138888888889