11 0.754296875 0.68611111111111 0.02265625 0.033333333333333
11 0.566796875 0.43263888888889 0.02734375 0.040277777777778
11 0.678515625 0.60555555555556 0.01953125 0.027777777777778
11 0.74375 0.082638888888889 0.0203125 0.031944444444444
11 0.73125 0.12569444444444 0.0203125 0.031944444444444
11 0.77890625 0.69097222222222 0.0171875 0.023611111111111
11 0.705859375 0.68263888888889 0.02109375 0.031944444444444
11 0.719140625 0.43263888888889 0.47421875 0.66527777777778
11 0.60390625 0.50069444444444 0.021875 0.031944444444444
11 0.694140625 0.077083333333333 0.02421875 0.040277777777778
11 0.844921875 0.33958333333333 0.22109375 0.22083333333333
11 0.779296875 0.82847222222222 0.02421875 0.034722222222222
11 0.694140625 0.65555555555556 0.02578125 0.038888888888889