10 0.38567708333333 0.47037037037037 0.059895833333333 0.083333333333333
10 0.83098958333333 0.10648148148148 0.050520833333333 0.062962962962963
10 0.0421875 0.77083333333333 0.075 0.086111111111111
10 0.72239583333333 0.23564814814815 0.058333333333333 0.10092592592593
10 0.1703125 0.083333333333333 0.046875 0.066666666666667
10 0.059895833333333 0.64537037037037 0.040625 0.053703703703704
10 0.056770833333333 0.3787037037037 0.046875 0.074074074074074
10 0.5484375 0.71851851851852 0.077083333333333 0.098148148148148
10 0.66614583333333 0.30092592592593 0.041666666666667 0.062962962962963
10 0.878125 0.34583333333333 0.046875 0.067592592592593
10 0.23776041666667 0.48842592592593 0.0453125 0.060185185185185
10 0.6109375 0.2837962962963 0.10833333333333 0.14722222222222
10 0.09609375 0.23148148148148 0.077604166666667 0.12592592592593
10 0.32161458333333 0.21481481481481 0.0578125 0.10555555555556
10 0.40729166666667 0.34675925925926 0.052083333333333 0.069444444444444
10 0.054166666666667 0.38657407407407 0.071875 0.11944444444444
10 0.96302083333333 0.24259259259259 0.064583333333333 0.07962962962963
10 0.019791666666667 0.11712962962963 0.039583333333333 0.076851851851852
10 0.11067708333333 0.55185185185185 0.044270833333333 0.059259259259259
10 0.13125 0.59027777777778 0.038541666666667 0.050925925925926
10 0.40859375 0.12268518518519 0.1171875 0.1787037037037
10 0.62760416666667 0.62037037037037 0.044791666666667 0.062962962962963
10 0.49270833333333 0.40231481481481 0.046875 0.063888888888889
10 0.7484375 0.058796296296296 0.046875 0.065740740740741
10 0.042708333333333 0.031018518518519 0.0375 0.049074074074074
10 0.72604166666667 0.39444444444444 0.066666666666667 0.096296296296296
10 0.83385416666667 0.3875 0.039583333333333 0.058333333333333
10 0.39765625 0.3337962962963 0.0828125 0.10462962962963
10 0.09765625 0.20972222222222 0.0546875 0.078703703703704
10 0.53072916666667 0.1787037037037 0.067708333333333 0.11666666666667
10 0.61640625 0.39444444444444 0.047395833333333 0.066666666666667
10 0.63411458333333 0.73935185185185 0.0640625 0.10648148148148
10 0.4484375 0.5337962962963 0.029166666666667 0.041666666666667
10 0.8640625 0.34398148148148 0.078125 0.091666666666667
10 0.98046875 0.35046296296296 0.036979166666667 0.069444444444444
10 0.033333333333333 0.77175925925926 0.046875 0.062037037037037
10 0.96458333333333 0.12037037037037 0.05 0.066666666666667
10 0.2 0.62314814814815 0.0625 0.081481481481481
10 0.11171875 0.27407407407407 0.0421875 0.066666666666667
10 0.72395833333333 0.97453703703704 0.044791666666667 0.049074074074074
10 0.21041666666667 0.53425925925926 0.053125 0.07037037037037
10 0.096354166666667 0.10046296296296 0.038541666666667 0.052777777777778
10 0.34895833333333 0.44027777777778 0.041666666666667 0.056481481481481
10 0.1671875 0.18009259259259 0.044791666666667 0.063888888888889
10 0.21770833333333 0.16435185185185 0.086458333333333 0.11944444444444
10 0.073177083333333 0.04537037037037 0.044270833333333 0.057407407407407
10 0.32291666666667 0.50324074074074 0.04375 0.060185185185185
10 0.8484375 0.65787037037037 0.040625 0.05462962962963
10 0.921875 0.73101851851852 0.045833333333333 0.062037037037037
10 0.065885416666667 0.75694444444444 0.041145833333333 0.05462962962963
10 0.29036458333333 0.37037037037037 0.050520833333333 0.07962962962963
10 0.32526041666667 0.30648148148148 0.046354166666667 0.064814814814815
10 0.80703125 0.10601851851852 0.068229166666667 0.076851851851852
10 0.82135416666667 0.225 0.083333333333333 0.10740740740741
10 0.47239583333333 0.014351851851852 0.041666666666667 0.028703703703704
10 0.65703125 0.90833333333333 0.040104166666667 0.055555555555556
10 0.37786458333333 0.30231481481481 0.0359375 0.052777777777778
10 0.84453125 0.23935185185185 0.0546875 0.078703703703704
10 0.43229166666667 0.42407407407407 0.051041666666667 0.072222222222222
10 0.75546875 0.39861111111111 0.1359375 0.19537037037037
10 0.68880208333333 0.14583333333333 0.1140625 0.16574074074074
10 0.21041666666667 0.57638888888889 0.11041666666667 0.20648148148148