11 0.11744791666667 0.26111111111111 0.049479166666667 0.07962962962963
11 0.91015625 0.94814814814815 0.094270833333333 0.098148148148148
11 0.41197916666667 0.2662037037037 0.048958333333333 0.071296296296296
11 0.29505208333333 0.25740740740741 0.0484375 0.066666666666667
11 0.46822916666667 0.32685185185185 0.060416666666667 0.046296296296296
11 0.29088541666667 0.56481481481481 0.0453125 0.068518518518519
11 0.24192708333333 0.38981481481481 0.059895833333333 0.044444444444444
11 0.23645833333333 0.46342592592593 0.060416666666667 0.043518518518519
11 0.31380208333333 0.39444444444444 0.040104166666667 0.062962962962963
11 0.68645833333333 0.60555555555556 0.04375 0.055555555555556
11 0.043229166666667 0.26481481481481 0.04375 0.057407407407407
11 0.41614583333333 0.40416666666667 0.041666666666667 0.058333333333333
11 0.90130208333333 0.93425925925926 0.0421875 0.055555555555556
11 0.57708333333333 0.41157407407407 0.038541666666667 0.058333333333333
11 0.56223958333333 0.58981481481481 0.0421875 0.053703703703704
11 0.13802083333333 0.30555555555556 0.035416666666667 0.055555555555556
11 0.32395833333333 0.27962962962963 0.039583333333333 0.053703703703704
11 0.3265625 0.43148148148148 0.0375 0.051851851851852
11 0.22708333333333 0.22407407407407 0.034375 0.053703703703704
11 0.24609375 0.52685185185185 0.034895833333333 0.05
11 0.93671875 0.67916666666667 0.033854166666667 0.050925925925926
11 0.26875 0.41944444444444 0.032291666666667 0.051851851851852
11 0.37291666666667 0.27361111111111 0.029166666666667 0.058333333333333
11 0.30885416666667 0.26805555555556 0.035416666666667 0.047222222222222
11 0.29791666666667 0.33564814814815 0.030208333333333 0.05462962962963
11 0.51875 0.47175925925926 0.032291666666667 0.049074074074074
11 0.44010416666667 0.36712962962963 0.032291666666667 0.049074074074074
11 0.18619791666667 0.42222222222222 0.031770833333333 0.048148148148148
11 0.59010416666667 0.49537037037037 0.033333333333333 0.046296296296296
11 0.2984375 0.66064814814815 0.032291666666667 0.047222222222222
11 0.53489583333333 0.41018518518519 0.032291666666667 0.046296296296296
11 0.425 0.10648148148148 0.030208333333333 0.05
11 0.60286458333333 0.54212962962963 0.0328125 0.04537037037037
11 0.20026041666667 0.22083333333333 0.0296875 0.047222222222222
11 0.36536458333333 0.46342592592593 0.031770833333333 0.04537037037037
11 0.24296875 0.21805555555556 0.0296875 0.047222222222222
11 0.67786458333333 0.78148148148148 0.0296875 0.046296296296296
11 0.15390625 0.29212962962963 0.030729166666667 0.04537037037037
11 0.25833333333333 0.47314814814815 0.03125 0.044444444444444
11 0.2078125 0.33657407407407 0.030208333333333 0.04537037037037
11 0.21953125 0.39907407407407 0.030729166666667 0.044444444444444
11 0.33333333333333 0.28842592592593 0.03125 0.043518518518519
11 0.46666666666667 0.41388888888889 0.030208333333333 0.044444444444444
11 0.81015625 0.71990740740741 0.0296875 0.04537037037037
11 0.25703125 0.38333333333333 0.0296875 0.044444444444444
11 0.225 0.45694444444444 0.030208333333333 0.043518518518519
11 0.67135416666667 0.55138888888889 0.030208333333333 0.043518518518519
11 0.1296875 0.31712962962963 0.030208333333333 0.043518518518519
11 0.42135416666667 0.58240740740741 0.029166666666667 0.044444444444444
11 0.076041666666667 0.32777777777778 0.029166666666667 0.044444444444444
11 0.55026041666667 0.47453703703704 0.0296875 0.043518518518519
11 0.22864583333333 0.29074074074074 0.030208333333333 0.042592592592593
11 0.12369791666667 0.57407407407407 0.028645833333333 0.044444444444444
11 0.12395833333333 0.48194444444444 0.029166666666667 0.043518518518519
11 0.2734375 0.40416666666667 0.029166666666667 0.043518518518519
11 0.14713541666667 0.27824074074074 0.027604166666667 0.04537037037037
11 0.70598958333333 0.53055555555556 0.028645833333333 0.042592592592593
11 0.27994791666667 0.5287037037037 0.028645833333333 0.042592592592593
11 0.47890625 0.33842592592593 0.027604166666667 0.043518518518519
11 0.3109375 0.72314814814815 0.028125 0.042592592592593
11 0.80078125 0.64444444444444 0.027604166666667 0.042592592592593
11 0.62578125 0.62592592592593 0.027604166666667 0.042592592592593
11 0.45026041666667 0.40277777777778 0.028645833333333 0.040740740740741
11 0.5453125 0.13148148148148 0.027083333333333 0.042592592592593
11 0.478125 0.31944444444444 0.028125 0.040740740740741
11 0.32526041666667 0.5625 0.027604166666667 0.041666666666667
11 0.04609375 0.34675925925926 0.0265625 0.041666666666667
11 0.27395833333333 0.32777777777778 0.027083333333333 0.040740740740741
11 0.64270833333333 0.56666666666667 0.027083333333333 0.040740740740741
11 0.51848958333333 0.39490740740741 0.027604166666667 0.039814814814815
11 0.44921875 0.32361111111111 0.027604166666667 0.039814814814815
11 0.39427083333333 0.25972222222222 0.027083333333333 0.039814814814815
11 0.17630208333333 0.46157407407407 0.0265625 0.039814814814815
11 0.36354166666667 0.28888888888889 0.027083333333333 0.038888888888889
11 0.42708333333333 0.19583333333333 0.026041666666667 0.039814814814815
11 0.37786458333333 0.25833333333333 0.027604166666667 0.037037037037037
11 0.48932291666667 0.62592592592593 0.025520833333333 0.038888888888889
11 0.253125 0.675 0.025 0.038888888888889
11 0.39973958333333 0.19027777777778 0.025520833333333 0.037962962962963
11 0.39739583333333 0.1662037037037 0.026041666666667 0.036111111111111
11 0.35703125 0.22592592592593 0.025520833333333 0.037037037037037
11 0.27447916666667 0.58657407407407 0.026041666666667 0.036111111111111
11 0.3921875 0.33425925925926 0.025 0.037037037037037
11 0.66979166666667 0.43564814814815 0.023958333333333 0.036111111111111
11 0.36822916666667 0.36435185185185 0.023958333333333 0.036111111111111
11 0.6203125 0.38333333333333 0.022916666666667 0.035185185185185