11 0.290625 0.59490740740741 0.054166666666667 0.080555555555556
11 0.84010416666667 0.90046296296296 0.030208333333333 0.041666666666667
11 0.52005208333333 0.73101851851852 0.0265625 0.047222222222222
11 0.74244791666667 0.43194444444444 0.0265625 0.041666666666667
11 0.66822916666667 0.93287037037037 0.026041666666667 0.041666666666667
11 0.092447916666667 0.23518518518519 0.0265625 0.044444444444444
11 0.07109375 0.67824074074074 0.0265625 0.036111111111111
11 0.88046875 0.76111111111111 0.024479166666667 0.035185185185185
11 0.41119791666667 0.67361111111111 0.024479166666667 0.032407407407407
11 0.62682291666667 0.3787037037037 0.0234375 0.033333333333333
11 0.74635416666667 0.8662037037037 0.021875 0.034259259259259
11 0.22421875 0.77638888888889 0.024479166666667 0.030555555555556
11 0.81796875 0.65787037037037 0.022395833333333 0.032407407407407
11 0.87317708333333 0.96944444444444 0.0234375 0.031481481481481
11 0.58333333333333 0.59351851851852 0.022916666666667 0.031481481481481
11 0.29557291666667 0.63703703703704 0.0234375 0.02962962962963
11 0.54713541666667 0.89583333333333 0.022395833333333 0.030555555555556
11 0.87916666666667 0.65648148148148 0.021875 0.031481481481481
11 0.83046875 0.25972222222222 0.021354166666667 0.030555555555556
11 0.94973958333333 0.76296296296296 0.021354166666667 0.031481481481481
11 0.7859375 0.5375 0.020833333333333 0.030555555555556
11 0.46432291666667 0.30324074074074 0.0203125 0.028703703703704
11 0.58697916666667 0.71759259259259 0.019791666666667 0.027777777777778
11 0.76223958333333 0.63101851851852 0.019270833333333 0.028703703703704
11 0.48776041666667 0.6162037037037 0.0203125 0.026851851851852
11 0.95520833333333 0.58425925925926 0.01875 0.027777777777778
11 0.84583333333333 0.93611111111111 0.01875 0.027777777777778
11 0.62890625 0.5962962962963 0.018229166666667 0.025925925925926
11 0.55520833333333 0.46388888888889 0.017708333333333 0.024074074074074
11 0.77109375 0.8462962962963 0.0171875 0.025925925925926
11 0.65729166666667 0.83518518518519 0.017708333333333 0.024074074074074
11 0.67317708333333 0.73935185185185 0.016145833333333 0.025
11 0.65104166666667 0.71759259259259 0.016666666666667 0.024074074074074
11 0.83489583333333 0.64537037037037 0.016666666666667 0.024074074074074
11 0.59036458333333 0.75185185185185 0.016145833333333 0.024074074074074
11 0.72395833333333 0.75324074074074 0.016666666666667 0.023148148148148
11 0.80520833333333 0.71759259259259 0.015625 0.024074074074074
11 0.36484375 0.88240740740741 0.0171875 0.022222222222222
11 0.64869791666667 0.68842592592593 0.016145833333333 0.023148148148148
11 0.90677083333333 0.64722222222222 0.015625 0.022222222222222
11 0.75286458333333 0.29768518518519 0.016145833333333 0.021296296296296
11 0.80598958333333 0.26388888888889 0.015104166666667 0.022222222222222
11 0.87317708333333 0.5712962962963 0.015104166666667 0.022222222222222
11 0.81276041666667 0.84166666666667 0.015104166666667 0.022222222222222
11 0.75729166666667 0.77453703703704 0.015625 0.021296296296296
11 0.33854166666667 0.95740740740741 0.015625 0.02037037037037
11 0.99322916666667 0.67314814814815 0.0125 0.024074074074074
11 0.52838541666667 0.98935185185185 0.015104166666667 0.019444444444444
11 0.61640625 0.79537037037037 0.0140625 0.02037037037037
11 0.48802083333333 0.69675925925926 0.014583333333333 0.019444444444444
11 0.39036458333333 0.88240740740741 0.015104166666667 0.018518518518519
11 0.753125 0.16018518518519 0.013541666666667 0.02037037037037
11 0.55651041666667 0.64398148148148 0.0140625 0.019444444444444
11 0.56692708333333 0.70324074074074 0.0140625 0.019444444444444
11 0.7171875 0.61898148148148 0.013541666666667 0.019444444444444
11 0.57864583333333 0.81481481481481 0.014583333333333 0.018518518518519
11 0.57994791666667 0.54259259259259 0.0140625 0.018518518518519
11 0.50104166666667 0.64675925925926 0.014583333333333 0.017592592592593
11 0.76171875 0.20138888888889 0.013020833333333 0.019444444444444
11 0.725 0.53703703703704 0.013541666666667 0.018518518518519
11 0.43880208333333 0.92268518518519 0.0140625 0.017592592592593
11 0.49192708333333 0.83657407407407 0.0140625 0.017592592592593
11 0.60572916666667 0.79444444444444 0.014583333333333 0.016666666666667
11 0.67786458333333 0.77407407407407 0.013020833333333 0.018518518518519
11 0.58541666666667 0.79398148148148 0.013541666666667 0.017592592592593
11 0.67057291666667 0.66342592592593 0.013020833333333 0.017592592592593
11 0.57421875 0.77638888888889 0.013020833333333 0.017592592592593
11 0.65520833333333 0.58472222222222 0.0125 0.017592592592593
11 0.64557291666667 0.52916666666667 0.011979166666667 0.017592592592593
11 0.52994791666667 0.65324074074074 0.013020833333333 0.015740740740741
11 0.46875 0.65601851851852 0.0125 0.015740740740741
11 0.46067708333333 0.84907407407407 0.013020833333333 0.014814814814815
11 0.61979166666667 0.56481481481481 0.011458333333333 0.016666666666667
11 0.43828125 0.82777777777778 0.013020833333333 0.014814814814815
11 0.68072916666667 0.52916666666667 0.011458333333333 0.015740740740741
11 0.50026041666667 0.7587962962963 0.011979166666667 0.015740740740741
11 0.65260416666667 0.49768518518519 0.011458333333333 0.015740740740741
11 0.76692708333333 0.67175925925926 0.0109375 0.015740740740741
11 0.61197916666667 0.74212962962963 0.011458333333333 0.015740740740741
11 0.70208333333333 0.49583333333333 0.010416666666667 0.015740740740741
11 0.68203125 0.59907407407407 0.0098958333333333 0.014814814814815