11 0.81484375 0.22777777777778 0.3375 0.45555555555556
11 0.36875 0.36458333333333 0.2859375 0.49305555555556
11 0.621875 0.47569444444444 0.046875 0.073611111111111
11 0.709765625 0.55138888888889 0.05546875 0.075
11 0.7203125 0.27638888888889 0.05 0.063888888888889
11 0.740625 0.69166666666667 0.046875 0.066666666666667
11 0.60234375 0.43958333333333 0.04375 0.068055555555556
11 0.66171875 0.26388888888889 0.0484375 0.063888888888889
11 0.809765625 0.57013888888889 0.04609375 0.059722222222222
11 0.769140625 0.56388888888889 0.04609375 0.061111111111111
11 0.837890625 0.42013888888889 0.04140625 0.059722222222222
11 0.71875 0.62013888888889 0.046875 0.059722222222222
11 0.648046875 0.29583333333333 0.04140625 0.058333333333333
11 0.615625 0.30694444444444 0.0421875 0.058333333333333
11 0.845703125 0.50972222222222 0.03671875 0.061111111111111
11 0.848046875 0.57986111111111 0.03828125 0.054166666666667
11 0.738671875 0.32847222222222 0.03203125 0.045833333333333
11 0.70625 0.68958333333333 0.0328125 0.048611111111111
11 0.27421875 0.18125 0.0390625 0.051388888888889
11 0.683203125 0.65277777777778 0.03203125 0.044444444444444
11 0.67578125 0.78819444444444 0.03125 0.043055555555556
11 0.730078125 0.65486111111111 0.03203125 0.043055555555556
11 0.76171875 0.66875 0.0296875 0.040277777777778
11 0.815625 0.45972222222222 0.0296875 0.044444444444444
11 0.4015625 0.16597222222222 0.0234375 0.034722222222222
11 0.6078125 0.38541666666667 0.028125 0.040277777777778
11 0.93046875 0.50138888888889 0.0265625 0.038888888888889
11 0.7578125 0.38194444444444 0.0296875 0.038888888888889