10 0.610546875 0.15972222222222 0.07421875 0.10277777777778
10 0.531640625 0.46180555555556 0.07421875 0.098611111111111
10 0.548828125 0.092361111111111 0.08828125 0.12361111111111
10 0.575 0.48194444444444 0.0765625 0.10555555555556
10 0.615625 0.04375 0.078125 0.0875
10 0.573046875 0.91944444444444 0.07109375 0.088888888888889
10 0.693359375 0.21319444444444 0.11953125 0.15138888888889
10 0.471484375 0.55069444444444 0.11953125 0.13472222222222
10 0.259375 0.44722222222222 0.1578125 0.20833333333333
10 0.5015625 0.077083333333333 0.0703125 0.098611111111111
10 0.93046875 0.36458333333333 0.0765625 0.098611111111111
10 0.879296875 0.42777777777778 0.11484375 0.15277777777778
10 0.351953125 0.77152777777778 0.11796875 0.15972222222222
10 0.836328125 0.052777777777778 0.10234375 0.10555555555556
10 0.264453125 0.29513888888889 0.07421875 0.10138888888889
10 0.89140625 0.70555555555556 0.2203125 0.26666666666667
10 0.54140625 0.17916666666667 0.065625 0.091666666666667
10 0.496875 0.56666666666667 0.075 0.1
10 0.966015625 0.1875 0.06953125 0.11666666666667
10 0.959765625 0.50555555555556 0.07578125 0.1
10 0.1625 0.20208333333333 0.0734375 0.10972222222222
10 0.099609375 0.56875 0.07734375 0.093055555555556
10 0.731640625 0.14930555555556 0.08359375 0.10972222222222
10 0.216796875 0.10972222222222 0.07265625 0.10555555555556
10 0.323828125 0.37222222222222 0.08203125 0.097222222222222
10 0.216015625 0.76666666666667 0.08046875 0.097222222222222
10 0.421484375 0.67430555555556 0.06953125 0.0875
10 0.7609375 0.42847222222222 0.1375 0.21527777777778
10 0.690625 0.31944444444444 0.0625 0.094444444444444
10 0.457421875 0.29722222222222 0.10234375 0.13333333333333