10 0.42271662763466 0.084375 0.058548009367682 0.060416666666667
10 0.59953161592506 0.13645833333333 0.063231850117096 0.064583333333333
10 0.39051522248244 0.13125 0.092505854800937 0.091666666666667
10 0.79859484777518 0.044791666666667 0.058548009367682 0.047916666666667
10 0.78805620608899 0.11041666666667 0.056206088992974 0.045833333333333
10 0.38524590163934 0.19583333333333 0.049180327868852 0.05
10 0.83372365339578 0.022916666666667 0.044496487119438 0.033333333333333
10 0.41803278688525 0.22708333333333 0.098360655737705 0.10833333333333
10 0.59953161592506 0.13541666666667 0.060889929742389 0.066666666666667
10 0.53864168618267 0.1 0.056206088992974 0.066666666666667
10 0.38934426229508 0.13125 0.085480093676815 0.1
10 0.42271662763466 0.084375 0.056206088992974 0.064583333333333
10 0.7980093676815 0.04375 0.059718969555035 0.05
10 0.78805620608899 0.109375 0.056206088992974 0.047916666666667
10 0.83313817330211 0.021875 0.045667447306792 0.035416666666667
10 0.38524590163934 0.19479166666667 0.046838407494145 0.052083333333333