8 0.413671875 0.28680555555556 0.13671875 0.19861111111111
29 0.168359375 0.36875 0.11171875 0.17916666666667
29 0.421875 0.62847222222222 0.171875 0.21805555555556
8 0.750390625 0.71041666666667 0.13828125 0.14583333333333
8 0.355859375 0.89583333333333 0.13984375 0.19722222222222
10 0.426953125 0.61944444444444 0.18046875 0.21388888888889
10 0.4140625 0.28263888888889 0.184375 0.24027777777778
10 0.352734375 0.89722222222222 0.14140625 0.20277777777778
10 0.809765625 0.38888888888889 0.15546875 0.16666666666667
10 0.168359375 0.35625 0.11015625 0.1625
10 0.237109375 0.64097222222222 0.13984375 0.19027777777778
10 0.74921875 0.70902777777778 0.1515625 0.15694444444444
10 0.73125 0.275 0.1328125 0.11111111111111
10 0.312109375 0.48958333333333 0.07890625 0.10416666666667
10 0.105078125 0.56944444444444 0.06796875 0.10555555555556
10 0.9265625 0.87638888888889 0.084375 0.080555555555556
10 0.31796875 0.73194444444444 0.0421875 0.052777777777778
10 0.835546875 0.95972222222222 0.07734375 0.075