10 0.38567708333333 0.34675925925926 0.2171875 0.26388888888889
10 0.52395833333333 0.33148148148148 0.18125 0.24259259259259
10 0.89322916666667 0.3625 0.1625 0.23055555555556
10 0.085677083333333 0.38935185185185 0.17135416666667 0.21388888888889
10 0.1921875 0.39768518518519 0.165625 0.19351851851852
10 0.74036458333333 0.44398148148148 0.1234375 0.1787037037037
10 0.79036458333333 0.3787037037037 0.1265625 0.15555555555556
10 0.27994791666667 0.33657407407407 0.1203125 0.14907407407407
10 0.046354166666667 0.39166666666667 0.092708333333333 0.16666666666667
10 0.10625 0.28472222222222 0.11354166666667 0.13240740740741
10 0.29114583333333 0.42824074074074 0.1 0.1212962962963
10 0.60390625 0.33194444444444 0.0796875 0.12314814814815
10 0.96796875 0.16296296296296 0.0640625 0.18148148148148
10 0.46197916666667 0.21111111111111 0.078125 0.1037037037037
10 0.696875 0.35648148148148 0.065625 0.1037037037037
10 0.7046875 0.28194444444444 0.060416666666667 0.086111111111111