11 0.34505208333333 0.30833333333333 0.050520833333333 0.059259259259259
11 0.23723958333333 0.20277777777778 0.1359375 0.1537037037037
11 0.4921875 0.29953703703704 0.046875 0.05462962962963
11 0.40416666666667 0.32592592592593 0.066666666666667 0.072222222222222
11 0.40598958333333 0.10046296296296 0.11614583333333 0.17685185185185
11 0.20338541666667 0.16944444444444 0.041145833333333 0.057407407407407
11 0.671875 0.91435185185185 0.04375 0.058333333333333
11 0.87838541666667 0.43101851851852 0.043229166666667 0.062037037037037
11 0.016927083333333 0.018981481481481 0.033854166666667 0.037962962962963
11 0.15286458333333 0.22407407407407 0.044270833333333 0.055555555555556
11 0.037760416666667 0.72916666666667 0.041145833333333 0.052777777777778
11 0.12838541666667 0.68935185185185 0.043229166666667 0.052777777777778
11 0.79192708333333 0.24351851851852 0.063020833333333 0.066666666666667
11 0.0625 0.44907407407407 0.048958333333333 0.074074074074074
11 0.43125 0.40324074074074 0.052083333333333 0.069444444444444
11 0.03828125 0.14814814814815 0.0578125 0.075925925925926
11 0.26380208333333 0.52314814814815 0.040104166666667 0.061111111111111
11 0.0828125 0.089351851851852 0.041666666666667 0.058333333333333
11 0.96458333333333 0.29398148148148 0.06875 0.10092592592593
11 0.96015625 0.12268518518519 0.050520833333333 0.058333333333333
11 0.47786458333333 0.018518518518519 0.050520833333333 0.037037037037037
11 0.96067708333333 0.36064814814815 0.0484375 0.058333333333333
11 0.66901041666667 0.19305555555556 0.091145833333333 0.10277777777778
11 0.51953125 0.17731481481481 0.046354166666667 0.049074074074074
11 0.55546875 0.050925925925926 0.050520833333333 0.057407407407407
11 0.64765625 0.62407407407407 0.041145833333333 0.057407407407407
11 0.84244791666667 0.71712962962963 0.0359375 0.062037037037037
11 0.21640625 0.62314814814815 0.038020833333333 0.055555555555556
11 0.20494791666667 0.22453703703704 0.047395833333333 0.058333333333333
11 0.063020833333333 0.056018518518519 0.040625 0.05462962962963
11 0.0067708333333333 0.48101851851852 0.013541666666667 0.037962962962963
11 0.76796875 0.11111111111111 0.050520833333333 0.057407407407407
11 0.74010416666667 0.37361111111111 0.0375 0.05462962962963
11 0.05234375 0.42916666666667 0.050520833333333 0.082407407407407
11 0.29713541666667 0.37453703703704 0.058854166666667 0.080555555555556
11 0.13932291666667 0.28935185185185 0.044270833333333 0.062037037037037
11 0.61822916666667 0.32824074074074 0.1 0.15277777777778
11 0.8375 0.43425925925926 0.040625 0.057407407407407
11 0.96588541666667 0.8037037037037 0.0453125 0.075925925925926
11 0.53385416666667 0.21898148148148 0.11979166666667 0.14166666666667
11 0.20546875 0.7037037037037 0.041145833333333 0.048148148148148
11 0.325 0.22453703703704 0.069791666666667 0.10277777777778
11 0.85598958333333 0.28148148148148 0.040104166666667 0.048148148148148
11 0.80833333333333 0.17592592592593 0.052083333333333 0.053703703703704
11 0.74557291666667 0.4087962962963 0.036979166666667 0.056481481481481
11 0.85885416666667 0.37453703703704 0.045833333333333 0.05462962962963
11 0.6078125 0.35 0.067708333333333 0.096296296296296
11 0.37213541666667 0.49259259259259 0.059895833333333 0.085185185185185
11 0.50208333333333 0.71435185185185 0.063541666666667 0.10277777777778
11 0.044270833333333 0.85185185185185 0.06875 0.068518518518519
11 0.13046875 0.084722222222222 0.041145833333333 0.056481481481481
11 0.56432291666667 0.24074074074074 0.047395833333333 0.055555555555556
11 0.36380208333333 0.96898148148148 0.0765625 0.062037037037037
11 0.69401041666667 0.42268518518519 0.0609375 0.080555555555556
11 0.11953125 0.61759259259259 0.041145833333333 0.061111111111111
11 0.70364583333333 0.091666666666667 0.091666666666667 0.10185185185185
11 0.64401041666667 0.75740740740741 0.063020833333333 0.11296296296296