10 0.71145833333333 0.60231481481481 0.0375 0.043518518518519
10 0.70104166666667 0.53333333333333 0.03125 0.037037037037037
10 0.66614583333333 0.34768518518519 0.034375 0.047222222222222
10 0.071354166666667 0.89861111111111 0.13229166666667 0.16388888888889
10 0.13723958333333 0.72777777777778 0.1109375 0.1537037037037
10 0.19661458333333 0.25648148148148 0.040104166666667 0.053703703703704
10 0.23567708333333 0.37916666666667 0.041145833333333 0.058333333333333
10 0.76927083333333 0.33842592592593 0.0375 0.047222222222222
10 0.28463541666667 0.21944444444444 0.0359375 0.055555555555556
10 0.086458333333333 0.9412037037037 0.040625 0.043518518518519
10 0.58802083333333 0.83333333333333 0.14270833333333 0.16851851851852
10 0.28229166666667 0.68009259259259 0.054166666666667 0.063888888888889
10 0.75703125 0.60509259259259 0.0359375 0.04537037037037
10 0.1125 0.030092592592593 0.034375 0.052777777777778
10 0.2515625 0.59537037037037 0.035416666666667 0.044444444444444
10 0.37838541666667 0.38611111111111 0.12864583333333 0.13518518518519
10 0.7 0.43796296296296 0.057291666666667 0.07037037037037
10 0.3421875 0.39953703703704 0.041666666666667 0.062037037037037
10 0.80286458333333 0.4662037037037 0.0328125 0.039814814814815
10 0.38515625 0.25648148148148 0.041145833333333 0.057407407407407
10 0.37942708333333 0.31898148148148 0.034895833333333 0.052777777777778
10 0.23645833333333 0.78657407407407 0.030208333333333 0.034259259259259
10 0.12109375 0.18194444444444 0.058854166666667 0.10092592592593
10 0.2234375 0.43055555555556 0.035416666666667 0.046296296296296
10 0.64166666666667 0.056018518518519 0.038541666666667 0.05462962962963
10 0.37864583333333 0.57222222222222 0.13229166666667 0.16111111111111
10 0.38463541666667 0.87453703703704 0.0421875 0.043518518518519
10 0.84140625 0.61805555555556 0.0421875 0.052777777777778
10 0.334375 0.14814814814815 0.0375 0.061111111111111
10 0.784375 0.4037037037037 0.0375 0.046296296296296
10 0.56666666666667 0.33657407407407 0.03125 0.043518518518519
10 0.1140625 0.48333333333333 0.1125 0.1462962962963
10 0.56484375 0.19398148148148 0.033854166666667 0.049074074074074
10 0.85598958333333 0.78472222222222 0.12135416666667 0.16388888888889
10 0.050520833333333 0.85231481481481 0.032291666666667 0.039814814814815
10 0.67526041666667 0.063888888888889 0.0359375 0.048148148148148
10 0.36223958333333 0.60648148148148 0.033854166666667 0.040740740740741
10 0.92369791666667 0.94444444444444 0.034895833333333 0.046296296296296
10 0.2015625 0.34722222222222 0.035416666666667 0.053703703703704
10 0.11901041666667 0.68009259259259 0.0421875 0.05462962962963
10 0.64869791666667 0.17731481481481 0.047395833333333 0.063888888888889
10 0.80104166666667 0.53935185185185 0.039583333333333 0.05462962962963
10 0.41875 0.028240740740741 0.041666666666667 0.056481481481481
10 0.52630208333333 0.0125 0.0359375 0.025
10 0.73515625 0.76805555555556 0.0703125 0.087962962962963
10 0.075260416666667 0.45833333333333 0.034895833333333 0.053703703703704
10 0.8875 0.8375 0.040625 0.052777777777778
10 0.53489583333333 0.034722222222222 0.039583333333333 0.05462962962963
10 0.35442708333333 0.078240740740741 0.0390625 0.060185185185185
10 0.72109375 0.07037037037037 0.040104166666667 0.053703703703704
10 0.44427083333333 0.79027777777778 0.066666666666667 0.080555555555556
10 0.603125 0.037962962962963 0.04375 0.068518518518519
10 0.63463541666667 0.35833333333333 0.0390625 0.051851851851852
10 0.0328125 0.055555555555556 0.035416666666667 0.053703703703704
10 0.06796875 0.56342592592593 0.0390625 0.052777777777778
10 0.38229166666667 0.026388888888889 0.048958333333333 0.052777777777778
10 0.48385416666667 0.063425925925926 0.05625 0.082407407407407
10 0.38333333333333 0.5462962962963 0.088541666666667 0.1037037037037
10 0.2125 0.67731481481481 0.029166666666667 0.036111111111111
10 0.63984375 0.38981481481481 0.068229166666667 0.085185185185185
10 0.37890625 0.65185185185185 0.0515625 0.053703703703704
10 0.27708333333333 0.46990740740741 0.080208333333333 0.11203703703704
10 0.75442708333333 0.46111111111111 0.031770833333333 0.040740740740741
10 0.7578125 0.27546296296296 0.044791666666667 0.060185185185185
10 0.26640625 0.2787037037037 0.052604166666667 0.07962962962963
10 0.13515625 0.49259259259259 0.040104166666667 0.057407407407407
10 0.4609375 0.021296296296296 0.036458333333333 0.042592592592593
10 0.68333333333333 0.25601851851852 0.036458333333333 0.049074074074074
10 0.12604166666667 0.49166666666667 0.063541666666667 0.083333333333333
10 0.40104166666667 0.15833333333333 0.042708333333333 0.066666666666667
10 0.5515625 0.55509259259259 0.044791666666667 0.052777777777778
10 0.69947916666667 0.36898148148148 0.034375 0.04537037037037
10 0.097916666666667 0.084722222222222 0.035416666666667 0.052777777777778
10 0.35052083333333 0.27175925925926 0.0375 0.05462962962963
10 0.18046875 0.12592592592593 0.0390625 0.057407407407407
10 0.39375 0.12037037037037 0.033333333333333 0.048148148148148
10 0.47161458333333 0.32546296296296 0.036979166666667 0.052777777777778
10 0.25442708333333 0.16759259259259 0.033854166666667 0.048148148148148
10 0.16875 0.75833333333333 0.03125 0.037037037037037