10 0.254296875 0.675 0.06640625 0.063888888888889
10 0.883984375 0.6375 0.16953125 0.14166666666667
11 0.83125 0.19305555555556 0.1125 0.094444444444444
11 0.3484375 0.69652777777778 0.04375 0.043055555555556
11 0.8671875 0.34791666666667 0.1 0.12083333333333
10 0.505078125 0.10694444444444 0.20546875 0.2
11 0.340625 0.45 0.090625 0.086111111111111
11 0.45859375 0.59722222222222 0.1984375 0.21944444444444
10 0.407421875 0.96597222222222 0.09453125 0.0625
10 0.9421875 0.23819444444444 0.1109375 0.17638888888889
11 0.2703125 0.52916666666667 0.16875 0.16111111111111
11 0.196875 0.29791666666667 0.1171875 0.14305555555556
10 0.153125 0.53055555555556 0.09375 0.125