10 0.571875 0.47152777777778 0.04375 0.056944444444444
10 0.814453125 0.76319444444444 0.06015625 0.065277777777778
10 0.52109375 0.64583333333333 0.046875 0.061111111111111
10 0.8140625 0.66875 0.0453125 0.059722222222222
10 0.789453125 0.71111111111111 0.04140625 0.052777777777778
10 0.5265625 0.57777777777778 0.0421875 0.058333333333333
10 0.594921875 0.70069444444444 0.03828125 0.048611111111111
10 0.580859375 0.65555555555556 0.04296875 0.055555555555556
10 0.459765625 0.65972222222222 0.04453125 0.058333333333333
10 0.7453125 0.72013888888889 0.040625 0.051388888888889
10 0.679296875 0.82430555555556 0.07890625 0.093055555555556
10 0.3828125 0.50208333333333 0.0421875 0.059722222222222
10 0.776953125 0.68402777777778 0.04609375 0.059722222222222
10 0.651171875 0.72986111111111 0.03515625 0.043055555555556
10 0.644140625 0.57152777777778 0.06484375 0.070833333333333
10 0.79765625 0.55763888888889 0.04375 0.059722222222222
10 0.69765625 0.76041666666667 0.0375 0.045833333333333
10 0.703515625 0.94652777777778 0.04453125 0.054166666666667
10 0.530859375 0.44722222222222 0.04140625 0.055555555555556
10 0.821484375 0.425 0.04296875 0.058333333333333
10 0.65703125 0.9625 0.0640625 0.069444444444444
10 0.629296875 0.63055555555556 0.07109375 0.088888888888889
10 0.7046875 0.87708333333333 0.0625 0.065277777777778
10 0.42734375 0.48541666666667 0.0609375 0.073611111111111
10 0.739453125 0.67569444444444 0.04140625 0.051388888888889
10 0.54296875 0.68194444444444 0.0421875 0.052777777777778
10 0.63984375 0.69305555555556 0.0453125 0.055555555555556
10 0.66875 0.61319444444444 0.040625 0.054166666666667
10 0.38671875 0.42361111111111 0.040625 0.055555555555556