19 0.42161458333333 0.2837962962963 0.0265625 0.032407407407407
19 0.5984375 0.73425925925926 0.019791666666667 0.022222222222222
19 0.50963541666667 0.70092592592593 0.0203125 0.022222222222222
19 0.44713541666667 0.93472222222222 0.021354166666667 0.021296296296296
19 0.53046875 0.59768518518519 0.0234375 0.025
19 0.48802083333333 0.70972222222222 0.020833333333333 0.023148148148148
19 0.43619791666667 0.60555555555556 0.022395833333333 0.024074074074074
14 0.26536458333333 0.96898148148148 0.0265625 0.037962962962963
19 0.48723958333333 0.74351851851852 0.024479166666667 0.027777777777778
19 0.26901041666667 0.32592592592593 0.040104166666667 0.055555555555556
19 0.42682291666667 0.76527777777778 0.0234375 0.023148148148148
33 0.96328125 0.26064814814815 0.0671875 0.11944444444444
10 0.1953125 0.78101851851852 0.384375 0.43981481481481
10 0.26614583333333 0.96990740740741 0.03125 0.039814814814815
10 0.2703125 0.32222222222222 0.042708333333333 0.046296296296296