10 0.72265625 0.37986111111111 0.021875 0.026388888888889
10 0.87734375 0.43819444444444 0.0265625 0.029166666666667
10 0.86875 0.41527777777778 0.0234375 0.025
10 0.666796875 0.33611111111111 0.01640625 0.022222222222222
10 0.856640625 0.625 0.02890625 0.033333333333333
10 0.725 0.43333333333333 0.034375 0.041666666666667
10 0.676171875 0.38333333333333 0.02578125 0.033333333333333
10 0.734375 0.50138888888889 0.021875 0.025
10 0.6953125 0.25277777777778 0.034375 0.036111111111111
10 0.641015625 0.31041666666667 0.03046875 0.0375
10 0.74921875 0.38819444444444 0.0359375 0.040277777777778
10 0.709765625 0.5375 0.04609375 0.05
10 0.855859375 0.43263888888889 0.02578125 0.026388888888889
10 0.791015625 0.12083333333333 0.02265625 0.027777777777778
10 0.751171875 0.42708333333333 0.01953125 0.020833333333333
10 0.708984375 0.43055555555556 0.02890625 0.036111111111111
10 0.778515625 0.42916666666667 0.02421875 0.025
10 0.46953125 0.40347222222222 0.021875 0.023611111111111
10 0.854296875 0.35833333333333 0.02421875 0.025
10 0.820703125 0.37847222222222 0.02578125 0.029166666666667
10 0.698046875 0.46180555555556 0.02890625 0.0375
10 0.8046875 0.39444444444444 0.0265625 0.030555555555556
10 0.699609375 0.49097222222222 0.02578125 0.031944444444444
10 0.825 0.44027777777778 0.025 0.027777777777778
10 0.883984375 0.47152777777778 0.02890625 0.031944444444444
10 0.832421875 0.41111111111111 0.03671875 0.041666666666667
10 0.70703125 0.27430555555556 0.021875 0.026388888888889
10 0.807421875 0.45763888888889 0.03046875 0.031944444444444
10 0.80625 0.42638888888889 0.0265625 0.027777777777778
10 0.89609375 0.55347222222222 0.03125 0.0375
10 0.862109375 0.59097222222222 0.03515625 0.0375
10 0.78515625 0.14375 0.0234375 0.029166666666667
10 0.7234375 0.60486111111111 0.025 0.026388888888889
10 0.833203125 0.51944444444444 0.05078125 0.066666666666667
10 0.716015625 0.39652777777778 0.02578125 0.031944444444444
10 0.675 0.27708333333333 0.040625 0.040277777777778
10 0.84296875 0.49444444444444 0.028125 0.033333333333333
10 0.705078125 0.30138888888889 0.02265625 0.025
10 0.85234375 0.39166666666667 0.028125 0.030555555555556
10 0.778125 0.38055555555556 0.040625 0.047222222222222
10 0.70546875 0.37777777777778 0.021875 0.027777777777778
10 0.882421875 0.50902777777778 0.03203125 0.0375
10 0.90625 0.32152777777778 0.0296875 0.0375
10 0.678515625 0.22152777777778 0.03203125 0.0375
10 0.87109375 0.54791666666667 0.028125 0.031944444444444
10 0.7296875 0.48055555555556 0.0296875 0.036111111111111