11 0.7359375 0.51388888888889 0.070833333333333 0.10185185185185
11 0.8140625 0.7587962962963 0.073958333333333 0.09537037037037
11 0.41875 0.95416666666667 0.059375 0.080555555555556
11 0.68255208333333 0.23888888888889 0.052604166666667 0.083333333333333
11 0.94947916666667 0.28194444444444 0.0375 0.065740740740741
11 0.85286458333333 0.25509259259259 0.0328125 0.05462962962963
11 0.98333333333333 0.35416666666667 0.03125 0.052777777777778
11 0.39791666666667 0.37175925925926 0.032291666666667 0.050925925925926
11 0.69192708333333 0.32314814814815 0.031770833333333 0.048148148148148
11 0.28203125 0.89490740740741 0.031770833333333 0.04537037037037
11 0.63098958333333 0.55509259259259 0.0328125 0.043518518518519
11 0.66744791666667 0.38055555555556 0.0296875 0.042592592592593
11 0.92447916666667 0.45972222222222 0.027083333333333 0.04537037037037
11 0.7703125 0.14583333333333 0.028125 0.043518518518519
11 0.92682291666667 0.43194444444444 0.027604166666667 0.043518518518519
11 0.19921875 0.58101851851852 0.0296875 0.039814814814815
11 0.79270833333333 0.44953703703704 0.027083333333333 0.041666666666667
11 0.5640625 0.84027777777778 0.028125 0.037962962962963
11 0.80416666666667 0.30509259259259 0.026041666666667 0.039814814814815
11 0.65989583333333 0.70740740740741 0.028125 0.037037037037037
11 0.95729166666667 0.32361111111111 0.026041666666667 0.039814814814815
11 0.78385416666667 0.49768518518519 0.026041666666667 0.039814814814815
11 0.5984375 0.77175925925926 0.027083333333333 0.037962962962963
11 0.3640625 0.4787037037037 0.026041666666667 0.038888888888889
11 0.48958333333333 0.52916666666667 0.028125 0.036111111111111
11 0.52109375 0.68564814814815 0.027604166666667 0.036111111111111
11 0.39088541666667 0.83425925925926 0.0265625 0.037037037037037
11 0.35364583333333 0.77962962962963 0.026041666666667 0.037037037037037
11 0.32838541666667 0.66111111111111 0.0265625 0.037037037037037
11 0.784375 0.65740740740741 0.027083333333333 0.035185185185185
11 0.63463541666667 0.30648148148148 0.024479166666667 0.038888888888889
11 0.92473958333333 0.23287037037037 0.0234375 0.039814814814815
11 0.43515625 0.52916666666667 0.0265625 0.034259259259259
11 0.55546875 0.83055555555556 0.024479166666667 0.037037037037037
11 0.8640625 0.53194444444444 0.025 0.036111111111111
11 0.53619791666667 0.7462962962963 0.025520833333333 0.035185185185185
11 0.39505208333333 0.7712962962963 0.0265625 0.033333333333333
11 0.65208333333333 0.51064814814815 0.025 0.034259259259259
11 0.50651041666667 0.75046296296296 0.025520833333333 0.032407407407407
11 0.32239583333333 0.68657407407407 0.025 0.034259259259259
11 0.60729166666667 0.76111111111111 0.025 0.033333333333333
11 0.64869791666667 0.77685185185185 0.025520833333333 0.033333333333333
11 0.86302083333333 0.024074074074074 0.021875 0.037037037037037
11 0.35989583333333 0.74814814814815 0.023958333333333 0.033333333333333
11 0.746875 0.052777777777778 0.021875 0.035185185185185
11 0.7609375 0.46712962962963 0.022916666666667 0.032407407407407
11 0.41484375 0.61018518518519 0.0234375 0.031481481481481
11 0.50260416666667 0.89814814814815 0.022916666666667 0.033333333333333
11 0.5734375 0.85277777777778 0.023958333333333 0.031481481481481
11 0.61822916666667 0.75 0.023958333333333 0.02962962962963
11 0.39453125 0.6962962962963 0.022395833333333 0.031481481481481
11 0.50390625 0.92361111111111 0.022395833333333 0.030555555555556
11 0.55572916666667 0.72685185185185 0.022916666666667 0.02962962962963
11 0.4578125 0.58611111111111 0.022916666666667 0.02962962962963
11 0.58697916666667 0.78287037037037 0.021875 0.030555555555556
11 0.38854166666667 0.77731481481481 0.021875 0.030555555555556
11 0.49010416666667 0.44907407407407 0.020833333333333 0.031481481481481
11 0.46197916666667 0.77592592592593 0.021875 0.02962962962963
11 0.50598958333333 0.70462962962963 0.021354166666667 0.02962962962963
11 0.54869791666667 0.64027777777778 0.022395833333333 0.028703703703704
11 0.61067708333333 0.58287037037037 0.021354166666667 0.028703703703704
11 0.40208333333333 0.7662037037037 0.020833333333333 0.028703703703704
11 0.50338541666667 0.87731481481481 0.021354166666667 0.028703703703704
11 0.55911458333333 0.58703703703704 0.0203125 0.027777777777778
11 0.246875 0.6337962962963 0.019791666666667 0.026851851851852
11 0.48359375 0.64814814814815 0.0203125 0.027777777777778
11 0.50078125 0.56851851851852 0.0203125 0.025925925925926
11 0.44635416666667 0.71759259259259 0.021875 0.024074074074074
11 0.51432291666667 0.3875 0.018229166666667 0.028703703703704
11 0.55520833333333 0.42037037037037 0.017708333333333 0.02962962962963
11 0.55885416666667 0.54074074074074 0.01875 0.024074074074074
11 0.46692708333333 0.56157407407407 0.019270833333333 0.025
11 0.59765625 0.29537037037037 0.0171875 0.025925925925926
11 0.43880208333333 0.46481481481481 0.018229166666667 0.025925925925926
11 0.51848958333333 0.58472222222222 0.019270833333333 0.026851851851852
11 0.50833333333333 0.65416666666667 0.01875 0.023148148148148
11 0.48958333333333 0.62777777777778 0.017708333333333 0.024074074074074
11 0.43333333333333 0.71759259259259 0.017708333333333 0.024074074074074
11 0.49635416666667 0.67037037037037 0.017708333333333 0.024074074074074
11 0.45885416666667 0.67916666666667 0.017708333333333 0.023148148148148
11 0.51302083333333 0.47592592592593 0.016666666666667 0.024074074074074
11 0.55703125 0.48564814814815 0.0171875 0.023148148148148
11 0.51901041666667 0.19351851851852 0.016145833333333 0.024074074074074
11 0.55755208333333 0.38981481481481 0.016145833333333 0.024074074074074
11 0.43802083333333 0.62037037037037 0.016666666666667 0.022222222222222
11 0.603125 0.30601851851852 0.015625 0.021296296296296
11 0.53854166666667 0.4837962962963 0.015625 0.021296296296296
11 0.5265625 0.34027777777778 0.015625 0.023148148148148
11 0.58567708333333 0.40787037037037 0.015104166666667 0.021296296296296
11 0.52604166666667 0.42546296296296 0.014583333333333 0.021296296296296
11 0.53567708333333 0.45648148148148 0.015104166666667 0.02037037037037
11 0.559375 0.45462962962963 0.013541666666667 0.02037037037037
11 0.47161458333333 0.46990740740741 0.0140625 0.019444444444444
11 0.47526041666667 0.51388888888889 0.015104166666667 0.02037037037037
11 0.49401041666667 0.59722222222222 0.015104166666667 0.02037037037037