11 0.921484375 0.46111111111111 0.15234375 0.33333333333333
11 0.540625 0.23402777777778 0.1765625 0.29305555555556
11 0.168359375 0.90416666666667 0.21328125 0.19722222222222
11 0.749609375 0.10763888888889 0.15859375 0.21527777777778
11 0.34609375 0.27986111111111 0.153125 0.21805555555556
11 0.9140625 0.11041666666667 0.1625 0.20972222222222
11 0.700390625 0.39583333333333 0.13828125 0.21111111111111
11 0.762890625 0.84097222222222 0.14765625 0.16527777777778
11 0.653515625 0.85347222222222 0.14765625 0.16527777777778
11 0.310546875 0.87430555555556 0.13359375 0.14861111111111
11 0.395703125 0.5875 0.12890625 0.14166666666667
11 0.582421875 0.85 0.10234375 0.14722222222222
11 0.05703125 0.065972222222222 0.1140625 0.13194444444444
11 0.95703125 0.24305555555556 0.084375 0.15555555555556
11 0.359375 0.56666666666667 0.0984375 0.12777777777778
11 0.42890625 0.91736111111111 0.096875 0.12083333333333
11 0.340234375 0.054861111111111 0.10546875 0.10972222222222
11 0.2328125 0.11666666666667 0.09375 0.12777777777778
11 0.631640625 0.32638888888889 0.08671875 0.11666666666667
11 0.434375 0.60833333333333 0.0890625 0.11111111111111
11 0.55 0.50416666666667 0.0828125 0.11388888888889
11 0.037890625 0.77361111111111 0.07578125 0.12777777777778
11 0.80078125 0.16944444444444 0.08125 0.11388888888889
11 0.584765625 0.67638888888889 0.08046875 0.11388888888889
11 0.158984375 0.036805555555556 0.12421875 0.073611111111111
11 0.3328125 0.45347222222222 0.08125 0.10972222222222
11 0.845703125 0.94722222222222 0.07890625 0.10555555555556
11 0.88984375 0.78541666666667 0.0796875 0.10138888888889
11 0.642578125 0.57986111111111 0.07734375 0.10416666666667
11 0.228125 0.59861111111111 0.0734375 0.10277777777778
11 0.962890625 0.95069444444444 0.07421875 0.10138888888889
11 0.778515625 0.27222222222222 0.06796875 0.1
11 0.7 0.74583333333333 0.071875 0.091666666666667
11 0.6140625 0.53958333333333 0.0671875 0.095833333333333
11 0.51328125 0.70694444444444 0.0671875 0.091666666666667
11 0.635546875 0.96666666666667 0.08984375 0.066666666666667
11 0.541015625 0.62708333333333 0.06484375 0.084722222222222
11 0.749609375 0.70694444444444 0.05859375 0.077777777777778
11 0.97890625 0.073611111111111 0.040625 0.088888888888889
11 0.479296875 0.96388888888889 0.05859375 0.061111111111111
11 0.5828125 0.01875 0.0703125 0.0375
11 0.012890625 0.21180555555556 0.02578125 0.065277777777778