11 0.7171875 0.42847222222222 0.490625 0.64583333333333
11 0.483984375 0.54444444444444 0.35859375 0.55277777777778
11 0.884765625 0.31875 0.22109375 0.21805555555556
11 0.67578125 0.098611111111111 0.0359375 0.044444444444444
11 0.724609375 0.67708333333333 0.03046875 0.040277777777778
11 0.69375 0.61319444444444 0.0296875 0.0375
11 0.7921875 0.71875 0.021875 0.031944444444444
11 0.618359375 0.54722222222222 0.02109375 0.030555555555556
11 0.75390625 0.098611111111111 0.025 0.038888888888889
11 0.61796875 0.50694444444444 0.0234375 0.033333333333333
11 0.651953125 0.54375 0.02734375 0.040277777777778
11 0.82890625 0.79375 0.0203125 0.029166666666667
11 0.740625 0.12638888888889 0.0203125 0.027777777777778
11 0.80859375 0.70069444444444 0.0203125 0.026388888888889
11 0.802734375 0.83888888888889 0.01796875 0.025
11 0.746484375 0.71527777777778 0.01640625 0.022222222222222