10 0.484375 0.31481481481481 0.19791666666667 0.2462962962963
10 0.3921875 0.33287037037037 0.20625 0.27685185185185
10 0.89427083333333 0.33425925925926 0.17083333333333 0.25185185185185
10 0.19140625 0.39027777777778 0.16614583333333 0.20648148148148
10 0.09375 0.30324074074074 0.16979166666667 0.20092592592593
10 0.084114583333333 0.39351851851852 0.15364583333333 0.19444444444444
10 0.48619791666667 0.43425925925926 0.17135416666667 0.19074074074074
10 0.73776041666667 0.43842592592593 0.1296875 0.19722222222222
10 0.28020833333333 0.32777777777778 0.11666666666667 0.15555555555556
10 0.79817708333333 0.36157407407407 0.1046875 0.14537037037037
10 0.12916666666667 0.27268518518519 0.10625 0.13240740740741
10 0.70286458333333 0.30555555555556 0.090104166666667 0.1537037037037
10 0.040104166666667 0.38842592592593 0.080208333333333 0.16759259259259
10 0.97109375 0.29953703703704 0.0640625 0.19537037037037
10 0.61354166666667 0.32037037037037 0.0875 0.13333333333333
10 0.28880208333333 0.4287037037037 0.0953125 0.12037037037037
10 0.35338541666667 0.4412037037037 0.0828125 0.11759259259259
10 0.86927083333333 0.19722222222222 0.067708333333333 0.11666666666667
10 0.96848958333333 0.059259259259259 0.061979166666667 0.11851851851852
10 0.58151041666667 0.46759259259259 0.0703125 0.10185185185185
10 0.465625 0.039351851851852 0.064583333333333 0.078703703703704
10 0.026822916666667 0.33888888888889 0.052604166666667 0.11111111111111