10 0.530078125 0.26944444444444 0.04609375 0.061111111111111
10 0.52890625 0.13611111111111 0.0609375 0.077777777777778
10 0.4515625 0.22083333333333 0.0671875 0.080555555555556
10 0.305859375 0.69444444444444 0.35390625 0.58611111111111
10 0.6578125 0.62222222222222 0.05625 0.072222222222222
10 0.60078125 0.28333333333333 0.0515625 0.069444444444444
10 0.5734375 0.79236111111111 0.0421875 0.056944444444444
10 0.8359375 0.28680555555556 0.3421875 0.54027777777778
10 0.571875 0.69930555555556 0.040625 0.051388888888889
10 0.653125 0.82916666666667 0.0421875 0.052777777777778
10 0.636328125 0.72152777777778 0.05234375 0.059722222222222
10 0.947265625 0.52986111111111 0.04140625 0.045833333333333
10 0.241796875 0.85902777777778 0.06953125 0.11527777777778
10 0.508984375 0.084722222222222 0.04453125 0.063888888888889
10 0.6046875 0.32430555555556 0.0421875 0.056944444444444
10 0.63046875 0.31527777777778 0.0484375 0.063888888888889
10 0.721875 0.59861111111111 0.0609375 0.066666666666667
10 0.4640625 0.072222222222222 0.0484375 0.066666666666667
10 0.6421875 0.21527777777778 0.053125 0.075
10 0.593359375 0.23611111111111 0.05078125 0.069444444444444
10 0.515625 0.55347222222222 0.046875 0.0625
10 0.58828125 0.61180555555556 0.0453125 0.056944444444444
10 0.576171875 0.10972222222222 0.04921875 0.069444444444444
10 0.561328125 0.61805555555556 0.04609375 0.061111111111111
10 0.633984375 0.16180555555556 0.06015625 0.081944444444444
10 0.5875 0.68680555555556 0.0640625 0.076388888888889
10 0.54453125 0.0875 0.0515625 0.072222222222222
10 0.5875 0.17569444444444 0.0484375 0.068055555555556
10 0.49296875 0.25416666666667 0.0453125 0.063888888888889
10 0.716796875 0.72847222222222 0.04765625 0.056944444444444
10 0.647265625 0.75763888888889 0.05234375 0.0625
10 0.48671875 0.11944444444444 0.0453125 0.058333333333333
10 0.436328125 0.38472222222222 0.06484375 0.083333333333333
10 0.697265625 0.63194444444444 0.04453125 0.05
10 0.762890625 0.63263888888889 0.04921875 0.054166666666667
10 0.584765625 0.14444444444444 0.04453125 0.061111111111111