10 0.74244791666667 0.011574074074074 0.0515625 0.023148148148148
10 0.89921875 0.38842592592593 0.0453125 0.067592592592593
10 0.8328125 0.93703703703704 0.029166666666667 0.046296296296296
10 0.75234375 0.70509259259259 0.033854166666667 0.052777777777778
10 0.47395833333333 0.94768518518519 0.082291666666667 0.10092592592593
10 0.66614583333333 0.90972222222222 0.076041666666667 0.10833333333333
10 0.96510416666667 0.81064814814815 0.036458333333333 0.056481481481481
10 0.61666666666667 0.46527777777778 0.061458333333333 0.091666666666667
10 0.4765625 0.53518518518519 0.10416666666667 0.15185185185185
10 0.39088541666667 0.48425925925926 0.0609375 0.090740740740741
10 0.87135416666667 0.43194444444444 0.032291666666667 0.05462962962963
10 0.2890625 0.58333333333333 0.044791666666667 0.051851851851852
10 0.65286458333333 0.075462962962963 0.061979166666667 0.069444444444444
10 0.68489583333333 0.49814814814815 0.053125 0.072222222222222
10 0.97734375 0.51388888888889 0.0453125 0.077777777777778
10 0.73046875 0.46203703703704 0.052604166666667 0.077777777777778
10 0.39791666666667 0.32314814814815 0.05625 0.090740740740741
10 0.79140625 0.81481481481481 0.036979166666667 0.055555555555556
10 0.96015625 0.98333333333333 0.034895833333333 0.033333333333333
10 0.98515625 0.86018518518519 0.027604166666667 0.055555555555556
10 0.76901041666667 0.70324074074074 0.0578125 0.060185185185185
10 0.86666666666667 0.81574074074074 0.032291666666667 0.053703703703704
10 0.16979166666667 0.26111111111111 0.11875 0.16111111111111
10 0.8890625 0.23472222222222 0.065625 0.087962962962963