10 0.62109375 0.62430555555556 0.0890625 0.12638888888889
10 0.68203125 0.81736111111111 0.071875 0.090277777777778
10 0.709375 0.86458333333333 0.071875 0.076388888888889
10 0.64765625 0.95694444444444 0.0640625 0.083333333333333
10 0.4140625 0.46597222222222 0.0609375 0.0875
10 0.782421875 0.68055555555556 0.06015625 0.080555555555556
10 0.758203125 0.69791666666667 0.06015625 0.079166666666667
10 0.635546875 0.55069444444444 0.05703125 0.073611111111111
10 0.587109375 0.65625 0.05546875 0.073611111111111
10 0.63359375 0.6875 0.0546875 0.069444444444444
10 0.808203125 0.76875 0.05234375 0.068055555555556
10 0.57265625 0.44444444444444 0.046875 0.072222222222222
10 0.82421875 0.75069444444444 0.0453125 0.065277777777778
10 0.452734375 0.64861111111111 0.04453125 0.063888888888889
10 0.8265625 0.64791666666667 0.04375 0.065277777777778
10 0.5234375 0.62916666666667 0.0453125 0.061111111111111
10 0.71328125 0.92430555555556 0.0484375 0.056944444444444
10 0.511328125 0.57361111111111 0.04296875 0.063888888888889
10 0.823828125 0.42361111111111 0.04296875 0.063888888888889
10 0.791015625 0.56041666666667 0.04296875 0.0625
10 0.59375 0.97083333333333 0.0484375 0.052777777777778
10 0.54296875 0.65902777777778 0.0421875 0.059722222222222
10 0.738671875 0.66180555555556 0.04140625 0.059722222222222
10 0.662890625 0.60347222222222 0.04140625 0.059722222222222
10 0.516796875 0.43125 0.03984375 0.059722222222222
10 0.746484375 0.71458333333333 0.04140625 0.059722222222222
10 0.374609375 0.39375 0.04296875 0.048611111111111
10 0.695703125 0.73819444444444 0.03671875 0.051388888888889
10 0.363671875 0.47708333333333 0.03515625 0.048611111111111
10 0.653515625 0.71944444444444 0.03359375 0.047222222222222
10 0.206640625 0.98541666666667 0.04140625 0.029166666666667