11 0.25859375 0.72430555555556 0.365625 0.52638888888889
11 0.82265625 0.33541666666667 0.3546875 0.6375
11 0.50625 0.14722222222222 0.0859375 0.10555555555556
11 0.22421875 0.95069444444444 0.0796875 0.093055555555556
11 0.652734375 0.70486111111111 0.07265625 0.095833333333333
11 0.43203125 0.47916666666667 0.071875 0.094444444444444
11 0.308984375 0.35763888888889 0.06015625 0.0875
11 0.422265625 0.29027777777778 0.06953125 0.091666666666667
11 0.69765625 0.5875 0.0609375 0.083333333333333
11 0.46640625 0.03125 0.0640625 0.0625
11 0.36328125 0.046527777777778 0.053125 0.073611111111111
11 0.33984375 0.13680555555556 0.053125 0.073611111111111
11 0.3515625 0.19513888888889 0.053125 0.070833333333333
11 0.4875 0.23958333333333 0.0515625 0.068055555555556
11 0.72265625 0.61805555555556 0.05 0.069444444444444
11 0.540625 0.80138888888889 0.0484375 0.066666666666667
11 0.35859375 0.15972222222222 0.05 0.069444444444444
11 0.565625 0.28125 0.0484375 0.065277777777778
11 0.48125 0.55 0.0515625 0.066666666666667
11 0.66171875 0.49375 0.05 0.065277777777778
11 0.598046875 0.34513888888889 0.04921875 0.0625
11 0.5515625 0.73402777777778 0.0484375 0.0625
11 0.365625 0.095833333333333 0.0453125 0.066666666666667
11 0.53359375 0.26180555555556 0.046875 0.065277777777778
11 0.63203125 0.65972222222222 0.046875 0.063888888888889
11 0.459375 0.24444444444444 0.0484375 0.061111111111111
11 0.609765625 0.6125 0.04765625 0.061111111111111
11 0.396875 0.36944444444444 0.0453125 0.063888888888889
11 0.3953125 0.075 0.0453125 0.063888888888889
11 0.653515625 0.39930555555556 0.04453125 0.0625
11 0.576953125 0.72708333333333 0.04609375 0.059722222222222
11 0.575390625 0.60694444444444 0.04296875 0.061111111111111
11 0.415234375 0.40069444444444 0.04296875 0.059722222222222
11 0.60546875 0.68958333333333 0.0421875 0.059722222222222
11 0.389453125 0.25277777777778 0.04296875 0.058333333333333
11 0.528125 0.67013888888889 0.04375 0.056944444444444
11 0.512890625 0.60277777777778 0.04140625 0.058333333333333
11 0.6515625 0.52222222222222 0.0421875 0.055555555555556
11 0.425390625 0.42430555555556 0.03984375 0.056944444444444
11 0.600390625 0.78680555555556 0.04140625 0.054166666666667
11 0.978125 0.61944444444444 0.0375 0.05
11 0.676953125 0.56736111111111 0.04140625 0.054166666666667
11 0.318359375 0.56527777777778 0.03203125 0.044444444444444
11 0.91875 0.82638888888889 0.03125 0.041666666666667
11 0.169140625 0.95625 0.02734375 0.040277777777778
11 0.722265625 0.69305555555556 0.02421875 0.033333333333333