10 0.37473958333333 0.84814814814815 0.18385416666667 0.30185185185185
10 0.64739583333333 0.84027777777778 0.12291666666667 0.19351851851852
10 0.41875 0.84166666666667 0.16145833333333 0.21481481481481
10 0.70963541666667 0.83240740740741 0.11510416666667 0.20185185185185
10 0.66197916666667 0.24490740740741 0.12291666666667 0.17685185185185
10 0.75234375 0.68055555555556 0.10677083333333 0.18148148148148
10 0.45989583333333 0.84861111111111 0.090625 0.13425925925926
10 0.85546875 0.55185185185185 0.1015625 0.14444444444444
10 0.62838541666667 0.37222222222222 0.1140625 0.16851851851852
10 0.95598958333333 0.064351851851852 0.0921875 0.1287037037037
10 0.090104166666667 0.775 0.0875 0.13333333333333