11 0.48776041666667 0.61944444444444 0.0140625 0.016666666666667
11 0.55963541666667 0.54398148148148 0.011979166666667 0.015740740740741
11 0.90833333333333 0.64722222222222 0.017708333333333 0.025925925925926
11 0.67317708333333 0.47685185185185 0.011979166666667 0.014814814814815
11 0.50911458333333 0.75740740740741 0.0265625 0.042592592592593
11 0.34401041666667 0.96064814814815 0.016145833333333 0.019444444444444
11 0.7453125 0.62592592592593 0.022916666666667 0.031481481481481
11 0.4640625 0.62962962962963 0.020833333333333 0.025925925925926
11 0.64427083333333 0.66342592592593 0.013541666666667 0.017592592592593
11 0.62265625 0.67453703703704 0.013020833333333 0.017592592592593
11 0.875 0.5662037037037 0.017708333333333 0.023148148148148
11 0.53958333333333 0.89675925925926 0.025 0.032407407407407
11 0.54609375 0.44444444444444 0.0171875 0.024074074074074
11 0.21276041666667 0.76759259259259 0.0203125 0.025925925925926
11 0.80234375 0.65833333333333 0.021354166666667 0.027777777777778
11 0.56979166666667 0.76481481481481 0.017708333333333 0.02037037037037
11 0.76666666666667 0.39675925925926 0.026041666666667 0.039814814814815
11 0.88385416666667 0.75509259259259 0.025 0.036111111111111
11 0.83463541666667 0.93425925925926 0.019270833333333 0.025925925925926
11 0.58177083333333 0.70138888888889 0.019791666666667 0.025
11 0.61354166666667 0.54768518518519 0.013541666666667 0.017592592592593
11 0.87864583333333 0.95740740740741 0.021875 0.031481481481481
11 0.47213541666667 0.82083333333333 0.016145833333333 0.019444444444444
11 0.99401041666667 0.98287037037037 0.011979166666667 0.026851851851852
11 0.99036458333333 0.67361111111111 0.016145833333333 0.026851851851852
11 0.80052083333333 0.82638888888889 0.015625 0.021296296296296
11 0.63723958333333 0.48842592592593 0.015104166666667 0.019444444444444
11 0.6109375 0.34768518518519 0.019791666666667 0.028703703703704
11 0.078645833333333 0.26203703703704 0.03125 0.048148148148148
11 0.85885416666667 0.6462962962963 0.020833333333333 0.027777777777778
11 0.675 0.91342592592593 0.023958333333333 0.034259259259259
11 0.76666666666667 0.30416666666667 0.013541666666667 0.017592592592593
11 0.6984375 0.59305555555556 0.011458333333333 0.015740740740741
11 0.76041666666667 0.86388888888889 0.020833333333333 0.027777777777778
11 0.79817708333333 0.69305555555556 0.0140625 0.019444444444444
11 0.96796875 0.58194444444444 0.022395833333333 0.032407407407407
11 0.66666666666667 0.57361111111111 0.011458333333333 0.013888888888889
11 0.61666666666667 0.58518518518519 0.019791666666667 0.025925925925926
11 0.62864583333333 0.7 0.014583333333333 0.018518518518519
11 0.94739583333333 0.74166666666667 0.01875 0.027777777777778
11 0.59375 0.59166666666667 0.022916666666667 0.02962962962963
11 0.56223958333333 0.80092592592593 0.018229166666667 0.022222222222222
11 0.471875 0.66944444444444 0.013541666666667 0.016666666666667
11 0.51588541666667 0.96898148148148 0.016145833333333 0.019444444444444
11 0.83098958333333 0.88287037037037 0.024479166666667 0.034259259259259
11 0.27161458333333 0.6537037037037 0.059895833333333 0.085185185185185
11 0.65390625 0.94444444444444 0.021354166666667 0.027777777777778
11 0.73020833333333 0.81481481481481 0.022916666666667 0.033333333333333
11 0.59270833333333 0.72777777777778 0.016666666666667 0.02037037037037
11 0.82239583333333 0.63796296296296 0.015625 0.022222222222222
11 0.63151041666667 0.52592592592593 0.013020833333333 0.016666666666667
11 0.63541666666667 0.58796296296296 0.013541666666667 0.016666666666667
11 0.84114583333333 0.22731481481481 0.025 0.034259259259259
11 0.71302083333333 0.73842592592593 0.014583333333333 0.017592592592593
11 0.51458333333333 0.63611111111111 0.014583333333333 0.016666666666667
11 0.77265625 0.20324074074074 0.011979166666667 0.017592592592593
11 0.48880208333333 0.75833333333333 0.0140625 0.018518518518519
11 0.43880208333333 0.30231481481481 0.021354166666667 0.030555555555556
11 0.59453125 0.78611111111111 0.0140625 0.016666666666667
11 0.8203125 0.26712962962963 0.014583333333333 0.021296296296296
11 0.41510416666667 0.67685185185185 0.027083333333333 0.037037037037037
11 0.65026041666667 0.81527777777778 0.015104166666667 0.019444444444444
11 0.42291666666667 0.91851851851852 0.015625 0.018518518518519
11 0.74192708333333 0.75092592592593 0.0140625 0.018518518518519
11 0.57473958333333 0.73055555555556 0.018229166666667 0.022222222222222
11 0.77395833333333 0.52546296296296 0.019791666666667 0.026851851851852
11 0.055729166666667 0.67175925925926 0.023958333333333 0.032407407407407