11 0.88697916666667 0.74907407407407 0.05 0.083333333333333
11 0.659375 0.38518518518519 0.044791666666667 0.072222222222222
11 0.57057291666667 0.96851851851852 0.049479166666667 0.059259259259259
11 0.48723958333333 0.68101851851852 0.040104166666667 0.060185185185185
11 0.73671875 0.33796296296296 0.033854166666667 0.053703703703704
11 0.26276041666667 0.90462962962963 0.033854166666667 0.05
11 0.36223958333333 0.91527777777778 0.0328125 0.04537037037037
11 0.80052083333333 0.74398148148148 0.034375 0.056481481481481
11 0.40260416666667 0.65462962962963 0.030208333333333 0.044444444444444
11 0.696875 0.42268518518519 0.028125 0.041666666666667
11 0.871875 0.30555555555556 0.028125 0.040740740740741
11 0.72005208333333 0.79768518518519 0.0265625 0.039814814814815
11 0.27005208333333 0.52361111111111 0.0265625 0.037962962962963
11 0.71510416666667 0.45555555555556 0.027083333333333 0.038888888888889
11 0.43619791666667 0.78287037037037 0.0265625 0.036111111111111
11 0.19791666666667 0.7662037037037 0.025 0.037962962962963
11 0.65364583333333 0.51712962962963 0.025 0.037962962962963
11 0.71927083333333 0.71944444444444 0.025 0.037037037037037
11 0.50625 0.85555555555556 0.025 0.035185185185185
11 0.98385416666667 0.58564814814815 0.023958333333333 0.036111111111111
11 0.66458333333333 0.7787037037037 0.023958333333333 0.035185185185185
11 0.84192708333333 0.80925925925926 0.0234375 0.035185185185185
11 0.94088541666667 0.61342592592593 0.022395833333333 0.036111111111111
11 0.73411458333333 0.40972222222222 0.022395833333333 0.036111111111111
11 0.88776041666667 0.29444444444444 0.022395833333333 0.035185185185185
11 0.37630208333333 0.96990740740741 0.0234375 0.034259259259259
11 0.65182291666667 0.88148148148148 0.0234375 0.033333333333333
11 0.9 0.64166666666667 0.021875 0.035185185185185
11 0.91354166666667 0.084259259259259 0.021875 0.035185185185185
11 0.76171875 0.31944444444444 0.022395833333333 0.033333333333333
11 0.66015625 0.61435185185185 0.022395833333333 0.032407407407407
11 0.86119791666667 0.31388888888889 0.021354166666667 0.033333333333333
11 0.74583333333333 0.68842592592593 0.021875 0.032407407407407
11 0.59088541666667 0.86851851851852 0.022395833333333 0.031481481481481
11 0.75234375 0.56898148148148 0.022395833333333 0.032407407407407
11 0.990625 0.51296296296296 0.01875 0.037037037037037
11 0.7328125 0.75740740740741 0.020833333333333 0.031481481481481
11 0.34739583333333 0.9287037037037 0.020833333333333 0.031481481481481
11 0.44401041666667 0.61157407407407 0.0203125 0.030555555555556
11 0.3484375 0.81898148148148 0.020833333333333 0.028703703703704
11 0.71666666666667 0.74907407407407 0.019791666666667 0.02962962962963
11 0.38229166666667 0.83518518518519 0.019791666666667 0.02962962962963
11 0.92421875 0.34722222222222 0.019270833333333 0.027777777777778
11 0.29322916666667 0.84212962962963 0.019791666666667 0.026851851851852
11 0.37369791666667 0.82361111111111 0.019270833333333 0.026851851851852
11 0.38671875 0.68796296296296 0.018229166666667 0.027777777777778
11 0.37447916666667 0.84351851851852 0.020833333333333 0.024074074074074
11 0.46692708333333 0.6162037037037 0.0171875 0.028703703703704
11 0.503125 0.81111111111111 0.01875 0.025925925925926
11 0.33463541666667 0.74768518518519 0.018229166666667 0.025
11 0.29921875 0.94722222222222 0.0171875 0.025925925925926
11 0.39817708333333 0.95416666666667 0.0171875 0.025
11 0.35703125 0.79259259259259 0.0171875 0.025925925925926
11 0.34869791666667 0.94305555555556 0.0171875 0.025
11 0.49557291666667 0.66435185185185 0.0171875 0.025
11 0.51640625 0.59907407407407 0.0171875 0.024074074074074
11 0.43255208333333 0.82777777777778 0.0171875 0.024074074074074
11 0.3140625 0.91018518518519 0.016666666666667 0.024074074074074
11 0.37083333333333 0.76157407407407 0.016666666666667 0.023148148148148
11 0.42578125 0.63287037037037 0.016145833333333 0.023148148148148
11 0.34635416666667 0.83703703703704 0.015625 0.022222222222222
11 0.30286458333333 0.93842592592593 0.016145833333333 0.021296296296296
11 0.54192708333333 0.52638888888889 0.015104166666667 0.021296296296296
11 0.42552083333333 0.69583333333333 0.014583333333333 0.021296296296296
11 0.25208333333333 0.99305555555556 0.019791666666667 0.015740740740741
11 0.36796875 0.84722222222222 0.015104166666667 0.02037037037037
11 0.38385416666667 0.60601851851852 0.015625 0.019444444444444
11 0.3703125 0.60092592592593 0.014583333333333 0.02037037037037
11 0.42838541666667 0.67453703703704 0.0140625 0.021296296296296
11 0.40078125 0.6087962962963 0.0140625 0.019444444444444
11 0.46041666666667 0.53425925925926 0.014583333333333 0.018518518518519
11 0.47786458333333 0.59814814814815 0.013020833333333 0.02037037037037
11 0.36145833333333 0.69490740740741 0.013541666666667 0.019444444444444
11 0.34557291666667 0.76990740740741 0.013020833333333 0.019444444444444
11 0.50546875 0.40462962962963 0.013020833333333 0.018518518518519
11 0.36796875 0.65555555555556 0.011979166666667 0.016666666666667
11 0.55703125 0.51481481481481 0.011979166666667 0.016666666666667
11 0.44765625 0.58148148148148 0.0109375 0.016666666666667