10 0.089583333333333 0.36990740740741 0.15625 0.21388888888889
10 0.62291666666667 0.33842592592593 0.0875 0.11203703703704
10 0.41796875 0.36712962962963 0.2546875 0.28796296296296
10 0.74010416666667 0.4462962962963 0.10729166666667 0.14074074074074
10 0.13828125 0.29722222222222 0.093229166666667 0.11296296296296
10 0.96145833333333 0.16527777777778 0.077083333333333 0.1712962962963
10 0.020833333333333 0.32592592592593 0.041666666666667 0.10185185185185
10 0.2140625 0.42638888888889 0.18854166666667 0.2287037037037
10 0.57291666666667 0.28935185185185 0.06875 0.093518518518519
10 0.78854166666667 0.33842592592593 0.095833333333333 0.13981481481481
10 0.915625 0.38101851851852 0.16875 0.22314814814815
10 0.72369791666667 0.35324074074074 0.058854166666667 0.082407407407407
10 0.89270833333333 0.31435185185185 0.084375 0.11203703703704
10 0.70546875 0.29027777777778 0.059895833333333 0.086111111111111