10 0.15104166666667 0.37638888888889 0.026041666666667 0.039814814814815
10 0.509375 0.45185185185185 0.023958333333333 0.033333333333333
10 0.26822916666667 0.2587962962963 0.027083333333333 0.037962962962963
10 0.365625 0.36296296296296 0.021875 0.031481481481481
10 0.17734375 0.36712962962963 0.025520833333333 0.037962962962963
10 0.51380208333333 0.39398148148148 0.028645833333333 0.041666666666667
10 0.22526041666667 0.35324074074074 0.027604166666667 0.039814814814815
10 0.48229166666667 0.42685185185185 0.028125 0.040740740740741
10 0.54479166666667 0.47453703703704 0.032291666666667 0.047222222222222
10 0.27057291666667 0.49861111111111 0.034895833333333 0.049074074074074
10 0.4671875 0.38333333333333 0.026041666666667 0.037037037037037
10 0.19192708333333 0.41203703703704 0.027604166666667 0.042592592592593
10 0.60703125 0.55416666666667 0.0265625 0.037962962962963
10 0.58880208333333 0.5837962962963 0.0265625 0.039814814814815
10 0.15885416666667 0.29305555555556 0.026041666666667 0.039814814814815
10 0.25234375 0.2337962962963 0.0390625 0.056481481481481
10 0.74817708333333 0.58564814814815 0.0234375 0.034259259259259
10 0.019010416666667 0.25324074074074 0.034895833333333 0.056481481481481
10 0.88411458333333 0.60740740740741 0.030729166666667 0.042592592592593
10 0.32994791666667 0.42731481481481 0.024479166666667 0.036111111111111
10 0.51432291666667 0.49583333333333 0.031770833333333 0.039814814814815
10 0.76276041666667 0.65462962962963 0.024479166666667 0.037037037037037
10 0.29036458333333 0.27592592592593 0.0265625 0.044444444444444
10 0.1953125 0.18981481481481 0.026041666666667 0.040740740740741
10 0.087239583333333 0.49907407407407 0.028645833333333 0.042592592592593
10 0.6703125 0.5 0.025 0.035185185185185
10 0.19375 0.29027777777778 0.028125 0.041666666666667
10 0.371875 0.53564814814815 0.021875 0.034259259259259
10 0.31796875 0.36203703703704 0.024479166666667 0.035185185185185
10 0.48125 0.12824074074074 0.025 0.037962962962963
10 0.62890625 0.41064814814815 0.027604166666667 0.037962962962963
10 0.28255208333333 0.6412037037037 0.030729166666667 0.043518518518519
10 0.83932291666667 0.80046296296296 0.058854166666667 0.093518518518519
10 0.53359375 0.53981481481481 0.044270833333333 0.059259259259259
10 0.56067708333333 0.51296296296296 0.030729166666667 0.040740740740741
10 0.14791666666667 0.4412037037037 0.029166666666667 0.043518518518519
10 0.2546875 0.33194444444444 0.022916666666667 0.032407407407407
10 0.63177083333333 0.57453703703704 0.044791666666667 0.073148148148148
10 0.24010416666667 0.2962962962963 0.025 0.035185185185185
10 0.16901041666667 0.2037037037037 0.034895833333333 0.051851851851852
10 0.10520833333333 0.30046296296296 0.039583333333333 0.050925925925926
10 0.42369791666667 0.39166666666667 0.0296875 0.042592592592593
10 0.1015625 0.43333333333333 0.030208333333333 0.042592592592593
10 0.094270833333333 0.21574074074074 0.038541666666667 0.053703703703704
10 0.0171875 0.31342592592593 0.029166666666667 0.043518518518519
10 0.04765625 0.31018518518519 0.0265625 0.038888888888889
10 0.36640625 0.1037037037037 0.027604166666667 0.042592592592593
10 0.28541666666667 0.40601851851852 0.025 0.036111111111111
10 0.25546875 0.55185185185185 0.040104166666667 0.057407407407407
10 0.22057291666667 0.44398148148148 0.0328125 0.050925925925926
10 0.27057291666667 0.36851851851852 0.030729166666667 0.044444444444444
10 0.27734375 0.35 0.031770833333333 0.044444444444444
10 0.4671875 0.56851851851852 0.033333333333333 0.05
10 0.64739583333333 0.70324074074074 0.026041666666667 0.036111111111111
10 0.38541666666667 0.23287037037037 0.042708333333333 0.073148148148148