11 0.75286458333333 0.28287037037037 0.0328125 0.050925925925926
11 0.55260416666667 0.62916666666667 0.03125 0.049074074074074
11 0.79296875 0.26759259259259 0.033854166666667 0.046296296296296
11 0.24244791666667 0.50185185185185 0.031770833333333 0.046296296296296
11 0.90390625 0.76388888888889 0.053645833333333 0.085185185185185
11 0.60625 0.97592592592593 0.034375 0.044444444444444
11 0.44557291666667 0.73564814814815 0.031770833333333 0.043518518518519
11 0.60052083333333 0.53518518518519 0.059375 0.092592592592593
11 0.69427083333333 0.4287037037037 0.035416666666667 0.048148148148148
11 0.5890625 0.96666666666667 0.044791666666667 0.059259259259259
11 0.82239583333333 0.78611111111111 0.041666666666667 0.061111111111111
11 0.49453125 0.54907407407407 0.043229166666667 0.061111111111111