11 0.7734375 0.32430555555556 0.4484375 0.64027777777778
11 0.4625 0.34791666666667 0.340625 0.51805555555556
11 0.80546875 0.0875 0.378125 0.175
11 0.86171875 0.51111111111111 0.040625 0.052777777777778
11 0.363671875 0.15555555555556 0.05078125 0.069444444444444
11 0.876953125 0.47430555555556 0.03671875 0.051388888888889
11 0.80546875 0.44097222222222 0.0296875 0.045833333333333
11 0.77265625 0.51875 0.0421875 0.031944444444444
11 0.7875 0.51875 0.0296875 0.043055555555556
11 0.677734375 0.40694444444444 0.02890625 0.041666666666667
11 0.778515625 0.46944444444444 0.03046875 0.041666666666667
11 0.87578125 0.83194444444444 0.0296875 0.038888888888889
11 0.6578125 0.47361111111111 0.028125 0.038888888888889
11 0.662109375 0.44791666666667 0.02734375 0.0375
11 0.8546875 0.55486111111111 0.0265625 0.0375
11 0.881640625 0.68888888888889 0.02578125 0.036111111111111
11 0.837890625 0.34444444444444 0.02734375 0.036111111111111
11 0.88203125 0.73125 0.0265625 0.034722222222222
11 0.79375 0.41458333333333 0.0265625 0.034722222222222
11 0.736328125 0.43402777777778 0.02421875 0.034722222222222
11 0.68203125 0.39513888888889 0.025 0.031944444444444
11 0.79453125 0.50555555555556 0.021875 0.033333333333333
11 0.690234375 0.41597222222222 0.02265625 0.029166666666667
11 0.86953125 0.62847222222222 0.021875 0.029166666666667
11 0.68984375 0.45902777777778 0.0234375 0.031944444444444
11 0.665625 0.575 0.0203125 0.030555555555556
11 0.830859375 0.55069444444444 0.02109375 0.029166666666667
11 0.646484375 0.22708333333333 0.02109375 0.029166666666667
11 0.737109375 0.46041666666667 0.02109375 0.029166666666667
11 0.678515625 0.31458333333333 0.01953125 0.029166666666667
11 0.76015625 0.51597222222222 0.0203125 0.029166666666667
11 0.821484375 0.45833333333333 0.01953125 0.027777777777778
11 0.87890625 0.65763888888889 0.0203125 0.026388888888889
11 0.672265625 0.59444444444444 0.01640625 0.022222222222222