11 0.6265625 0.9125 0.1046875 0.13611111111111
11 0.66171875 0.093055555555556 0.096875 0.13333333333333
11 0.5703125 0.78402777777778 0.0828125 0.10694444444444
11 0.564453125 0.37638888888889 0.07734375 0.10555555555556
11 0.682421875 0.79166666666667 0.07578125 0.10277777777778
11 0.87890625 0.80208333333333 0.0703125 0.10416666666667
11 0.2015625 0.28611111111111 0.0796875 0.086111111111111
11 0.564453125 0.62152777777778 0.06796875 0.0875
11 0.81875 0.41597222222222 0.0703125 0.081944444444444
11 0.73203125 0.0375 0.075 0.075
11 0.519140625 0.12013888888889 0.06171875 0.0875
11 0.59140625 0.77222222222222 0.059375 0.088888888888889
11 0.536328125 0.72777777777778 0.06015625 0.083333333333333
11 0.4015625 0.63055555555556 0.0546875 0.088888888888889
11 0.962890625 0.063194444444444 0.05859375 0.081944444444444
11 0.633984375 0.79166666666667 0.05546875 0.086111111111111
11 0.950390625 0.96458333333333 0.06328125 0.073611111111111
11 0.374609375 0.78472222222222 0.05703125 0.080555555555556
11 0.74453125 0.53819444444444 0.05625 0.079166666666667
11 0.581640625 0.69305555555556 0.05703125 0.077777777777778
11 0.233203125 0.775 0.05234375 0.083333333333333
11 0.833203125 0.75277777777778 0.05078125 0.080555555555556
11 0.91328125 0.6 0.0515625 0.077777777777778
11 0.32734375 0.15486111111111 0.053125 0.070833333333333
11 0.56484375 0.89861111111111 0.0515625 0.072222222222222
11 0.287890625 0.25416666666667 0.04921875 0.075
11 0.070703125 0.80833333333333 0.05234375 0.069444444444444
11 0.55234375 0.68958333333333 0.0515625 0.068055555555556
11 0.51171875 0.56319444444444 0.0609375 0.056944444444444
11 0.4015625 0.44027777777778 0.0484375 0.072222222222222
11 0.8625 0.61805555555556 0.0453125 0.069444444444444
11 0.571875 0.54097222222222 0.046875 0.0625
11 0.487109375 0.6375 0.04921875 0.069444444444444
11 0.8484375 0.24305555555556 0.0484375 0.075
11 0.221484375 0.28472222222222 0.04921875 0.069444444444444
11 0.19765625 0.21666666666667 0.04375 0.061111111111111
11 0.833984375 0.35138888888889 0.04296875 0.061111111111111
11 0.493359375 0.56666666666667 0.04296875 0.058333333333333
11 0.44921875 0.47569444444444 0.0421875 0.056944444444444
11 0.962890625 0.62013888888889 0.04609375 0.073611111111111
11 0.695703125 0.28819444444444 0.04765625 0.068055555555556
11 0.921875 0.026388888888889 0.0625 0.052777777777778
11 0.714453125 0.19652777777778 0.04765625 0.068055555555556
11 0.033984375 0.74861111111111 0.04921875 0.063888888888889
11 0.45078125 0.67361111111111 0.0390625 0.052777777777778
11 0.107421875 0.85347222222222 0.03203125 0.043055555555556
11 0.83359375 0.64027777777778 0.0453125 0.066666666666667
11 0.605859375 0.17152777777778 0.04609375 0.0625
11 0.3046875 0.88541666666667 0.03125 0.043055555555556
11 0.487109375 0.25 0.04921875 0.058333333333333
11 0.13046875 0.44097222222222 0.04375 0.065277777777778
11 0.805078125 0.59652777777778 0.04296875 0.065277777777778
11 0.448046875 0.38263888888889 0.04453125 0.0625
11 0.52890625 0.66388888888889 0.0453125 0.061111111111111
11 0.81796875 0.77638888888889 0.0421875 0.063888888888889
11 0.655078125 0.44791666666667 0.04296875 0.0625
11 0.640625 0.67152777777778 0.04375 0.059722222222222
11 0.409765625 0.47430555555556 0.04296875 0.059722222222222
11 0.657421875 0.26319444444444 0.04140625 0.0625
11 0.418359375 0.9625 0.04296875 0.058333333333333
11 0.49765625 0.48055555555556 0.04375 0.058333333333333
11 0.669921875 0.50277777777778 0.04296875 0.058333333333333
11 0.141796875 0.41180555555556 0.04296875 0.056944444444444
11 0.6171875 0.45486111111111 0.040625 0.059722222222222
11 0.274609375 0.56388888888889 0.04140625 0.058333333333333
11 0.521875 0.80625 0.0421875 0.056944444444444
11 0.494921875 0.51736111111111 0.04140625 0.056944444444444
11 0.401953125 0.6125 0.03984375 0.058333333333333
11 0.2984375 0.72638888888889 0.040625 0.055555555555556
11 0.18828125 0.24444444444444 0.040625 0.055555555555556
11 0.145703125 0.6 0.04140625 0.055555555555556
11 0.86328125 0.75763888888889 0.0390625 0.056944444444444
11 0.5375 0.16736111111111 0.0421875 0.054166666666667
11 0.616015625 0.61319444444444 0.03984375 0.054166666666667
11 0.2828125 0.31458333333333 0.0390625 0.054166666666667
11 0.373046875 0.43055555555556 0.03984375 0.052777777777778
11 0.925 0.81041666666667 0.0390625 0.054166666666667
11 0.284765625 0.225 0.03984375 0.055555555555556
11 0.379296875 0.95277777777778 0.03984375 0.052777777777778
11 0.5296875 0.55555555555556 0.0390625 0.052777777777778
11 0.442578125 0.19791666666667 0.03984375 0.051388888888889
11 0.705078125 0.63055555555556 0.03828125 0.052777777777778
11 0.345703125 0.92638888888889 0.03984375 0.05
11 0.380859375 0.91180555555556 0.03828125 0.051388888888889
11 0.48984375 0.85416666666667 0.0390625 0.05
11 0.31484375 0.95486111111111 0.0375 0.051388888888889
11 0.5515625 0.63125 0.0375 0.051388888888889
11 0.1203125 0.83055555555556 0.0359375 0.052777777777778
11 0.101171875 0.94652777777778 0.03828125 0.048611111111111
11 0.707421875 0.56944444444444 0.03671875 0.05
11 0.3625 0.67777777777778 0.0375 0.05
11 0.301953125 0.60972222222222 0.03671875 0.05
11 0.7171875 0.76388888888889 0.0359375 0.05
11 0.9875 0.6 0.0234375 0.072222222222222
11 0.44140625 0.74444444444444 0.0359375 0.047222222222222
11 0.35546875 0.58125 0.0359375 0.048611111111111
11 0.04375 0.66458333333333 0.034375 0.045833333333333
11 0.157421875 0.98472222222222 0.04296875 0.033333333333333
11 0.34375 0.79722222222222 0.034375 0.044444444444444
11 0.29921875 0.97916666666667 0.034375 0.036111111111111