10 0.8359375 0.34375 0.33125 0.60138888888889
10 0.14921875 0.5375 0.284375 0.475
10 0.212109375 0.77152777777778 0.08359375 0.15138888888889
10 0.301953125 0.45555555555556 0.08046875 0.11666666666667
10 0.267578125 0.175 0.09296875 0.11944444444444
10 0.39375 0.30347222222222 0.0796875 0.10416666666667
10 0.276171875 0.28125 0.07109375 0.11805555555556
10 0.3765625 0.38680555555556 0.0734375 0.10416666666667
10 0.32109375 0.21944444444444 0.065625 0.086111111111111
10 0.216796875 0.095138888888889 0.05859375 0.081944444444444
10 0.430859375 0.34097222222222 0.05703125 0.079166666666667
10 0.223828125 0.046527777777778 0.05859375 0.079166666666667
10 0.463671875 0.30416666666667 0.06015625 0.077777777777778
10 0.269140625 0.37986111111111 0.05546875 0.079166666666667
10 0.44140625 0.38819444444444 0.05625 0.073611111111111
10 0.19296875 0.05 0.053125 0.072222222222222
10 0.36484375 0.26180555555556 0.05625 0.073611111111111
10 0.11328125 0.028472222222222 0.065625 0.056944444444444
10 0.273046875 0.018055555555556 0.05078125 0.036111111111111
10 0.028125 0.38819444444444 0.040625 0.056944444444444
10 0.08515625 0.56597222222222 0.0359375 0.045833333333333
10 0.93828125 0.47638888888889 0.0359375 0.044444444444444
10 0.191015625 0.36597222222222 0.03515625 0.045833333333333
10 0.855859375 0.59722222222222 0.03203125 0.047222222222222
10 0.028125 0.52152777777778 0.034375 0.045833333333333
10 0.04296875 0.93263888888889 0.0296875 0.045833333333333
10 0.451171875 0.0125 0.05078125 0.025
10 0.8265625 0.69861111111111 0.0296875 0.036111111111111
45 0.691796875 0.76597222222222 0.02109375 0.026388888888889
10 0.840234375 0.35138888888889 0.31796875 0.63888888888889
10 0.15234375 0.54027777777778 0.2859375 0.48888888888889
10 0.26796875 0.17569444444444 0.096875 0.13194444444444
10 0.21328125 0.76805555555556 0.075 0.12777777777778
10 0.301171875 0.45555555555556 0.07734375 0.12222222222222
10 0.275390625 0.28125 0.07265625 0.12638888888889
10 0.395703125 0.30277777777778 0.08203125 0.10555555555556
10 0.37734375 0.38611111111111 0.0765625 0.10833333333333
10 0.221875 0.049305555555556 0.0625 0.090277777777778
10 0.216796875 0.095138888888889 0.06015625 0.0875
10 0.446875 0.042361111111111 0.0640625 0.079166666666667
10 0.440234375 0.38819444444444 0.05703125 0.084722222222222
10 0.269140625 0.37986111111111 0.05703125 0.081944444444444
10 0.43046875 0.34166666666667 0.0578125 0.083333333333333
10 0.463671875 0.30486111111111 0.05859375 0.079166666666667
10 0.193359375 0.05 0.05390625 0.083333333333333
10 0.1125 0.030555555555556 0.071875 0.061111111111111
10 0.363671875 0.2625 0.05390625 0.077777777777778
10 0.22265625 0.025 0.0546875 0.05
10 0.02890625 0.38819444444444 0.040625 0.056944444444444
10 0.855859375 0.62013888888889 0.03515625 0.056944444444444
10 0.027734375 0.52152777777778 0.03671875 0.051388888888889
10 0.271484375 0.019444444444444 0.04921875 0.038888888888889
10 0.084375 0.56666666666667 0.0359375 0.05
10 0.938671875 0.47708333333333 0.03515625 0.045833333333333
10 0.191015625 0.36597222222222 0.03515625 0.048611111111111
10 0.85625 0.59722222222222 0.0328125 0.05
10 0.195703125 0.017361111111111 0.04453125 0.034722222222222
10 0.450390625 0.014583333333333 0.05078125 0.029166666666667
10 0.042578125 0.93125 0.03046875 0.045833333333333
33 0.692578125 0.76597222222222 0.02421875 0.029166666666667
10 0.826171875 0.69861111111111 0.02890625 0.038888888888889
10 0.692578125 0.76597222222222 0.02421875 0.029166666666667
10 0.348828125 0.67986111111111 0.17265625 0.32638888888889
10 0.685546875 0.5125 0.29140625 0.21944444444444