11 0.803125 0.79305555555556 0.0171875 0.025
11 0.709375 0.67152777777778 0.0171875 0.026388888888889
11 0.644921875 0.125 0.02421875 0.033333333333333
11 0.6984375 0.64930555555556 0.0171875 0.026388888888889
11 0.746875 0.077777777777778 0.0234375 0.038888888888889
11 0.484765625 0.52569444444444 0.33515625 0.5625
11 0.740625 0.12222222222222 0.0203125 0.038888888888889
11 0.7578125 0.67986111111111 0.021875 0.031944444444444
11 0.78515625 0.82638888888889 0.01875 0.025
11 0.71328125 0.42916666666667 0.465625 0.64722222222222
11 0.668359375 0.10347222222222 0.02109375 0.031944444444444
11 0.7828125 0.67986111111111 0.0234375 0.034722222222222
11 0.85078125 0.33680555555556 0.225 0.22083333333333