10 0.666796875 0.33125 0.02890625 0.034722222222222
10 0.48984375 0.47986111111111 0.4203125 0.64305555555556
10 0.8953125 0.67638888888889 0.025 0.033333333333333
10 0.769921875 0.32361111111111 0.43671875 0.63055555555556
10 0.744140625 0.43819444444444 0.02109375 0.026388888888889
10 0.884375 0.57569444444444 0.025 0.034722222222222
10 0.7328125 0.5125 0.0265625 0.033333333333333
10 0.373828125 0.36388888888889 0.03359375 0.041666666666667
10 0.82421875 0.51180555555556 0.0265625 0.034722222222222
10 0.76015625 0.46805555555556 0.021875 0.030555555555556
10 0.738671875 0.41458333333333 0.02421875 0.029166666666667
10 0.70390625 0.40625 0.021875 0.029166666666667
10 0.842578125 0.65 0.02421875 0.030555555555556
10 0.756640625 0.50486111111111 0.02421875 0.029166666666667
10 0.6484375 0.51944444444444 0.0234375 0.030555555555556
10 0.670703125 0.36597222222222 0.02890625 0.040277777777778
10 0.806640625 0.54097222222222 0.02265625 0.029166666666667
10 0.88203125 0.80416666666667 0.0234375 0.033333333333333