10 0.60989583333333 0.24675925925926 0.039583333333333 0.062037037037037
10 0.86953125 0.9662037037037 0.0640625 0.067592592592593
10 0.61171875 0.014351851851852 0.040104166666667 0.028703703703704
10 0.40755208333333 0.79212962962963 0.022395833333333 0.032407407407407
10 0.98177083333333 0.61481481481481 0.036458333333333 0.07037037037037
10 0.55286458333333 0.3837962962963 0.022395833333333 0.032407407407407
10 0.42369791666667 0.18981481481481 0.0296875 0.046296296296296
10 0.55494791666667 0.69351851851852 0.0296875 0.046296296296296
10 0.53828125 0.79537037037037 0.025520833333333 0.037037037037037
10 0.55078125 0.80601851851852 0.033854166666667 0.050925925925926
10 0.36875 0.25555555555556 0.028125 0.044444444444444
10 0.71588541666667 0.59444444444444 0.0296875 0.042592592592593
10 0.29296875 0.78148148148148 0.0265625 0.042592592592593
10 0.66432291666667 0.31898148148148 0.036979166666667 0.05462962962963
10 0.87916666666667 0.036574074074074 0.035416666666667 0.060185185185185
10 0.54114583333333 0.47083333333333 0.0375 0.052777777777778
10 0.38776041666667 0.84351851851852 0.022395833333333 0.035185185185185
10 0.821875 0.69259259259259 0.067708333333333 0.085185185185185
10 0.53776041666667 0.50972222222222 0.024479166666667 0.034259259259259
10 0.71536458333333 0.36157407407407 0.071354166666667 0.10833333333333
10 0.26458333333333 0.80925925925926 0.027083333333333 0.040740740740741
10 0.584375 0.85555555555556 0.021875 0.031481481481481
10 0.19713541666667 0.66944444444444 0.0234375 0.037037037037037
10 0.77447916666667 0.86481481481481 0.075 0.11481481481481
10 0.24166666666667 0.83472222222222 0.026041666666667 0.039814814814815
10 0.54479166666667 0.4375 0.028125 0.037962962962963
10 0.76380208333333 0.23518518518519 0.043229166666667 0.066666666666667
10 0.71979166666667 0.4587962962963 0.028125 0.041666666666667
10 0.47083333333333 0.64907407407407 0.027083333333333 0.038888888888889
10 0.5046875 0.90277777777778 0.0375 0.053703703703704
10 0.76588541666667 0.33564814814815 0.036979166666667 0.05462962962963
10 0.94453125 0.19074074074074 0.034895833333333 0.057407407407407
10 0.4921875 0.79027777777778 0.022916666666667 0.034259259259259
10 0.85546875 0.30324074074074 0.034895833333333 0.052777777777778
10 0.58723958333333 0.48148148148148 0.019270833333333 0.027777777777778
10 0.57630208333333 0.46203703703704 0.025520833333333 0.037037037037037
10 0.50494791666667 0.64953703703704 0.0359375 0.050925925925926
10 0.4375 0.28333333333333 0.032291666666667 0.048148148148148
10 0.24609375 0.054166666666667 0.038020833333333 0.069444444444444
10 0.44036458333333 0.66111111111111 0.021354166666667 0.031481481481481
10 0.60520833333333 0.98425925925926 0.026041666666667 0.02962962962963
10 0.74765625 0.41712962962963 0.0265625 0.037962962962963
10 0.43359375 0.83842592592593 0.025520833333333 0.037962962962963
10 0.53463541666667 0.64074074074074 0.0265625 0.038888888888889
10 0.42552083333333 0.68518518518519 0.028125 0.038888888888889
10 0.83984375 0.23564814814815 0.033854166666667 0.049074074074074
10 0.55859375 0.57731481481481 0.0234375 0.034259259259259
10 0.55130208333333 0.46805555555556 0.028645833333333 0.041666666666667
10 0.48619791666667 0.37037037037037 0.0203125 0.02962962962963
10 0.52161458333333 0.42175925925926 0.022395833333333 0.034259259259259
10 0.46822916666667 0.85648148148148 0.028125 0.040740740740741
10 0.52317708333333 0.54398148148148 0.022395833333333 0.032407407407407
10 0.58515625 0.82453703703704 0.022395833333333 0.034259259259259
10 0.60026041666667 0.70694444444444 0.027604166666667 0.039814814814815
10 0.54869791666667 0.59814814814815 0.021354166666667 0.02962962962963
10 0.087239583333333 0.80277777777778 0.022395833333333 0.035185185185185
10 0.31692708333333 0.059722222222222 0.0296875 0.050925925925926
10 0.58333333333333 0.75 0.017708333333333 0.025925925925926
10 0.5234375 0.50972222222222 0.026041666666667 0.036111111111111
10 0.01953125 0.76203703703704 0.027604166666667 0.048148148148148
10 0.596875 0.51527777777778 0.026041666666667 0.037962962962963
10 0.51822916666667 0.87453703703704 0.023958333333333 0.034259259259259
10 0.49609375 0.86712962962963 0.025520833333333 0.036111111111111
10 0.38229166666667 0.73425925925926 0.025 0.037037037037037
10 0.54166666666667 0.75601851851852 0.032291666666667 0.047222222222222
10 0.53645833333333 0.85601851851852 0.026041666666667 0.037962962962963
10 0.61588541666667 0.74675925925926 0.0265625 0.037962962962963
10 0.60729166666667 0.7212962962963 0.028125 0.064814814814815
10 0.58802083333333 0.67222222222222 0.026041666666667 0.037037037037037
10 0.95572916666667 0.68981481481481 0.035416666666667 0.055555555555556
10 0.49296875 0.49074074074074 0.0234375 0.033333333333333
10 0.56119791666667 0.84027777777778 0.027604166666667 0.039814814814815
10 0.434375 0.79768518518519 0.019791666666667 0.028703703703704
10 0.51536458333333 0.62916666666667 0.028645833333333 0.039814814814815
10 0.83151041666667 0.46666666666667 0.0390625 0.057407407407407
10 0.45598958333333 0.59953703703704 0.024479166666667 0.037962962962963
10 0.48203125 0.7337962962963 0.022395833333333 0.032407407407407
10 0.51380208333333 0.73194444444444 0.0328125 0.050925925925926
10 0.215625 0.59166666666667 0.023958333333333 0.035185185185185
10 0.28541666666667 0.46990740740741 0.020833333333333 0.030555555555556
10 0.59505208333333 0.085185185185185 0.031770833333333 0.05
10 0.91614583333333 0.475 0.035416666666667 0.053703703703704