6 0.46796875 0.31805555555556 0.065625 0.086111111111111
10 0.20859375 0.8375 0.075 0.11388888888889
10 0.5140625 0.41597222222222 0.0546875 0.070833333333333
6 0.489453125 0.44097222222222 0.05078125 0.065277777777778
6 0.47578125 0.36736111111111 0.0609375 0.076388888888889
6 0.358984375 0.4625 0.05078125 0.066666666666667
10 0.4546875 0.27638888888889 0.0484375 0.061111111111111
10 0.85390625 0.38055555555556 0.2984375 0.54166666666667
10 0.3015625 0.027777777777778 0.0546875 0.055555555555556
6 0.51953125 0.325 0.053125 0.069444444444444
10 0.399609375 0.31805555555556 0.05546875 0.072222222222222
10 0.30859375 0.27222222222222 0.05 0.069444444444444
10 0.473828125 0.50208333333333 0.05234375 0.065277777777778
6 0.53046875 0.36527777777778 0.05625 0.069444444444444
10 0.35078125 0.51944444444444 0.059375 0.080555555555556
10 0.29140625 0.19027777777778 0.0890625 0.11111111111111
10 0.31796875 0.40625 0.05625 0.076388888888889
6 0.3359375 0.22361111111111 0.0546875 0.072222222222222
10 0.424609375 0.41944444444444 0.05703125 0.072222222222222
10 0.975 0.425 0.040625 0.05
6 0.412109375 0.49166666666667 0.06484375 0.088888888888889
10 0.504296875 0.24861111111111 0.07421875 0.088888888888889
10 0.337109375 0.35347222222222 0.05546875 0.070833333333333
10 0.520703125 0.28611111111111 0.05234375 0.066666666666667
10 0.487890625 0.26597222222222 0.06328125 0.079166666666667
10 0.076171875 0.14027777777778 0.06953125 0.10277777777778
10 0.391796875 0.41875 0.05234375 0.068055555555556
10 0.148828125 0.58055555555556 0.25703125 0.45277777777778
10 0.196484375 0.072916666666667 0.05703125 0.081944444444444
10 0.153515625 0.57708333333333 0.29296875 0.47638888888889
10 0.8375 0.38125 0.328125 0.59027777777778
10 0.209375 0.83819444444444 0.078125 0.13194444444444
10 0.290625 0.18888888888889 0.084375 0.11666666666667
10 0.507421875 0.26041666666667 0.07109375 0.10416666666667
10 0.076171875 0.14027777777778 0.07578125 0.11666666666667
10 0.411328125 0.49236111111111 0.06484375 0.093055555555556
10 0.351171875 0.51875 0.06640625 0.098611111111111
10 0.197265625 0.075 0.06171875 0.091666666666667
10 0.468359375 0.36319444444444 0.06484375 0.081944444444444
10 0.467578125 0.31875 0.06328125 0.081944444444444
10 0.31796875 0.40555555555556 0.053125 0.083333333333333
10 0.51328125 0.41597222222222 0.053125 0.076388888888889
10 0.519921875 0.325 0.05546875 0.075
10 0.53046875 0.36458333333333 0.0546875 0.073611111111111
10 0.309375 0.27430555555556 0.0515625 0.076388888888889
10 0.36015625 0.46180555555556 0.0546875 0.070833333333333
10 0.3359375 0.22361111111111 0.0515625 0.075
10 0.4234375 0.41805555555556 0.0515625 0.072222222222222
10 0.4734375 0.50208333333333 0.0515625 0.070833333333333
10 0.301953125 0.030555555555556 0.05703125 0.061111111111111
10 0.399609375 0.31736111111111 0.05078125 0.070833333333333
10 0.39375 0.41875 0.0484375 0.070833333333333
10 0.43984375 0.47916666666667 0.0484375 0.069444444444444
10 0.521875 0.2875 0.0484375 0.066666666666667
10 0.491796875 0.44166666666667 0.04765625 0.066666666666667
10 0.454296875 0.27638888888889 0.04453125 0.061111111111111
10 0.337109375 0.022222222222222 0.05546875 0.044444444444444
10 0.233984375 0.020833333333333 0.05546875 0.041666666666667
10 0.20625 0.42777777777778 0.0296875 0.044444444444444
10 0.983984375 0.73888888888889 0.03359375 0.052777777777778
10 0.034765625 0.54444444444444 0.03046875 0.041666666666667
10 0.800390625 0.74375 0.02890625 0.0375
10 0.044140625 0.94305555555556 0.02578125 0.038888888888889