10 0.81432291666667 0.30138888888889 0.0234375 0.036111111111111
10 0.28619791666667 0.91296296296296 0.0140625 0.02037037037037
10 0.78359375 0.41851851851852 0.016145833333333 0.022222222222222
10 0.3125 0.86342592592593 0.015625 0.021296296296296
10 0.34010416666667 0.78009259259259 0.014583333333333 0.021296296296296
10 0.2859375 0.99212962962963 0.01875 0.015740740740741
10 0.34010416666667 0.80509259259259 0.029166666666667 0.041666666666667
10 0.646875 0.77592592592593 0.015625 0.024074074074074
10 0.63046875 0.66435185185185 0.0296875 0.047222222222222
10 0.50494791666667 0.66759259259259 0.015104166666667 0.02037037037037
10 0.65338541666667 0.86435185185185 0.016145833333333 0.023148148148148
10 0.84817708333333 0.73055555555556 0.0203125 0.02962962962963
10 0.67760416666667 0.81296296296296 0.017708333333333 0.027777777777778
10 0.48619791666667 0.63240740740741 0.011979166666667 0.018518518518519
10 0.82421875 0.74953703703704 0.015104166666667 0.023148148148148
10 0.52317708333333 0.78148148148148 0.015104166666667 0.022222222222222
10 0.61614583333333 0.79768518518519 0.013541666666667 0.019444444444444
10 0.42213541666667 0.64351851851852 0.0140625 0.018518518518519
10 0.44895833333333 0.75509259259259 0.013541666666667 0.019444444444444
10 0.22786458333333 0.90277777777778 0.011979166666667 0.016666666666667
10 0.26328125 0.85972222222222 0.013020833333333 0.019444444444444
10 0.55625 0.64490740740741 0.0125 0.017592592592593
10 0.39036458333333 0.73009259259259 0.013020833333333 0.017592592592593
10 0.77265625 0.48981481481481 0.016145833333333 0.024074074074074
10 0.48046875 0.60509259259259 0.0140625 0.019444444444444
10 0.41692708333333 0.68981481481481 0.011979166666667 0.016666666666667
10 0.46041666666667 0.24583333333333 0.020833333333333 0.032407407407407
10 0.61796875 0.59814814814815 0.011979166666667 0.016666666666667
10 0.92864583333333 0.78101851851852 0.020833333333333 0.032407407407407
10 0.43958333333333 0.80462962962963 0.011458333333333 0.016666666666667
10 0.43984375 0.77314814814815 0.013020833333333 0.016666666666667
10 0.38177083333333 0.70462962962963 0.0125 0.016666666666667
10 0.4921875 0.84027777777778 0.014583333333333 0.019444444444444
10 0.25390625 0.90925925925926 0.0140625 0.02037037037037
10 0.84583333333333 0.475 0.01875 0.027777777777778
10 0.3796875 0.36018518518519 0.023958333333333 0.035185185185185
10 0.45052083333333 0.63981481481481 0.013541666666667 0.018518518518519
10 0.3 0.88009259259259 0.020833333333333 0.030555555555556
10 0.86614583333333 0.32777777777778 0.025 0.040740740740741
10 0.11848958333333 0.45 0.0453125 0.074074074074074
10 0.19296875 0.78055555555556 0.024479166666667 0.035185185185185
10 0.47473958333333 0.80925925925926 0.016145833333333 0.024074074074074
10 0.98880208333333 0.9375 0.016145833333333 0.025
10 0.48177083333333 0.56111111111111 0.013541666666667 0.016666666666667
10 0.46666666666667 0.83518518518519 0.014583333333333 0.018518518518519
10 0.79609375 0.94259259259259 0.021354166666667 0.033333333333333
10 0.41067708333333 0.86157407407407 0.022395833333333 0.030555555555556
10 0.53125 0.58935185185185 0.013541666666667 0.017592592592593
10 0.47942708333333 0.71527777777778 0.011979166666667 0.017592592592593
10 0.44427083333333 0.60555555555556 0.0125 0.016666666666667
10 0.44453125 0.83842592592593 0.021354166666667 0.028703703703704
10 0.72994791666667 0.71944444444444 0.018229166666667 0.027777777777778
10 0.54713541666667 0.88518518518519 0.018229166666667 0.024074074074074
10 0.58151041666667 0.7162037037037 0.021354166666667 0.030555555555556
10 0.87213541666667 0.81157407407407 0.018229166666667 0.028703703703704
10 0.44583333333333 0.39907407407407 0.01875 0.027777777777778
10 0.80729166666667 0.21388888888889 0.015625 0.024074074074074
10 0.82213541666667 0.97407407407407 0.024479166666667 0.037037037037037
10 0.80442708333333 0.66666666666667 0.016145833333333 0.024074074074074
10 0.66927083333333 0.70648148148148 0.022916666666667 0.033333333333333
10 0.27734375 0.94027777777778 0.016145833333333 0.023148148148148
10 0.39270833333333 0.91157407407407 0.0375 0.058333333333333
10 0.4671875 0.74351851851852 0.011458333333333 0.016666666666667
10 0.055208333333333 0.8412037037037 0.021875 0.032407407407407
10 0.57734375 0.8337962962963 0.0140625 0.019444444444444
10 0.55989583333333 0.55046296296296 0.011458333333333 0.015740740740741
10 0.50651041666667 0.81481481481481 0.013020833333333 0.016666666666667
10 0.40546875 0.81805555555556 0.0140625 0.019444444444444
10 0.42734375 0.78935185185185 0.011979166666667 0.017592592592593
10 0.48255208333333 0.65972222222222 0.0203125 0.028703703703704
10 0.86484375 0.88101851851852 0.021354166666667 0.032407407407407
10 0.978125 0.75046296296296 0.022916666666667 0.034259259259259
10 0.60182291666667 0.74027777777778 0.025520833333333 0.037962962962963
10 0.53333333333333 0.55138888888889 0.013541666666667 0.017592592592593
10 0.86223958333333 0.93703703703704 0.018229166666667 0.027777777777778
10 0.50963541666667 0.63842592592593 0.013020833333333 0.017592592592593
10 0.365625 0.74074074074074 0.0125 0.018518518518519