10 0.669140625 0.88125 0.02421875 0.031944444444444
10 0.566796875 0.68194444444444 0.02421875 0.030555555555556
10 0.678125 0.78055555555556 0.0453125 0.061111111111111
10 0.628515625 0.43680555555556 0.02890625 0.0375
10 0.64765625 0.59305555555556 0.03125 0.044444444444444
10 0.57265625 0.53125 0.0375 0.048611111111111
10 0.634765625 0.37083333333333 0.02421875 0.033333333333333
10 0.717578125 0.94305555555556 0.02890625 0.038888888888889
10 0.616796875 0.52152777777778 0.02265625 0.031944444444444
10 0.55390625 0.47847222222222 0.03125 0.040277777777778
10 0.60859375 0.69166666666667 0.0265625 0.033333333333333
10 0.58984375 0.58194444444444 0.021875 0.030555555555556
10 0.553125 0.59166666666667 0.034375 0.041666666666667
10 0.6 0.80972222222222 0.028125 0.036111111111111
10 0.569140625 0.66597222222222 0.02890625 0.0375
10 0.6 0.72152777777778 0.03125 0.043055555555556
10 0.61640625 0.68472222222222 0.03125 0.038888888888889
10 0.567578125 0.74444444444444 0.02890625 0.036111111111111
10 0.58359375 0.62916666666667 0.025 0.036111111111111
10 0.630078125 0.62777777777778 0.02578125 0.033333333333333
10 0.5578125 0.62708333333333 0.0390625 0.048611111111111
10 0.6234375 0.72083333333333 0.0328125 0.047222222222222
10 0.612890625 0.93958333333333 0.02734375 0.0375