11 0.411328125 0.62986111111111 0.07421875 0.098611111111111
11 0.746875 0.77708333333333 0.1 0.12083333333333
11 0.4796875 0.045138888888889 0.1546875 0.090277777777778
11 0.702734375 0.28611111111111 0.20234375 0.27777777777778
11 0.809765625 0.50069444444444 0.10703125 0.14027777777778
11 0.553515625 0.82916666666667 0.06328125 0.086111111111111
11 0.5765625 0.099305555555556 0.11875 0.16527777777778
11 0.601171875 0.97430555555556 0.08828125 0.051388888888889
11 0.71328125 0.54305555555556 0.0984375 0.12777777777778
11 0.775 0.10972222222222 0.115625 0.16944444444444
11 0.478515625 0.94305555555556 0.11328125 0.11111111111111
11 0.9375 0.82777777777778 0.1203125 0.15277777777778
11 0.405078125 0.29375 0.29296875 0.2625
11 0.325 0.14305555555556 0.19375 0.17222222222222
11 0.63515625 0.60555555555556 0.0984375 0.13333333333333
11 0.095703125 0.22291666666667 0.19140625 0.27361111111111
11 0.682421875 0.47152777777778 0.14453125 0.20972222222222
11 0.90703125 0.64166666666667 0.121875 0.13611111111111
11 0.52890625 0.66875 0.1125 0.15138888888889
11 0.670703125 0.69930555555556 0.07890625 0.10416666666667
11 0.41328125 0.43472222222222 0.1 0.12222222222222
11 0.834765625 0.25833333333333 0.22109375 0.31388888888889
11 0.12421875 0.75138888888889 0.0625 0.083333333333333
11 0.251953125 0.77777777777778 0.07734375 0.10277777777778
11 0.9140625 0.25694444444444 0.1375 0.20833333333333
11 0.792578125 0.86736111111111 0.16640625 0.19027777777778
11 0.9703125 0.74027777777778 0.0609375 0.16944444444444