11 0.57447916666667 0.85462962962963 0.109375 0.17222222222222
11 0.83046875 0.081481481481481 0.056770833333333 0.085185185185185
11 0.80729166666667 0.70555555555556 0.051041666666667 0.087037037037037
11 0.79817708333333 0.22083333333333 0.050520833333333 0.076851851851852
11 0.88203125 0.51018518518519 0.047395833333333 0.07037037037037
11 0.84869791666667 0.65509259259259 0.0453125 0.069444444444444
11 0.95026041666667 0.47268518518519 0.040104166666667 0.063888888888889
11 0.95208333333333 0.64490740740741 0.04375 0.065740740740741
11 0.90364583333333 0.79305555555556 0.038541666666667 0.062037037037037
11 0.76119791666667 0.64953703703704 0.038020833333333 0.062037037037037
11 0.98151041666667 0.7462962962963 0.0328125 0.061111111111111
11 0.98697916666667 0.57638888888889 0.026041666666667 0.065740740740741
11 0.90260416666667 0.97638888888889 0.034375 0.049074074074074
11 0.99036458333333 0.70185185185185 0.019270833333333 0.07037037037037