10 0.80130208333333 0.23796296296296 0.015104166666667 0.022222222222222
10 0.66197916666667 0.82592592592593 0.025 0.033333333333333
10 0.44817708333333 0.82546296296296 0.016145833333333 0.019444444444444
10 0.32682291666667 0.82824074074074 0.0296875 0.037962962962963
10 0.85755208333333 0.91712962962963 0.0265625 0.036111111111111
10 0.88020833333333 0.34259259259259 0.023958333333333 0.035185185185185
10 0.434375 0.84444444444444 0.015625 0.018518518518519
10 0.71328125 0.72222222222222 0.021354166666667 0.02962962962963
10 0.409375 0.78472222222222 0.014583333333333 0.017592592592593
10 0.546875 0.73148148148148 0.021875 0.027777777777778
10 0.45234375 0.57268518518519 0.0140625 0.017592592592593
10 0.44817708333333 0.63101851851852 0.013020833333333 0.015740740740741
10 0.60833333333333 0.6287037037037 0.023958333333333 0.033333333333333
10 0.63151041666667 0.71944444444444 0.024479166666667 0.031481481481481
10 0.90052083333333 0.79351851851852 0.020833333333333 0.02962962962963
10 0.16666666666667 0.79953703703704 0.03125 0.043518518518519
10 0.8421875 0.82361111111111 0.019791666666667 0.026851851851852
10 0.40260416666667 0.90648148148148 0.021875 0.027777777777778
10 0.36119791666667 0.7462962962963 0.013020833333333 0.016666666666667
10 0.4921875 0.79351851851852 0.014583333333333 0.018518518518519
10 0.96458333333333 0.76712962962963 0.020833333333333 0.030555555555556
10 0.79661458333333 0.45509259259259 0.018229166666667 0.025
10 0.76588541666667 0.50462962962963 0.0171875 0.024074074074074
10 0.44947916666667 0.73564814814815 0.014583333333333 0.017592592592593
10 0.80703125 0.76203703703704 0.0171875 0.024074074074074
10 0.62734375 0.80277777777778 0.016145833333333 0.022222222222222
10 0.40598958333333 0.38101851851852 0.027604166666667 0.047222222222222
10 0.39583333333333 0.36851851851852 0.023958333333333 0.033333333333333
10 0.41744791666667 0.75648148148148 0.0140625 0.016666666666667
10 0.4640625 0.83888888888889 0.015625 0.018518518518519
10 0.60494791666667 0.6712962962963 0.021354166666667 0.02962962962963
10 0.47526041666667 0.81574074074074 0.0140625 0.016666666666667
10 0.23203125 0.9162037037037 0.011979166666667 0.015740740740741
10 0.33697916666667 0.75740740740741 0.013541666666667 0.016666666666667
10 0.41666666666667 0.39768518518519 0.023958333333333 0.032407407407407
10 0.46484375 0.64675925925926 0.016145833333333 0.019444444444444
10 0.8234375 0.26342592592593 0.026041666666667 0.037962962962963
10 0.84322916666667 0.50138888888889 0.01875 0.026851851851852
10 0.37942708333333 0.925 0.043229166666667 0.055555555555556
10 0.58723958333333 0.63194444444444 0.011979166666667 0.015740740740741
10 0.384375 0.71388888888889 0.013541666666667 0.016666666666667
10 0.48307291666667 0.66388888888889 0.0140625 0.016666666666667
10 0.803125 0.99351851851852 0.022916666666667 0.016666666666667
10 0.95130208333333 0.94675925925926 0.022395833333333 0.030555555555556
10 0.82317708333333 0.70740740740741 0.0203125 0.027777777777778
10 0.4390625 0.23009259259259 0.020833333333333 0.030555555555556
10 0.51927083333333 0.90046296296296 0.01875 0.023148148148148
10 0.78046875 0.675 0.0203125 0.027777777777778
10 0.53098958333333 0.66157407407407 0.0140625 0.017592592592593
10 0.023697916666667 0.87037037037037 0.024479166666667 0.033333333333333
10 0.82630208333333 0.9337962962963 0.022395833333333 0.028703703703704
10 0.41171875 0.84398148148148 0.015104166666667 0.017592592592593
10 0.39401041666667 0.66018518518519 0.015104166666667 0.018518518518519
10 0.4734375 0.68796296296296 0.015625 0.018518518518519
10 0.53229166666667 0.55833333333333 0.013541666666667 0.016666666666667
10 0.58958333333333 0.60138888888889 0.0125 0.017592592592593
10 0.38463541666667 0.8375 0.019270833333333 0.021296296296296
10 0.42421875 0.65787037037037 0.015104166666667 0.019444444444444
10 0.44895833333333 0.66898148148148 0.022916666666667 0.028703703703704
10 0.40598958333333 0.81435185185185 0.015104166666667 0.017592592592593
10 0.59166666666667 0.79537037037037 0.015625 0.02037037037037
10 0.10703125 0.51296296296296 0.050520833333333 0.083333333333333
10 0.53854166666667 0.84351851851852 0.017708333333333 0.022222222222222
10 0.60807291666667 0.74861111111111 0.0265625 0.034259259259259
10 0.31067708333333 0.80277777777778 0.013020833333333 0.016666666666667
10 0.62473958333333 0.86296296296296 0.0171875 0.02037037037037
10 0.25885416666667 0.95509259259259 0.01875 0.023148148148148
10 0.234375 0.87037037037037 0.014583333333333 0.016666666666667
10 0.20442708333333 0.92222222222222 0.015104166666667 0.018518518518519
10 0.265625 0.92592592592593 0.023958333333333 0.031481481481481
10 0.41901041666667 0.62962962962963 0.0140625 0.016666666666667
10 0.78645833333333 0.9625 0.025 0.030555555555556
10 0.503125 0.56203703703704 0.013541666666667 0.016666666666667
10 0.28151041666667 0.8662037037037 0.013020833333333 0.017592592592593