10 0.25416666666667 0.96898148148148 0.026041666666667 0.034259259259259
10 0.38046875 0.28333333333333 0.024479166666667 0.033333333333333
10 0.35416666666667 0.33055555555556 0.01875 0.024074074074074
10 0.53645833333333 0.59722222222222 0.025 0.033333333333333
10 0.16484375 0.7837962962963 0.3296875 0.43425925925926
10 0.55755208333333 0.74259259259259 0.083854166666667 0.33518518518519
10 0.52421875 0.30324074074074 0.016145833333333 0.021296296296296
10 0.49010416666667 0.22592592592593 0.153125 0.21851851851852
10 0.42708333333333 0.63518518518519 0.22083333333333 0.49259259259259
10 0.24713541666667 0.34398148148148 0.0421875 0.05462962962963
10 0.95520833333333 0.27037037037037 0.076041666666667 0.10925925925926