10 0.75494791666667 0.43055555555556 0.1328125 0.1962962962963
10 0.38177083333333 0.33796296296296 0.153125 0.22592592592593
10 0.48020833333333 0.33425925925926 0.20625 0.28888888888889
10 0.098697916666667 0.37407407407407 0.13489583333333 0.16111111111111
10 0.88125 0.38611111111111 0.11979166666667 0.17777777777778
10 0.18333333333333 0.40092592592593 0.12291666666667 0.15555555555556
10 0.76901041666667 0.19212962962963 0.10052083333333 0.175
10 0.50390625 0.44398148148148 0.10989583333333 0.15833333333333
10 0.90677083333333 0.086111111111111 0.11041666666667 0.16296296296296
10 0.090364583333333 0.12685185185185 0.10572916666667 0.15925925925926
10 0.27838541666667 0.43703703703704 0.11302083333333 0.14259259259259
10 0.27552083333333 0.22685185185185 0.11041666666667 0.1462962962963
10 0.95885416666667 0.10046296296296 0.082291666666667 0.18981481481481
10 0.84401041666667 0.33148148148148 0.1046875 0.14444444444444
10 0.37552083333333 0.19953703703704 0.10625 0.13981481481481
10 0.3578125 0.3662037037037 0.1 0.14166666666667
10 0.12578125 0.1037037037037 0.0953125 0.12407407407407
10 0.40364583333333 0.28888888888889 0.1 0.14074074074074
10 0.62057291666667 0.25555555555556 0.077604166666667 0.11851851851852
10 0.584375 0.475 0.075 0.12037037037037
10 0.0296875 0.31898148148148 0.059375 0.14537037037037
10 0.5609375 0.29259259259259 0.066666666666667 0.11111111111111
10 0.696875 0.3337962962963 0.064583333333333 0.10462962962963
10 0.7109375 0.22268518518519 0.063541666666667 0.10277777777778
10 0.22265625 0.22638888888889 0.066145833333333 0.087962962962963
10 0.026822916666667 0.21759259259259 0.053645833333333 0.1037037037037
10 0.96432291666667 0.34907407407407 0.058854166666667 0.094444444444444
10 0.71223958333333 0.26712962962963 0.056770833333333 0.093518518518519
10 0.22421875 0.3125 0.063020833333333 0.080555555555556
10 0.075 0.17037037037037 0.063541666666667 0.077777777777778
10 0.75078125 0.29398148148148 0.053645833333333 0.084259259259259
10 0.88046875 0.031944444444444 0.069270833333333 0.063888888888889
10 0.10338541666667 0.28148148148148 0.0578125 0.074074074074074
10 0.90677083333333 0.28055555555556 0.051041666666667 0.07962962962963