10 0.59192708333333 0.83842592592593 0.1359375 0.15462962962963
10 0.14088541666667 0.73935185185185 0.13072916666667 0.16574074074074
10 0.61328125 0.2125 0.13072916666667 0.15092592592593
10 0.37135416666667 0.38611111111111 0.11458333333333 0.12407407407407
10 0.06640625 0.90648148148148 0.1296875 0.15185185185185
10 0.52473958333333 0.32175925925926 0.086979166666667 0.11203703703704
10 0.378125 0.54861111111111 0.10104166666667 0.11388888888889
10 0.121875 0.18935185185185 0.079166666666667 0.11944444444444
10 0.07421875 0.89212962962963 0.094270833333333 0.093518518518519
10 0.61197916666667 0.21666666666667 0.0875 0.1
10 0.63880208333333 0.38564814814815 0.080729166666667 0.09537037037037
10 0.11979166666667 0.49074074074074 0.067708333333333 0.07962962962963
10 0.39817708333333 0.035648148148148 0.071354166666667 0.071296296296296
10 0.35729166666667 0.38425925925926 0.063541666666667 0.077777777777778
10 0.40390625 0.16712962962963 0.055729166666667 0.086111111111111
10 0.7015625 0.43796296296296 0.066666666666667 0.066666666666667
10 0.54661458333333 0.55648148148148 0.063020833333333 0.068518518518519
10 0.4421875 0.7875 0.061458333333333 0.069444444444444
10 0.5296875 0.3212962962963 0.055208333333333 0.075925925925926
10 0.28020833333333 0.45694444444444 0.05625 0.067592592592593
10 0.1359375 0.71666666666667 0.055208333333333 0.068518518518519
10 0.26666666666667 0.28009259259259 0.048958333333333 0.076851851851852
10 0.60572916666667 0.033333333333333 0.053125 0.066666666666667
10 0.28359375 0.68981481481481 0.053645833333333 0.064814814814815
10 0.49114583333333 0.059259259259259 0.051041666666667 0.066666666666667
10 0.6515625 0.17175925925926 0.054166666666667 0.062037037037037
10 0.759375 0.26990740740741 0.054166666666667 0.062037037037037
10 0.38203125 0.66111111111111 0.056770833333333 0.055555555555556
10 0.63411458333333 0.3712962962963 0.046354166666667 0.057407407407407
10 0.38072916666667 0.38240740740741 0.045833333333333 0.066666666666667
10 0.64713541666667 0.050925925925926 0.047395833333333 0.061111111111111
10 0.56770833333333 0.26990740740741 0.047916666666667 0.05462962962963
10 0.54322916666667 0.036111111111111 0.045833333333333 0.055555555555556
10 0.38489583333333 0.25925925925926 0.040625 0.062962962962963
10 0.34322916666667 0.3962962962963 0.040625 0.057407407407407
10 0.35572916666667 0.078240740740741 0.039583333333333 0.058333333333333
10 0.85052083333333 0.6162037037037 0.044791666666667 0.050925925925926
10 0.8859375 0.84027777777778 0.044791666666667 0.050925925925926
10 0.68411458333333 0.046759259259259 0.041145833333333 0.05462962962963
10 0.47239583333333 0.32731481481481 0.040625 0.05462962962963
10 0.75572916666667 0.60833333333333 0.04375 0.05
10 0.09609375 0.089814814814815 0.038020833333333 0.057407407407407
10 0.62369791666667 0.22916666666667 0.044270833333333 0.049074074074074
10 0.33151041666667 0.15231481481481 0.038020833333333 0.056481481481481
10 0.38046875 0.32268518518519 0.0390625 0.05462962962963
10 0.53255208333333 0.16990740740741 0.043229166666667 0.049074074074074
10 0.18098958333333 0.11759259259259 0.038020833333333 0.055555555555556
10 0.68411458333333 0.25601851851852 0.044270833333333 0.047222222222222
10 0.71588541666667 0.60833333333333 0.046354166666667 0.044444444444444
10 0.72708333333333 0.064814814814815 0.040625 0.05
10 0.040625 0.059259259259259 0.036458333333333 0.055555555555556
10 0.19375 0.26388888888889 0.0375 0.053703703703704
10 0.70260416666667 0.36435185185185 0.040625 0.049074074074074
10 0.75755208333333 0.46666666666667 0.041145833333333 0.048148148148148
10 0.5625 0.78564814814815 0.041666666666667 0.047222222222222
10 0.39583333333333 0.1287037037037 0.036458333333333 0.053703703703704
10 0.35130208333333 0.26805555555556 0.0359375 0.05462962962963
10 0.92994791666667 0.95787037037037 0.038020833333333 0.050925925925926
10 0.11432291666667 0.032407407407407 0.036979166666667 0.051851851851852
10 0.084375 0.94444444444444 0.044791666666667 0.042592592592593
10 0.16744791666667 0.76342592592593 0.043229166666667 0.043518518518519
10 0.34713541666667 0.53148148148148 0.0390625 0.048148148148148
10 0.52135416666667 0.24583333333333 0.039583333333333 0.047222222222222
10 0.56927083333333 0.19768518518519 0.039583333333333 0.047222222222222
10 0.38307291666667 0.87638888888889 0.041145833333333 0.04537037037037
10 0.41536458333333 0.37268518518519 0.038020833333333 0.049074074074074
10 0.80989583333333 0.47037037037037 0.041666666666667 0.044444444444444
10 0.775 0.32824074074074 0.040625 0.04537037037037
10 0.22239583333333 0.43009259259259 0.0375 0.049074074074074
10 0.80182291666667 0.53564814814815 0.0421875 0.043518518518519
10 0.66354166666667 0.34259259259259 0.039583333333333 0.046296296296296
10 0.83515625 0.78425925925926 0.038020833333333 0.048148148148148
10 0.51276041666667 0.34583333333333 0.036979166666667 0.049074074074074
10 0.7328125 0.75416666666667 0.039583333333333 0.04537037037037
10 0.073958333333333 0.45509259259259 0.035416666666667 0.050925925925926
10 0.23541666666667 0.3787037037037 0.035416666666667 0.05
10 0.28932291666667 0.22175925925926 0.0359375 0.049074074074074
10 0.20625 0.35185185185185 0.036458333333333 0.048148148148148
10 0.66979166666667 0.48055555555556 0.040625 0.042592592592593
10 0.25026041666667 0.60046296296296 0.038020833333333 0.04537037037037
10 0.11588541666667 0.6875 0.0359375 0.047222222222222
10 0.15833333333333 0.43101851851852 0.035416666666667 0.047222222222222
10 0.066927083333333 0.5662037037037 0.038020833333333 0.043518518518519
10 0.42994791666667 0.16203703703704 0.0328125 0.05
10 0.46614583333333 0.021759259259259 0.0375 0.043518518518519
10 0.25703125 0.16805555555556 0.033854166666667 0.047222222222222
10 0.70885416666667 0.53472222222222 0.039583333333333 0.039814814814815
10 0.79114583333333 0.40694444444444 0.036458333333333 0.043518518518519
10 0.045052083333333 0.86296296296296 0.036979166666667 0.042592592592593
10 0.6671875 0.56759259259259 0.038541666666667 0.040740740740741
10 0.42838541666667 0.025925925925926 0.033854166666667 0.046296296296296
10 0.57057291666667 0.33796296296296 0.034895833333333 0.042592592592593
10 0.21536458333333 0.67916666666667 0.0359375 0.039814814814815
10 0.36119791666667 0.61481481481481 0.0359375 0.040740740740741
10 0.23645833333333 0.79814814814815 0.033333333333333 0.038888888888889
10 0.52890625 0.012037037037037 0.034895833333333 0.024074074074074