10 0.5234375 0.54953703703704 0.014583333333333 0.017592592592593
10 0.63151041666667 0.54212962962963 0.013020833333333 0.017592592592593
10 0.45833333333333 0.78425925925926 0.016666666666667 0.022222222222222
10 0.82552083333333 0.79351851851852 0.021875 0.02962962962963
10 0.42890625 0.97175925925926 0.021354166666667 0.026851851851852
10 0.5265625 0.59675925925926 0.013541666666667 0.015740740740741
10 0.95052083333333 0.66018518518519 0.019791666666667 0.027777777777778
10 0.44895833333333 0.53333333333333 0.014583333333333 0.018518518518519
10 0.80625 0.8662037037037 0.025 0.034259259259259
10 0.43932291666667 0.6087962962963 0.011979166666667 0.015740740740741
10 0.76953125 0.98703703703704 0.0328125 0.027777777777778
10 0.36536458333333 0.7337962962963 0.016145833333333 0.021296296296296
10 0.38177083333333 0.6712962962963 0.014583333333333 0.018518518518519
10 0.24479166666667 0.86435185185185 0.014583333333333 0.017592592592593
10 0.4015625 0.84583333333333 0.033333333333333 0.052777777777778
10 0.47890625 0.73425925925926 0.019270833333333 0.024074074074074
10 0.7046875 0.64537037037037 0.01875 0.025925925925926
10 0.434375 0.57407407407407 0.014583333333333 0.016666666666667
10 0.72317708333333 0.65833333333333 0.019270833333333 0.025925925925926
10 0.26145833333333 0.86944444444444 0.014583333333333 0.018518518518519
10 0.43854166666667 0.74444444444444 0.020833333333333 0.027777777777778
10 0.93619791666667 0.68981481481481 0.021354166666667 0.02962962962963
10 0.77083333333333 0.32685185185185 0.027083333333333 0.038888888888889
10 0.5625 0.66435185185185 0.025 0.032407407407407
10 0.490625 0.69074074074074 0.013541666666667 0.016666666666667
10 0.6046875 0.65231481481481 0.022916666666667 0.032407407407407
10 0.81197916666667 0.5912037037037 0.01875 0.025
10 0.49713541666667 0.65092592592593 0.015104166666667 0.02037037037037
10 0.68098958333333 0.92592592592593 0.024479166666667 0.033333333333333
10 0.57604166666667 0.51296296296296 0.013541666666667 0.016666666666667
10 0.66119791666667 0.57268518518519 0.0203125 0.026851851851852
10 0.07890625 0.78703703703704 0.022395833333333 0.033333333333333
10 0.20442708333333 0.72407407407407 0.025520833333333 0.037037037037037
10 0.66927083333333 0.80787037037037 0.016666666666667 0.023148148148148
10 0.89296875 0.84074074074074 0.0234375 0.031481481481481
10 0.85833333333333 0.69490740740741 0.020833333333333 0.030555555555556
10 0.82083333333333 0.24583333333333 0.022916666666667 0.034259259259259
10 0.47578125 0.24722222222222 0.025520833333333 0.035185185185185
10 0.49583333333333 0.52962962962963 0.01875 0.024074074074074
10 0.39869791666667 0.6087962962963 0.013020833333333 0.015740740740741
10 0.67291666666667 0.68564814814815 0.015625 0.019444444444444
10 0.55572916666667 0.81851851851852 0.015625 0.02037037037037
10 0.76927083333333 0.13888888888889 0.015625 0.022222222222222
10 0.75651041666667 0.29861111111111 0.016145833333333 0.023148148148148
10 0.63463541666667 0.99212962962963 0.0234375 0.017592592592593
10 0.79713541666667 0.37731481481481 0.0171875 0.025
10 0.29739583333333 0.90740740740741 0.015625 0.022222222222222
10 0.63125 0.67407407407407 0.023958333333333 0.031481481481481
10 0.28359375 0.95787037037037 0.0171875 0.023148148148148
10 0.49739583333333 0.76064814814815 0.017708333333333 0.021296296296296
10 0.47265625 0.71342592592593 0.0140625 0.017592592592593
10 0.33515625 0.81944444444444 0.013020833333333 0.016666666666667
10 0.51848958333333 0.77685185185185 0.016145833333333 0.02037037037037
10 0.46015625 0.98981481481481 0.024479166666667 0.022222222222222
10 0.35651041666667 0.70046296296296 0.015104166666667 0.019444444444444
10 0.41041666666667 0.66666666666667 0.014583333333333 0.018518518518519
10 0.32864583333333 0.76342592592593 0.020833333333333 0.030555555555556
10 0.44635416666667 0.39074074074074 0.019791666666667 0.027777777777778
10 0.0875 0.98842592592593 0.045833333333333 0.025
10 0.290625 0.81712962962963 0.0125 0.015740740740741
10 0.53489583333333 0.73240740740741 0.015625 0.02037037037037
10 0.68411458333333 0.72638888888889 0.021354166666667 0.028703703703704
10 0.79114583333333 0.85416666666667 0.022916666666667 0.032407407407407
10 0.60208333333333 0.76990740740741 0.014583333333333 0.017592592592593
10 0.5890625 0.47222222222222 0.011458333333333 0.014814814814815
10 0.48151041666667 0.56759259259259 0.013020833333333 0.014814814814815
10 0.29947916666667 0.8662037037037 0.013541666666667 0.017592592592593
10 0.55651041666667 0.53703703703704 0.018229166666667 0.02037037037037
10 0.88723958333333 0.71944444444444 0.0171875 0.025925925925926
10 0.42265625 0.78518518518519 0.0140625 0.018518518518519
10 0.84817708333333 0.96342592592593 0.024479166666667 0.032407407407407
10 0.62786458333333 0.73842592592593 0.015104166666667 0.019444444444444
10 0.54609375 0.48148148148148 0.016145833333333 0.02037037037037
10 0.075260416666667 0.34583333333333 0.040104166666667 0.060185185185185
10 0.74010416666667 0.40138888888889 0.013541666666667 0.019444444444444
10 0.50364583333333 0.7375 0.016666666666667 0.019444444444444
10 0.50442708333333 0.575 0.015104166666667 0.018518518518519
10 0.50651041666667 0.60648148148148 0.0234375 0.02962962962963
10 0.81770833333333 0.66203703703704 0.016666666666667 0.022222222222222
10 0.33619791666667 0.32962962962963 0.025520833333333 0.038888888888889
10 0.33307291666667 0.73333333333333 0.024479166666667 0.035185185185185