11 0.3921875 0.11736111111111 0.19375 0.23472222222222
11 0.12421875 0.40902777777778 0.10625 0.1625
11 0.545703125 0.12291666666667 0.08515625 0.11527777777778
11 0.159375 0.19375 0.1796875 0.30416666666667
11 0.49296875 0.33611111111111 0.0796875 0.12222222222222
11 0.645703125 0.20138888888889 0.14921875 0.19444444444444
11 0.493359375 0.17013888888889 0.08515625 0.12361111111111
11 0.46953125 0.24722222222222 0.08125 0.11111111111111
11 0.720703125 0.18888888888889 0.12890625 0.18611111111111
11 0.616796875 0.33888888888889 0.09921875 0.12777777777778
11 0.707421875 0.3125 0.07578125 0.10555555555556
11 0.3046875 0.18611111111111 0.1609375 0.23055555555556
11 0.24375 0.082638888888889 0.3046875 0.16527777777778
11 0.11953125 0.12430555555556 0.10625 0.15138888888889
11 0.553515625 0.038888888888889 0.07265625 0.077777777777778