10 0.635546875 0.26736111111111 0.17265625 0.21805555555556
10 0.408984375 0.17569444444444 0.20546875 0.25138888888889
10 0.167578125 0.22986111111111 0.16953125 0.2375
10 0.72890625 0.27291666666667 0.1359375 0.17361111111111
10 0.56171875 0.19722222222222 0.0875 0.11666666666667
10 0.308984375 0.28263888888889 0.14453125 0.19305555555556
10 0.108203125 0.36527777777778 0.12265625 0.16666666666667
10 0.491015625 0.27916666666667 0.14296875 0.18611111111111
10 0.571875 0.09375 0.0828125 0.10694444444444
10 0.287890625 0.10763888888889 0.39765625 0.21527777777778
10 0.689453125 0.18472222222222 0.07578125 0.10277777777778