10 0.69479166666667 0.73055555555556 0.21979166666667 0.28148148148148
10 0.7328125 0.76990740740741 0.14583333333333 0.19166666666667
8 0.4578125 0.053240740740741 0.175 0.10648148148148
10 0.35520833333333 0.56759259259259 0.21770833333333 0.29444444444444
10 0.50416666666667 0.63009259259259 0.13020833333333 0.16388888888889
8 0.64921875 0.15740740740741 0.2671875 0.31296296296296
8 0.93229166666667 0.21388888888889 0.134375 0.25185185185185
10 0.65182291666667 0.18240740740741 0.3078125 0.36481481481481
10 0.69348958333333 0.72777777777778 0.2640625 0.3537037037037
10 0.36458333333333 0.5537037037037 0.23020833333333 0.32777777777778
10 0.91536458333333 0.20601851851852 0.1671875 0.33981481481481
10 0.30989583333333 0.65092592592593 0.15520833333333 0.22592592592593
10 0.50208333333333 0.63287037037037 0.16041666666667 0.21759259259259
10 0.048697916666667 0.53518518518519 0.097395833333333 0.34259259259259
10 0.45807291666667 0.070833333333333 0.2078125 0.13981481481481
10 0.7453125 0.78796296296296 0.1375 0.18888888888889
10 0.95598958333333 0.92314814814815 0.088020833333333 0.15185185185185
10 0.0265625 0.80138888888889 0.053125 0.21388888888889