10 0.49121779859485 0.109375 0.071428571428571 0.097916666666667
10 0.4268149882904 0.084375 0.062060889929742 0.072916666666667
10 0.60421545667447 0.12604166666667 0.056206088992974 0.077083333333333
10 0.8056206088993 0.046875 0.05152224824356 0.060416666666667
10 0.42154566744731 0.22916666666667 0.10070257611241 0.10833333333333
10 0.4016393442623 0.146875 0.096018735362998 0.11875
10 0.49004683840749 0.109375 0.076112412177986 0.10208333333333
10 0.78161592505855 0.12083333333333 0.073770491803279 0.070833333333333
10 0.57845433255269 0.26770833333333 0.070257611241218 0.072916666666667
10 0.5327868852459 0.096875 0.056206088992974 0.077083333333333
10 0.60480093676815 0.12604166666667 0.062060889929742 0.06875
10 0.4268149882904 0.082291666666667 0.062060889929742 0.06875
10 0.80444964871194 0.044791666666667 0.058548009367682 0.047916666666667
10 0.5884074941452 0.190625 0.048009367681499 0.047916666666667