10 0.33072916666667 0.29212962962963 0.027083333333333 0.034259259259259
10 0.37057291666667 0.31018518518519 0.028645833333333 0.040740740740741
10 0.27916666666667 0.61064814814815 0.021875 0.023148148148148
10 0.34947916666667 0.71805555555556 0.021875 0.025
10 0.58177083333333 0.89212962962963 0.029166666666667 0.036111111111111
10 0.42630208333333 0.70648148148148 0.0296875 0.033333333333333
10 0.28958333333333 0.30277777777778 0.039583333333333 0.061111111111111
10 0.32604166666667 0.36435185185185 0.022916666666667 0.028703703703704
10 0.30442708333333 0.61944444444444 0.022395833333333 0.027777777777778
10 0.39479166666667 0.3462962962963 0.020833333333333 0.025925925925926
10 0.39427083333333 0.63657407407407 0.026041666666667 0.032407407407407
10 0.43229166666667 0.32222222222222 0.023958333333333 0.025925925925926
10 0.41927083333333 0.675 0.026041666666667 0.027777777777778
10 0.52317708333333 0.39166666666667 0.0265625 0.033333333333333
10 0.33880208333333 0.3337962962963 0.025520833333333 0.028703703703704
10 0.97864583333333 0.64861111111111 0.01875 0.025
10 0.45572916666667 0.75138888888889 0.028125 0.030555555555556
10 0.38203125 0.23888888888889 0.0203125 0.025925925925926
10 0.41223958333333 0.74537037037037 0.0296875 0.027777777777778
10 0.49765625 0.3337962962963 0.018229166666667 0.021296296296296
10 0.49635416666667 0.49537037037037 0.020833333333333 0.025925925925926
10 0.40911458333333 0.5162037037037 0.027604166666667 0.032407407407407
10 0.46588541666667 0.32962962962963 0.024479166666667 0.02962962962963
10 0.3234375 0.27268518518519 0.021875 0.025
10 0.36875 0.37361111111111 0.034375 0.05462962962963
10 0.34322916666667 0.55833333333333 0.028125 0.02962962962963
10 0.27760416666667 0.56990740740741 0.023958333333333 0.026851851851852