10 0.47942708333333 0.24768518518519 0.056770833333333 0.086111111111111
10 0.60703125 0.92962962962963 0.041145833333333 0.055555555555556
10 0.45677083333333 0.66574074074074 0.032291666666667 0.044444444444444
10 0.86796875 0.53842592592593 0.0984375 0.16574074074074
10 0.65208333333333 0.051388888888889 0.10520833333333 0.10092592592593
10 0.63229166666667 0.83472222222222 0.066666666666667 0.099074074074074
10 0.74765625 0.24861111111111 0.059895833333333 0.082407407407407
10 0.3078125 0.89444444444444 0.030208333333333 0.074074074074074
10 0.44427083333333 0.76944444444444 0.027083333333333 0.037037037037037
10 0.52135416666667 0.35 0.059375 0.072222222222222
10 0.5078125 0.88148148148148 0.038541666666667 0.051851851851852
10 0.59192708333333 0.45462962962963 0.069270833333333 0.1037037037037
10 0.038020833333333 0.66388888888889 0.034375 0.051851851851852
10 0.5 0.83287037037037 0.039583333333333 0.052777777777778
10 0.44505208333333 0.38009259259259 0.0421875 0.060185185185185
10 0.17473958333333 0.98333333333333 0.034895833333333 0.033333333333333
10 0.36041666666667 0.8537037037037 0.029166666666667 0.038888888888889
10 0.093229166666667 0.78472222222222 0.034375 0.050925925925926
10 0.55833333333333 0.88009259259259 0.04375 0.062037037037037
10 0.48489583333333 0.70092592592593 0.051041666666667 0.066666666666667
10 0.087239583333333 0.68888888888889 0.034895833333333 0.05
10 0.409375 0.64444444444444 0.046875 0.074074074074074
10 0.55182291666667 0.69722222222222 0.0453125 0.061111111111111
10 0.4203125 0.61527777777778 0.040625 0.056481481481481
10 0.48541666666667 0.41203703703704 0.048958333333333 0.064814814814815
10 0.42135416666667 0.98055555555556 0.041666666666667 0.038888888888889
10 0.34583333333333 0.87962962962963 0.032291666666667 0.044444444444444
10 0.49505208333333 0.29814814814815 0.030729166666667 0.044444444444444
10 0.79166666666667 0.24907407407407 0.048958333333333 0.074074074074074
10 0.69713541666667 0.15231481481481 0.0421875 0.062037037037037
10 0.5390625 0.45509259259259 0.040625 0.060185185185185
10 0.70677083333333 0.69166666666667 0.040625 0.059259259259259
10 0.25625 0.74351851851852 0.029166666666667 0.040740740740741
10 0.46171875 0.58888888888889 0.1109375 0.15555555555556
10 0.52578125 0.9625 0.034895833333333 0.04537037037037
10 0.31171875 0.91527777777778 0.031770833333333 0.043518518518519
10 0.51901041666667 0.99212962962963 0.025520833333333 0.019444444444444
10 0.57734375 0.91851851851852 0.038020833333333 0.051851851851852
10 0.4984375 0.47916666666667 0.03125 0.041666666666667
10 0.98645833333333 0.11574074074074 0.027083333333333 0.083333333333333
10 0.019010416666667 0.68333333333333 0.0328125 0.05
10 0.092708333333333 0.55694444444444 0.03125 0.041666666666667
10 0.49973958333333 0.71203703703704 0.072395833333333 0.094444444444444
10 0.53463541666667 0.6787037037037 0.038020833333333 0.05
10 0.56588541666667 0.41157407407407 0.033854166666667 0.04537037037037
10 0.40755208333333 0.68194444444444 0.018229166666667 0.025
10 0.22265625 0.74675925925926 0.050520833333333 0.067592592592593
10 0.85078125 0.072685185185185 0.056770833333333 0.078703703703704
10 0.52213541666667 0.56064814814815 0.040104166666667 0.056481481481481
10 0.58802083333333 0.73425925925926 0.033333333333333 0.048148148148148
10 0.58697916666667 0.64907407407407 0.054166666666667 0.068518518518519
10 0.6 0.96990740740741 0.035416666666667 0.04537037037037
10 0.34296875 0.94583333333333 0.036979166666667 0.052777777777778
10 0.12890625 0.83333333333333 0.0328125 0.048148148148148
10 0.3 0.77962962962963 0.033333333333333 0.046296296296296
10 0.37473958333333 0.8212962962963 0.0546875 0.074074074074074
10 0.3046875 0.87037037037037 0.027083333333333 0.038888888888889
10 0.53541666666667 0.91898148148148 0.05 0.067592592592593
10 0.53333333333333 0.26805555555556 0.058333333333333 0.073148148148148
10 0.48958333333333 0.65925925925926 0.05 0.068518518518519
10 0.43359375 0.43009259259259 0.050520833333333 0.073148148148148
10 0.53515625 0.14305555555556 0.0546875 0.076851851851852
10 0.57005208333333 0.60648148148148 0.052604166666667 0.066666666666667