11 0.54765625 0.79791666666667 0.10625 0.12083333333333
11 0.61328125 0.90486111111111 0.0875 0.1125
11 0.660546875 0.21736111111111 0.07890625 0.11527777777778
11 0.764453125 0.095833333333333 0.07421875 0.10833333333333
11 0.57578125 0.80416666666667 0.06875 0.1
11 0.676953125 0.35347222222222 0.07265625 0.0875
11 0.533984375 0.23888888888889 0.06484375 0.091666666666667
11 0.5359375 0.69444444444444 0.065625 0.086111111111111
11 0.972265625 0.69166666666667 0.05078125 0.10277777777778
11 0.917578125 0.23472222222222 0.05703125 0.088888888888889
11 0.5046875 0.50625 0.0578125 0.0875
11 0.43984375 0.46944444444444 0.0609375 0.080555555555556
11 0.562109375 0.59097222222222 0.06171875 0.079166666666667
11 0.8703125 0.88472222222222 0.05625 0.080555555555556
11 0.9046875 0.68125 0.05625 0.084722222222222
11 0.376171875 0.77569444444444 0.05703125 0.076388888888889
11 0.4265625 0.62083333333333 0.05625 0.077777777777778
11 0.230078125 0.26736111111111 0.05390625 0.076388888888889
11 0.584375 0.65347222222222 0.0546875 0.070833333333333
11 0.8015625 0.52152777777778 0.0484375 0.076388888888889
11 0.23984375 0.33888888888889 0.053125 0.069444444444444
11 0.475390625 0.40555555555556 0.05234375 0.069444444444444
11 0.80859375 0.32777777777778 0.0484375 0.072222222222222
11 0.721875 0.15694444444444 0.05 0.069444444444444
11 0.548046875 0.64097222222222 0.05078125 0.068055555555556
11 0.334765625 0.24583333333333 0.04765625 0.069444444444444
11 0.762109375 0.57708333333333 0.04765625 0.068055555555556
11 0.573828125 0.71180555555556 0.04609375 0.068055555555556
11 0.3703125 0.18958333333333 0.0484375 0.0625
11 0.2984375 0.50694444444444 0.046875 0.063888888888889
11 0.978125 0.47222222222222 0.0421875 0.069444444444444
11 0.89140625 0.97291666666667 0.053125 0.054166666666667
11 0.685546875 0.82083333333333 0.04453125 0.063888888888889
11 0.603125 0.73819444444444 0.04375 0.0625
11 0.9296875 0.86111111111111 0.0421875 0.063888888888889
11 0.320703125 0.31388888888889 0.04453125 0.058333333333333
11 0.81953125 0.6875 0.04375 0.061111111111111
11 0.5625 0.69861111111111 0.04375 0.058333333333333
11 0.7328125 0.30208333333333 0.0421875 0.059722222222222
11 0.915625 0.79097222222222 0.0421875 0.056944444444444
11 0.259765625 0.30625 0.04296875 0.056944444444444
11 0.09453125 0.98125 0.059375 0.040277777777778
11 0.655859375 0.85277777777778 0.04296875 0.055555555555556
11 0.720703125 0.23819444444444 0.03984375 0.059722222222222
11 0.434375 0.059722222222222 0.040625 0.058333333333333
11 0.653125 0.95972222222222 0.0421875 0.055555555555556
11 0.814453125 0.79166666666667 0.03984375 0.055555555555556
11 0.394921875 0.66180555555556 0.03984375 0.054166666666667
11 0.4921875 0.65625 0.0421875 0.051388888888889
11 0.544140625 0.93541666666667 0.03984375 0.054166666666667
11 0.410546875 0.92291666666667 0.04140625 0.051388888888889
11 0.251953125 0.375 0.03828125 0.055555555555556
11 0.634375 0.25625 0.0390625 0.054166666666667
11 0.81328125 0.84375 0.0390625 0.054166666666667
11 0.751171875 0.72430555555556 0.03828125 0.054166666666667
11 0.155859375 0.8 0.03984375 0.052777777777778
11 0.5671875 0.43194444444444 0.0390625 0.052777777777778
11 0.655859375 0.68194444444444 0.03828125 0.052777777777778
11 0.6578125 0.52361111111111 0.0390625 0.052777777777778
11 0.186328125 0.45138888888889 0.03828125 0.052777777777778
11 0.66875 0.87291666666667 0.0390625 0.051388888888889
11 0.66875 0.62777777777778 0.0375 0.052777777777778
11 0.86875 0.85694444444444 0.0375 0.052777777777778
11 0.550390625 0.90069444444444 0.03828125 0.051388888888889
11 0.7375 0.63333333333333 0.0390625 0.05
11 0.612890625 0.44444444444444 0.03671875 0.052777777777778
11 0.124609375 0.78333333333333 0.03828125 0.05
11 0.08203125 0.62291666666667 0.0375 0.051388888888889
11 0.175 0.37083333333333 0.0390625 0.047222222222222
11 0.4734375 0.68125 0.0390625 0.048611111111111
11 0.3484375 0.96875 0.0390625 0.048611111111111
11 0.12734375 0.89513888888889 0.0375 0.048611111111111
11 0.316015625 0.87708333333333 0.03671875 0.048611111111111
11 0.24765625 0.42986111111111 0.0375 0.048611111111111
11 0.80078125 0.7625 0.0359375 0.05
11 0.428515625 0.63541666666667 0.03671875 0.048611111111111
11 0.088671875 0.74583333333333 0.03515625 0.05
11 0.391796875 0.56388888888889 0.03515625 0.05
11 0.307421875 0.97430555555556 0.03828125 0.045833333333333
11 0.355078125 0.87638888888889 0.03515625 0.047222222222222
11 0.296484375 0.90555555555556 0.03671875 0.047222222222222
11 0.59921875 0.50138888888889 0.0359375 0.047222222222222
11 0.401171875 0.88194444444444 0.03515625 0.047222222222222
11 0.15546875 0.94930555555556 0.0359375 0.045833333333333
11 0.466796875 0.74166666666667 0.03671875 0.044444444444444
11 0.6453125 0.84166666666667 0.034375 0.047222222222222
11 0.140625 0.83402777777778 0.034375 0.045833333333333
11 0.85625 0.81041666666667 0.0328125 0.048611111111111
11 0.525 0.33888888888889 0.034375 0.044444444444444
11 0.322265625 0.7 0.03359375 0.044444444444444
11 0.49453125 0.47430555555556 0.0328125 0.045833333333333
11 0.9890625 0.59791666666667 0.021875 0.065277777777778
11 0.19609375 0.61111111111111 0.0328125 0.044444444444444
11 0.606640625 0.41111111111111 0.03203125 0.044444444444444
11 0.607421875 0.83125 0.03203125 0.043055555555556
11 0.4875 0.85069444444444 0.0328125 0.043055555555556
11 0.52109375 0.56805555555556 0.0328125 0.041666666666667
11 0.191015625 0.42013888888889 0.03046875 0.043055555555556
11 0.01953125 0.63611111111111 0.0296875 0.044444444444444
11 0.269140625 0.78125 0.03046875 0.040277777777778