11 0.82265625 0.28541666666667 0.334375 0.57083333333333
11 0.315625 0.58263888888889 0.30625 0.54305555555556
11 0.49765625 0.30625 0.075 0.090277777777778
11 0.540234375 0.52708333333333 0.06328125 0.090277777777778
11 0.507421875 0.19166666666667 0.06171875 0.083333333333333
11 0.64453125 0.28888888888889 0.0609375 0.077777777777778
11 0.587109375 0.15486111111111 0.05703125 0.079166666666667
11 0.767578125 0.62152777777778 0.06015625 0.073611111111111
11 0.573046875 0.28472222222222 0.05234375 0.075
11 0.687109375 0.27013888888889 0.04921875 0.073611111111111
11 0.73984375 0.71875 0.0484375 0.076388888888889
11 0.709765625 0.20069444444444 0.04921875 0.073611111111111
11 0.501953125 0.15069444444444 0.05234375 0.065277777777778
11 0.68671875 0.64652777777778 0.05 0.065277777777778
11 0.669140625 0.72986111111111 0.04765625 0.068055555555556
11 0.64453125 0.17291666666667 0.0421875 0.065277777777778
11 0.5953125 0.61458333333333 0.04375 0.0625
11 0.6953125 0.30972222222222 0.04375 0.066666666666667
11 0.696484375 0.69513888888889 0.04765625 0.056944444444444
11 0.526171875 0.12916666666667 0.04296875 0.058333333333333
11 0.71484375 0.65277777777778 0.0421875 0.058333333333333
11 0.615625 0.23402777777778 0.040625 0.059722222222222
11 0.6703125 0.6125 0.040625 0.058333333333333
11 0.67734375 0.76666666666667 0.0421875 0.055555555555556
11 0.569140625 0.12222222222222 0.03984375 0.058333333333333
11 0.750390625 0.61666666666667 0.04140625 0.055555555555556
11 0.628515625 0.65763888888889 0.03828125 0.056944444444444
11 0.680078125 0.35486111111111 0.03828125 0.056944444444444
11 0.7375 0.57083333333333 0.0390625 0.055555555555556
11 0.707421875 0.73819444444444 0.03984375 0.054166666666667
11 0.694921875 0.80277777777778 0.03828125 0.055555555555556
11 0.519140625 0.36944444444444 0.03828125 0.055555555555556
11 0.80078125 0.67569444444444 0.0390625 0.054166666666667
11 0.62109375 0.76180555555556 0.0390625 0.054166666666667
11 0.5171875 0.40972222222222 0.0375 0.055555555555556
11 0.58671875 0.62638888888889 0.0375 0.055555555555556
11 0.577734375 0.57569444444444 0.03828125 0.054166666666667
11 0.615234375 0.80972222222222 0.03671875 0.05
11 0.534765625 0.46597222222222 0.03671875 0.048611111111111
11 0.629296875 0.69375 0.03515625 0.048611111111111
11 0.737109375 0.65625 0.03515625 0.048611111111111
11 0.91484375 0.032638888888889 0.034375 0.048611111111111
11 0.618359375 0.71875 0.03203125 0.045833333333333
11 0.915625 0.60972222222222 0.034375 0.041666666666667
11 0.92265625 0.41180555555556 0.0328125 0.043055555555556
11 0.98046875 0.034027777777778 0.0296875 0.043055555555556
11 0.369140625 0.35555555555556 0.03046875 0.041666666666667
11 0.86328125 0.049305555555556 0.0296875 0.040277777777778