10 0.25182291666667 0.61157407407407 0.022395833333333 0.030555555555556
10 0.30911458333333 0.46296296296296 0.053645833333333 0.074074074074074
10 0.42916666666667 0.48657407407407 0.015625 0.021296296296296
10 0.53098958333333 0.35185185185185 0.013020833333333 0.02037037037037
10 0.57916666666667 0.066666666666667 0.013541666666667 0.018518518518519
10 0.54557291666667 0.27407407407407 0.0140625 0.022222222222222
10 0.48854166666667 0.42916666666667 0.057291666666667 0.082407407407407
10 0.42890625 0.5537037037037 0.0234375 0.037037037037037
10 0.284375 0.42268518518519 0.052083333333333 0.080555555555556
10 0.58255208333333 0.25694444444444 0.018229166666667 0.028703703703704
10 0.1953125 0.61574074074074 0.035416666666667 0.059259259259259
10 0.57994791666667 0.016203703703704 0.013020833333333 0.017592592592593
10 0.19583333333333 0.48333333333333 0.011458333333333 0.016666666666667
10 0.45442708333333 0.5337962962963 0.0140625 0.023148148148148
10 0.51432291666667 0.41157407407407 0.034895833333333 0.065740740740741
10 0.16510416666667 0.66759259259259 0.01875 0.02962962962963
10 0.35546875 0.45833333333333 0.015104166666667 0.022222222222222
10 0.54635416666667 0.36666666666667 0.015625 0.025925925925926
10 0.11302083333333 0.65972222222222 0.014583333333333 0.025
10 0.47473958333333 0.41805555555556 0.0265625 0.039814814814815
10 0.38671875 0.5962962962963 0.011979166666667 0.016666666666667
10 0.17786458333333 0.57546296296296 0.015104166666667 0.023148148148148
10 0.1546875 0.63935185185185 0.025 0.043518518518519
10 0.575 0.2375 0.021875 0.034259259259259