19 0.28776041666667 0.28518518518519 0.033854166666667 0.038888888888889
10 0.19375 0.78101851851852 0.3875 0.44351851851852
33 0.9734375 0.20277777777778 0.051041666666667 0.1037037037037
14 0.29114583333333 0.95046296296296 0.027083333333333 0.034259259259259
10 0.28828125 0.28425925925926 0.033854166666667 0.037037037037037
10 0.20208333333333 0.77314814814815 0.40104166666667 0.44814814814815
33 0.975 0.20185185185185 0.052083333333333 0.10555555555556
10 0.29166666666667 0.95092592592593 0.027083333333333 0.035185185185185
10 0.19869791666667 0.7787037037037 0.3953125 0.43888888888889
10 0.28802083333333 0.2837962962963 0.034375 0.034259259259259
10 0.29166666666667 0.95046296296296 0.025 0.034259259259259