10 0.39921875 0.57638888888889 0.1140625 0.15
10 0.889453125 0.44097222222222 0.04921875 0.051388888888889
10 0.244921875 0.47152777777778 0.06015625 0.095833333333333
10 0.334765625 0.56736111111111 0.05390625 0.079166666666667
10 0.26484375 0.72291666666667 0.0421875 0.051388888888889
10 0.502734375 0.62222222222222 0.05234375 0.058333333333333
10 0.206640625 0.54444444444444 0.03046875 0.041666666666667
10 0.544140625 0.70555555555556 0.05859375 0.063888888888889
10 0.364453125 0.69583333333333 0.08046875 0.086111111111111
10 0.471875 0.39791666666667 0.0625 0.084722222222222
10 0.568359375 0.65555555555556 0.04765625 0.061111111111111
10 0.23671875 0.32916666666667 0.0296875 0.044444444444444
10 0.714453125 0.69375 0.05859375 0.065277777777778
10 0.4984375 0.47916666666667 0.05 0.063888888888889
10 0.3921875 0.76875 0.0578125 0.065277777777778