10 0.339453125 0.85138888888889 0.12734375 0.17222222222222
10 0.354296875 0.36041666666667 0.14609375 0.20694444444444
10 0.419140625 0.62083333333333 0.17578125 0.21666666666667
10 0.23203125 0.65902777777778 0.125 0.15694444444444
10 0.162109375 0.36944444444444 0.10078125 0.15
10 0.67734375 0.74027777777778 0.14375 0.14166666666667
10 0.769921875 0.45416666666667 0.09921875 0.13888888888889
10 0.30234375 0.49444444444444 0.075 0.10277777777778
10 0.685546875 0.29861111111111 0.10546875 0.11111111111111
10 0.6984375 0.045138888888889 0.09375 0.070833333333333
10 0.95859375 0.53611111111111 0.0796875 0.094444444444444
10 0.892578125 0.87013888888889 0.08515625 0.073611111111111
10 0.970703125 0.66597222222222 0.05703125 0.10694444444444
10 0.08671875 0.58402777777778 0.0625 0.084722222222222
10 0.710546875 0.40972222222222 0.07890625 0.075
10 0.791796875 0.96527777777778 0.07265625 0.063888888888889
10 0.095703125 0.65486111111111 0.05390625 0.065277777777778
10 0.35859375 0.66805555555556 0.05 0.061111111111111
10 0.31015625 0.73055555555556 0.040625 0.044444444444444