10 0.452734375 0.40486111111111 0.37890625 0.58194444444444
10 0.7453125 0.33888888888889 0.5046875 0.67222222222222
10 0.64375 0.46875 0.0328125 0.054166666666667
10 0.7609375 0.52083333333333 0.0296875 0.041666666666667
10 0.652734375 0.43055555555556 0.02890625 0.038888888888889
10 0.863671875 0.85486111111111 0.02734375 0.0375
10 0.637109375 0.58333333333333 0.02890625 0.036111111111111
10 0.8265625 0.11736111111111 0.3375 0.23472222222222
10 0.739453125 0.46666666666667 0.02734375 0.036111111111111
10 0.8078125 0.49236111111111 0.028125 0.034722222222222
10 0.65078125 0.27152777777778 0.0265625 0.034722222222222
10 0.87890625 0.70138888888889 0.025 0.033333333333333
10 0.855859375 0.74375 0.02421875 0.034722222222222
10 0.84453125 0.65694444444444 0.025 0.033333333333333
10 0.724609375 0.47638888888889 0.02421875 0.033333333333333
10 0.84609375 0.58819444444444 0.025 0.031944444444444
10 0.67578125 0.45902777777778 0.0234375 0.031944444444444
10 0.380859375 0.47986111111111 0.02421875 0.031944444444444
10 0.69140625 0.4125 0.0234375 0.033333333333333
10 0.748046875 0.54305555555556 0.02265625 0.030555555555556
10 0.7921875 0.53958333333333 0.021875 0.029166666666667
10 0.8671875 0.68819444444444 0.021875 0.029166666666667
10 0.678125 0.43680555555556 0.021875 0.029166666666667
10 0.6578125 0.32708333333333 0.021875 0.029166666666667
10 0.628515625 0.24722222222222 0.01953125 0.030555555555556
10 0.779296875 0.50416666666667 0.02109375 0.027777777777778
10 0.803515625 0.575 0.01953125 0.027777777777778