10 0.330859375 0.38472222222222 0.14140625 0.24166666666667
10 0.88203125 0.71666666666667 0.190625 0.23055555555556
10 0.881640625 0.42777777777778 0.13359375 0.17222222222222
10 0.666796875 0.25138888888889 0.11015625 0.15
10 0.76171875 0.49930555555556 0.1125 0.1625
10 0.540625 0.12986111111111 0.1109375 0.13194444444444
10 0.75390625 0.40625 0.1015625 0.12916666666667
10 0.4875 0.575 0.103125 0.11388888888889
10 0.357421875 0.78055555555556 0.09296875 0.13055555555556
10 0.58203125 0.475 0.08125 0.13611111111111
10 0.449609375 0.56597222222222 0.08984375 0.11527777777778
10 0.471875 0.31041666666667 0.0828125 0.12361111111111
10 0.845703125 0.065972222222222 0.08359375 0.11805555555556
10 0.626171875 0.20902777777778 0.07890625 0.1125
10 0.73359375 0.18888888888889 0.075 0.11388888888889
10 0.626171875 0.090972222222222 0.07265625 0.12083333333333
10 0.9625 0.23263888888889 0.0734375 0.1125
10 0.702734375 0.33958333333333 0.07109375 0.10416666666667
10 0.225390625 0.12569444444444 0.06953125 0.10416666666667
10 0.288671875 0.29861111111111 0.06953125 0.1
10 0.433984375 0.68888888888889 0.06953125 0.097222222222222
10 0.588671875 0.34375 0.06640625 0.10138888888889
10 0.56953125 0.44097222222222 0.06875 0.095833333333333
10 0.94375 0.51319444444444 0.06875 0.093055555555556
10 0.16796875 0.23125 0.065625 0.095833333333333
10 0.79296875 0.43125 0.065625 0.090277777777778
10 0.093359375 0.58402777777778 0.06328125 0.090277777777778
10 0.55390625 0.19861111111111 0.065625 0.086111111111111
10 0.3671875 0.31458333333333 0.0640625 0.0875
10 0.6734375 0.48402777777778 0.059375 0.093055555555556
10 0.524609375 0.48263888888889 0.06015625 0.0875
10 0.741796875 0.6875 0.06015625 0.083333333333333
10 0.586328125 0.75486111111111 0.06015625 0.081944444444444
10 0.681640625 0.73125 0.05859375 0.081944444444444
10 0.361328125 0.56875 0.06015625 0.079166666666667
10 0.57421875 0.93402777777778 0.059375 0.079166666666667
10 0.659765625 0.66875 0.05859375 0.079166666666667
10 0.948046875 0.68055555555556 0.05703125 0.080555555555556
10 0.0265625 0.86944444444444 0.0515625 0.088888888888889
10 0.83671875 0.25 0.053125 0.086111111111111
10 0.819140625 0.52430555555556 0.05546875 0.081944444444444
10 0.615625 0.58194444444444 0.0546875 0.080555555555556
10 0.80390625 0.8375 0.05625 0.077777777777778
10 0.210546875 0.79583333333333 0.05390625 0.080555555555556
10 0.7609375 0.93402777777778 0.0546875 0.073611111111111
10 0.50234375 0.82013888888889 0.053125 0.070833333333333
10 0.47421875 0.96805555555556 0.0515625 0.061111111111111
10 0.643359375 0.97916666666667 0.09453125 0.041666666666667