11 0.86171875 0.14513888888889 0.09375 0.10138888888889
11 0.47421875 0.58333333333333 0.2078125 0.24444444444444
11 0.896484375 0.15416666666667 0.07109375 0.091666666666667
11 0.296875 0.47222222222222 0.2203125 0.225
11 0.95234375 0.89930555555556 0.08125 0.081944444444444
10 0.169140625 0.51111111111111 0.08984375 0.13055555555556
10 0.934765625 0.59861111111111 0.13046875 0.175
11 0.81640625 0.21458333333333 0.0671875 0.084722222222222
11 0.90703125 0.31666666666667 0.1046875 0.14166666666667
11 0.526171875 0.072916666666667 0.21953125 0.1375
11 0.269140625 0.66805555555556 0.07265625 0.077777777777778
11 0.20703125 0.2875 0.115625 0.15277777777778