19 0.734375 0.48472222222222 0.011458333333333 0.013888888888889
19 0.4359375 0.20324074074074 0.023958333333333 0.026851851851852
19 0.84348958333333 0.6712962962963 0.0140625 0.014814814814815
19 0.72317708333333 0.3287037037037 0.011979166666667 0.014814814814815
19 0.62682291666667 0.21296296296296 0.0109375 0.011111111111111
19 0.72135416666667 0.45925925925926 0.010416666666667 0.011111111111111
19 0.70182291666667 0.65740740740741 0.016145833333333 0.016666666666667
19 0.66588541666667 0.38796296296296 0.0098958333333333 0.0092592592592593
19 0.73098958333333 0.78935185185185 0.0171875 0.017592592592593
19 0.75729166666667 0.72638888888889 0.016666666666667 0.017592592592593
19 0.7734375 0.75231481481481 0.016666666666667 0.017592592592593
19 0.89036458333333 0.87731481481481 0.0515625 0.065740740740741
19 0.81536458333333 0.74907407407407 0.0171875 0.018518518518519
19 0.6890625 0.2462962962963 0.020833333333333 0.02037037037037
19 0.64114583333333 0.7875 0.010416666666667 0.012037037037037
19 0.640625 0.81296296296296 0.013541666666667 0.014814814814815
19 0.925 0.68703703703704 0.013541666666667 0.014814814814815
19 0.66588541666667 0.59490740740741 0.0109375 0.012037037037037
19 0.63515625 0.83842592592593 0.011979166666667 0.013888888888889
19 0.69791666666667 0.5962962962963 0.014583333333333 0.012962962962963
14 0.4640625 0.9412037037037 0.021875 0.032407407407407
19 0.63671875 0.80925925925926 0.0171875 0.018518518518519
19 0.63489583333333 0.7587962962963 0.011458333333333 0.012037037037037
19 0.66197916666667 0.84305555555556 0.0125 0.012037037037037
19 0.80625 0.70555555555556 0.0125 0.012962962962963
19 0.74401041666667 0.6712962962963 0.0171875 0.018518518518519
19 0.60078125 0.31712962962963 0.013020833333333 0.013888888888889
19 0.63828125 0.64861111111111 0.0109375 0.012037037037037
19 0.87473958333333 0.66203703703704 0.0140625 0.014814814814815
19 0.74296875 0.69861111111111 0.016145833333333 0.017592592592593
19 0.61223958333333 0.69444444444444 0.019270833333333 0.02037037037037
19 0.67838541666667 0.21805555555556 0.019270833333333 0.023148148148148
19 0.6765625 0.71712962962963 0.011458333333333 0.013888888888889
19 0.72942708333333 0.69768518518519 0.015104166666667 0.015740740740741
19 0.64895833333333 0.68564814814815 0.020833333333333 0.021296296296296
19 0.77265625 0.69953703703704 0.016145833333333 0.017592592592593
19 0.95546875 0.69074074074074 0.011979166666667 0.012962962962963
19 0.76640625 0.77268518518519 0.018229166666667 0.019444444444444
19 0.68541666666667 0.7 0.013541666666667 0.014814814814815
19 0.60572916666667 0.82175925925926 0.016666666666667 0.017592592592593
19 0.81380208333333 0.74259259259259 0.018229166666667 0.02037037037037
19 0.65963541666667 0.35092592592593 0.0109375 0.012962962962963
19 0.65546875 0.68194444444444 0.021354166666667 0.023148148148148
19 0.83151041666667 0.71296296296296 0.011979166666667 0.012962962962963
19 0.68333333333333 0.75277777777778 0.015625 0.018518518518519
19 0.61302083333333 0.825 0.013541666666667 0.014814814814815
19 0.71744791666667 0.82268518518519 0.013020833333333 0.013888888888889
19 0.65859375 0.19305555555556 0.015104166666667 0.015740740740741
19 0.81510416666667 0.68981481481481 0.011458333333333 0.012962962962963
19 0.76927083333333 0.7875 0.019791666666667 0.021296296296296
19 0.73619791666667 0.50972222222222 0.0088541666666667 0.010185185185185
10 0.46484375 0.94074074074074 0.022395833333333 0.035185185185185
10 0.35182291666667 0.78148148148148 0.40260416666667 0.43333333333333
10 0.4359375 0.20185185185185 0.025 0.025925925925926