10 0.712109375 0.70625 0.07265625 0.065277777777778
11 0.5328125 0.35763888888889 0.0625 0.10138888888889
10 0.318359375 0.66805555555556 0.06953125 0.11388888888889
10 0.30234375 0.52708333333333 0.0546875 0.081944444444444
10 0.171484375 0.39583333333333 0.06796875 0.088888888888889
10 0.139453125 0.62430555555556 0.03671875 0.051388888888889
10 0.21796875 0.72083333333333 0.0375 0.052777777777778
10 0.522265625 0.72430555555556 0.08671875 0.095833333333333
10 0.55625 0.42638888888889 0.0578125 0.080555555555556
10 0.28359375 0.41736111111111 0.0546875 0.093055555555556
10 0.3453125 0.61041666666667 0.021875 0.026388888888889
10 0.2046875 0.33888888888889 0.0328125 0.041666666666667
10 0.412890625 0.56805555555556 0.10390625 0.12777777777778
10 0.391015625 0.73333333333333 0.09765625 0.11111111111111
10 0.80859375 0.67847222222222 0.071875 0.070833333333333
10 0.98828125 0.43541666666667 0.021875 0.0625
10 0.591796875 0.55972222222222 0.06171875 0.080555555555556
10 0.12578125 0.67916666666667 0.034375 0.038888888888889