10 0.37421875 0.14722222222222 0.0609375 0.11666666666667
10 0.420703125 0.36388888888889 0.03828125 0.061111111111111
10 0.251953125 0.065277777777778 0.04609375 0.075
10 0.537890625 0.90694444444444 0.03671875 0.058333333333333
10 0.357421875 0.46944444444444 0.04921875 0.075
10 0.694921875 0.20902777777778 0.05234375 0.081944444444444
10 0.576953125 0.38194444444444 0.06796875 0.11666666666667
10 0.307421875 0.043055555555556 0.07578125 0.086111111111111
10 0.359375 0.12222222222222 0.05625 0.094444444444444
10 0.335546875 0.29513888888889 0.10859375 0.15694444444444
10 0.56015625 0.084722222222222 0.1421875 0.16388888888889
10 0.557421875 0.26666666666667 0.06953125 0.11111111111111
10 0.710546875 0.51736111111111 0.04609375 0.079166666666667
10 0.391015625 0.67222222222222 0.04140625 0.075