10 0.590625 0.57638888888889 0.0484375 0.063888888888889
10 0.4828125 0.59861111111111 0.046875 0.055555555555556
10 0.18984375 0.25625 0.0578125 0.081944444444444
10 0.421484375 0.57638888888889 0.09140625 0.10555555555556
10 0.579296875 0.2875 0.06015625 0.075
10 0.5078125 0.525 0.0609375 0.075
10 0.6875 0.37777777777778 0.046875 0.063888888888889
10 0.469140625 0.36736111111111 0.07265625 0.0875
10 0.02109375 0.84722222222222 0.0421875 0.061111111111111
10 0.60234375 0.98125 0.0453125 0.0375
10 0.594921875 0.17777777777778 0.06171875 0.080555555555556
10 0.651171875 0.28263888888889 0.07890625 0.10416666666667
10 0.86015625 0.62222222222222 0.0484375 0.061111111111111
10 0.435546875 0.67847222222222 0.05390625 0.070833333333333
10 0.75625 0.48819444444444 0.0453125 0.059722222222222
10 0.46328125 0.96458333333333 0.0421875 0.048611111111111
10 0.08984375 0.61180555555556 0.0640625 0.081944444444444
10 0.181640625 0.8375 0.04921875 0.066666666666667
10 0.716796875 0.21736111111111 0.06640625 0.081944444444444
10 0.650390625 0.13333333333333 0.06328125 0.080555555555556
10 0.73203125 0.93333333333333 0.084375 0.12222222222222
10 0.73046875 0.95763888888889 0.05 0.068055555555556
10 0.251171875 0.16388888888889 0.06171875 0.083333333333333
10 0.361328125 0.79305555555556 0.08359375 0.080555555555556
10 0.570703125 0.92430555555556 0.04609375 0.059722222222222
10 0.4328125 0.27361111111111 0.10625 0.15
10 0.8453125 0.72361111111111 0.18125 0.18055555555556
10 0.846875 0.1 0.0734375 0.091666666666667
10 0.35234375 0.40416666666667 0.0671875 0.083333333333333
10 0.339453125 0.30277777777778 0.06015625 0.086111111111111
10 0.4734375 0.96041666666667 0.065625 0.073611111111111
10 0.907421875 0.54236111111111 0.05703125 0.073611111111111
10 0.659375 0.49583333333333 0.04375 0.058333333333333
10 0.928515625 0.32222222222222 0.06171875 0.086111111111111
10 0.5859375 0.50555555555556 0.0609375 0.091666666666667
10 0.80703125 0.54513888888889 0.053125 0.068055555555556
10 0.76484375 0.81944444444444 0.0453125 0.058333333333333
10 0.8859375 0.43680555555556 0.071875 0.081944444444444
10 0.55078125 0.80277777777778 0.078125 0.097222222222222
10 0.7359375 0.54791666666667 0.065625 0.0875
10 0.509765625 0.58888888888889 0.05859375 0.072222222222222
10 0.64765625 0.69930555555556 0.065625 0.095833333333333
10 0.53125 0.22013888888889 0.053125 0.068055555555556
10 0.351171875 0.36944444444444 0.10234375 0.16111111111111
10 0.984765625 0.53333333333333 0.03046875 0.091666666666667
10 0.732421875 0.39097222222222 0.08359375 0.095833333333333