11 0.45546875 0.30277777777778 0.35 0.55277777777778
11 0.7703125 0.27569444444444 0.4453125 0.55138888888889
11 0.873828125 0.43402777777778 0.03828125 0.051388888888889
11 0.768359375 0.40486111111111 0.03359375 0.043055555555556
11 0.85546875 0.50416666666667 0.034375 0.038888888888889
11 0.83984375 0.46458333333333 0.0296875 0.043055555555556
11 0.89609375 0.58680555555556 0.03125 0.040277777777778
11 0.71953125 0.33333333333333 0.0296875 0.041666666666667
11 0.821484375 0.40694444444444 0.02890625 0.041666666666667
11 0.84921875 0.47569444444444 0.0296875 0.040277777777778
11 0.802734375 0.38819444444444 0.02890625 0.040277777777778
11 0.875390625 0.49513888888889 0.02890625 0.040277777777778
11 0.869921875 0.37986111111111 0.02890625 0.040277777777778
11 0.8671875 0.40208333333333 0.028125 0.040277777777778
11 0.67578125 0.36597222222222 0.028125 0.040277777777778
11 0.741015625 0.38680555555556 0.02890625 0.0375
11 0.884375 0.58263888888889 0.028125 0.0375
11 0.703515625 0.45486111111111 0.02578125 0.040277777777778
11 0.731640625 0.38402777777778 0.02734375 0.0375
11 0.89375 0.36875 0.0265625 0.0375
11 0.7140625 0.42986111111111 0.0265625 0.0375
11 0.910546875 0.61527777777778 0.02734375 0.036111111111111
11 0.704296875 0.35416666666667 0.02734375 0.036111111111111
11 0.86015625 0.46805555555556 0.0265625 0.036111111111111
11 0.750390625 0.42847222222222 0.02578125 0.0375
11 0.712890625 0.55069444444444 0.02734375 0.034722222222222
11 0.869140625 0.69444444444444 0.02421875 0.036111111111111
11 0.8765625 0.61458333333333 0.025 0.034722222222222
11 0.846875 0.50902777777778 0.025 0.034722222222222
11 0.755078125 0.22916666666667 0.02578125 0.033333333333333
11 0.7046875 0.29861111111111 0.025 0.033333333333333
11 0.841796875 0.41111111111111 0.02421875 0.033333333333333
11 0.668359375 0.27152777777778 0.02265625 0.031944444444444
11 0.678125 0.21180555555556 0.021875 0.031944444444444
11 0.784765625 0.17430555555556 0.02265625 0.029166666666667
11 0.72109375 0.43680555555556 0.0203125 0.029166666666667