10 0.475 0.48148148148148 0.042708333333333 0.068518518518519
10 0.34088541666667 0.76018518518519 0.027604166666667 0.040740740740741
10 0.54270833333333 0.86157407407407 0.035416666666667 0.052777777777778
10 0.55052083333333 0.40092592592593 0.039583333333333 0.064814814814815
10 0.79713541666667 0.24074074074074 0.050520833333333 0.085185185185185
10 0.51015625 0.70231481481481 0.059895833333333 0.067592592592593
10 0.55286458333333 0.1287037037037 0.030729166666667 0.046296296296296
10 0.63645833333333 0.91481481481481 0.036458333333333 0.053703703703704
10 0.37265625 0.95925925925926 0.036979166666667 0.055555555555556
10 0.75520833333333 0.23333333333333 0.063541666666667 0.098148148148148
10 0.88203125 0.56481481481481 0.077604166666667 0.18888888888889
10 0.52213541666667 0.70046296296296 0.0328125 0.049074074074074
10 0.12916666666667 0.5462962962963 0.023958333333333 0.037037037037037
10 0.65234375 0.086574074074074 0.10364583333333 0.17314814814815
10 0.68697916666667 0.17037037037037 0.042708333333333 0.068518518518519
10 0.49166666666667 0.59166666666667 0.10625 0.16666666666667
10 0.44973958333333 0.61851851851852 0.040104166666667 0.062962962962963
10 0.72994791666667 0.69490740740741 0.041145833333333 0.062037037037037
10 0.52395833333333 0.57638888888889 0.04375 0.062037037037037
10 0.34557291666667 0.88287037037037 0.0234375 0.036111111111111
10 0.085416666666667 0.6287037037037 0.03125 0.046296296296296
10 0.16848958333333 0.80601851851852 0.028645833333333 0.04537037037037
10 0.58619791666667 0.61527777777778 0.061979166666667 0.086111111111111
10 0.59401041666667 0.8375 0.040104166666667 0.062037037037037
10 0.2203125 0.97777777777778 0.036458333333333 0.046296296296296
10 0.55 0.28703703703704 0.0375 0.061111111111111
10 0.48984375 0.68240740740741 0.065104166666667 0.11666666666667
10 0.1421875 0.69074074074074 0.033333333333333 0.051851851851852
10 0.57317708333333 0.90277777777778 0.036979166666667 0.055555555555556
10 0.43072916666667 0.65416666666667 0.039583333333333 0.065740740740741
10 0.56067708333333 0.46527777777778 0.047395833333333 0.078703703703704
10 0.296875 0.7087962962963 0.026041666666667 0.041666666666667
10 0.50625 0.28564814814815 0.054166666666667 0.093518518518519
10 0.55182291666667 0.70416666666667 0.043229166666667 0.067592592592593
10 0.38828125 0.83101851851852 0.049479166666667 0.076851851851852
10 0.63072916666667 0.43148148148148 0.0625 0.1037037037037
10 0.066666666666667 0.65185185185185 0.034375 0.051851851851852
10 0.25520833333333 0.70601851851852 0.030208333333333 0.047222222222222
10 0.52760416666667 0.37175925925926 0.033333333333333 0.050925925925926
10 0.6421875 0.96481481481481 0.034375 0.053703703703704
10 0.27682291666667 0.74305555555556 0.0296875 0.047222222222222
10 0.51223958333333 0.58055555555556 0.072395833333333 0.10185185185185
10 0.51927083333333 0.73657407407407 0.032291666666667 0.050925925925926
10 0.57265625 0.19212962962963 0.0421875 0.065740740740741
10 0.99088541666667 0.074074074074074 0.0171875 0.075925925925926
10 0.33958333333333 0.8212962962963 0.023958333333333 0.037037037037037
10 0.58567708333333 0.75185185185185 0.031770833333333 0.05
10 0.59296875 0.6837962962963 0.034895833333333 0.052777777777778
10 0.61927083333333 0.89814814814815 0.034375 0.053703703703704
10 0.12135416666667 0.75277777777778 0.034375 0.051851851851852
10 0.85546875 0.082407407407407 0.0515625 0.075925925925926
10 0.46510416666667 0.97453703703704 0.034375 0.049074074074074
10 0.55833333333333 0.97361111111111 0.05 0.052777777777778
10 0.58515625 0.92361111111111 0.0359375 0.058333333333333
10 0.46927083333333 0.41666666666667 0.040625 0.066666666666667
10 0.690625 0.77361111111111 0.066666666666667 0.10277777777778
10 0.51510416666667 0.24722222222222 0.045833333333333 0.074074074074074
10 0.60416666666667 0.48981481481481 0.034375 0.051851851851852
10 0.47291666666667 0.7662037037037 0.026041666666667 0.041666666666667
10 0.59973958333333 0.41435185185185 0.0328125 0.047222222222222
10 0.50859375 0.40462962962963 0.0390625 0.057407407407407
10 0.38255208333333 0.87268518518519 0.034895833333333 0.056481481481481
10 0.52109375 0.84212962962963 0.040104166666667 0.062037037037037
10 0.52994791666667 0.47916666666667 0.0265625 0.039814814814815