10 0.54192708333333 0.035648148148148 0.024479166666667 0.037962962962963
10 0.48541666666667 0.13194444444444 0.0375 0.069444444444444
10 0.090104166666667 0.044444444444444 0.032291666666667 0.053703703703704
10 0.27864583333333 0.57453703703704 0.03125 0.041666666666667
10 0.56927083333333 0.26759259259259 0.032291666666667 0.048148148148148
10 0.33385416666667 0.48472222222222 0.0375 0.047222222222222
10 0.65859375 0.27407407407407 0.0359375 0.05
10 0.46458333333333 0.016666666666667 0.033333333333333 0.033333333333333
10 0.7046875 0.74490740740741 0.032291666666667 0.039814814814815
10 0.6046875 0.24074074074074 0.054166666666667 0.066666666666667
10 0.78984375 0.05 0.041145833333333 0.055555555555556
10 0.29296875 0.25324074074074 0.065104166666667 0.11018518518519
10 0.42578125 0.80092592592593 0.10572916666667 0.13518518518519
10 0.37682291666667 0.26481481481481 0.044270833333333 0.059259259259259
10 0.43515625 0.13287037037037 0.036979166666667 0.052777777777778
10 0.41015625 0.49212962962963 0.038020833333333 0.052777777777778
10 0.615625 0.13240740740741 0.038541666666667 0.053703703703704
10 0.62630208333333 0.36481481481481 0.038020833333333 0.051851851851852
10 0.66328125 0.50601851851852 0.10989583333333 0.16759259259259
10 0.58776041666667 0.085648148148148 0.040104166666667 0.058333333333333
10 0.63880208333333 0.19490740740741 0.036979166666667 0.050925925925926
10 0.55911458333333 0.1087962962963 0.034895833333333 0.050925925925926
10 0.39114583333333 0.14675925925926 0.034375 0.052777777777778
10 0.67291666666667 0.98888888888889 0.0375 0.02037037037037
10 0.575 0.71018518518519 0.038541666666667 0.044444444444444
10 0.36979166666667 0.5912037037037 0.033333333333333 0.043518518518519
10 0.6515625 0.3287037037037 0.035416666666667 0.051851851851852
10 0.51015625 0.020833333333333 0.031770833333333 0.037962962962963
10 0.44036458333333 0.078703703703704 0.047395833333333 0.057407407407407
10 0.50104166666667 0.35925925925926 0.0375 0.053703703703704
10 0.36848958333333 0.51574074074074 0.14635416666667 0.18333333333333
10 0.38854166666667 0.36759259259259 0.10416666666667 0.13888888888889
10 0.30546875 0.44027777777778 0.0484375 0.063888888888889
10 0.51692708333333 0.052777777777778 0.050520833333333 0.066666666666667
10 0.421875 0.16851851851852 0.033333333333333 0.051851851851852
10 0.54270833333333 0.35462962962963 0.033333333333333 0.046296296296296
10 0.4609375 0.32407407407407 0.0375 0.05
10 0.74348958333333 0.34583333333333 0.033854166666667 0.047222222222222
10 0.67109375 0.4662037037037 0.065104166666667 0.082407407407407
10 0.1421875 0.88611111111111 0.035416666666667 0.046296296296296
10 0.16953125 0.65 0.0859375 0.11666666666667
10 0.63307291666667 0.14166666666667 0.0359375 0.051851851851852
10 0.57682291666667 0.033333333333333 0.031770833333333 0.044444444444444
10 0.56015625 0.53564814814815 0.052604166666667 0.073148148148148
10 0.59244791666667 0.76527777777778 0.13489583333333 0.1787037037037
10 0.77317708333333 0.525 0.091145833333333 0.12407407407407
10 0.67682291666667 0.13055555555556 0.031770833333333 0.048148148148148
10 0.56145833333333 0.055555555555556 0.033333333333333 0.046296296296296
10 0.77369791666667 0.49166666666667 0.033854166666667 0.044444444444444
10 0.75546875 0.41342592592593 0.0296875 0.039814814814815
10 0.41171875 0.056944444444444 0.033854166666667 0.049074074074074
10 0.77369791666667 0.50555555555556 0.047395833333333 0.081481481481481
10 0.71223958333333 0.47777777777778 0.027604166666667 0.037037037037037
10 0.365625 0.076388888888889 0.051041666666667 0.075
10 0.72760416666667 0.5837962962963 0.032291666666667 0.041666666666667
10 0.57838541666667 0.71805555555556 0.0609375 0.063888888888889
10 0.48229166666667 0.099537037037037 0.027083333333333 0.039814814814815
10 0.89270833333333 0.85277777777778 0.039583333333333 0.053703703703704
10 0.08984375 0.5337962962963 0.034895833333333 0.056481481481481
10 0.22916666666667 0.25833333333333 0.036458333333333 0.051851851851852
10 0.16640625 0.4462962962963 0.0859375 0.13333333333333
10 0.5296875 0.31342592592593 0.041666666666667 0.060185185185185
10 0.46536458333333 0.20925925925926 0.036979166666667 0.059259259259259
10 0.5390625 0.22962962962963 0.051041666666667 0.062962962962963
10 0.10520833333333 0.43657407407407 0.034375 0.049074074074074
10 0.159375 0.14722222222222 0.067708333333333 0.12222222222222
10 0.19713541666667 0.72546296296296 0.038020833333333 0.04537037037037
10 0.67994791666667 0.60601851851852 0.0359375 0.043518518518519
10 0.87395833333333 0.91759259259259 0.033333333333333 0.042592592592593
10 0.80260416666667 0.73796296296296 0.11145833333333 0.12962962962963
10 0.17005208333333 0.46018518518519 0.061979166666667 0.083333333333333
10 0.10859375 0.80231481481481 0.1046875 0.1287037037037