11 0.64166666666667 0.41435185185185 0.125 0.21759259259259
11 0.659375 0.91851851851852 0.092708333333333 0.15
11 0.94895833333333 0.18842592592593 0.091666666666667 0.13981481481481
11 0.58125 0.095833333333333 0.069791666666667 0.11574074074074
11 0.87604166666667 0.055555555555556 0.067708333333333 0.11111111111111
11 0.56848958333333 0.4287037037037 0.058854166666667 0.088888888888889
11 0.65651041666667 0.029166666666667 0.088020833333333 0.058333333333333
11 0.59010416666667 0.63194444444444 0.059375 0.082407407407407
11 0.55807291666667 0.96805555555556 0.0484375 0.062037037037037
11 0.55078125 0.18888888888889 0.038020833333333 0.072222222222222
11 0.65052083333333 0.33703703703704 0.04375 0.068518518518519
11 0.65390625 0.36435185185185 0.043229166666667 0.071296296296296
11 0.64166666666667 0.18611111111111 0.041666666666667 0.061111111111111
11 0.63385416666667 0.67824074074074 0.038541666666667 0.058333333333333
11 0.59973958333333 0.54722222222222 0.041145833333333 0.062962962962963
11 0.46614583333333 0.45046296296296 0.038541666666667 0.056481481481481
11 0.63125 0.50416666666667 0.039583333333333 0.05462962962963
11 0.24895833333333 0.65185185185185 0.039583333333333 0.057407407407407
11 0.49817708333333 0.52685185185185 0.038020833333333 0.055555555555556
11 0.65052083333333 0.68240740740741 0.036458333333333 0.057407407407407
11 0.57526041666667 0.1837962962963 0.0390625 0.052777777777778
11 0.58723958333333 0.26851851851852 0.034895833333333 0.057407407407407
11 0.60078125 0.10694444444444 0.033854166666667 0.05462962962963
11 0.69166666666667 0.28194444444444 0.035416666666667 0.056481481481481
11 0.60677083333333 0.61759259259259 0.035416666666667 0.051851851851852
11 0.59817708333333 0.18148148148148 0.0390625 0.044444444444444
11 0.55989583333333 0.81574074074074 0.035416666666667 0.048148148148148
11 0.61927083333333 0.56342592592593 0.033333333333333 0.049074074074074
11 0.44166666666667 0.65462962962963 0.035416666666667 0.05
11 0.54401041666667 0.45601851851852 0.033854166666667 0.050925925925926
11 0.64817708333333 0.61805555555556 0.0328125 0.049074074074074
11 0.57838541666667 0.2587962962963 0.031770833333333 0.049074074074074
11 0.45494791666667 0.68703703703704 0.0328125 0.046296296296296
11 0.55416666666667 0.41064814814815 0.03125 0.049074074074074
11 0.40286458333333 0.55138888888889 0.0328125 0.047222222222222
11 0.52317708333333 0.43518518518519 0.031770833333333 0.048148148148148
11 0.60104166666667 0.37777777777778 0.030208333333333 0.048148148148148
11 0.74505208333333 0.37916666666667 0.030729166666667 0.047222222222222
11 0.65703125 0.58333333333333 0.030729166666667 0.044444444444444
11 0.64348958333333 0.54861111111111 0.0296875 0.04537037037037
11 0.74921875 0.71898148148148 0.031770833333333 0.04537037037037
11 0.8140625 0.02037037037037 0.035416666666667 0.038888888888889
11 0.59505208333333 0.27685185185185 0.028645833333333 0.044444444444444
11 0.28984375 0.55416666666667 0.0296875 0.041666666666667
11 0.75494791666667 0.58518518518519 0.030729166666667 0.042592592592593
11 0.5671875 0.34814814814815 0.028125 0.044444444444444
11 0.67473958333333 0.58425925925926 0.027604166666667 0.042592592592593
11 0.71822916666667 0.24166666666667 0.028125 0.042592592592593
11 0.63671875 0.73148148148148 0.028645833333333 0.040740740740741
11 0.2375 0.48703703703704 0.028125 0.040740740740741
11 0.58619791666667 0.18055555555556 0.0265625 0.042592592592593
11 0.21223958333333 0.42916666666667 0.025520833333333 0.039814814814815
11 0.39817708333333 0.48240740740741 0.027604166666667 0.040740740740741
11 0.29453125 0.34351851851852 0.0265625 0.038888888888889
11 0.72083333333333 0.71851851851852 0.026041666666667 0.037037037037037
11 0.55026041666667 0.23148148148148 0.024479166666667 0.037037037037037
11 0.49479166666667 0.45694444444444 0.023958333333333 0.034259259259259