11 0.609375 0.42986111111111 0.2921875 0.30972222222222
11 0.59140625 0.20277777777778 0.2234375 0.24722222222222
11 0.63984375 0.78958333333333 0.1515625 0.29583333333333
11 0.081640625 0.475 0.12265625 0.16944444444444
11 0.421484375 0.87361111111111 0.11640625 0.15277777777778
11 0.0875 0.16388888888889 0.1125 0.18055555555556
11 0.864453125 0.21597222222222 0.10546875 0.20694444444444
11 0.325390625 0.1375 0.10390625 0.15833333333333
11 0.211328125 0.50277777777778 0.10390625 0.15555555555556
11 0.28125 0.27013888888889 0.0953125 0.15138888888889
11 0.71796875 0.36111111111111 0.0765625 0.11388888888889
11 0.68203125 0.065972222222222 0.0921875 0.12916666666667
11 0.3375 0.95208333333333 0.084375 0.093055555555556
11 0.795703125 0.043055555555556 0.08828125 0.086111111111111
11 0.90703125 0.079861111111111 0.071875 0.10416666666667
11 0.5109375 0.96041666666667 0.0875 0.076388888888889
11 0.718359375 0.56527777777778 0.06328125 0.091666666666667
11 0.612109375 0.96597222222222 0.08359375 0.068055555555556