10 0.42760416666667 0.19675925925926 0.05 0.069444444444444
10 0.31979166666667 0.22037037037037 0.042708333333333 0.055555555555556
10 0.1234375 0.30046296296296 0.090625 0.13240740740741
10 0.2953125 0.50416666666667 0.082291666666667 0.089814814814815
10 0.69192708333333 0.21388888888889 0.094270833333333 0.12037037037037
10 0.55677083333333 0.099074074074074 0.067708333333333 0.096296296296296
10 0.81458333333333 0.55185185185185 0.047916666666667 0.061111111111111
10 0.68333333333333 0.033333333333333 0.073958333333333 0.066666666666667
10 0.79947916666667 0.09212962962963 0.0875 0.13611111111111
10 0.51848958333333 0.63981481481481 0.1796875 0.20740740740741
10 0.46510416666667 0.27638888888889 0.059375 0.073148148148148
10 0.66744791666667 0.36435185185185 0.088020833333333 0.10833333333333
10 0.23359375 0.38564814814815 0.11927083333333 0.12685185185185
10 0.022135416666667 0.056944444444444 0.0421875 0.097222222222222
10 0.59114583333333 0.27685185185185 0.0625 0.07962962962963
10 0.15026041666667 0.4212962962963 0.0640625 0.074074074074074
10 0.80078125 0.23796296296296 0.056770833333333 0.072222222222222
10 0.92682291666667 0.3162037037037 0.0546875 0.086111111111111
10 0.79739583333333 0.15 0.06875 0.1
10 0.0484375 0.16805555555556 0.054166666666667 0.073148148148148
10 0.28072916666667 0.051851851851852 0.070833333333333 0.098148148148148
10 0.92083333333333 0.18240740740741 0.05 0.072222222222222
10 0.2515625 0.22083333333333 0.052083333333333 0.063888888888889
10 0.63958333333333 0.52083333333333 0.066666666666667 0.075
10 0.50963541666667 0.32731481481481 0.0609375 0.069444444444444
10 0.63697916666667 0.43518518518519 0.085416666666667 0.096296296296296
10 0.3953125 0.5287037037037 0.094791666666667 0.1
10 0.027083333333333 0.29074074074074 0.051041666666667 0.077777777777778
10 0.45182291666667 0.525 0.050520833333333 0.057407407407407
10 0.55807291666667 0.4462962962963 0.11197916666667 0.12222222222222
10 0.38541666666667 0.12546296296296 0.060416666666667 0.091666666666667
10 0.89088541666667 0.39444444444444 0.086979166666667 0.12222222222222
10 0.40208333333333 0.048611111111111 0.06875 0.093518518518519
10 0.87473958333333 0.65138888888889 0.046354166666667 0.067592592592593
10 0.45130208333333 0.070833333333333 0.071354166666667 0.099074074074074
10 0.35546875 0.25694444444444 0.055729166666667 0.073148148148148
10 0.23359375 0.097685185185185 0.049479166666667 0.062037037037037
10 0.11588541666667 0.043518518518519 0.13697916666667 0.087037037037037
10 0.571875 0.065740740740741 0.082291666666667 0.12962962962963
10 0.85755208333333 0.43287037037037 0.074479166666667 0.10648148148148