10 0.7515625 0.29537037037037 0.063541666666667 0.098148148148148
10 0.55390625 0.47638888888889 0.044270833333333 0.071296296296296
10 0.10130208333333 0.58888888888889 0.030729166666667 0.042592592592593
10 0.018229166666667 0.75925925925926 0.034375 0.057407407407407
10 0.72005208333333 0.71203703703704 0.0421875 0.057407407407407
10 0.45963541666667 0.38657407407407 0.0421875 0.056481481481481
10 0.42239583333333 0.68842592592593 0.016666666666667 0.023148148148148
10 0.62578125 0.76296296296296 0.0328125 0.044444444444444
10 0.82473958333333 0.29583333333333 0.046354166666667 0.073148148148148
10 0.10390625 0.84027777777778 0.034895833333333 0.050925925925926
10 0.51119791666667 0.34212962962963 0.050520833333333 0.065740740740741
10 0.49114583333333 0.43564814814815 0.034375 0.052777777777778
10 0.3421875 0.92962962962963 0.035416666666667 0.048148148148148
10 0.87057291666667 0.094444444444444 0.0515625 0.07962962962963
10 0.52916666666667 0.98703703703704 0.030208333333333 0.027777777777778
10 0.53984375 0.32361111111111 0.044270833333333 0.065740740740741
10 0.74192708333333 0.16018518518519 0.043229166666667 0.062962962962963
10 0.6078125 0.48287037037037 0.077083333333333 0.10462962962963
10 0.55859375 0.95138888888889 0.053645833333333 0.075
10 0.55859375 0.58657407407407 0.0421875 0.060185185185185
10 0.5953125 0.71805555555556 0.0375 0.05462962962963
10 0.51848958333333 0.84907407407407 0.038020833333333 0.053703703703704
10 0.47083333333333 0.63194444444444 0.12604166666667 0.175
10 0.29479166666667 0.81851851851852 0.03125 0.042592592592593
10 0.12942708333333 0.90324074074074 0.034895833333333 0.049074074074074
10 0.50625 0.70972222222222 0.054166666666667 0.076851851851852
10 0.49010416666667 0.7587962962963 0.044791666666667 0.065740740740741
10 0.2109375 0.82916666666667 0.034375 0.049074074074074
10 0.53802083333333 0.74768518518519 0.042708333333333 0.063888888888889
10 0.26484375 0.81851851851852 0.031770833333333 0.044444444444444
10 0.63541666666667 0.68981481481481 0.048958333333333 0.064814814814815
10 0.22265625 0.78009259259259 0.034895833333333 0.047222222222222
10 0.49635416666667 0.89861111111111 0.038541666666667 0.052777777777778
10 0.31901041666667 0.98240740740741 0.027604166666667 0.035185185185185
10 0.3578125 0.040277777777778 0.069791666666667 0.080555555555556
10 0.50859375 0.47546296296296 0.036979166666667 0.052777777777778
10 0.52916666666667 0.93657407407407 0.038541666666667 0.052777777777778
10 0.54088541666667 0.12453703703704 0.056770833333333 0.080555555555556
10 0.49869791666667 0.51111111111111 0.0296875 0.040740740740741
10 0.45416666666667 0.81203703703704 0.028125 0.038888888888889
10 0.35677083333333 0.90555555555556 0.032291666666667 0.044444444444444
10 0.032291666666667 0.73703703703704 0.034375 0.053703703703704
10 0.6265625 0.95833333333333 0.086458333333333 0.085185185185185
10 0.39739583333333 0.81990740740741 0.05625 0.076851851851852
10 0.56822916666667 0.71898148148148 0.035416666666667 0.05462962962963
10 0.55989583333333 0.2587962962963 0.047916666666667 0.069444444444444
10 0.35208333333333 0.97083333333333 0.042708333333333 0.058333333333333
10 0.43385416666667 0.64861111111111 0.061458333333333 0.082407407407407
10 0.43333333333333 0.42546296296296 0.046875 0.065740740740741
10 0.49895833333333 0.26388888888889 0.066666666666667 0.083333333333333
10 0.3046875 0.94490740740741 0.029166666666667 0.041666666666667
10 0.89479166666667 0.53518518518519 0.109375 0.14259259259259
10 0.6 0.64351851851852 0.0625 0.096296296296296
10 0.57265625 0.44768518518519 0.031770833333333 0.043518518518519
10 0.086979166666667 0.73055555555556 0.030208333333333 0.046296296296296
10 0.7125 0.036111111111111 0.085416666666667 0.072222222222222
10 0.5796875 0.27083333333333 0.035416666666667 0.052777777777778