11 0.53984375 0.68472222222222 0.0953125 0.15
11 0.653515625 0.18611111111111 0.09296875 0.13611111111111
11 0.62109375 0.9125 0.090625 0.13888888888889
11 0.544921875 0.78958333333333 0.08984375 0.12361111111111
11 0.41171875 0.46180555555556 0.0671875 0.10972222222222
11 0.7546875 0.059027777777778 0.075 0.10694444444444
11 0.581640625 0.39652777777778 0.06015625 0.098611111111111
11 0.229296875 0.30347222222222 0.06328125 0.093055555555556
11 0.5125 0.18819444444444 0.0625 0.093055555555556
11 0.66640625 0.79027777777778 0.059375 0.088888888888889
11 0.490234375 0.49791666666667 0.05390625 0.084722222222222
11 0.5515625 0.55833333333333 0.0546875 0.083333333333333
11 0.9171875 0.14652777777778 0.0546875 0.081944444444444
11 0.548046875 0.6375 0.05390625 0.075
11 0.573046875 0.78541666666667 0.04765625 0.084722222222222
11 0.287109375 0.53194444444444 0.05234375 0.075
11 0.46171875 0.22569444444444 0.05 0.076388888888889
11 0.61171875 0.80416666666667 0.0484375 0.077777777777778
11 0.821875 0.78125 0.0453125 0.081944444444444
11 0.875 0.83680555555556 0.0484375 0.073611111111111
11 0.3625 0.78541666666667 0.0515625 0.068055555555556
11 0.6234375 0.22361111111111 0.0484375 0.072222222222222
11 0.782421875 0.50486111111111 0.04765625 0.070833333333333
11 0.309375 0.24583333333333 0.04375 0.075
11 0.2484375 0.77013888888889 0.0453125 0.070833333333333
11 0.55234375 0.92430555555556 0.0453125 0.070833333333333
11 0.533984375 0.21666666666667 0.04609375 0.069444444444444
11 0.303515625 0.7125 0.04453125 0.069444444444444
11 0.45390625 0.39513888888889 0.046875 0.065277777777778
11 0.83984375 0.66111111111111 0.0453125 0.066666666666667
11 0.824609375 0.29305555555556 0.04453125 0.066666666666667
11 0.575390625 0.69305555555556 0.04140625 0.069444444444444
11 0.66328125 0.66875 0.0421875 0.068055555555556
11 0.689453125 0.31388888888889 0.04140625 0.066666666666667
11 0.904296875 0.64861111111111 0.04140625 0.066666666666667
11 0.383984375 0.44444444444444 0.04140625 0.066666666666667
11 0.209375 0.23958333333333 0.0421875 0.065277777777778
11 0.8140625 0.48680555555556 0.0421875 0.065277777777778
11 0.646875 0.3125 0.0421875 0.063888888888889
11 0.587890625 0.63263888888889 0.04296875 0.0625
11 0.979296875 0.64166666666667 0.03828125 0.069444444444444
11 0.933203125 0.84513888888889 0.03828125 0.065277777777778
11 0.3453125 0.15694444444444 0.040625 0.061111111111111
11 0.397265625 0.94236111111111 0.04140625 0.059722222222222
11 0.664453125 0.53541666666667 0.04140625 0.059722222222222
11 0.4234375 0.027083333333333 0.0453125 0.054166666666667
11 0.601171875 0.48333333333333 0.03828125 0.061111111111111
11 0.815625 0.42708333333333 0.0390625 0.059722222222222
11 0.6921875 0.18263888888889 0.0390625 0.059722222222222
11 0.720703125 0.10833333333333 0.03984375 0.058333333333333
11 0.295703125 0.30972222222222 0.03984375 0.058333333333333
11 0.910546875 0.78680555555556 0.03828125 0.059722222222222
11 0.6984375 0.80069444444444 0.0375 0.059722222222222
11 0.1453125 0.96458333333333 0.0390625 0.056944444444444
11 0.940625 0.63541666666667 0.0390625 0.056944444444444
11 0.501953125 0.29861111111111 0.03984375 0.055555555555556
11 0.858984375 0.79097222222222 0.03671875 0.059722222222222
11 0.652734375 0.47569444444444 0.03828125 0.056944444444444
11 0.43203125 0.52152777777778 0.040625 0.054166666666667
11 0.558984375 0.89930555555556 0.03828125 0.056944444444444
11 0.711328125 0.25625 0.03671875 0.056944444444444
11 0.771875 0.66041666666667 0.0375 0.056944444444444
11 0.617578125 0.7125 0.03515625 0.058333333333333
11 0.66953125 0.84027777777778 0.0375 0.055555555555556
11 0.682421875 0.24166666666667 0.03671875 0.055555555555556
11 0.307421875 0.22569444444444 0.03515625 0.056944444444444
11 0.48125 0.62777777777778 0.0359375 0.055555555555556
11 0.40546875 0.61111111111111 0.0359375 0.055555555555556
11 0.230078125 0.37291666666667 0.03671875 0.054166666666667
11 0.455078125 0.66597222222222 0.03671875 0.054166666666667
11 0.3375 0.98055555555556 0.046875 0.041666666666667
11 0.233984375 0.41111111111111 0.03671875 0.052777777777778
11 0.060546875 0.74305555555556 0.03671875 0.052777777777778
11 0.590234375 0.4125 0.03671875 0.052777777777778
11 0.41640625 0.65277777777778 0.034375 0.055555555555556
11 0.908203125 0.97777777777778 0.04296875 0.044444444444444
11 0.745703125 0.59097222222222 0.03515625 0.054166666666667
11 0.8109375 0.69861111111111 0.0359375 0.052777777777778
11 0.34375 0.90069444444444 0.034375 0.054166666666667
11 0.38359375 0.88263888888889 0.0359375 0.051388888888889
11 0.48515625 0.85694444444444 0.0359375 0.05
11 0.156640625 0.45763888888889 0.03359375 0.054166666666667
11 0.372265625 0.56805555555556 0.03359375 0.052777777777778
11 0.38203125 0.66597222222222 0.034375 0.051388888888889
11 0.30859375 0.87569444444444 0.0359375 0.048611111111111
11 0.680078125 0.61458333333333 0.03359375 0.051388888888889
11 0.131640625 0.79930555555556 0.03359375 0.051388888888889
11 0.14765625 0.38472222222222 0.034375 0.05
11 0.1609375 0.40902777777778 0.0328125 0.051388888888889
11 0.2953125 0.92638888888889 0.0328125 0.05
11 0.473828125 0.48055555555556 0.03203125 0.05
11 0.059375 0.63333333333333 0.0328125 0.047222222222222
11 0.106640625 0.92013888888889 0.03359375 0.045833333333333
11 0.558984375 0.42083333333333 0.03203125 0.047222222222222
11 0.091015625 0.76527777777778 0.03046875 0.044444444444444
11 0.169140625 0.59305555555556 0.03046875 0.044444444444444
11 0.119140625 0.83055555555556 0.02734375 0.044444444444444
11 0.010546875 0.66180555555556 0.02109375 0.0625
11 0.34375 0.72847222222222 0.028125 0.043055555555556
11 0.297265625 0.97291666666667 0.02734375 0.0375