11 0.114453125 0.23888888888889 0.14140625 0.20833333333333
11 0.3609375 0.34375 0.2015625 0.30138888888889
11 0.24453125 0.21944444444444 0.146875 0.23333333333333
11 0.412890625 0.16041666666667 0.13359375 0.20138888888889
11 0.93203125 0.043055555555556 0.1421875 0.086111111111111
11 0.5734375 0.27708333333333 0.1578125 0.24305555555556
11 0.9453125 0.43611111111111 0.1078125 0.23055555555556
11 0.48046875 0.53541666666667 0.08125 0.13194444444444
11 0.054296875 0.34236111111111 0.09921875 0.1625
11 0.612890625 0.59722222222222 0.16796875 0.25277777777778
11 0.31015625 0.51805555555556 0.190625 0.32222222222222
11 0.7640625 0.28888888888889 0.246875 0.44722222222222