10 0.721484375 0.17847222222222 0.12265625 0.1375
10 0.841015625 0.24791666666667 0.05703125 0.079166666666667
10 0.5515625 0.20486111111111 0.0890625 0.12638888888889
10 0.688671875 0.025694444444444 0.06328125 0.051388888888889
10 0.4390625 0.20555555555556 0.090625 0.11944444444444
10 0.524609375 0.90208333333333 0.15546875 0.1875
10 0.206640625 0.62638888888889 0.08984375 0.14166666666667
10 0.659765625 0.12638888888889 0.06640625 0.10277777777778
10 0.3390625 0.073611111111111 0.0890625 0.12777777777778
10 0.63046875 0.66319444444444 0.0578125 0.079166666666667
10 0.759375 0.48402777777778 0.2125 0.32638888888889
10 0.864453125 0.17638888888889 0.06015625 0.088888888888889
10 0.76796875 0.078472222222222 0.0609375 0.090277777777778