10 0.6328125 0.48125 0.0296875 0.034722222222222
10 0.833203125 0.67777777777778 0.02109375 0.027777777777778
10 0.825 0.81527777777778 0.021875 0.027777777777778
10 0.893359375 0.27361111111111 0.21015625 0.21944444444444
10 0.519921875 0.58263888888889 0.36171875 0.64305555555556
10 0.709765625 0.59027777777778 0.02265625 0.030555555555556
10 0.81171875 0.70486111111111 0.0203125 0.026388888888889
10 0.75234375 0.65625 0.0234375 0.031944444444444
10 0.669140625 0.53611111111111 0.02734375 0.041666666666667
10 0.737109375 0.39652777777778 0.45390625 0.64583333333333
10 0.855078125 0.75486111111111 0.02421875 0.031944444444444
10 0.727734375 0.55 0.01953125 0.022222222222222
10 0.7546875 0.57291666666667 0.021875 0.029166666666667
10 0.778515625 0.71597222222222 0.01796875 0.023611111111111