11 0.59426229508197 0.089583333333333 0.040983606557377 0.0375
11 0.54215456674473 0.25416666666667 0.042154566744731 0.0375
11 0.46135831381733 0.14166666666667 0.05152224824356 0.054166666666667
11 0.2324355971897 0.38125 0.050351288056206 0.0625
11 0.55620608899297 0.01875 0.039812646370023 0.0375
11 0.21896955503513 0.039583333333333 0.032786885245902 0.041666666666667
11 0.33548009367681 0.409375 0.03864168618267 0.039583333333333
11 0.63583138173302 0.53854166666667 0.079625292740047 0.077083333333333
11 0.64519906323185 0.384375 0.060889929742389 0.05625
11 0.29566744730679 0.21875 0.040983606557377 0.054166666666667
11 0.3384074941452 0.43958333333333 0.046838407494145 0.05
11 0.05327868852459 0.34375 0.043325526932084 0.054166666666667
11 0.2324355971897 0.46354166666667 0.062060889929742 0.08125
11 0.51580796252927 0.36354166666667 0.050351288056206 0.052083333333333
11 0.51405152224824 0.06875 0.046838407494145 0.045833333333333
11 0.45843091334895 0.083333333333333 0.050351288056206 0.05
11 0.26405152224824 0.36979166666667 0.043325526932084 0.052083333333333
11 0.29274004683841 0.490625 0.065573770491803 0.077083333333333
11 0.40983606557377 0.44791666666667 0.049180327868852 0.045833333333333
11 0.6440281030445 0.18229166666667 0.044496487119438 0.04375
11 0.1943793911007 0.62395833333333 0.044496487119438 0.039583333333333
11 0.7019906323185 0.628125 0.059718969555035 0.060416666666667
11 0.596018735363 0.24270833333333 0.053864168618267 0.05625
11 0.45081967213115 0.46770833333333 0.088992974238876 0.089583333333333
11 0.2675644028103 0.55 0.055035128805621 0.054166666666667
11 0.068501170960187 0.4125 0.040983606557377 0.054166666666667