10 0.56145833333333 0.84907407407407 0.088541666666667 0.12222222222222
10 0.98645833333333 0.1037037037037 0.026041666666667 0.07037037037037
10 0.83359375 0.43796296296296 0.0328125 0.048148148148148
10 0.81276041666667 0.81990740740741 0.059895833333333 0.078703703703704
10 0.88828125 0.44907407407407 0.0359375 0.05
10 0.33151041666667 0.51157407407407 0.049479166666667 0.065740740740741
10 0.36822916666667 0.47453703703704 0.036458333333333 0.05462962962963
10 0.95520833333333 0.58888888888889 0.088541666666667 0.12037037037037
10 0.69192708333333 0.52824074074074 0.034895833333333 0.041666666666667
10 0.72864583333333 0.087037037037037 0.041666666666667 0.053703703703704
10 0.70026041666667 0.14768518518519 0.074479166666667 0.11203703703704
10 0.62526041666667 0.57824074074074 0.0359375 0.049074074074074