10 0.4115925058548 0.084375 0.11592505854801 0.13125
10 0.42798594847775 0.30416666666667 0.10889929742389 0.13333333333333
10 0.41276346604215 0.196875 0.062060889929742 0.072916666666667
10 0.2980093676815 0.061458333333333 0.078454332552693 0.09375
10 0.55913348946136 0.27291666666667 0.41100702576112 0.5
10 0.2324355971897 0.22395833333333 0.055035128805621 0.072916666666667
10 0.11943793911007 0.086458333333333 0.049180327868852 0.064583333333333
10 0.58255269320843 0.034375 0.10889929742389 0.06875
6 0.97658079625293 0.020833333333333 0.042154566744731 0.041666666666667
10 0.41217798594848 0.196875 0.065573770491803 0.077083333333333
10 0.29625292740047 0.060416666666667 0.074941451990632 0.1
10 0.12002341920375 0.084375 0.055035128805621 0.064583333333333
10 0.97423887587822 0.01875 0.049180327868852 0.0375
10 0.23360655737705 0.22395833333333 0.057377049180328 0.077083333333333