10 0.58671875 0.69444444444444 0.09375 0.15833333333333
10 0.640234375 0.90902777777778 0.10234375 0.14305555555556
10 0.1765625 0.24236111111111 0.09375 0.14027777777778
10 0.884375 0.78611111111111 0.075 0.10555555555556
10 0.551171875 0.31388888888889 0.06796875 0.1
10 0.86171875 0.22777777777778 0.075 0.11944444444444
10 0.4109375 0.44583333333333 0.0625 0.10555555555556
10 0.956640625 0.5875 0.06953125 0.094444444444444
10 0.7125 0.75416666666667 0.0671875 0.097222222222222
10 0.639453125 0.58125 0.08203125 0.073611111111111
10 0.6515625 0.66597222222222 0.0671875 0.081944444444444
10 0.55546875 0.64583333333333 0.0640625 0.097222222222222
10 0.840234375 0.72222222222222 0.05546875 0.091666666666667
10 0.476171875 0.65486111111111 0.05859375 0.090277777777778
10 0.556640625 0.038194444444444 0.06640625 0.076388888888889
10 0.692578125 0.44375 0.05859375 0.079166666666667
10 0.56171875 0.80277777777778 0.0546875 0.075
10 0.87421875 0.21319444444444 0.053125 0.076388888888889
10 0.58046875 0.38263888888889 0.0578125 0.076388888888889
10 0.780078125 0.45763888888889 0.05234375 0.076388888888889
10 0.830078125 0.35486111111111 0.05234375 0.076388888888889
10 0.665625 0.58263888888889 0.053125 0.073611111111111
10 0.9171875 0.5125 0.05 0.069444444444444
10 0.61640625 0.5375 0.05 0.069444444444444
10 0.709375 0.22013888888889 0.053125 0.073611111111111
10 0.472265625 0.36736111111111 0.04609375 0.073611111111111
10 0.6140625 0.58402777777778 0.05 0.068055555555556
10 0.11328125 0.41319444444444 0.05 0.070833333333333
10 0.2109375 0.775 0.05 0.066666666666667
10 0.6796875 0.20625 0.0484375 0.068055555555556
10 0.9453125 0.72847222222222 0.046875 0.065277777777778
10 0.101953125 0.95763888888889 0.04453125 0.068055555555556
10 0.85 0.53194444444444 0.046875 0.066666666666667
10 0.6140625 0.09375 0.0453125 0.065277777777778
10 0.084375 0.8625 0.0421875 0.069444444444444
10 0.846875 0.26527777777778 0.04375 0.066666666666667
10 0.3140625 0.14097222222222 0.0453125 0.0625
10 0.517578125 0.53402777777778 0.04453125 0.065277777777778
10 0.283984375 0.21597222222222 0.04296875 0.065277777777778
10 0.86328125 0.725 0.0421875 0.063888888888889
10 0.6484375 0.85972222222222 0.04375 0.061111111111111
10 0.98671875 0.9125 0.0265625 0.097222222222222
10 0.62890625 0.38472222222222 0.040625 0.063888888888889
10 0.7390625 0.5375 0.0421875 0.061111111111111
10 0.504296875 0.45138888888889 0.04140625 0.061111111111111
10 0.55078125 0.55069444444444 0.040625 0.0625
10 0.665234375 0.79375 0.03984375 0.059722222222222
10 0.40703125 0.53194444444444 0.040625 0.058333333333333
10 0.12890625 0.60555555555556 0.0390625 0.061111111111111
10 0.376953125 0.39583333333333 0.03984375 0.058333333333333
10 0.2765625 0.55069444444444 0.0390625 0.059722222222222
10 0.280859375 0.34027777777778 0.03984375 0.058333333333333
10 0.452734375 0.96527777777778 0.04140625 0.055555555555556
10 0.607421875 0.71319444444444 0.03828125 0.059722222222222
10 0.76484375 0.57222222222222 0.0390625 0.058333333333333
10 0.60390625 0.77777777777778 0.040625 0.055555555555556
10 0.0765625 0.84722222222222 0.040625 0.055555555555556
10 0.01875 0.81180555555556 0.0359375 0.0625
10 0.521484375 0.10208333333333 0.04140625 0.054166666666667
10 0.9421875 0.81111111111111 0.0390625 0.055555555555556
10 0.75 0.71875 0.0390625 0.056944444444444
10 0.5828125 0.78055555555556 0.0390625 0.055555555555556
10 0.376171875 0.95 0.03828125 0.055555555555556
10 0.393359375 0.79722222222222 0.03828125 0.055555555555556
10 0.417578125 0.62777777777778 0.03828125 0.055555555555556
10 0.565234375 0.62638888888889 0.03828125 0.055555555555556
10 0.4671875 0.22916666666667 0.0375 0.055555555555556
10 0.496875 0.54305555555556 0.0375 0.055555555555556
10 0.318359375 0.61458333333333 0.03828125 0.054166666666667
10 0.354296875 0.61805555555556 0.03828125 0.052777777777778
10 0.0171875 0.67083333333333 0.034375 0.058333333333333
10 0.727734375 0.10347222222222 0.03671875 0.054166666666667
10 0.46484375 0.67222222222222 0.0359375 0.055555555555556
10 0.6484375 0.76458333333333 0.0359375 0.054166666666667
10 0.56953125 0.91458333333333 0.0359375 0.054166666666667
10 0.678515625 0.92916666666667 0.03828125 0.05
10 0.3828125 0.60416666666667 0.034375 0.055555555555556
10 0.3640625 0.83194444444444 0.0359375 0.052777777777778
10 0.5109375 0.85694444444444 0.0375 0.05
10 0.873046875 0.60972222222222 0.03671875 0.05
10 0.870703125 0.77013888888889 0.03515625 0.051388888888889
10 0.70625 0.97638888888889 0.040625 0.044444444444444
10 0.291015625 0.88263888888889 0.03671875 0.048611111111111
10 0.441796875 0.60972222222222 0.03515625 0.05
10 0.25390625 0.18194444444444 0.034375 0.05
10 0.11171875 0.83819444444444 0.0359375 0.048611111111111
10 0.43828125 0.47638888888889 0.034375 0.05
10 0.311328125 0.78472222222222 0.03359375 0.05
10 0.575 0.87291666666667 0.034375 0.048611111111111
10 0.707421875 0.79027777777778 0.03515625 0.047222222222222
10 0.417578125 0.16805555555556 0.03515625 0.047222222222222
10 0.613671875 0.74791666666667 0.03359375 0.048611111111111
10 0.091796875 0.87986111111111 0.03203125 0.048611111111111
10 0.178125 0.40833333333333 0.0328125 0.047222222222222
10 0.356640625 0.69861111111111 0.03203125 0.047222222222222
10 0.40546875 0.65833333333333 0.03125 0.044444444444444
10 0.393359375 0.90277777777778 0.03046875 0.044444444444444
10 0.332421875 0.9875 0.03671875 0.025
10 0.309375 0.98333333333333 0.0359375 0.033333333333333