10 0.0265625 0.17777777777778 0.0484375 0.10833333333333
10 0.112890625 0.26805555555556 0.06015625 0.080555555555556
10 0.2140625 0.40833333333333 0.0546875 0.075
10 0.14765625 0.27847222222222 0.08125 0.1125
10 0.284765625 0.41319444444444 0.06015625 0.076388888888889
10 0.03671875 0.15416666666667 0.0625 0.086111111111111
10 0.076953125 0.20416666666667 0.09765625 0.11388888888889
10 0.025390625 0.34861111111111 0.05078125 0.13055555555556
10 0.301953125 0.17847222222222 0.06953125 0.098611111111111
10 0.908984375 0.22361111111111 0.18203125 0.29166666666667
10 0.015625 0.09375 0.03125 0.084722222222222
10 0.236328125 0.22430555555556 0.11171875 0.1375
10 0.198828125 0.27430555555556 0.09453125 0.11527777777778
10 0.379296875 0.54375 0.23515625 0.30138888888889
10 0.24921875 0.45138888888889 0.0625 0.083333333333333
10 0.015625 0.2 0.03125 0.086111111111111