10 0.80078125 0.83263888888889 0.0328125 0.040277777777778
10 0.62421875 0.54027777777778 0.05 0.058333333333333
6 0.66796875 0.80277777777778 0.0296875 0.036111111111111
10 0.722265625 0.84652777777778 0.04765625 0.0625
10 0.667578125 0.75972222222222 0.06484375 0.088888888888889
6 0.68203125 0.86597222222222 0.03125 0.040277777777778
10 0.580859375 0.77152777777778 0.03359375 0.045833333333333
10 0.537890625 0.72013888888889 0.03515625 0.045833333333333
10 0.58984375 0.47708333333333 0.0359375 0.040277777777778
10 0.712109375 0.72222222222222 0.03359375 0.041666666666667
6 0.69453125 0.66666666666667 0.0359375 0.044444444444444
10 0.61953125 0.61597222222222 0.0359375 0.045833333333333
6 0.7359375 0.92847222222222 0.0453125 0.059722222222222
6 0.733203125 0.73125 0.03359375 0.040277777777778
10 0.585546875 0.64375 0.03984375 0.051388888888889
6 0.716796875 0.89513888888889 0.03046875 0.040277777777778
6 0.695703125 0.77916666666667 0.03046875 0.038888888888889
10 0.55703125 0.825 0.0375 0.047222222222222
6 0.749609375 0.78819444444444 0.03515625 0.043055555555556
10 0.71640625 0.97708333333333 0.040625 0.045833333333333
6 0.63125 0.87430555555556 0.0265625 0.034722222222222
10 0.64296875 0.61111111111111 0.0390625 0.047222222222222
10 0.74453125 0.43333333333333 0.0328125 0.041666666666667
6 0.669921875 0.90138888888889 0.03203125 0.038888888888889
10 0.652734375 0.72222222222222 0.02890625 0.036111111111111
10 0.735546875 0.54583333333333 0.03828125 0.044444444444444
10 0.525390625 0.9 0.03828125 0.044444444444444
6 0.7375 0.87986111111111 0.034375 0.045833333333333
10 0.628515625 0.67638888888889 0.04453125 0.05
6 0.756640625 0.70972222222222 0.03515625 0.041666666666667
6 0.671484375 0.625 0.03515625 0.044444444444444
10 0.67109375 0.7625 0.0671875 0.088888888888889
10 0.70078125 0.85625 0.065625 0.056944444444444
10 0.722265625 0.84652777777778 0.05078125 0.070833333333333
10 0.735546875 0.92916666666667 0.04765625 0.066666666666667
10 0.62421875 0.53888888888889 0.0484375 0.061111111111111
10 0.629296875 0.67708333333333 0.04140625 0.054166666666667
10 0.585546875 0.64166666666667 0.03984375 0.055555555555556
10 0.727734375 0.72847222222222 0.04140625 0.048611111111111
10 0.525390625 0.89930555555556 0.03828125 0.051388888888889
10 0.6421875 0.61111111111111 0.0375 0.05
10 0.670703125 0.70555555555556 0.03671875 0.05
10 0.716796875 0.97847222222222 0.03984375 0.045833333333333
10 0.61953125 0.61666666666667 0.0359375 0.05
10 0.55703125 0.82569444444444 0.0359375 0.048611111111111
10 0.73671875 0.87986111111111 0.0359375 0.048611111111111
10 0.735546875 0.54444444444444 0.03671875 0.047222222222222
10 0.69453125 0.66597222222222 0.034375 0.048611111111111
10 0.75625 0.70902777777778 0.034375 0.048611111111111
10 0.75078125 0.78819444444444 0.0359375 0.045833333333333
10 0.589453125 0.47777777777778 0.03515625 0.047222222222222
10 0.670703125 0.62569444444444 0.03359375 0.048611111111111
10 0.537109375 0.72083333333333 0.03671875 0.044444444444444
10 0.712109375 0.72291666666667 0.03359375 0.045833333333333
10 0.8 0.83194444444444 0.0328125 0.044444444444444
10 0.68125 0.86666666666667 0.03125 0.044444444444444
10 0.74453125 0.43333333333333 0.0328125 0.044444444444444
10 0.580078125 0.77152777777778 0.03203125 0.043055555555556
10 0.66953125 0.90208333333333 0.03125 0.043055555555556
10 0.7171875 0.89652777777778 0.03125 0.043055555555556
10 0.6671875 0.80277777777778 0.03125 0.041666666666667
10 0.652734375 0.72222222222222 0.03046875 0.041666666666667
10 0.694921875 0.77847222222222 0.03046875 0.040277777777778
10 0.631640625 0.87430555555556 0.02734375 0.0375
10 0.76171875 0.74236111111111 0.0265625 0.034722222222222
10 0.67109375 0.65416666666667 0.4015625 0.61666666666667
10 0.72265625 0.84652777777778 0.0453125 0.068055555555556
10 0.672265625 0.76319444444444 0.06171875 0.0875
10 0.7359375 0.92916666666667 0.0453125 0.066666666666667
10 0.62421875 0.53958333333333 0.0453125 0.059722222222222
10 0.673828125 0.88472222222222 0.03203125 0.066666666666667
10 0.584765625 0.64166666666667 0.03984375 0.055555555555556
10 0.525390625 0.89930555555556 0.03671875 0.051388888888889
10 0.629296875 0.67638888888889 0.03984375 0.052777777777778
10 0.642578125 0.61111111111111 0.03671875 0.05
10 0.67109375 0.70555555555556 0.034375 0.052777777777778
10 0.71640625 0.97777777777778 0.0375 0.047222222222222
10 0.735546875 0.54444444444444 0.03515625 0.05
10 0.7375 0.87986111111111 0.034375 0.048611111111111
10 0.712890625 0.72222222222222 0.03515625 0.047222222222222
10 0.756640625 0.70902777777778 0.03359375 0.048611111111111
10 0.58984375 0.47777777777778 0.034375 0.047222222222222
10 0.694140625 0.66666666666667 0.03359375 0.047222222222222
10 0.55703125 0.82638888888889 0.034375 0.047222222222222
10 0.75078125 0.78819444444444 0.034375 0.045833333333333
10 0.619140625 0.61736111111111 0.03203125 0.045833333333333
10 0.537890625 0.72152777777778 0.03359375 0.043055555555556
10 0.732421875 0.73125 0.03359375 0.043055555555556
10 0.800390625 0.83194444444444 0.03203125 0.044444444444444
10 0.580859375 0.77083333333333 0.03203125 0.044444444444444
10 0.671484375 0.62361111111111 0.03203125 0.044444444444444
10 0.66796875 0.80277777777778 0.0328125 0.041666666666667
10 0.717578125 0.89583333333333 0.03046875 0.044444444444444
10 0.744140625 0.43333333333333 0.03046875 0.041666666666667
10 0.66953125 0.90138888888889 0.0296875 0.041666666666667
10 0.69453125 0.77847222222222 0.0296875 0.040277777777778
10 0.652734375 0.72291666666667 0.03046875 0.040277777777778
10 0.63125 0.875 0.0296875 0.038888888888889
10 0.76171875 0.74305555555556 0.0265625 0.036111111111111