10 0.56510416666667 0.61527777777778 0.048958333333333 0.062037037037037
10 0.18723958333333 0.45648148148148 0.047395833333333 0.064814814814815
10 0.28333333333333 0.57175925925926 0.041666666666667 0.071296296296296
10 0.59375 0.42777777777778 0.041666666666667 0.055555555555556
10 0.63072916666667 0.67175925925926 0.0375 0.058333333333333
10 0.11875 0.26666666666667 0.0375 0.053703703703704
10 0.29401041666667 0.68703703703704 0.036979166666667 0.053703703703704
10 0.22994791666667 0.23425925925926 0.041145833333333 0.051851851851852
10 0.45625 0.38842592592593 0.0375 0.052777777777778
10 0.29895833333333 0.25185185185185 0.036458333333333 0.053703703703704
10 0.425 0.28842592592593 0.033333333333333 0.05462962962963
10 0.049739583333333 0.25509259259259 0.036979166666667 0.052777777777778
10 0.3203125 0.27175925925926 0.032291666666667 0.050925925925926
10 0.56354166666667 0.51388888888889 0.034375 0.048148148148148
10 0.93854166666667 0.73842592592593 0.033333333333333 0.049074074074074
10 0.24583333333333 0.54814814814815 0.036458333333333 0.044444444444444
10 0.39244791666667 0.27222222222222 0.034895833333333 0.046296296296296
10 0.82057291666667 0.775 0.034895833333333 0.044444444444444
10 0.30859375 0.7837962962963 0.031770833333333 0.047222222222222
10 0.13020833333333 0.50648148148148 0.033333333333333 0.046296296296296
10 0.33489583333333 0.43611111111111 0.033333333333333 0.044444444444444
10 0.42682291666667 0.425 0.0328125 0.044444444444444
10 0.049479166666667 0.325 0.033333333333333 0.044444444444444
10 0.67786458333333 0.6412037037037 0.031770833333333 0.04537037037037
10 0.37369791666667 0.37314814814815 0.031770833333333 0.044444444444444
10 0.80703125 0.69583333333333 0.031770833333333 0.043518518518519
10 0.32942708333333 0.38194444444444 0.031770833333333 0.041666666666667
10 0.33046875 0.62222222222222 0.030729166666667 0.042592592592593
10 0.08203125 0.32824074074074 0.030729166666667 0.041666666666667
10 0.24869791666667 0.68148148148148 0.0296875 0.042592592592593
10 0.26979166666667 0.37962962962963 0.029166666666667 0.042592592592593
10 0.46276041666667 0.32268518518519 0.0296875 0.041666666666667
10 0.30963541666667 0.35925925925926 0.028645833333333 0.042592592592593
10 0.534375 0.41296296296296 0.029166666666667 0.040740740740741
10 0.53411458333333 0.49027777777778 0.0296875 0.039814814814815
10 0.47317708333333 0.42824074074074 0.028645833333333 0.041666666666667
10 0.48932291666667 0.6712962962963 0.028645833333333 0.040740740740741
10 0.64817708333333 0.59444444444444 0.0296875 0.038888888888889
10 0.23229166666667 0.45833333333333 0.028125 0.040740740740741
10 0.21848958333333 0.32962962962963 0.0296875 0.038888888888889
10 0.603125 0.58055555555556 0.028125 0.040740740740741
10 0.44739583333333 0.18888888888889 0.028125 0.040740740740741
10 0.67786458333333 0.81990740740741 0.028645833333333 0.039814814814815
10 0.134375 0.23240740740741 0.029166666666667 0.038888888888889
10 0.68020833333333 0.57592592592593 0.029166666666667 0.038888888888889
10 0.596875 0.51342592592593 0.028125 0.039814814814815
10 0.240625 0.29675925925926 0.028125 0.039814814814815
10 0.31640625 0.41851851851852 0.028645833333333 0.038888888888889
10 0.25338541666667 0.20416666666667 0.027604166666667 0.039814814814815
10 0.27942708333333 0.4412037037037 0.027604166666667 0.039814814814815
10 0.7125 0.63796296296296 0.027083333333333 0.038888888888889
10 0.43411458333333 0.61157407407407 0.027604166666667 0.037962962962963
10 0.2828125 0.31712962962963 0.027083333333333 0.037962962962963
10 0.29895833333333 0.60416666666667 0.027083333333333 0.037962962962963
10 0.12734375 0.5837962962963 0.0265625 0.037962962962963
10 0.21197916666667 0.19675925925926 0.026041666666667 0.037962962962963
10 0.27109375 0.48148148148148 0.0265625 0.037037037037037
10 0.41015625 0.17175925925926 0.0265625 0.036111111111111
10 0.709375 0.57175925925926 0.026041666666667 0.036111111111111
10 0.55338541666667 0.42777777777778 0.0265625 0.035185185185185
10 0.44895833333333 0.11111111111111 0.026041666666667 0.035185185185185
10 0.6828125 0.46712962962963 0.027083333333333 0.034259259259259
10 0.50130208333333 0.32222222222222 0.025520833333333 0.035185185185185
10 0.3046875 0.32361111111111 0.026041666666667 0.034259259259259
10 0.26197916666667 0.23009259259259 0.025 0.034259259259259
10 0.13697916666667 0.29722222222222 0.023958333333333 0.035185185185185
10 0.22890625 0.40694444444444 0.024479166666667 0.034259259259259
10 0.56380208333333 0.56481481481481 0.024479166666667 0.033333333333333
10 0.37109375 0.49675925925926 0.0234375 0.034259259259259
10 0.63541666666667 0.40972222222222 0.023958333333333 0.032407407407407
10 0.37786458333333 0.29027777777778 0.024479166666667 0.032407407407407
10 0.61302083333333 0.54814814814815 0.022916666666667 0.033333333333333
10 0.55729166666667 0.14074074074074 0.022916666666667 0.031481481481481
10 0.49635416666667 0.34722222222222 0.022916666666667 0.031481481481481
10 0.25572916666667 0.41898148148148 0.021875 0.032407407407407
10 0.42864583333333 0.375 0.021875 0.031481481481481
10 0.42135416666667 0.20509259259259 0.021875 0.030555555555556
10 0.34895833333333 0.29027777777778 0.022916666666667 0.030555555555556
10 0.40364583333333 0.3375 0.020833333333333 0.030555555555556
10 0.39348958333333 0.19953703703704 0.021354166666667 0.028703703703704