10 0.437890625 0.39722222222222 0.17109375 0.19444444444444
29 0.205078125 0.73541666666667 0.06015625 0.0625
8 0.251171875 0.13819444444444 0.21796875 0.26805555555556
8 0.391796875 0.66805555555556 0.09296875 0.10277777777778
33 0.61875 0.60347222222222 0.4328125 0.45972222222222
10 0.25 0.14305555555556 0.2328125 0.275
10 0.4390625 0.39791666666667 0.1796875 0.19583333333333
33 0.38984375 0.66736111111111 0.103125 0.10138888888889
10 0.2046875 0.73541666666667 0.0625 0.059722222222222
33 0.626953125 0.55555555555556 0.44453125 0.49444444444444
10 0.24921875 0.14513888888889 0.2203125 0.28194444444444
10 0.4375 0.39305555555556 0.171875 0.19444444444444
10 0.205078125 0.73472222222222 0.06328125 0.058333333333333
10 0.38984375 0.66666666666667 0.1015625 0.10277777777778