11 0.025260416666667 0.059722222222222 0.050520833333333 0.097222222222222
11 0.80651041666667 0.69074074074074 0.068229166666667 0.088888888888889
11 0.83828125 0.32546296296296 0.061979166666667 0.086111111111111
11 0.209375 0.12638888888889 0.059375 0.076851851851852
11 0.18541666666667 0.39212962962963 0.057291666666667 0.075
11 0.87864583333333 0.11388888888889 0.055208333333333 0.077777777777778
11 0.97604166666667 0.54953703703704 0.044791666666667 0.093518518518519
11 0.89270833333333 0.38148148148148 0.052083333333333 0.077777777777778
11 0.8546875 0.18055555555556 0.047916666666667 0.074074074074074
11 0.90963541666667 0.52175925925926 0.040104166666667 0.071296296296296
11 0.90104166666667 0.69583333333333 0.042708333333333 0.065740740740741
11 0.87890625 0.82361111111111 0.041145833333333 0.060185185185185
11 0.88489583333333 0.59861111111111 0.041666666666667 0.063888888888889
11 0.54036458333333 0.43657407407407 0.040104166666667 0.065740740740741
11 0.76328125 0.65972222222222 0.036979166666667 0.063888888888889
11 0.96848958333333 0.85092592592593 0.040104166666667 0.057407407407407
11 0.010677083333333 0.21574074074074 0.021354166666667 0.1037037037037
11 0.98958333333333 0.76574074074074 0.019791666666667 0.072222222222222
11 0.44869791666667 0.3912037037037 0.0421875 0.04537037037037
11 0.8796875 0.98981481481481 0.042708333333333 0.02037037037037