10 0.346875 0.27777777777778 0.04375 0.061111111111111
10 0.521484375 0.68680555555556 0.07421875 0.090277777777778
10 0.47421875 0.21666666666667 0.0515625 0.069444444444444
10 0.3234375 0.325 0.0625 0.094444444444444
10 0.577734375 0.63611111111111 0.08046875 0.094444444444444
10 0.383984375 0.20555555555556 0.04921875 0.066666666666667
10 0.20390625 0.38958333333333 0.0578125 0.084722222222222
10 0.249609375 0.11041666666667 0.09140625 0.12916666666667
10 0.397265625 0.16041666666667 0.04609375 0.065277777777778
10 0.974609375 0.66180555555556 0.03984375 0.048611111111111
10 0.55 0.76180555555556 0.0515625 0.0625
10 0.505859375 0.74791666666667 0.06484375 0.081944444444444
10 0.578125 0.57916666666667 0.0515625 0.063888888888889
10 0.427734375 0.18611111111111 0.04609375 0.063888888888889
10 0.416015625 0.12569444444444 0.04921875 0.070833333333333
10 0.61171875 0.71458333333333 0.0484375 0.059722222222222
10 0.339453125 0.21388888888889 0.06171875 0.086111111111111
10 0.5484375 0.72291666666667 0.046875 0.056944444444444
10 0.828515625 0.35555555555556 0.35390625 0.61111111111111
10 0.30078125 0.18263888888889 0.0703125 0.0875
10 0.600390625 0.44722222222222 0.07578125 0.083333333333333
10 0.49765625 0.54236111111111 0.046875 0.056944444444444
10 0.322265625 0.048611111111111 0.08515625 0.097222222222222
10 0.929296875 0.91041666666667 0.02890625 0.0375
10 0.26640625 0.74097222222222 0.43125 0.51805555555556
10 0.962890625 0.10555555555556 0.04453125 0.058333333333333
10 0.27734375 0.021527777777778 0.05 0.043055555555556
10 0.645703125 0.59444444444444 0.07421875 0.083333333333333
10 0.473046875 0.1625 0.06953125 0.097222222222222
10 0.434375 0.52708333333333 0.04375 0.056944444444444