10 0.3546875 0.64722222222222 0.01875 0.027777777777778
10 0.24114583333333 0.63148148148148 0.033333333333333 0.051851851851852
10 0.17473958333333 0.5412037037037 0.016145833333333 0.021296296296296
10 0.53489583333333 0.32731481481481 0.028125 0.037962962962963
10 0.27552083333333 0.6587962962963 0.016666666666667 0.023148148148148
10 0.5734375 0.1037037037037 0.014583333333333 0.02037037037037
10 0.15260416666667 0.56574074074074 0.011458333333333 0.016666666666667
10 0.46380208333333 0.48240740740741 0.0296875 0.038888888888889
10 0.56380208333333 0.05 0.016145833333333 0.018518518518519
10 0.14609375 0.66712962962963 0.0171875 0.023148148148148
10 0.1328125 0.62916666666667 0.019791666666667 0.026851851851852
10 0.559375 0.25277777777778 0.020833333333333 0.025925925925926
10 0.27317708333333 0.45 0.018229166666667 0.024074074074074
10 0.18255208333333 0.65138888888889 0.025520833333333 0.036111111111111
10 0.38385416666667 0.63425925925926 0.025 0.033333333333333
10 0.088802083333333 0.66435185185185 0.018229166666667 0.028703703703704
10 0.22786458333333 0.51805555555556 0.0171875 0.025
10 0.5734375 0.30092592592593 0.016666666666667 0.022222222222222
10 0.45494791666667 0.57175925925926 0.015104166666667 0.019444444444444