33 0.669921875 0.79027777777778 0.36796875 0.41666666666667
33 0.902734375 0.44583333333333 0.19296875 0.62222222222222
10 0.297265625 0.13194444444444 0.18671875 0.25277777777778
33 0.85703125 0.60069444444444 0.14375 0.14861111111111
33 0.685546875 0.79027777777778 0.34296875 0.41944444444444
33 0.902734375 0.40763888888889 0.19296875 0.64305555555556
10 0.300390625 0.13888888888889 0.20234375 0.26111111111111
33 0.860546875 0.59583333333333 0.13671875 0.13888888888889
33 0.69453125 0.7875 0.334375 0.425
33 0.8609375 0.59652777777778 0.1390625 0.13472222222222
10 0.30234375 0.13888888888889 0.1921875 0.26111111111111
33 0.908984375 0.40486111111111 0.18203125 0.61527777777778