10 0.42505854800937 0.40520833333333 0.40046838407494 0.41041666666667
10 0.55679156908665 0.10104166666667 0.059718969555035 0.064583333333333
10 0.66276346604215 0.12604166666667 0.072599531615925 0.072916666666667
10 0.73946135831382 0.17916666666667 0.059718969555035 0.0625
10 0.55152224824356 0.165625 0.081967213114754 0.08125
10 0.61651053864169 0.31145833333333 0.073770491803279 0.089583333333333
10 0.27400468384075 0.31875 0.056206088992974 0.058333333333333
10 0.70901639344262 0.06875 0.087822014051522 0.0875
10 0.72248243559719 0.44166666666667 0.10304449648712 0.12083333333333
10 0.81206088992974 0.33229166666667 0.057377049180328 0.064583333333333
10 0.79683840749415 0.23229166666667 0.094847775175644 0.097916666666667
10 0.78161592505855 0.097916666666667 0.045667447306792 0.041666666666667
10 0.44613583138173 0.215625 0.060889929742389 0.064583333333333
10 0.41744730679157 0.08125 0.06440281030445 0.070833333333333
10 0.48829039812646 0.14583333333333 0.07728337236534 0.083333333333333
10 0.33548009367681 0.22708333333333 0.069086651053864 0.070833333333333
10 0.62822014051522 0.19583333333333 0.078454332552693 0.0875