6 0.56796875 0.48263888888889 0.028125 0.0375
6 0.642578125 0.71666666666667 0.02578125 0.033333333333333
6 0.633984375 0.60486111111111 0.03359375 0.040277777777778
6 0.572265625 0.56805555555556 0.02578125 0.033333333333333
6 0.6953125 0.89652777777778 0.0265625 0.040277777777778
6 0.562109375 0.66805555555556 0.03046875 0.036111111111111
6 0.594140625 0.64722222222222 0.02421875 0.030555555555556
6 0.546484375 0.51666666666667 0.02578125 0.036111111111111
6 0.63046875 0.70902777777778 0.0375 0.034722222222222
6 0.608203125 0.62083333333333 0.02578125 0.030555555555556
6 0.582421875 0.6 0.02890625 0.038888888888889
6 0.593359375 0.78263888888889 0.02578125 0.031944444444444
10 0.592578125 0.93958333333333 0.02265625 0.029166666666667
6 0.619140625 0.3875 0.02890625 0.036111111111111
6 0.678515625 0.78055555555556 0.02421875 0.030555555555556
6 0.5640625 0.64375 0.0265625 0.031944444444444
6 0.61484375 0.7 0.0328125 0.038888888888889
6 0.543359375 0.49513888888889 0.02421875 0.031944444444444
10 0.5296875 0.37083333333333 0.0265625 0.033333333333333
6 0.596875 0.52152777777778 0.025 0.034722222222222
6 0.546875 0.61944444444444 0.0234375 0.030555555555556
6 0.544140625 0.59513888888889 0.02265625 0.029166666666667
6 0.661328125 0.81111111111111 0.03671875 0.044444444444444
6 0.61875 0.44027777777778 0.0328125 0.041666666666667
6 0.65625 0.77638888888889 0.0296875 0.038888888888889
6 0.54765625 0.44027777777778 0.040625 0.052777777777778
6 0.66015625 0.88125 0.0234375 0.031944444444444
6 0.546875 0.57083333333333 0.0234375 0.030555555555556
6 0.576953125 0.72222222222222 0.02421875 0.030555555555556
10 0.54765625 0.44097222222222 0.040625 0.056944444444444
10 0.662109375 0.81041666666667 0.03828125 0.048611111111111
10 0.65625 0.77638888888889 0.03125 0.041666666666667
10 0.618359375 0.44097222222222 0.03203125 0.043055555555556
10 0.613671875 0.7 0.03203125 0.038888888888889
10 0.562890625 0.66666666666667 0.03046875 0.038888888888889
10 0.56796875 0.48263888888889 0.028125 0.040277777777778
10 0.6328125 0.60416666666667 0.0296875 0.036111111111111
10 0.596484375 0.52222222222222 0.02734375 0.038888888888889
10 0.582421875 0.60138888888889 0.02734375 0.038888888888889
10 0.69609375 0.89722222222222 0.0265625 0.038888888888889
10 0.5984375 0.67638888888889 0.0296875 0.033333333333333
10 0.630078125 0.89166666666667 0.02578125 0.036111111111111
10 0.619140625 0.3875 0.02734375 0.036111111111111
10 0.56484375 0.64375 0.0265625 0.034722222222222
10 0.659765625 0.88125 0.02578125 0.034722222222222
10 0.6265625 0.70555555555556 0.0265625 0.033333333333333
10 0.545703125 0.51666666666667 0.02421875 0.036111111111111
10 0.57265625 0.56736111111111 0.025 0.034722222222222
10 0.54375 0.49513888888889 0.025 0.034722222222222
10 0.529296875 0.37083333333333 0.02578125 0.033333333333333
10 0.593359375 0.78472222222222 0.02578125 0.033333333333333
10 0.59296875 0.93958333333333 0.0234375 0.034722222222222
10 0.54609375 0.57013888888889 0.0234375 0.034722222222222
10 0.60859375 0.62152777777778 0.025 0.031944444444444
10 0.642578125 0.71597222222222 0.02421875 0.031944444444444
10 0.608984375 0.66875 0.02421875 0.031944444444444
10 0.576953125 0.72152777777778 0.02421875 0.031944444444444
10 0.58828125 0.68472222222222 0.025 0.030555555555556
10 0.544140625 0.59513888888889 0.02265625 0.031944444444444
10 0.54296875 0.63333333333333 0.021875 0.030555555555556
10 0.67890625 0.78194444444444 0.0234375 0.030555555555556
10 0.594921875 0.64652777777778 0.02265625 0.029166666666667
10 0.539453125 0.34930555555556 0.02265625 0.029166666666667
10 0.546484375 0.61875 0.02109375 0.029166666666667
10 0.58203125 0.62430555555556 0.01875 0.026388888888889
10 0.559765625 0.90625 0.01796875 0.023611111111111