10 0.63515625 0.18125 0.084375 0.11527777777778
10 0.2375 0.59375 0.0765625 0.13472222222222
10 0.793359375 0.67847222222222 0.06328125 0.079166666666667
10 0.67890625 0.10486111111111 0.05625 0.093055555555556
10 0.315625 0.076388888888889 0.071875 0.11111111111111
10 0.387109375 0.10694444444444 0.06953125 0.10833333333333
10 0.787109375 0.12638888888889 0.05078125 0.088888888888889
10 0.85859375 0.28541666666667 0.0546875 0.084722222222222
10 0.775 0.51319444444444 0.1953125 0.35138888888889
10 0.434765625 0.20694444444444 0.06953125 0.10833333333333
10 0.65703125 0.91458333333333 0.1125 0.13194444444444
10 0.6484375 0.71319444444444 0.0515625 0.073611111111111
10 0.5 0.1 0.0625 0.10277777777778
10 0.723046875 0.22222222222222 0.23828125 0.35833333333333
10 0.80234375 0.23541666666667 0.0546875 0.081944444444444
10 0.57890625 0.83055555555556 0.0640625 0.083333333333333
10 0.6265625 0.66805555555556 0.0859375 0.14444444444444