10 0.5375 0.91898148148148 0.053125 0.089814814814815
10 0.85520833333333 0.66435185185185 0.052083333333333 0.078703703703704
10 0.20130208333333 0.87546296296296 0.028645833333333 0.043518518518519
10 0.75052083333333 0.59166666666667 0.033333333333333 0.048148148148148
10 0.453125 0.72685185185185 0.034375 0.053703703703704
10 0.53385416666667 0.34074074074074 0.035416666666667 0.051851851851852
10 0.78255208333333 0.75185185185185 0.028645833333333 0.042592592592593
10 0.41328125 0.81898148148148 0.028645833333333 0.043518518518519
10 0.65390625 0.29907407407407 0.0265625 0.040740740740741
10 0.79244791666667 0.62361111111111 0.0265625 0.037962962962963
10 0.40598958333333 0.8087962962963 0.0265625 0.037962962962963
10 0.28489583333333 0.7962962962963 0.026041666666667 0.040740740740741
10 0.62838541666667 0.41990740740741 0.025520833333333 0.037962962962963
10 0.95755208333333 0.44675925925926 0.024479166666667 0.037962962962963
10 0.2359375 0.53657407407407 0.025 0.036111111111111
10 0.70625 0.76898148148148 0.025 0.036111111111111
10 0.60026041666667 0.87222222222222 0.025520833333333 0.035185185185185
10 0.93489583333333 0.49861111111111 0.022916666666667 0.034259259259259
10 0.42265625 0.97962962962963 0.0234375 0.037037037037037
10 0.79739583333333 0.68842592592593 0.023958333333333 0.034259259259259
10 0.47994791666667 0.66203703703704 0.0234375 0.033333333333333
10 0.778125 0.56296296296296 0.022916666666667 0.033333333333333
10 0.67630208333333 0.48240740740741 0.022395833333333 0.033333333333333
10 0.59661458333333 0.52731481481481 0.022395833333333 0.032407407407407
10 0.69427083333333 0.62777777777778 0.021875 0.033333333333333
10 0.71901041666667 0.35648148148148 0.022395833333333 0.033333333333333
10 0.72109375 0.85138888888889 0.0234375 0.030555555555556
10 0.33932291666667 0.93518518518519 0.021354166666667 0.033333333333333
10 0.79817708333333 0.2337962962963 0.021354166666667 0.032407407407407
10 0.71041666666667 0.40925925925926 0.020833333333333 0.033333333333333
10 0.8734375 0.1912037037037 0.020833333333333 0.032407407407407
10 0.34114583333333 0.78101851851852 0.020833333333333 0.032407407407407
10 0.42552083333333 0.9337962962963 0.019791666666667 0.030555555555556
10 0.74765625 0.65787037037037 0.021354166666667 0.030555555555556
10 0.57994791666667 0.76898148148148 0.0203125 0.028703703703704
10 0.29270833333333 0.94861111111111 0.01875 0.030555555555556
10 0.72890625 0.64305555555556 0.0203125 0.028703703703704
10 0.34166666666667 0.82268518518519 0.019791666666667 0.028703703703704
10 0.40260416666667 0.59398148148148 0.01875 0.028703703703704
10 0.50494791666667 0.76296296296296 0.019270833333333 0.027777777777778
10 0.77083333333333 0.25925925925926 0.01875 0.027777777777778
10 0.32291666666667 0.84027777777778 0.017708333333333 0.028703703703704
10 0.8953125 0.24444444444444 0.017708333333333 0.027777777777778
10 0.34479166666667 0.96666666666667 0.017708333333333 0.025925925925926
10 0.3546875 0.88842592592593 0.016666666666667 0.026851851851852
10 0.43046875 0.95833333333333 0.018229166666667 0.027777777777778
10 0.38932291666667 0.98101851851852 0.016145833333333 0.025
10 0.38229166666667 0.79398148148148 0.017708333333333 0.025
10 0.41744791666667 0.61851851851852 0.016145833333333 0.024074074074074
10 0.6265625 0.9912037037037 0.021875 0.017592592592593
10 0.38958333333333 0.64259259259259 0.016666666666667 0.024074074074074
10 0.3421875 0.74351851851852 0.016666666666667 0.024074074074074
10 0.52708333333333 0.59398148148148 0.015625 0.023148148148148
10 0.37552083333333 0.84027777777778 0.015625 0.023148148148148
10 0.34739583333333 0.8412037037037 0.014583333333333 0.023148148148148
10 0.44244791666667 0.61481481481481 0.015104166666667 0.022222222222222
10 0.45364583333333 0.63888888888889 0.014583333333333 0.022222222222222
10 0.36119791666667 0.73148148148148 0.015104166666667 0.022222222222222
10 0.52526041666667 0.64490740740741 0.015104166666667 0.021296296296296
10 0.37239583333333 0.60138888888889 0.014583333333333 0.021296296296296
10 0.49557291666667 0.36157407407407 0.015104166666667 0.021296296296296
10 0.29505208333333 0.86990740740741 0.0140625 0.021296296296296
10 0.42734375 0.7287037037037 0.0140625 0.02037037037037
10 0.36354166666667 0.68611111111111 0.013541666666667 0.02037037037037
10 0.4734375 0.58935185185185 0.013541666666667 0.019444444444444
10 0.45338541666667 0.51388888888889 0.0140625 0.018518518518519
10 0.43802083333333 0.57314814814815 0.013541666666667 0.018518518518519
10 0.42786458333333 0.66018518518519 0.013020833333333 0.018518518518519
10 0.54375 0.5125 0.0125 0.017592592592593
10 0.56145833333333 0.48564814814815 0.0125 0.017592592592593