10 0.836328125 0.3875 0.33203125 0.59166666666667
10 0.220703125 0.099305555555556 0.06328125 0.090277777777778
10 0.642578125 0.95763888888889 0.01796875 0.020833333333333
10 0.253515625 0.038194444444444 0.07265625 0.076388888888889
10 0.2859375 0.068055555555556 0.059375 0.083333333333333
10 0.2078125 0.85694444444444 0.0828125 0.12777777777778
10 0.33515625 0.41944444444444 0.0484375 0.069444444444444
10 0.315234375 0.23541666666667 0.07734375 0.11527777777778
10 0.48046875 0.52777777777778 0.0515625 0.066666666666667
10 0.36953125 0.22916666666667 0.0515625 0.069444444444444
10 0.9875 0.74861111111111 0.025 0.047222222222222
10 0.789453125 0.74375 0.03203125 0.034722222222222
10 0.53125 0.45277777777778 0.05625 0.072222222222222
10 0.540234375 0.3625 0.05234375 0.069444444444444
10 0.522265625 0.27361111111111 0.06015625 0.077777777777778
10 0.340625 0.31805555555556 0.05 0.066666666666667
10 0.3671875 0.53194444444444 0.0890625 0.13055555555556
10 0.1109375 0.18611111111111 0.0765625 0.10555555555556
10 0.525 0.32777777777778 0.0546875 0.069444444444444
10 0.457421875 0.029861111111111 0.05859375 0.059722222222222
10 0.550390625 0.39791666666667 0.05546875 0.076388888888889
10 0.4671875 0.38333333333333 0.05 0.066666666666667
10 0.15546875 0.60138888888889 0.2953125 0.475
10 0.048046875 0.94444444444444 0.03046875 0.044444444444444