11 0.39765625 0.30416666666667 0.19010416666667 0.24722222222222
11 0.28359375 0.31898148148148 0.10677083333333 0.14166666666667
11 0.19296875 0.36203703703704 0.16197916666667 0.22037037037037
11 0.023958333333333 0.29768518518519 0.047916666666667 0.099074074074074
11 0.89609375 0.23148148148148 0.12864583333333 0.15185185185185
11 0.88385416666667 0.36018518518519 0.13020833333333 0.16666666666667
11 0.024479166666667 0.39722222222222 0.048958333333333 0.1037037037037
11 0.61666666666667 0.31157407407407 0.088541666666667 0.11944444444444
11 0.10078125 0.24212962962963 0.1765625 0.18240740740741
11 0.079947916666667 0.39259259259259 0.12864583333333 0.15925925925926
11 0.87213541666667 0.10185185185185 0.0890625 0.11296296296296
11 0.73984375 0.4337962962963 0.1234375 0.175
11 0.79140625 0.32037037037037 0.1015625 0.13888888888889
11 0.9578125 0.26712962962963 0.0875 0.21203703703704
11 0.13723958333333 0.22546296296296 0.096354166666667 0.11574074074074
11 0.70260416666667 0.2912037037037 0.096875 0.12685185185185