10 0.62265625 0.44930555555556 0.05625 0.070833333333333
10 0.541796875 0.53194444444444 0.07265625 0.091666666666667
10 0.718359375 0.43194444444444 0.05703125 0.072222222222222
10 0.378125 0.82222222222222 0.0734375 0.080555555555556
10 0.037890625 0.27847222222222 0.04453125 0.065277777777778
10 0.17109375 0.29444444444444 0.0484375 0.072222222222222
10 0.42109375 0.65208333333333 0.046875 0.059722222222222
10 0.71015625 0.94166666666667 0.0609375 0.069444444444444
10 0.7203125 0.73611111111111 0.0546875 0.063888888888889
10 0.653125 0.54236111111111 0.05625 0.070833333333333
10 0.25703125 0.72708333333333 0.05 0.070833333333333
10 0.5015625 0.71041666666667 0.05 0.059722222222222
10 0.465625 0.55069444444444 0.046875 0.065277777777778
10 0.7765625 0.39375 0.096875 0.1125
10 0.77265625 0.61875 0.0890625 0.10694444444444
10 0.541015625 0.93819444444444 0.04609375 0.051388888888889
10 0.487890625 0.91041666666667 0.09296875 0.098611111111111
10 0.901171875 0.59652777777778 0.05703125 0.076388888888889
10 0.50859375 0.66319444444444 0.06875 0.081944444444444
10 0.63125 0.74305555555556 0.05625 0.069444444444444
10 0.851171875 0.75625 0.13984375 0.19027777777778
10 0.981640625 0.42361111111111 0.03515625 0.077777777777778
10 0.772265625 0.76875 0.04609375 0.051388888888889
10 0.575 0.98472222222222 0.0453125 0.030555555555556
10 0.809375 0.13888888888889 0.0671875 0.086111111111111
10 0.25234375 0.8625 0.05 0.063888888888889
10 0.7453125 0.80763888888889 0.05 0.0625
10 0.6390625 0.60416666666667 0.059375 0.069444444444444
10 0.023828125 0.79583333333333 0.04765625 0.066666666666667
10 0.959375 0.46597222222222 0.08125 0.098611111111111
10 0.825390625 0.55902777777778 0.07421875 0.0875
10 0.448828125 0.97083333333333 0.04453125 0.052777777777778
10 0.537890625 0.31388888888889 0.07265625 0.097222222222222
10 0.5234375 0.048611111111111 0.05625 0.080555555555556
10 0.594140625 0.62777777777778 0.04296875 0.052777777777778
10 0.94296875 0.020138888888889 0.0609375 0.040277777777778
10 0.419140625 0.39583333333333 0.06171875 0.083333333333333
10 0.58828125 0.09375 0.053125 0.076388888888889
10 0.0203125 0.43055555555556 0.040625 0.091666666666667
10 0.426171875 0.47430555555556 0.05390625 0.076388888888889
10 0.0234375 0.076388888888889 0.046875 0.077777777777778
10 0.6796875 0.56388888888889 0.059375 0.072222222222222
10 0.40078125 0.059722222222222 0.05625 0.086111111111111
10 0.671875 0.39722222222222 0.096875 0.11388888888889
10 0.712109375 0.31319444444444 0.05390625 0.070833333333333
10 0.353515625 0.43819444444444 0.06484375 0.084722222222222
10 0.8984375 0.11736111111111 0.0578125 0.079166666666667
10 0.9578125 0.089583333333333 0.0796875 0.11527777777778
10 0.898046875 0.49513888888889 0.06015625 0.079166666666667
10 0.5140625 0.60486111111111 0.053125 0.0625
10 0.87734375 0.55069444444444 0.0546875 0.070833333333333
10 0.837109375 0.66944444444444 0.05546875 0.066666666666667
10 0.8484375 0.041666666666667 0.065625 0.083333333333333
10 0.781640625 0.19722222222222 0.06328125 0.083333333333333
10 0.544140625 0.82708333333333 0.06171875 0.068055555555556
10 0.115625 0.76736111111111 0.05 0.076388888888889
10 0.558984375 0.38263888888889 0.05546875 0.079166666666667
10 0.460546875 0.58958333333333 0.05078125 0.065277777777778
10 0.71640625 0.92361111111111 0.1078125 0.13333333333333
10 0.722265625 0.52569444444444 0.09921875 0.13472222222222