11 0.27224824355972 0.45104166666667 0.06440281030445 0.060416666666667
11 0.43325526932084 0.378125 0.091334894613583 0.08125
11 0.23360655737705 0.371875 0.06440281030445 0.05625
11 0.24473067915691 0.30520833333333 0.098360655737705 0.077083333333333
11 0.87060889929742 0.678125 0.26346604215457 0.15625
11 0.29566744730679 0.41979166666667 0.094847775175644 0.08125
11 0.30913348946136 0.15625 0.053864168618267 0.05
11 0.34894613583138 0.28541666666667 0.056206088992974 0.045833333333333
11 0.62997658079625 0.2875 0.058548009367682 0.05
11 0.066744730679157 0.31770833333333 0.058548009367682 0.047916666666667
11 0.55327868852459 0.21145833333333 0.055035128805621 0.047916666666667
11 0.056791569086651 0.25104166666667 0.069086651053864 0.052083333333333
11 0.21487119437939 0.020833333333333 0.057377049180328 0.041666666666667
11 0.19730679156909 0.1875 0.050351288056206 0.041666666666667
11 0.19964871194379 0.540625 0.043325526932084 0.03125