11 0.17526041666667 0.74768518518519 0.14635416666667 0.21574074074074
11 0.36510416666667 0.91759259259259 0.171875 0.16111111111111
11 0.71223958333333 0.88611111111111 0.13697916666667 0.20185185185185
11 0.69973958333333 0.55416666666667 0.14114583333333 0.18425925925926
11 0.6359375 0.87407407407407 0.12083333333333 0.17777777777778
11 0.95625 0.17361111111111 0.086458333333333 0.21759259259259
11 0.65807291666667 0.28796296296296 0.10677083333333 0.15555555555556
11 0.57057291666667 0.4837962962963 0.099479166666667 0.15462962962963
11 0.055729166666667 0.89490740740741 0.10208333333333 0.14166666666667
11 0.39036458333333 0.74675925925926 0.0859375 0.1212962962963
11 0.44270833333333 0.89953703703704 0.088541666666667 0.12685185185185
11 0.53463541666667 0.019907407407407 0.078645833333333 0.039814814814815