10 0.19140625 0.24166666666667 0.140625 0.19444444444444
10 0.461328125 0.21875 0.08671875 0.11527777777778
10 0.11640625 0.099305555555556 0.1046875 0.12083333333333
10 0.551171875 0.027777777777778 0.08671875 0.055555555555556
10 0.1390625 0.43472222222222 0.1140625 0.14444444444444
10 0.263671875 0.45416666666667 0.11171875 0.13611111111111
10 0.537890625 0.10763888888889 0.09140625 0.1375
10 0.71484375 0.325 0.0671875 0.10833333333333
10 0.353125 0.11736111111111 0.28125 0.23472222222222
10 0.678125 0.16736111111111 0.2078125 0.20416666666667
10 0.127734375 0.18680555555556 0.08984375 0.1125
10 0.287890625 0.22152777777778 0.13203125 0.14305555555556
10 0.626171875 0.37361111111111 0.08984375 0.12222222222222
10 0.723046875 0.15972222222222 0.10859375 0.13611111111111
10 0.50859375 0.13194444444444 0.1453125 0.18888888888889
10 0.502734375 0.35972222222222 0.09296875 0.13333333333333