10 0.580859375 0.46666666666667 0.03515625 0.047222222222222
10 0.6953125 0.82916666666667 0.028125 0.041666666666667
10 0.681640625 0.77152777777778 0.02734375 0.034722222222222
10 0.60859375 0.61458333333333 0.0265625 0.034722222222222
10 0.663671875 0.61041666666667 0.03203125 0.043055555555556
10 0.650390625 0.65902777777778 0.04453125 0.054166666666667
10 0.6390625 0.74166666666667 0.0296875 0.038888888888889
10 0.694921875 0.81180555555556 0.03828125 0.059722222222222
10 0.643359375 0.58958333333333 0.02890625 0.0375
10 0.683984375 0.6875 0.03046875 0.038888888888889
10 0.7109375 0.67361111111111 0.034375 0.044444444444444
10 0.60859375 0.66805555555556 0.028125 0.036111111111111
10 0.743359375 0.87986111111111 0.04453125 0.054166666666667
10 0.625 0.91944444444444 0.0328125 0.041666666666667
10 0.6046875 0.57569444444444 0.034375 0.043055555555556
10 0.5703125 0.62638888888889 0.040625 0.05
10 0.693359375 0.3875 0.03203125 0.038888888888889
10 0.669140625 0.85416666666667 0.02890625 0.038888888888889
10 0.6171875 0.75208333333333 0.0328125 0.040277777777778
10 0.680859375 0.74583333333333 0.03046875 0.041666666666667
10 0.55703125 0.94513888888889 0.0328125 0.040277777777778
10 0.700390625 0.47777777777778 0.03671875 0.044444444444444
10 0.729296875 0.79583333333333 0.03984375 0.058333333333333
10 0.60078125 0.79791666666667 0.0359375 0.045833333333333
10 0.698828125 0.92083333333333 0.03671875 0.044444444444444
10 0.594140625 0.55416666666667 0.03203125 0.041666666666667
10 0.687890625 0.87083333333333 0.02734375 0.036111111111111