8 0.266015625 0.23125 0.19453125 0.21805555555556
29 0.221875 0.58541666666667 0.0578125 0.056944444444444
29 0.347265625 0.79027777777778 0.03203125 0.041666666666667
10 0.40078125 0.46944444444444 0.128125 0.17222222222222
8 0.179296875 0.70069444444444 0.10390625 0.10416666666667
8 0.103515625 0.32916666666667 0.18359375 0.25
29 0.5234375 0.68055555555556 0.2984375 0.36388888888889
10 0.266015625 0.22916666666667 0.20234375 0.23055555555556
33 0.527734375 0.67638888888889 0.30078125 0.35
10 0.400390625 0.47083333333333 0.12734375 0.17222222222222
10 0.102734375 0.32916666666667 0.18828125 0.24722222222222
10 0.1796875 0.70208333333333 0.109375 0.10694444444444
10 0.22265625 0.58819444444444 0.05625 0.056944444444444
10 0.347265625 0.79166666666667 0.03359375 0.038888888888889