11 0.41588541666667 0.088888888888889 0.12447916666667 0.16481481481481
11 0.16041666666667 0.098148148148148 0.11458333333333 0.15
11 0.65260416666667 0.72453703703704 0.098958333333333 0.16388888888889
11 0.85807291666667 0.16666666666667 0.091145833333333 0.17037037037037
11 0.69817708333333 0.14259259259259 0.10052083333333 0.12222222222222
11 0.84427083333333 0.21527777777778 0.088541666666667 0.11759259259259
11 0.29635416666667 0.17592592592593 0.077083333333333 0.10925925925926
11 0.86380208333333 0.11574074074074 0.068229166666667 0.11481481481481
11 0.052864583333333 0.21574074074074 0.069270833333333 0.10185185185185
11 0.51822916666667 0.15694444444444 0.073958333333333 0.10462962962963
11 0.74270833333333 0.42037037037037 0.071875 0.1037037037037
11 0.75963541666667 0.26388888888889 0.065104166666667 0.096296296296296
11 0.45182291666667 0.325 0.066145833333333 0.088888888888889
11 0.19583333333333 0.0875 0.061458333333333 0.099074074074074
11 0.76796875 0.056944444444444 0.0640625 0.093518518518519
11 0.052604166666667 0.31296296296296 0.061458333333333 0.094444444444444
11 0.27942708333333 0.15787037037037 0.0640625 0.089814814814815
11 0.72786458333333 0.38564814814815 0.0546875 0.086111111111111
11 0.290625 0.29398148148148 0.058333333333333 0.075
11 0.36458333333333 0.13009259259259 0.05625 0.076851851851852
11 0.859375 0.30925925925926 0.05625 0.07037037037037
11 0.67005208333333 0.3375 0.052604166666667 0.075
11 0.62317708333333 0.32685185185185 0.055729166666667 0.07037037037037
11 0.5875 0.24953703703704 0.05625 0.069444444444444
11 0.4015625 0.41111111111111 0.053125 0.07037037037037
11 0.30989583333333 0.19398148148148 0.053125 0.069444444444444
11 0.0328125 0.060185185185185 0.053125 0.068518518518519
11 0.38307291666667 0.5875 0.056770833333333 0.062037037037037
11 0.62239583333333 0.090740740740741 0.054166666666667 0.066666666666667
11 0.60208333333333 0.425 0.05 0.07037037037037
11 0.32213541666667 0.46481481481481 0.0546875 0.062962962962963
11 0.87369791666667 0.21203703703704 0.047395833333333 0.072222222222222
11 0.91276041666667 0.28703703703704 0.049479166666667 0.064814814814815
11 0.43359375 0.02962962962963 0.055729166666667 0.059259259259259
11 0.52604166666667 0.14444444444444 0.051041666666667 0.066666666666667
11 0.89401041666667 0.62037037037037 0.0453125 0.07037037037037
11 0.39635416666667 0.48194444444444 0.052083333333333 0.060185185185185
11 0.98177083333333 0.5625 0.035416666666667 0.087962962962963
11 0.35052083333333 0.4 0.045833333333333 0.066666666666667
11 0.45598958333333 0.46018518518519 0.047395833333333 0.064814814814815
11 0.228125 0.40740740740741 0.048958333333333 0.061111111111111
11 0.24817708333333 0.25185185185185 0.0453125 0.064814814814815
11 0.78307291666667 0.43101851851852 0.0484375 0.060185185185185
11 0.62630208333333 0.23055555555556 0.047395833333333 0.061111111111111
11 0.50078125 0.026388888888889 0.0546875 0.052777777777778
11 0.11927083333333 0.4412037037037 0.046875 0.060185185185185
11 0.71875 0.31342592592593 0.046875 0.060185185185185
11 0.6203125 0.92268518518519 0.044791666666667 0.062037037037037
11 0.60833333333333 0.60092592592593 0.046875 0.059259259259259
11 0.97161458333333 0.15231481481481 0.043229166666667 0.063888888888889
11 0.115625 0.14212962962963 0.042708333333333 0.062037037037037
11 0.97005208333333 0.22361111111111 0.0453125 0.058333333333333
11 0.034635416666667 0.67314814814815 0.041145833333333 0.062962962962963
11 0.078385416666667 0.41342592592593 0.044270833333333 0.058333333333333
11 0.365625 0.24861111111111 0.045833333333333 0.05462962962963
11 0.18359375 0.42962962962963 0.0421875 0.057407407407407
11 0.0453125 0.6162037037037 0.042708333333333 0.05462962962963
11 0.81484375 0.59074074074074 0.038020833333333 0.059259259259259
11 0.26901041666667 0.35601851851852 0.043229166666667 0.050925925925926
11 0.072395833333333 0.49675925925926 0.044791666666667 0.049074074074074
11 0.79583333333333 0.34953703703704 0.041666666666667 0.050925925925926
11 0.98385416666667 0.7912037037037 0.03125 0.065740740740741
11 0.17552083333333 0.49861111111111 0.038541666666667 0.04537037037037
11 0.71458333333333 0.89722222222222 0.035416666666667 0.057407407407407
11 0.019270833333333 0.021759259259259 0.036458333333333 0.043518518518519
11 0.98984375 0.31574074074074 0.018229166666667 0.061111111111111