10 0.4171875 0.39791666666667 0.3484375 0.71527777777778
10 0.662109375 0.27013888888889 0.03984375 0.054166666666667
6 0.67890625 0.39930555555556 0.0375 0.051388888888889
10 0.7890625 0.22361111111111 0.3421875 0.44722222222222
10 0.8015625 0.2375 0.3875 0.475
10 0.415625 0.32013888888889 0.3359375 0.55416666666667
10 0.678515625 0.39791666666667 0.03828125 0.051388888888889
10 0.6625 0.27083333333333 0.0375 0.052777777777778
10 0.886328125 0.50486111111111 0.03671875 0.051388888888889
10 0.85078125 0.47777777777778 0.034375 0.05
10 0.843359375 0.53194444444444 0.03515625 0.047222222222222
10 0.810546875 0.52569444444444 0.03359375 0.045833333333333
10 0.742578125 0.50902777777778 0.03359375 0.043055555555556
10 0.7953125 0.46875 0.0328125 0.045833333333333
10 0.8328125 0.57986111111111 0.03125 0.045833333333333
10 0.8796875 0.46388888888889 0.03125 0.044444444444444
10 0.88828125 0.34305555555556 0.03125 0.041666666666667
10 0.826171875 0.48472222222222 0.03046875 0.041666666666667
10 0.69609375 0.42638888888889 0.0296875 0.041666666666667
10 0.66171875 0.24166666666667 0.0296875 0.041666666666667
10 0.865234375 0.44861111111111 0.02890625 0.038888888888889
10 0.742578125 0.15208333333333 0.02734375 0.040277777777778
10 0.8125 0.45555555555556 0.028125 0.038888888888889
10 0.6375 0.31666666666667 0.0265625 0.038888888888889
10 0.755078125 0.16180555555556 0.02734375 0.0375
10 0.86875 0.41597222222222 0.0265625 0.0375
10 0.74453125 0.57916666666667 0.0265625 0.036111111111111
10 0.73046875 0.64791666666667 0.0265625 0.034722222222222
10 0.6546875 0.37013888888889 0.025 0.034722222222222
10 0.7421875 0.55138888888889 0.025 0.036111111111111
10 0.7203125 0.42708333333333 0.025 0.034722222222222
10 0.718359375 0.51736111111111 0.02421875 0.034722222222222
10 0.7234375 0.47222222222222 0.025 0.033333333333333
10 0.703125 0.49375 0.0234375 0.031944444444444
10 0.747265625 0.53541666666667 0.02421875 0.031944444444444
10 0.72109375 0.49305555555556 0.0234375 0.030555555555556
10 0.73515625 0.40277777777778 0.0234375 0.030555555555556