11 0.790234375 0.28402777777778 0.41796875 0.56805555555556
11 0.890234375 0.60694444444444 0.02734375 0.075
11 0.46484375 0.32638888888889 0.3515625 0.55277777777778
11 0.695703125 0.44513888888889 0.02890625 0.065277777777778
11 0.750390625 0.46875 0.03203125 0.043055555555556
11 0.7171875 0.28263888888889 0.034375 0.054166666666667
11 0.85625 0.50555555555556 0.0296875 0.044444444444444
11 0.702734375 0.43125 0.02890625 0.040277777777778
11 0.682421875 0.25416666666667 0.02890625 0.038888888888889
11 0.690625 0.45833333333333 0.028125 0.038888888888889
11 0.88515625 0.43402777777778 0.0265625 0.040277777777778
11 0.805078125 0.43333333333333 0.02734375 0.038888888888889
11 0.690625 0.38819444444444 0.028125 0.0375
11 0.407421875 0.076388888888889 0.02890625 0.036111111111111
11 0.789453125 0.18958333333333 0.02890625 0.034722222222222
11 0.910546875 0.67222222222222 0.02734375 0.036111111111111
11 0.6921875 0.54444444444444 0.0265625 0.036111111111111
11 0.891015625 0.59166666666667 0.02578125 0.036111111111111
11 0.9 0.63819444444444 0.0265625 0.034722222222222
11 0.878515625 0.63125 0.02421875 0.034722222222222
11 0.831640625 0.45347222222222 0.02421875 0.034722222222222
11 0.88125 0.34444444444444 0.025 0.033333333333333
11 0.880078125 0.74166666666667 0.02421875 0.033333333333333
11 0.82265625 0.40972222222222 0.0234375 0.033333333333333
11 0.68828125 0.33958333333333 0.0234375 0.031944444444444
11 0.88046875 0.38541666666667 0.0234375 0.031944444444444
11 0.70625 0.40833333333333 0.0234375 0.030555555555556
11 0.703125 0.31805555555556 0.0234375 0.030555555555556
11 0.753125 0.26875 0.0234375 0.029166666666667
11 0.77265625 0.43611111111111 0.021875 0.030555555555556
11 0.70625 0.34722222222222 0.021875 0.030555555555556
11 0.808984375 0.17083333333333 0.02265625 0.027777777777778
11 0.869921875 0.47986111111111 0.02109375 0.029166666666667
11 0.684765625 0.28055555555556 0.02109375 0.027777777777778
11 0.75390625 0.39305555555556 0.021875 0.027777777777778
11 0.730078125 0.25416666666667 0.02109375 0.027777777777778
11 0.734375 0.38194444444444 0.0203125 0.027777777777778
11 0.371875 0.41666666666667 0.0203125 0.027777777777778
11 0.666796875 0.19305555555556 0.01953125 0.025
11 0.85390625 0.40694444444444 0.01875 0.025
11 0.678125 0.17083333333333 0.01875 0.025