10 0.77682291666667 0.31944444444444 0.11822916666667 0.14074074074074
10 0.83619791666667 0.21018518518519 0.0828125 0.11296296296296
10 0.71770833333333 0.19398148148148 0.053125 0.075
10 0.94869791666667 0.20416666666667 0.068229166666667 0.099074074074074
10 0.44947916666667 0.33981481481481 0.21666666666667 0.28148148148148
10 0.66536458333333 0.43333333333333 0.056770833333333 0.077777777777778
10 0.93151041666667 0.38935185185185 0.077604166666667 0.10648148148148
10 0.61927083333333 0.37453703703704 0.071875 0.10092592592593
10 0.55026041666667 0.22314814814815 0.11822916666667 0.15
10 0.78229166666667 0.93240740740741 0.1 0.12592592592593
10 0.10078125 0.28425925925926 0.16822916666667 0.22037037037037
10 0.45546875 0.24768518518519 0.080729166666667 0.10092592592593
10 0.97890625 0.42268518518519 0.036979166666667 0.069444444444444
10 0.63177083333333 0.27083333333333 0.067708333333333 0.097222222222222
10 0.93723958333333 0.33333333333333 0.12552083333333 0.18148148148148