11 0.35234375 0.52962962962963 0.071354166666667 0.098148148148148
10 0.79375 0.32962962962963 0.045833333333333 0.062962962962963
11 0.02734375 0.23287037037037 0.053645833333333 0.13055555555556
11 0.97760416666667 0.63009259259259 0.044791666666667 0.093518518518519
10 0.16744791666667 0.36481481481481 0.072395833333333 0.12962962962963
10 0.82291666666667 0.091203703703704 0.060416666666667 0.091666666666667
11 0.94973958333333 0.91898148148148 0.033854166666667 0.04537037037037
11 0.88697916666667 0.36898148148148 0.059375 0.084259259259259
10 0.14921875 0.018055555555556 0.069270833333333 0.036111111111111
10 0.35390625 0.17222222222222 0.081770833333333 0.12777777777778
11 0.98671875 0.79722222222222 0.024479166666667 0.048148148148148
10 0.48151041666667 0.17453703703704 0.0671875 0.11759259259259