10 0.851171875 0.63611111111111 0.06015625 0.080555555555556
10 0.92890625 0.57777777777778 0.0375 0.055555555555556
10 0.946875 0.23125 0.08125 0.10972222222222
10 0.971484375 0.56458333333333 0.05859375 0.093055555555556
10 0.089453125 0.22291666666667 0.15546875 0.17361111111111
10 0.680859375 0.91388888888889 0.03515625 0.05
10 0.419140625 0.14375 0.04765625 0.0625
10 0.816015625 0.69097222222222 0.04296875 0.059722222222222
10 0.43984375 0.45694444444444 0.103125 0.17222222222222
10 0.495703125 0.87083333333333 0.04609375 0.058333333333333
10 0.804296875 0.80694444444444 0.13203125 0.16944444444444
10 0.111328125 0.42638888888889 0.04140625 0.058333333333333
10 0.515625 0.66041666666667 0.0484375 0.065277777777778
10 0.670703125 0.50416666666667 0.05234375 0.091666666666667
10 0.535546875 0.54375 0.04765625 0.0625
10 0.952734375 0.55694444444444 0.09453125 0.125
10 0.723046875 0.65347222222222 0.04296875 0.056944444444444
10 0.788671875 0.74722222222222 0.03828125 0.05
10 0.49140625 0.68541666666667 0.05625 0.070833333333333
10 0.072265625 0.51388888888889 0.04921875 0.063888888888889
10 0.539453125 0.45069444444444 0.04921875 0.068055555555556
10 0.592578125 0.16111111111111 0.08203125 0.094444444444444
10 0.7265625 0.57291666666667 0.05 0.073611111111111
10 0.541796875 0.10486111111111 0.05390625 0.073611111111111
10 0.317578125 0.65972222222222 0.04609375 0.063888888888889
10 0.719921875 0.74861111111111 0.05390625 0.075
10 0.70078125 0.41944444444444 0.0515625 0.072222222222222
10 0.776171875 0.65902777777778 0.04140625 0.059722222222222
10 0.056640625 0.86041666666667 0.03671875 0.048611111111111
10 0.225390625 0.018055555555556 0.06328125 0.036111111111111
10 0.5484375 0.34722222222222 0.0609375 0.086111111111111
10 0.801171875 0.57847222222222 0.05234375 0.084722222222222
10 0.44921875 0.40972222222222 0.0859375 0.11388888888889
10 0.575 0.72222222222222 0.0453125 0.058333333333333
10 0.043359375 0.20833333333333 0.05859375 0.086111111111111
10 0.60546875 0.38888888888889 0.065625 0.088888888888889
10 0.69609375 0.60972222222222 0.084375 0.11111111111111
10 0.753125 0.32083333333333 0.059375 0.077777777777778
10 0.78515625 0.54791666666667 0.0421875 0.059722222222222
10 0.64375 0.89305555555556 0.0390625 0.055555555555556
10 0.441796875 0.5 0.06015625 0.075
10 0.92890625 0.1625 0.05 0.063888888888889
10 0.578125 0.61458333333333 0.0515625 0.068055555555556
10 0.1515625 0.96805555555556 0.0421875 0.055555555555556
10 0.743359375 0.48472222222222 0.06015625 0.077777777777778
10 0.01875 0.42638888888889 0.0375 0.063888888888889
10 0.859765625 0.29513888888889 0.04609375 0.0625
10 0.54921875 0.60277777777778 0.040625 0.052777777777778
10 0.726171875 0.71180555555556 0.05078125 0.068055555555556
10 0.2765625 0.83541666666667 0.0484375 0.0625
10 0.409765625 0.92083333333333 0.03828125 0.05
10 0.873828125 0.55069444444444 0.05078125 0.068055555555556
10 0.6984375 0.8375 0.0421875 0.058333333333333
10 0.087890625 0.67083333333333 0.04296875 0.058333333333333
10 0.46640625 0.65069444444444 0.0640625 0.079166666666667
10 0.389453125 0.82569444444444 0.04453125 0.056944444444444
10 0.64609375 0.42361111111111 0.0484375 0.069444444444444
10 0.384765625 0.74861111111111 0.04296875 0.055555555555556
10 0.8109375 0.60069444444444 0.05 0.068055555555556
10 0.594921875 0.47013888888889 0.04453125 0.065277777777778
10 0.807421875 0.23263888888889 0.05234375 0.073611111111111
10 0.978515625 0.25972222222222 0.04296875 0.072222222222222
10 0.437109375 0.58333333333333 0.04453125 0.055555555555556
10 0.53125 0.97291666666667 0.0609375 0.054166666666667
10 0.2203125 0.80347222222222 0.0453125 0.059722222222222
10 0.606640625 0.60416666666667 0.05859375 0.077777777777778
10 0.096484375 0.39166666666667 0.04921875 0.075
10 0.513671875 0.83333333333333 0.04921875 0.063888888888889
10 0.849609375 0.18472222222222 0.07421875 0.10555555555556
10 0.184375 0.22291666666667 0.0421875 0.065277777777778
10 0.137109375 0.45625 0.05234375 0.076388888888889
10 0.728125 0.10972222222222 0.0484375 0.066666666666667
10 0.56015625 0.77847222222222 0.0546875 0.068055555555556