10 0.83776041666667 0.71759259259259 0.0203125 0.02962962962963
10 0.12265625 0.49305555555556 0.052604166666667 0.080555555555556
10 0.67369791666667 0.82453703703704 0.024479166666667 0.032407407407407
10 0.88203125 0.33796296296296 0.025520833333333 0.037037037037037
10 0.39166666666667 0.91759259259259 0.039583333333333 0.059259259259259
10 0.6203125 0.64583333333333 0.025 0.034259259259259
10 0.61145833333333 0.7462962962963 0.025 0.033333333333333
10 0.64895833333333 0.71759259259259 0.020833333333333 0.02962962962963
10 0.86927083333333 0.90601851851852 0.026041666666667 0.036111111111111
10 0.39791666666667 0.36157407407407 0.025 0.034259259259259
10 0.28255208333333 0.9125 0.025520833333333 0.036111111111111
10 0.97109375 0.9462962962963 0.0203125 0.027777777777778
10 0.53541666666667 0.8962962962963 0.019791666666667 0.025925925925926
10 0.85390625 0.49074074074074 0.018229166666667 0.025925925925926
10 0.18203125 0.79444444444444 0.0265625 0.037037037037037
10 0.80807291666667 0.22962962962963 0.016145833333333 0.022222222222222
10 0.82708333333333 0.27777777777778 0.027083333333333 0.037037037037037
10 0.72552083333333 0.7212962962963 0.021875 0.031481481481481
10 0.62083333333333 0.66574074074074 0.020833333333333 0.02962962962963
10 0.77421875 0.50092592592593 0.018229166666667 0.025925925925926
10 0.33697916666667 0.82083333333333 0.028125 0.037962962962963
10 0.56484375 0.7287037037037 0.025520833333333 0.033333333333333
10 0.81692708333333 0.99074074074074 0.0234375 0.022222222222222
10 0.63932291666667 0.79444444444444 0.0171875 0.024074074074074
10 0.042708333333333 0.86157407407407 0.026041666666667 0.037962962962963
10 0.82057291666667 0.75833333333333 0.0171875 0.025925925925926
10 0.85885416666667 0.82222222222222 0.020833333333333 0.02962962962963
10 0.46536458333333 0.66712962962963 0.022395833333333 0.028703703703704
10 0.25078125 0.86759259259259 0.018229166666667 0.024074074074074
10 0.43046875 0.4 0.0203125 0.02962962962963
10 0.4515625 0.23611111111111 0.023958333333333 0.035185185185185
10 0.84427083333333 0.93796296296296 0.023958333333333 0.033333333333333
10 0.97630208333333 0.76435185185185 0.022395833333333 0.030555555555556
10 0.79635416666667 0.95833333333333 0.025 0.035185185185185
10 0.91588541666667 0.79166666666667 0.0234375 0.033333333333333
10 0.79583333333333 0.67407407407407 0.019791666666667 0.027777777777778
10 0.42473958333333 0.88148148148148 0.019270833333333 0.027777777777778