10 0.462109375 0.069444444444444 0.05859375 0.097222222222222
10 0.273828125 0.095138888888889 0.05078125 0.079166666666667
10 0.495703125 0.17361111111111 0.05078125 0.075
10 0.670703125 0.039583333333333 0.08203125 0.079166666666667
8 0.683984375 0.74097222222222 0.04140625 0.068055555555556
10 0.692578125 0.19722222222222 0.04765625 0.069444444444444
10 0.384375 0.030555555555556 0.05 0.061111111111111
33 0.571484375 0.94652777777778 0.07109375 0.10138888888889
10 0.7125 0.10972222222222 0.0546875 0.072222222222222
10 0.353125 0.9375 0.05625 0.1
10 0.3890625 0.54027777777778 0.0609375 0.094444444444444
10 0.24765625 0.029861111111111 0.059375 0.059722222222222
10 0.6734375 0.074305555555556 0.1 0.14861111111111
10 0.46171875 0.075694444444444 0.065625 0.10416666666667
10 0.57109375 0.94444444444444 0.0765625 0.10833333333333
10 0.35234375 0.93680555555556 0.0640625 0.10694444444444
10 0.6703125 0.040972222222222 0.0765625 0.081944444444444
10 0.388671875 0.53888888888889 0.06328125 0.10555555555556
10 0.274609375 0.095833333333333 0.04765625 0.080555555555556
10 0.49609375 0.175 0.0484375 0.075
10 0.7125 0.11041666666667 0.0484375 0.073611111111111
10 0.69453125 0.19722222222222 0.0484375 0.069444444444444
10 0.383984375 0.030555555555556 0.05234375 0.061111111111111
10 0.684375 0.74166666666667 0.04375 0.069444444444444
10 0.249609375 0.029861111111111 0.05078125 0.059722222222222
10 0.325390625 0.525 0.04296875 0.069444444444444