10 0.014322916666667 0.010648148148148 0.027604166666667 0.021296296296296
10 0.063802083333333 0.43564814814815 0.030729166666667 0.043518518518519
10 0.48046875 0.36064814814815 0.036979166666667 0.052777777777778
10 0.38489583333333 0.26481481481481 0.034375 0.048148148148148
10 0.59010416666667 0.74675925925926 0.052083333333333 0.060185185185185
10 0.54114583333333 0.21527777777778 0.025 0.036111111111111
10 0.32265625 0.42962962962963 0.027604166666667 0.044444444444444
10 0.39270833333333 0.40601851851852 0.033333333333333 0.049074074074074
10 0.01328125 0.071296296296296 0.0265625 0.046296296296296
10 0.20703125 0.23935185185185 0.031770833333333 0.049074074074074
10 0.34895833333333 0.21481481481481 0.025 0.035185185185185
10 0.063541666666667 0.36759259259259 0.034375 0.048148148148148
10 0.584375 0.40833333333333 0.026041666666667 0.038888888888889
10 0.4515625 0.11990740740741 0.035416666666667 0.056481481481481
10 0.61197916666667 0.099537037037037 0.026041666666667 0.043518518518519
10 0.38046875 0.31898148148148 0.025520833333333 0.037962962962963
10 0.50729166666667 0.26481481481481 0.033333333333333 0.05
10 0.38880208333333 0.1912037037037 0.0265625 0.039814814814815
10 0.24739583333333 0.18657407407407 0.030208333333333 0.043518518518519
10 0.49036458333333 0.086111111111111 0.0359375 0.055555555555556
10 0.20598958333333 0.16342592592593 0.030729166666667 0.04537037037037
10 0.11640625 0.1287037037037 0.036979166666667 0.053703703703704
10 0.44583333333333 0.18333333333333 0.025 0.037037037037037
10 0.1515625 0.38472222222222 0.03125 0.047222222222222
10 0.10052083333333 0.068981481481481 0.040625 0.05462962962963
10 0.6171875 0.43101851851852 0.030208333333333 0.041666666666667
10 0.40260416666667 0.22453703703704 0.038541666666667 0.060185185185185
10 0.26692708333333 0.1212962962963 0.030729166666667 0.05
10 0.11276041666667 0.039814814814815 0.0328125 0.05
10 0.1734375 0.69305555555556 0.026041666666667 0.039814814814815
10 0.42265625 0.71018518518519 0.031770833333333 0.044444444444444
10 0.3078125 0.24259259259259 0.035416666666667 0.05
10 0.75598958333333 0.87546296296296 0.036979166666667 0.04537037037037
10 0.53802083333333 0.3712962962963 0.028125 0.040740740740741
10 0.77473958333333 0.8287037037037 0.030729166666667 0.038888888888889
10 0.04921875 0.027777777777778 0.0296875 0.042592592592593
10 0.21145833333333 0.78888888888889 0.030208333333333 0.046296296296296
10 0.5765625 0.48055555555556 0.027083333333333 0.037037037037037
10 0.060677083333333 0.11296296296296 0.0296875 0.044444444444444
10 0.62916666666667 0.60601851851852 0.027083333333333 0.037962962962963
10 0.24192708333333 0.39583333333333 0.036979166666667 0.05462962962963
10 0.66145833333333 0.7287037037037 0.061458333333333 0.075925925925926
10 0.465625 0.29166666666667 0.036458333333333 0.053703703703704
10 0.59739583333333 0.89907407407407 0.033333333333333 0.037037037037037
10 0.60520833333333 0.65648148148148 0.03125 0.037037037037037
10 0.52786458333333 0.27638888888889 0.030729166666667 0.047222222222222
10 0.31822916666667 0.24814814814815 0.029166666666667 0.042592592592593
10 0.23177083333333 0.4587962962963 0.030208333333333 0.043518518518519
10 0.846875 0.85509259259259 0.033333333333333 0.043518518518519
10 0.35104166666667 0.50462962962963 0.03125 0.046296296296296
10 0.38203125 0.66435185185185 0.030729166666667 0.047222222222222
10 0.19427083333333 0.32777777777778 0.030208333333333 0.046296296296296
10 0.325 0.19444444444444 0.029166666666667 0.040740740740741
10 0.33776041666667 0.29537037037037 0.0296875 0.044444444444444
10 0.31041666666667 0.38009259259259 0.028125 0.041666666666667
10 0.66536458333333 0.63425925925926 0.028645833333333 0.038888888888889
10 0.51276041666667 0.4962962962963 0.0328125 0.048148148148148
10 0.2703125 0.15046296296296 0.026041666666667 0.039814814814815
10 0.28411458333333 0.28287037037037 0.0328125 0.047222222222222
10 0.55286458333333 0.41990740740741 0.033854166666667 0.052777777777778
10 0.13463541666667 0.32824074074074 0.046354166666667 0.069444444444444
10 0.6796875 0.70787037037037 0.027083333333333 0.032407407407407
10 0.23177083333333 0.22638888888889 0.03125 0.04537037037037
10 0.53619791666667 0.65833333333333 0.0546875 0.07962962962963
10 0.49453125 0.011111111111111 0.028645833333333 0.022222222222222
10 0.32552083333333 0.13148148148148 0.041666666666667 0.055555555555556
10 0.21223958333333 0.68055555555556 0.034895833333333 0.051851851851852
10 0.68020833333333 0.50509259259259 0.026041666666667 0.041666666666667
10 0.42994791666667 0.3787037037037 0.036979166666667 0.051851851851852