10 0.725390625 0.85833333333333 0.04296875 0.061111111111111
10 0.709765625 0.82222222222222 0.04453125 0.058333333333333
10 0.65546875 0.68402777777778 0.03125 0.048611111111111
10 0.624609375 0.69930555555556 0.03046875 0.045833333333333
10 0.73046875 0.42638888888889 0.0296875 0.044444444444444
10 0.581640625 0.63958333333333 0.03203125 0.051388888888889
10 0.60546875 0.66666666666667 0.0265625 0.041666666666667
10 0.5921875 0.87152777777778 0.03125 0.048611111111111
10 0.711328125 0.92291666666667 0.03203125 0.045833333333333
10 0.53671875 0.92222222222222 0.0359375 0.05
10 0.68203125 0.92430555555556 0.03125 0.045833333333333
10 0.603125 0.80833333333333 0.028125 0.041666666666667
10 0.7203125 0.90347222222222 0.0265625 0.0375
10 0.669140625 0.8125 0.02578125 0.036111111111111
10 0.68203125 0.69861111111111 0.0296875 0.044444444444444
10 0.7015625 0.71875 0.03125 0.043055555555556
10 0.579296875 0.45833333333333 0.03046875 0.047222222222222
10 0.766796875 0.81944444444444 0.03203125 0.05
10 0.738671875 0.68888888888889 0.03828125 0.058333333333333
10 0.714453125 0.78194444444444 0.04609375 0.063888888888889
10 0.632421875 0.72430555555556 0.03203125 0.045833333333333
10 0.646875 0.72777777777778 0.0296875 0.044444444444444
10 0.558984375 0.78472222222222 0.03203125 0.05
10 0.6625 0.61041666666667 0.0296875 0.045833333333333
10 0.630078125 0.61597222222222 0.04140625 0.079166666666667
10 0.691015625 0.70763888888889 0.03515625 0.056944444444444
10 0.755859375 0.90763888888889 0.03671875 0.054166666666667
10 0.65390625 0.77361111111111 0.05 0.072222222222222
10 0.612109375 0.58958333333333 0.03203125 0.048611111111111
10 0.633203125 0.87847222222222 0.02734375 0.040277777777778
10 0.687109375 0.65069444444444 0.03359375 0.054166666666667
10 0.662890625 0.92777777777778 0.03046875 0.047222222222222
10 0.731640625 0.93125 0.03203125 0.043055555555556
10 0.60390625 0.51597222222222 0.0421875 0.065277777777778
10 0.7203125 0.52083333333333 0.034375 0.05