10 0.69713541666667 0.82453703703704 0.1359375 0.19351851851852
10 0.07421875 0.56944444444444 0.12552083333333 0.19074074074074
10 0.22239583333333 0.29351851851852 0.11666666666667 0.17222222222222
10 0.86119791666667 0.073611111111111 0.10260416666667 0.14537037037037
10 0.85494791666667 0.36805555555556 0.0984375 0.13796296296296
10 0.76302083333333 0.49814814814815 0.0875 0.15
10 0.20677083333333 0.78796296296296 0.0875 0.1462962962963
10 0.47109375 0.66666666666667 0.097395833333333 0.13888888888889
10 0.73307291666667 0.19583333333333 0.090104166666667 0.14166666666667
10 0.75625 0.78425925925926 0.094791666666667 0.12222222222222
10 0.65885416666667 0.65 0.0875 0.13148148148148
10 0.53645833333333 0.31898148148148 0.080208333333333 0.14166666666667
10 0.66822916666667 0.29490740740741 0.090625 0.125
10 0.60885416666667 0.15555555555556 0.086458333333333 0.12962962962963
10 0.60833333333333 0.39027777777778 0.085416666666667 0.13055555555556
10 0.33645833333333 0.037037037037037 0.11145833333333 0.074074074074074
10 0.1671875 0.7462962962963 0.071875 0.10555555555556
10 0.61588541666667 0.76712962962963 0.053645833333333 0.067592592592593
10 0.471875 0.016666666666667 0.090625 0.033333333333333