10 0.0234375 0.56388888888889 0.04375 0.051851851851852
10 0.033072916666667 0.17592592592593 0.066145833333333 0.13518518518519
10 0.30078125 0.40555555555556 0.0578125 0.064814814814815
10 0.2546875 0.225 0.061458333333333 0.075925925925926
10 0.08046875 0.3212962962963 0.069270833333333 0.11111111111111
10 0.2296875 0.19907407407407 0.048958333333333 0.064814814814815
10 0.92447916666667 0.22546296296296 0.05 0.073148148148148
10 0.58411458333333 0.31111111111111 0.055729166666667 0.07037037037037
10 0.86276041666667 0.19768518518519 0.1046875 0.20092592592593
10 0.77552083333333 0.036111111111111 0.065625 0.072222222222222
10 0.42395833333333 0.056481481481481 0.11041666666667 0.11111111111111
10 0.76901041666667 0.3837962962963 0.11510416666667 0.13981481481481
10 0.51614583333333 0.083796296296296 0.051041666666667 0.062037037037037
10 0.19609375 0.013888888888889 0.050520833333333 0.027777777777778
10 0.359375 0.16666666666667 0.048958333333333 0.055555555555556
10 0.66640625 0.056481481481481 0.0953125 0.11296296296296
10 0.80546875 0.52546296296296 0.050520833333333 0.056481481481481
10 0.11770833333333 0.35925925925926 0.042708333333333 0.057407407407407
10 0.32213541666667 0.34768518518519 0.049479166666667 0.060185185185185
10 0.35286458333333 0.60138888888889 0.061979166666667 0.058333333333333
10 0.074479166666667 0.34675925925926 0.038541666666667 0.056481481481481
10 0.3859375 0.46666666666667 0.057291666666667 0.057407407407407
10 0.27708333333333 0.037037037037037 0.057291666666667 0.074074074074074
10 0.08125 0.29444444444444 0.045833333333333 0.066666666666667
10 0.9625 0.19583333333333 0.052083333333333 0.076851851851852
10 0.69869791666667 0.32222222222222 0.081770833333333 0.10185185185185
10 0.87291666666667 0.96944444444444 0.041666666666667 0.053703703703704
10 0.55104166666667 0.22777777777778 0.047916666666667 0.057407407407407
10 0.28463541666667 0.14259259259259 0.0546875 0.068518518518519
10 0.234375 0.31759259259259 0.06875 0.081481481481481
10 0.10442708333333 0.048148148148148 0.0546875 0.081481481481481
10 0.72734375 0.12824074074074 0.047395833333333 0.069444444444444
10 0.39583333333333 0.41944444444444 0.066666666666667 0.064814814814815
10 0.42786458333333 0.30740740740741 0.038020833333333 0.05
10 0.15338541666667 0.056944444444444 0.0484375 0.073148148148148
10 0.17369791666667 0.41805555555556 0.0421875 0.047222222222222
10 0.50364583333333 0.24768518518519 0.080208333333333 0.10648148148148
10 0.64140625 0.18194444444444 0.049479166666667 0.063888888888889
10 0.02109375 0.044444444444444 0.0421875 0.085185185185185
10 0.67161458333333 0.81712962962963 0.12135416666667 0.13796296296296
10 0.60651041666667 0.90138888888889 0.052604166666667 0.058333333333333
10 0.59947916666667 0.41851851851852 0.05625 0.07037037037037
10 0.35 0.041666666666667 0.059375 0.075925925925926
10 0.8859375 0.085185185185185 0.071875 0.13518518518519
10 0.19635416666667 0.35462962962963 0.044791666666667 0.059259259259259
10 0.46380208333333 0.44861111111111 0.0640625 0.069444444444444
10 0.59192708333333 0.10740740740741 0.0546875 0.072222222222222
10 0.48359375 0.025 0.0546875 0.05
10 0.52864583333333 0.13703703703704 0.05625 0.064814814814815
10 0.04609375 0.5162037037037 0.044270833333333 0.050925925925926
10 0.98333333333333 0.11018518518519 0.033333333333333 0.098148148148148
10 0.57994791666667 0.59537037037037 0.086979166666667 0.10555555555556
10 0.21848958333333 0.33796296296296 0.066145833333333 0.083333333333333
10 0.69270833333333 0.78935185185185 0.058333333333333 0.056481481481481
10 0.95859375 0.71157407407407 0.0421875 0.065740740740741
10 0.61380208333333 0.65185185185185 0.0484375 0.048148148148148
10 0.87369791666667 0.52361111111111 0.0484375 0.067592592592593
10 0.9828125 0.5287037037037 0.033333333333333 0.072222222222222
10 0.77291666666667 0.24768518518519 0.071875 0.10462962962963