10 0.66015625 0.14444444444444 0.103125 0.15555555555556
10 0.626171875 0.90694444444444 0.09921875 0.13333333333333
10 0.56953125 0.38402777777778 0.0828125 0.12083333333333
10 0.740625 0.055555555555556 0.08125 0.11111111111111
10 0.4 0.45277777777778 0.0734375 0.11944444444444
10 0.555078125 0.78472222222222 0.07578125 0.11111111111111
10 0.673046875 0.80277777777778 0.07421875 0.10277777777778
10 0.21484375 0.29652777777778 0.071875 0.095833333333333
10 0.55390625 0.68611111111111 0.0703125 0.091666666666667
10 0.58203125 0.77916666666667 0.059375 0.083333333333333
10 0.875 0.81666666666667 0.05625 0.083333333333333
10 0.512109375 0.14861111111111 0.05390625 0.086111111111111
10 0.2390625 0.77430555555556 0.0484375 0.081944444444444
10 0.49140625 0.49583333333333 0.053125 0.083333333333333
10 0.91875 0.80486111111111 0.0421875 0.093055555555556
10 0.294921875 0.24097222222222 0.04609375 0.084722222222222
10 0.923046875 0.080555555555556 0.05390625 0.072222222222222
10 0.199609375 0.22708333333333 0.05078125 0.076388888888889
10 0.82578125 0.75833333333333 0.0484375 0.075
10 0.528515625 0.7125 0.05234375 0.072222222222222
10 0.4046875 0.61736111111111 0.046875 0.073611111111111
10 0.7296875 0.066666666666667 0.0484375 0.072222222222222
10 0.64921875 0.2875 0.046875 0.069444444444444
10 0.147265625 0.40208333333333 0.04453125 0.068055555555556
10 0.1203125 0.82013888888889 0.04375 0.070833333333333
10 0.939453125 0.096527777777778 0.04921875 0.068055555555556
10 0.952734375 0.62013888888889 0.04296875 0.068055555555556
10 0.908984375 0.61736111111111 0.04453125 0.065277777777778
10 0.834765625 0.26527777777778 0.04296875 0.066666666666667
10 0.794140625 0.45208333333333 0.04609375 0.0625
10 0.5546875 0.62847222222222 0.0453125 0.0625
10 0.926953125 0.97222222222222 0.05078125 0.055555555555556
10 0.821484375 0.45555555555556 0.04296875 0.063888888888889
10 0.666015625 0.51527777777778 0.04296875 0.063888888888889
10 0.101171875 0.93055555555556 0.04453125 0.061111111111111
10 0.61328125 0.19583333333333 0.0421875 0.066666666666667
10 0.56015625 0.54166666666667 0.0421875 0.063888888888889
10 0.84921875 0.64166666666667 0.0421875 0.063888888888889
10 0.562890625 0.89513888888889 0.03984375 0.065277777777778
10 0.404296875 0.95833333333333 0.04140625 0.063888888888889
10 0.709765625 0.22708333333333 0.04140625 0.0625
10 0.492578125 0.275 0.03984375 0.063888888888889
10 0.649609375 0.44722222222222 0.04140625 0.061111111111111
10 0.628125 0.69236111111111 0.040625 0.0625
10 0.484375 0.625 0.0421875 0.058333333333333
10 0.597265625 0.62152777777778 0.03984375 0.059722222222222
10 0.525 0.65902777777778 0.0421875 0.056944444444444
10 0.366796875 0.7875 0.04140625 0.061111111111111
10 0.928125 0.82291666666667 0.040625 0.056944444444444
10 0.3421875 0.91180555555556 0.040625 0.056944444444444
10 0.70703125 0.78263888888889 0.040625 0.056944444444444
10 0.692578125 0.29513888888889 0.03828125 0.059722222222222
10 0.373828125 0.94305555555556 0.04140625 0.055555555555556
10 0.30546875 0.59652777777778 0.0390625 0.056944444444444
10 0.33359375 0.15277777777778 0.0390625 0.058333333333333
10 0.8609375 0.76944444444444 0.0375 0.058333333333333
10 0.622265625 0.79236111111111 0.03671875 0.056944444444444
10 0.13984375 0.45 0.0375 0.055555555555556
10 0.4234375 0.61111111111111 0.0375 0.055555555555556
10 0.44921875 0.19861111111111 0.0390625 0.052777777777778
10 0.7875 0.62013888888889 0.0375 0.054166666666667
10 0.608984375 0.46527777777778 0.03671875 0.055555555555556
10 0.285546875 0.30694444444444 0.03828125 0.052777777777778
10 0.912109375 0.77847222222222 0.03671875 0.054166666666667
10 0.82265625 0.37777777777778 0.0375 0.052777777777778
10 0.4578125 0.47708333333333 0.0359375 0.054166666666667
10 0.3390625 0.98194444444444 0.05 0.038888888888889
10 0.7453125 0.56180555555556 0.0359375 0.054166666666667
10 0.3625 0.56944444444444 0.0359375 0.052777777777778
10 0.07734375 0.77916666666667 0.0359375 0.052777777777778
10 0.6828125 0.65138888888889 0.0359375 0.052777777777778
10 0.453125 0.72430555555556 0.0359375 0.051388888888889
10 0.531640625 0.55208333333333 0.03671875 0.051388888888889
10 0.535546875 0.18888888888889 0.03671875 0.05
10 0.81875 0.65833333333333 0.034375 0.052777777777778
10 0.446484375 0.38819444444444 0.03515625 0.051388888888889
10 0.44921875 0.66527777777778 0.0359375 0.05
10 0.380078125 0.89583333333333 0.03359375 0.052777777777778
10 0.28046875 0.54444444444444 0.0328125 0.052777777777778
10 0.40703125 0.64930555555556 0.034375 0.051388888888889
10 0.150390625 0.97847222222222 0.03984375 0.043055555555556
10 0.299609375 0.96805555555556 0.03203125 0.052777777777778
10 0.8109375 0.80902777777778 0.034375 0.048611111111111
10 0.29609375 0.71180555555556 0.0328125 0.048611111111111
10 0.30625 0.87847222222222 0.0328125 0.045833333333333
10 0.112109375 0.83333333333333 0.03203125 0.047222222222222
10 0.984765625 0.6125 0.03046875 0.047222222222222
10 0.15703125 0.58819444444444 0.03125 0.045833333333333
10 0.34453125 0.73958333333333 0.03125 0.045833333333333
10 0.484765625 0.85555555555556 0.03203125 0.044444444444444
10 0.304296875 0.93958333333333 0.03046875 0.045833333333333
10 0.34609375 0.78680555555556 0.0296875 0.045833333333333
10 0.049609375 0.65 0.03046875 0.044444444444444
10 0.3703125 0.66736111111111 0.03125 0.043055555555556
10 0.219140625 0.40972222222222 0.02890625 0.044444444444444
10 0.691796875 0.58819444444444 0.03046875 0.043055555555556
10 0.793359375 0.76319444444444 0.02734375 0.043055555555556
10 0.41796875 0.011111111111111 0.0390625 0.022222222222222