10 0.79166666666667 0.37777777777778 0.029166666666667 0.046296296296296
10 0.81432291666667 0.24861111111111 0.030729166666667 0.050925925925926
10 0.5046875 0.44444444444444 0.044791666666667 0.07037037037037
10 0.87630208333333 0.51481481481481 0.0328125 0.05
10 0.51953125 0.71435185185185 0.027604166666667 0.039814814814815
10 0.10260416666667 0.85 0.022916666666667 0.033333333333333
10 0.69713541666667 0.59814814814815 0.025520833333333 0.037037037037037
10 0.51927083333333 0.87314814814815 0.023958333333333 0.033333333333333
10 0.53854166666667 0.44537037037037 0.019791666666667 0.027777777777778
10 0.40546875 0.85277777777778 0.021354166666667 0.031481481481481
10 0.52578125 0.87916666666667 0.0296875 0.041666666666667
10 0.57005208333333 0.54444444444444 0.024479166666667 0.035185185185185
10 0.48515625 0.81388888888889 0.025520833333333 0.037037037037037
10 0.43072916666667 0.88333333333333 0.021875 0.033333333333333
10 0.50494791666667 0.62916666666667 0.0234375 0.032407407407407
10 0.8140625 0.35740740740741 0.030208333333333 0.046296296296296
10 0.88932291666667 0.47638888888889 0.0703125 0.11388888888889
10 0.5625 0.49722222222222 0.027083333333333 0.038888888888889
10 0.50338541666667 0.53796296296296 0.033854166666667 0.051851851851852
10 0.45052083333333 0.69351851851852 0.029166666666667 0.042592592592593
10 0.7015625 0.5 0.034375 0.053703703703704
10 0.56432291666667 0.9212962962963 0.028645833333333 0.042592592592593
10 0.9859375 0.55648148148148 0.027083333333333 0.075925925925926
10 0.32994791666667 0.4375 0.019270833333333 0.026851851851852
10 0.77447916666667 0.58009259259259 0.028125 0.039814814814815
10 0.61197916666667 0.93611111111111 0.026041666666667 0.038888888888889
10 0.44140625 0.7462962962963 0.030729166666667 0.046296296296296
10 0.3515625 0.83425925925926 0.023958333333333 0.035185185185185
10 0.26380208333333 0.69305555555556 0.0234375 0.034259259259259
10 0.5375 0.625 0.020833333333333 0.031481481481481
10 0.36770833333333 0.96342592592593 0.055208333333333 0.075
10 0.528125 0.51388888888889 0.022916666666667 0.031481481481481
10 0.28880208333333 0.59768518518519 0.0203125 0.028703703703704
10 0.53854166666667 0.82222222222222 0.022916666666667 0.033333333333333
10 0.62083333333333 0.84305555555556 0.026041666666667 0.037962962962963
10 0.290625 0.81157407407407 0.029166666666667 0.041666666666667
10 0.78619791666667 0.15138888888889 0.028645833333333 0.043518518518519
10 0.49270833333333 0.79398148148148 0.03125 0.041666666666667
10 0.54244791666667 0.55231481481481 0.030729166666667 0.039814814814815
10 0.53333333333333 0.60092592592593 0.023958333333333 0.02962962962963
10 0.52109375 0.76388888888889 0.021354166666667 0.031481481481481
10 0.40442708333333 0.89166666666667 0.022395833333333 0.033333333333333
10 0.56848958333333 0.46018518518519 0.034895833333333 0.057407407407407
10 0.53567708333333 0.73148148148148 0.0234375 0.033333333333333
10 0.53411458333333 0.88472222222222 0.027604166666667 0.037962962962963
10 0.52213541666667 0.55046296296296 0.0265625 0.037962962962963
10 0.24036458333333 0.31435185185185 0.030729166666667 0.052777777777778
10 0.55651041666667 0.41203703703704 0.0265625 0.038888888888889
10 0.49557291666667 0.73611111111111 0.021354166666667 0.031481481481481
10 0.31145833333333 0.88518518518519 0.026041666666667 0.038888888888889
10 0.56666666666667 0.77638888888889 0.027083333333333 0.037962962962963
10 0.57604166666667 0.22777777777778 0.033333333333333 0.051851851851852
10 0.58177083333333 0.59259259259259 0.021875 0.031481481481481
10 0.87005208333333 0.78194444444444 0.084895833333333 0.17314814814815
10 0.92239583333333 0.43657407407407 0.032291666666667 0.049074074074074
10 0.74791666666667 0.74398148148148 0.028125 0.041666666666667
10 0.31119791666667 0.9087962962963 0.025520833333333 0.039814814814815
10 0.52630208333333 0.26157407407407 0.028645833333333 0.041666666666667
10 0.98125 0.69814814814815 0.032291666666667 0.05
10 0.42604166666667 0.78009259259259 0.021875 0.032407407407407
10 0.70390625 0.46805555555556 0.040104166666667 0.065740740740741
10 0.5734375 0.85740740740741 0.030208333333333 0.037037037037037
10 0.43723958333333 0.82268518518519 0.0234375 0.034259259259259
10 0.12421875 0.63472222222222 0.025520833333333 0.039814814814815
10 0.5078125 0.68611111111111 0.023958333333333 0.035185185185185
10 0.56276041666667 0.86388888888889 0.025520833333333 0.035185185185185
10 0.43880208333333 0.90925925925926 0.024479166666667 0.035185185185185
10 0.59296875 0.81898148148148 0.024479166666667 0.036111111111111
10 0.58098958333333 0.85324074074074 0.021354166666667 0.030555555555556
10 0.61979166666667 0.31435185185185 0.028125 0.043518518518519
10 0.46510416666667 0.86944444444444 0.022916666666667 0.035185185185185