10 0.68125 0.4 0.059375 0.083333333333333
10 0.334375 0.79930555555556 0.0640625 0.079166666666667
10 0.017578125 0.86875 0.03515625 0.073611111111111
10 0.72578125 0.95763888888889 0.05625 0.079166666666667
10 0.72890625 0.55555555555556 0.090625 0.13888888888889
10 0.583203125 0.98194444444444 0.05546875 0.036111111111111
10 0.566796875 0.92152777777778 0.04765625 0.059722222222222
10 0.365625 0.31319444444444 0.08125 0.1125
10 0.84765625 0.029166666666667 0.0671875 0.058333333333333
10 0.988671875 0.36180555555556 0.02109375 0.073611111111111
10 0.270703125 0.21041666666667 0.06640625 0.090277777777778
10 0.454296875 0.975 0.05859375 0.047222222222222
10 0.85859375 0.63819444444444 0.059375 0.073611111111111
10 0.892578125 0.57708333333333 0.06171875 0.079166666666667
10 0.665625 0.16388888888889 0.0609375 0.086111111111111
10 0.109765625 0.62777777777778 0.06640625 0.091666666666667
10 0.725 0.42569444444444 0.1140625 0.13472222222222
10 0.98515625 0.32916666666667 0.0296875 0.11944444444444
10 0.5 0.52777777777778 0.0546875 0.080555555555556
10 0.916796875 0.35694444444444 0.06484375 0.094444444444444
10 0.5734375 0.48680555555556 0.053125 0.073611111111111
10 0.476171875 0.60833333333333 0.04765625 0.061111111111111
10 0.830859375 0.11944444444444 0.07890625 0.1
10 0.74453125 0.51805555555556 0.05 0.069444444444444
10 0.511328125 0.60902777777778 0.05703125 0.070833333333333
10 0.664453125 0.51180555555556 0.04765625 0.065277777777778
10 0.725390625 0.71666666666667 0.06171875 0.080555555555556
10 0.81640625 0.54166666666667 0.1078125 0.175
10 0.62109375 0.23888888888889 0.06875 0.091666666666667
10 0.591796875 0.55347222222222 0.07890625 0.12638888888889
10 0.386328125 0.81944444444444 0.06015625 0.075
10 0.85078125 0.73680555555556 0.184375 0.1875
10 0.5875 0.34652777777778 0.065625 0.093055555555556
10 0.219140625 0.28263888888889 0.05859375 0.079166666666667
10 0.68125 0.28958333333333 0.1328125 0.1625
10 0.770703125 0.62777777777778 0.05234375 0.069444444444444
10 0.89609375 0.46041666666667 0.0796875 0.095833333333333
10 0.1828125 0.85069444444444 0.0515625 0.065277777777778
10 0.469921875 0.24930555555556 0.11015625 0.14583333333333
10 0.6375 0.71597222222222 0.0765625 0.11527777777778
10 0.751171875 0.81319444444444 0.04765625 0.0625
10 0.43984375 0.7 0.059375 0.075
10 0.5328125 0.25069444444444 0.0609375 0.081944444444444
10 0.508203125 0.25069444444444 0.10234375 0.1125
10 0.82421875 0.27222222222222 0.06875 0.088888888888889
10 0.974609375 0.54791666666667 0.05078125 0.11527777777778
10 0.543359375 0.81458333333333 0.07890625 0.10416666666667
10 0.467578125 0.41944444444444 0.06640625 0.086111111111111
10 0.376953125 0.43680555555556 0.06796875 0.093055555555556
10 0.4265625 0.58194444444444 0.071875 0.10555555555556