10 0.887890625 0.50625 0.03984375 0.051388888888889
10 0.637890625 0.31875 0.03046875 0.040277777777778
6 0.846484375 0.47986111111111 0.03828125 0.045833333333333
6 0.873046875 0.44861111111111 0.04609375 0.055555555555556
10 0.836328125 0.58472222222222 0.03671875 0.044444444444444
10 0.425 0.34166666666667 0.334375 0.60833333333333
10 0.78515625 0.23055555555556 0.378125 0.46111111111111
10 0.801171875 0.47569444444444 0.03515625 0.045833333333333
10 0.6625 0.26597222222222 0.0421875 0.054166666666667
10 0.423828125 0.29930555555556 0.34453125 0.52083333333333
10 0.7953125 0.23541666666667 0.403125 0.47083333333333
10 0.872265625 0.44861111111111 0.04765625 0.061111111111111
10 0.8875 0.50625 0.040625 0.056944444444444
10 0.820703125 0.52569444444444 0.04609375 0.054166666666667
10 0.6640625 0.26527777777778 0.0421875 0.05
10 0.850390625 0.47916666666667 0.03671875 0.052777777777778
10 0.68203125 0.39027777777778 0.034375 0.047222222222222
10 0.70703125 0.47916666666667 0.0375 0.044444444444444
10 0.835546875 0.58402777777778 0.03359375 0.045833333333333
10 0.80078125 0.47569444444444 0.034375 0.045833333333333
10 0.740234375 0.49652777777778 0.03359375 0.045833333333333
10 0.892578125 0.33263888888889 0.03359375 0.045833333333333
10 0.869140625 0.40902777777778 0.03203125 0.043055555555556
10 0.8328125 0.47777777777778 0.034375 0.044444444444444
10 0.846484375 0.41180555555556 0.03046875 0.043055555555556
10 0.848828125 0.52847222222222 0.03203125 0.040277777777778
10 0.696875 0.22152777777778 0.0296875 0.040277777777778
10 0.637890625 0.31736111111111 0.02890625 0.040277777777778
10 0.743359375 0.14375 0.02890625 0.040277777777778
10 0.662890625 0.2375 0.02734375 0.038888888888889
10 0.72734375 0.41597222222222 0.028125 0.0375
10 0.7203125 0.45972222222222 0.0265625 0.038888888888889
10 0.814453125 0.44861111111111 0.02734375 0.036111111111111
10 0.71640625 0.50833333333333 0.0265625 0.036111111111111
10 0.658984375 0.35972222222222 0.02578125 0.036111111111111
10 0.834765625 0.41736111111111 0.02578125 0.034722222222222
10 0.704296875 0.41666666666667 0.02421875 0.036111111111111
10 0.74609375 0.52083333333333 0.025 0.033333333333333
10 0.7125 0.37222222222222 0.025 0.033333333333333
10 0.732421875 0.63819444444444 0.02578125 0.031944444444444
10 0.73828125 0.54166666666667 0.0203125 0.030555555555556
10 0.7421875 0.56805555555556 0.0234375 0.030555555555556
10 0.796484375 0.26319444444444 0.40546875 0.52638888888889
10 0.4265625 0.29513888888889 0.3421875 0.52083333333333
10 0.872265625 0.44652777777778 0.04921875 0.065277777777778
10 0.8375 0.52569444444444 0.0609375 0.048611111111111
10 0.818359375 0.52569444444444 0.04453125 0.056944444444444
10 0.66328125 0.26527777777778 0.0421875 0.055555555555556
10 0.887890625 0.50625 0.03828125 0.054166666666667
10 0.8375 0.47777777777778 0.0359375 0.05
10 0.851171875 0.47986111111111 0.03515625 0.048611111111111
10 0.68984375 0.35347222222222 0.034375 0.048611111111111
10 0.80078125 0.47569444444444 0.0328125 0.045833333333333
10 0.740625 0.49652777777778 0.0328125 0.045833333333333
10 0.868359375 0.40902777777778 0.03203125 0.045833333333333
10 0.68203125 0.39097222222222 0.0328125 0.043055555555556
10 0.89296875 0.33194444444444 0.03125 0.044444444444444
10 0.83515625 0.58402777777778 0.03125 0.043055555555556
10 0.703125 0.47847222222222 0.03125 0.043055555555556
10 0.712890625 0.48402777777778 0.02734375 0.043055555555556
10 0.85 0.52777777777778 0.03125 0.041666666666667
10 0.69765625 0.22152777777778 0.0296875 0.040277777777778
10 0.74375 0.14375 0.028125 0.040277777777778
10 0.662890625 0.2375 0.02890625 0.038888888888889
10 0.719921875 0.46041666666667 0.02734375 0.040277777777778
10 0.6375 0.31805555555556 0.028125 0.038888888888889
10 0.726953125 0.41597222222222 0.02734375 0.0375
10 0.814453125 0.44791666666667 0.02734375 0.0375
10 0.820703125 0.35416666666667 0.02734375 0.036111111111111
10 0.704296875 0.41597222222222 0.02421875 0.034722222222222
10 0.74609375 0.52152777777778 0.0265625 0.034722222222222
10 0.715625 0.50833333333333 0.025 0.033333333333333
10 0.834765625 0.41666666666667 0.02578125 0.036111111111111
10 0.712890625 0.37222222222222 0.02421875 0.033333333333333
10 0.74140625 0.56805555555556 0.025 0.030555555555556