10 0.43515625 0.30555555555556 0.0296875 0.047222222222222
10 0.462109375 0.099305555555556 0.02734375 0.040277777777778
10 0.58046875 0.21597222222222 0.03125 0.043055555555556
10 0.415625 0.19166666666667 0.05 0.075
10 0.632421875 0.25902777777778 0.03046875 0.040277777777778
10 0.5875 0.081944444444444 0.0296875 0.044444444444444
10 0.351171875 0.094444444444444 0.03203125 0.05
10 0.632421875 0.475 0.03515625 0.052777777777778
10 0.269140625 0.11527777777778 0.03359375 0.055555555555556
10 0.2328125 0.24305555555556 0.0296875 0.05
10 0.416796875 0.11666666666667 0.03359375 0.047222222222222
10 0.26796875 0.22291666666667 0.0328125 0.051388888888889
10 0.272265625 0.28125 0.03984375 0.068055555555556
10 0.358203125 0.27222222222222 0.02734375 0.041666666666667
10 0.24921875 0.19722222222222 0.0359375 0.058333333333333
10 0.2609375 0.072222222222222 0.0296875 0.055555555555556
10 0.32890625 0.20972222222222 0.034375 0.055555555555556
10 0.334765625 0.17569444444444 0.03359375 0.054166666666667