10 0.74765625 0.44212962962963 0.10052083333333 0.11944444444444
10 0.971875 0.16111111111111 0.055208333333333 0.13148148148148
10 0.11744791666667 0.33101851851852 0.096354166666667 0.15092592592593
10 0.095052083333333 0.36435185185185 0.15364583333333 0.18981481481481
10 0.98072916666667 0.50462962962963 0.035416666666667 0.068518518518519
10 0.24166666666667 0.42407407407407 0.18229166666667 0.21111111111111
10 0.59609375 0.29953703703704 0.078645833333333 0.099074074074074
10 0.88828125 0.4787037037037 0.077604166666667 0.10555555555556
10 0.65625 0.31805555555556 0.064583333333333 0.09537037037037
10 0.94244791666667 0.38472222222222 0.11197916666667 0.15462962962963
10 0.43489583333333 0.37037037037037 0.246875 0.26851851851852
10 0.80442708333333 0.34861111111111 0.1109375 0.11759259259259
10 0.7328125 0.28009259259259 0.051041666666667 0.069444444444444