10 0.658203125 0.67083333333333 0.13671875 0.25
10 0.63671875 0.59930555555556 0.11875 0.17638888888889
10 0.667578125 0.7125 0.09296875 0.15277777777778
10 0.60859375 0.42222222222222 0.140625 0.23611111111111
10 0.805859375 0.48125 0.08671875 0.10972222222222
10 0.503515625 0.2375 0.06640625 0.14166666666667
10 0.45859375 0.46111111111111 0.0734375 0.091666666666667
10 0.241015625 0.29444444444444 0.06484375 0.094444444444444
10 0.330859375 0.28888888888889 0.05390625 0.077777777777778
10 0.716796875 0.63125 0.05703125 0.076388888888889
10 0.24375 0.76388888888889 0.0515625 0.080555555555556
10 0.63828125 0.88333333333333 0.059375 0.069444444444444
10 0.854296875 0.58541666666667 0.05234375 0.073611111111111
10 0.882421875 0.56388888888889 0.05078125 0.072222222222222
10 0.58125 0.3375 0.05 0.075
10 0.824609375 0.48888888888889 0.05078125 0.072222222222222
10 0.5109375 0.55138888888889 0.05 0.072222222222222
10 0.278125 0.27777777777778 0.0484375 0.072222222222222
10 0.5 0.20972222222222 0.046875 0.072222222222222
10 0.57578125 0.48611111111111 0.046875 0.072222222222222
10 0.8296875 0.29027777777778 0.046875 0.066666666666667
10 0.57734375 0.78888888888889 0.0453125 0.063888888888889
10 0.781640625 0.61041666666667 0.04765625 0.059722222222222
10 0.736328125 0.43125 0.04296875 0.065277777777778
10 0.702734375 0.96527777777778 0.04921875 0.055555555555556
10 0.608203125 0.52083333333333 0.04453125 0.055555555555556
10 0.740625 0.68055555555556 0.0421875 0.05