11 0.744140625 0.69722222222222 0.04453125 0.066666666666667
11 0.8125 0.225 0.3328125 0.45
11 0.6 0.43472222222222 0.040625 0.066666666666667
11 0.719140625 0.26805555555556 0.04609375 0.075
11 0.826953125 0.41041666666667 0.03828125 0.056944444444444
11 0.7671875 0.67638888888889 0.03125 0.047222222222222
11 0.642578125 0.28819444444444 0.03515625 0.056944444444444
11 0.812109375 0.56805555555556 0.04765625 0.072222222222222
11 0.660546875 0.51388888888889 0.03828125 0.061111111111111
11 0.695703125 0.54583333333333 0.02890625 0.044444444444444
11 0.364453125 0.40277777777778 0.28046875 0.55
11 0.72265625 0.62222222222222 0.040625 0.058333333333333
11 0.675390625 0.78819444444444 0.03046875 0.043055555555556
11 0.60390625 0.38402777777778 0.0265625 0.043055555555556
11 0.846484375 0.49444444444444 0.02890625 0.041666666666667
11 0.276171875 0.18541666666667 0.03359375 0.045833333333333
11 0.68359375 0.65416666666667 0.03125 0.044444444444444
11 0.6984375 0.7 0.0296875 0.044444444444444
11 0.7265625 0.66458333333333 0.0328125 0.048611111111111
11 0.93203125 0.5125 0.0328125 0.052777777777778
11 0.848828125 0.58611111111111 0.03359375 0.05
11 0.769921875 0.57361111111111 0.04140625 0.063888888888889
11 0.842578125 0.51875 0.03046875 0.048611111111111
11 0.65625 0.26041666666667 0.0484375 0.070833333333333
11 0.600390625 0.29930555555556 0.03046875 0.048611111111111