10 0.3609375 0.3625 0.055208333333333 0.073148148148148
10 0.41197916666667 0.16898148148148 0.063541666666667 0.091666666666667
10 0.36979166666667 0.53842592592593 0.13854166666667 0.19537037037037
10 0.50364583333333 0.024537037037037 0.041666666666667 0.049074074074074
10 0.40572916666667 0.27638888888889 0.039583333333333 0.050925925925926
10 0.74479166666667 0.54444444444444 0.17291666666667 0.16851851851852
10 0.35078125 0.22037037037037 0.040104166666667 0.055555555555556
10 0.39348958333333 0.038425925925926 0.11614583333333 0.076851851851852
10 0.37760416666667 0.28194444444444 0.05 0.065740740740741
10 0.39401041666667 0.81759259259259 0.056770833333333 0.061111111111111
10 0.14661458333333 0.70231481481481 0.0421875 0.050925925925926
10 0.17447916666667 0.71990740740741 0.140625 0.14907407407407
10 0.9125 0.56527777777778 0.039583333333333 0.05462962962963
10 0.24453125 0.79212962962963 0.083854166666667 0.087962962962963
10 0.61197916666667 0.84861111111111 0.15416666666667 0.20277777777778
10 0.094010416666667 0.91481481481481 0.0453125 0.051851851851852
10 0.59192708333333 0.037037037037037 0.075520833333333 0.074074074074074
10 0.71796875 0.22361111111111 0.041145833333333 0.05462962962963
10 0.1609375 0.38796296296296 0.052083333333333 0.081481481481481
10 0.67708333333333 0.085185185185185 0.058333333333333 0.068518518518519
10 0.821875 0.17175925925926 0.047916666666667 0.058333333333333
10 0.090104166666667 0.91203703703704 0.066666666666667 0.07962962962963
10 0.39036458333333 0.92638888888889 0.049479166666667 0.052777777777778
10 0.19322916666667 0.065740740740741 0.040625 0.072222222222222
10 0.40520833333333 0.71435185185185 0.051041666666667 0.062037037037037
10 0.43984375 0.35462962962963 0.0453125 0.057407407407407
10 0.13671875 0.18101851851852 0.053645833333333 0.087962962962963
10 0.91484375 0.79305555555556 0.0484375 0.063888888888889
10 0.61796875 0.13101851851852 0.072395833333333 0.084259259259259
10 0.40208333333333 0.28287037037037 0.059375 0.075
10 0.36640625 0.47731481481481 0.066145833333333 0.067592592592593
10 0.52447916666667 0.25787037037037 0.10625 0.15648148148148
10 0.57604166666667 0.2162037037037 0.042708333333333 0.060185185185185
10 0.66145833333333 0.34398148148148 0.066666666666667 0.076851851851852
10 0.077604166666667 0.91527777777778 0.10520833333333 0.12685185185185
10 0.66432291666667 0.375 0.1109375 0.14259259259259
10 0.91901041666667 0.76759259259259 0.0953125 0.16481481481481
10 0.29947916666667 0.42638888888889 0.058333333333333 0.073148148148148
10 0.11119791666667 0.15416666666667 0.11614583333333 0.19351851851852
10 0.75807291666667 0.5412037037037 0.040104166666667 0.050925925925926
10 0.59479166666667 0.57638888888889 0.048958333333333 0.058333333333333
10 0.78098958333333 0.019444444444444 0.0515625 0.038888888888889