10 0.705078125 0.65416666666667 0.05078125 0.055555555555556
10 0.78203125 0.61458333333333 0.0484375 0.0625
10 0.587890625 0.42291666666667 0.04921875 0.059722222222222
10 0.75390625 0.43125 0.0375 0.048611111111111
10 0.823828125 0.23194444444444 0.29296875 0.46388888888889
10 0.610546875 0.45972222222222 0.03984375 0.047222222222222
10 0.5578125 0.25625 0.034375 0.048611111111111
10 0.348828125 0.48541666666667 0.28046875 0.53194444444444
10 0.76875 0.71805555555556 0.0375 0.044444444444444
10 0.675390625 0.28472222222222 0.03984375 0.055555555555556
10 0.78359375 0.57152777777778 0.034375 0.040277777777778
10 0.808203125 0.45763888888889 0.03984375 0.048611111111111
10 0.851953125 0.60763888888889 0.03984375 0.048611111111111
10 0.8046875 0.63263888888889 0.0390625 0.043055555555556
10 0.2765625 0.27777777777778 0.03125 0.038888888888889
10 0.659765625 0.69513888888889 0.03671875 0.045833333333333
10 0.67578125 0.8125 0.0328125 0.041666666666667
10 0.733203125 0.70972222222222 0.06953125 0.075
10 0.6953125 0.52152777777778 0.0375 0.043055555555556
10 0.741015625 0.25 0.04609375 0.061111111111111
10 0.659765625 0.18125 0.06015625 0.076388888888889
10 0.598828125 0.18194444444444 0.04765625 0.066666666666667
10 0.777734375 0.25347222222222 0.04296875 0.059722222222222
10 0.673046875 0.72986111111111 0.03671875 0.043055555555556
10 0.78203125 0.47777777777778 0.0421875 0.05
10 0.943359375 0.53263888888889 0.03515625 0.040277777777778
10 0.563671875 0.38680555555556 0.03203125 0.043055555555556
10 0.815625 0.56041666666667 0.05 0.059722222222222