10 0.384375 0.38472222222222 0.27395833333333 0.31944444444444
10 0.8953125 0.36712962962963 0.1625 0.23796296296296
10 0.077864583333333 0.38055555555556 0.15572916666667 0.21851851851852
10 0.74348958333333 0.44490740740741 0.1203125 0.18425925925926
10 0.28463541666667 0.34398148148148 0.1296875 0.14166666666667
10 0.19244791666667 0.40833333333333 0.15364583333333 0.17962962962963
10 0.80130208333333 0.37546296296296 0.0921875 0.14166666666667
10 0.28489583333333 0.4287037037037 0.12083333333333 0.13333333333333
10 0.11197916666667 0.28935185185185 0.1 0.11759259259259
10 0.97317708333333 0.16574074074074 0.0546875 0.17777777777778
10 0.60260416666667 0.33564814814815 0.079166666666667 0.11944444444444
10 0.70078125 0.28611111111111 0.056770833333333 0.090740740740741
10 0.69895833333333 0.36666666666667 0.053125 0.074074074074074