10 0.63723958333333 0.31435185185185 0.063020833333333 0.073148148148148
10 0.73385416666667 0.88842592592593 0.10416666666667 0.13796296296296
10 0.74296875 0.34444444444444 0.0359375 0.053703703703704
10 0.64739583333333 0.89675925925926 0.042708333333333 0.052777777777778
10 0.58567708333333 0.60138888888889 0.0421875 0.056481481481481
10 0.64296875 0.39722222222222 0.036979166666667 0.061111111111111
10 0.78619791666667 0.4462962962963 0.1203125 0.18703703703704
10 0.69036458333333 0.23796296296296 0.040104166666667 0.053703703703704
10 0.63958333333333 0.5037037037037 0.04375 0.062962962962963
10 0.68046875 0.28657407407407 0.036979166666667 0.049074074074074
10 0.56979166666667 0.37175925925926 0.035416666666667 0.05462962962963
10 0.96432291666667 0.13888888888889 0.071354166666667 0.094444444444444
10 0.95625 0.04212962962963 0.039583333333333 0.062037037037037
10 0.68854166666667 0.13425925925926 0.033333333333333 0.053703703703704
10 0.62864583333333 0.3 0.041666666666667 0.061111111111111