10 0.48567708333333 0.92268518518519 0.025520833333333 0.032407407407407
10 0.77604166666667 0.2375 0.029166666666667 0.043518518518519
10 0.88020833333333 0.52314814814815 0.032291666666667 0.044444444444444
10 0.65625 0.69305555555556 0.029166666666667 0.039814814814815
10 0.40286458333333 0.9662037037037 0.025520833333333 0.032407407407407
10 0.53854166666667 0.3037037037037 0.035416666666667 0.053703703703704
10 0.28020833333333 0.83703703703704 0.025 0.035185185185185
10 0.59505208333333 0.89953703703704 0.030729166666667 0.041666666666667
10 0.5203125 0.53333333333333 0.032291666666667 0.044444444444444
10 0.53515625 0.83981481481481 0.028645833333333 0.037037037037037
10 0.27526041666667 0.96018518518519 0.024479166666667 0.035185185185185
10 0.2515625 0.71574074074074 0.025 0.035185185185185
10 0.22239583333333 0.38055555555556 0.030208333333333 0.048148148148148
10 0.49427083333333 0.92731481481481 0.034375 0.039814814814815
10 0.74947916666667 0.67222222222222 0.025 0.035185185185185
10 0.51744791666667 0.60555555555556 0.033854166666667 0.042592592592593
10 0.89479166666667 0.56666666666667 0.071875 0.10555555555556
10 0.94583333333333 0.60231481481481 0.04375 0.062037037037037
10 0.56380208333333 0.33101851851852 0.0296875 0.043518518518519
10 0.98880208333333 0.17638888888889 0.021354166666667 0.052777777777778
10 0.63515625 0.085185185185185 0.028645833333333 0.044444444444444
10 0.3234375 0.89259259259259 0.023958333333333 0.033333333333333
10 0.73046875 0.82592592592593 0.0265625 0.037037037037037
10 0.47942708333333 0.67592592592593 0.027604166666667 0.035185185185185
10 0.77421875 0.43518518518519 0.034895833333333 0.051851851851852
10 0.49401041666667 0.73009259259259 0.024479166666667 0.037962962962963
10 0.45260416666667 0.8712962962963 0.028125 0.037037037037037
10 0.14088541666667 0.65324074074074 0.028645833333333 0.037962962962963
10 0.28776041666667 0.61574074074074 0.022395833333333 0.031481481481481
10 0.52630208333333 0.91157407407407 0.024479166666667 0.030555555555556
10 0.86848958333333 0.77824074074074 0.0640625 0.087962962962963
10 0.84375 0.88611111111111 0.053125 0.10740740740741
10 0.85677083333333 0.56990740740741 0.033333333333333 0.049074074074074
10 0.57916666666667 0.57916666666667 0.026041666666667 0.036111111111111
10 0.48515625 0.80416666666667 0.027604166666667 0.036111111111111
10 0.42890625 0.8087962962963 0.024479166666667 0.034259259259259
10 0.42916666666667 0.90648148148148 0.025 0.035185185185185
10 0.66458333333333 0.57222222222222 0.047916666666667 0.066666666666667
10 0.5609375 0.89027777777778 0.036458333333333 0.04537037037037
10 0.7953125 0.34490740740741 0.029166666666667 0.041666666666667
10 0.27265625 0.9337962962963 0.025520833333333 0.036111111111111
10 0.58854166666667 0.51574074074074 0.027083333333333 0.037037037037037
10 0.45572916666667 0.53518518518519 0.035416666666667 0.051851851851852
10 0.68411458333333 0.046759259259259 0.091145833333333 0.093518518518519
10 0.63020833333333 0.38842592592593 0.023958333333333 0.036111111111111
10 0.4859375 0.60138888888889 0.023958333333333 0.030555555555556
10 0.07890625 0.86898148148148 0.0234375 0.030555555555556
10 0.98255208333333 0.77037037037037 0.036979166666667 0.057407407407407
10 0.46276041666667 0.84212962962963 0.030729166666667 0.037962962962963
10 0.95234375 0.75555555555556 0.0328125 0.05
10 0.40494791666667 0.8375 0.024479166666667 0.032407407407407
10 0.98671875 0.25138888888889 0.027604166666667 0.050925925925926
10 0.34479166666667 0.94027777777778 0.055208333333333 0.080555555555556
10 0.40208333333333 0.88981481481481 0.026041666666667 0.035185185185185
10 0.50520833333333 0.93425925925926 0.030208333333333 0.037037037037037