10 0.5734375 0.26666666666667 0.021875 0.030555555555556
10 0.559765625 0.34305555555556 0.02421875 0.030555555555556
10 0.6109375 0.39305555555556 0.025 0.033333333333333
10 0.59140625 0.59236111111111 0.021875 0.029166666666667
10 0.571875 0.6625 0.0359375 0.047222222222222
10 0.626953125 0.82638888888889 0.03828125 0.044444444444444
10 0.558984375 0.53125 0.03203125 0.040277777777778
10 0.62578125 0.33819444444444 0.021875 0.026388888888889
10 0.543359375 0.55833333333333 0.02890625 0.036111111111111
10 0.58671875 0.74444444444444 0.034375 0.038888888888889
10 0.590625 0.49513888888889 0.028125 0.0375
10 0.606640625 0.85069444444444 0.02265625 0.029166666666667
10 0.55703125 0.47152777777778 0.028125 0.034722222222222
10 0.584375 0.83819444444444 0.0234375 0.029166666666667
10 0.5546875 0.67083333333333 0.0234375 0.027777777777778
10 0.613671875 0.71805555555556 0.02734375 0.033333333333333
10 0.556640625 0.40486111111111 0.02578125 0.031944444444444
10 0.558203125 0.74236111111111 0.02578125 0.031944444444444
10 0.532421875 0.64027777777778 0.02890625 0.038888888888889
10 0.53984375 0.60347222222222 0.0265625 0.034722222222222
10 0.598046875 0.62152777777778 0.02421875 0.029166666666667
10 0.56015625 0.575 0.028125 0.036111111111111