10 0.8125 0.53888888888889 0.0515625 0.063888888888889
10 0.76875 0.36944444444444 0.103125 0.13888888888889
10 0.574609375 0.077777777777778 0.05859375 0.094444444444444
10 0.77734375 0.75902777777778 0.0421875 0.056944444444444
10 0.7703125 0.44027777777778 0.059375 0.075
10 0.92578125 0.013888888888889 0.0453125 0.027777777777778
10 0.3671875 0.83541666666667 0.0703125 0.084722222222222
10 0.936328125 0.60763888888889 0.06015625 0.079166666666667
10 0.4984375 0.62222222222222 0.0640625 0.083333333333333
10 0.628515625 0.75625 0.07109375 0.10138888888889
10 0.784375 0.61458333333333 0.0890625 0.12083333333333
10 0.638671875 0.6125 0.05546875 0.077777777777778
10 0.1140625 0.24513888888889 0.0515625 0.081944444444444
10 0.43046875 0.40277777777778 0.065625 0.088888888888889
10 0.810546875 0.39305555555556 0.05390625 0.075
10 0.737890625 0.54305555555556 0.06484375 0.086111111111111
10 0.712109375 0.72361111111111 0.04609375 0.058333333333333
10 0.545703125 0.32916666666667 0.09140625 0.13055555555556
10 0.925 0.48333333333333 0.09375 0.1
10 0.591015625 0.42083333333333 0.05390625 0.075
10 0.701171875 0.31041666666667 0.06640625 0.095833333333333
10 0.666796875 0.33541666666667 0.07890625 0.10694444444444
10 0.561328125 0.81805555555556 0.04921875 0.063888888888889
10 0.85078125 0.76666666666667 0.1421875 0.18888888888889
10 0.4515625 0.98055555555556 0.0546875 0.038888888888889
10 0.64375 0.57777777777778 0.0703125 0.10555555555556
10 0.703125 0.94861111111111 0.0515625 0.066666666666667
10 0.880859375 0.13888888888889 0.05703125 0.080555555555556
10 0.0453125 0.80555555555556 0.0734375 0.091666666666667
10 0.8578125 0.67361111111111 0.0546875 0.069444444444444
10 0.5484375 0.94930555555556 0.04375 0.056944444444444
10 0.74140625 0.66805555555556 0.04375 0.058333333333333
10 0.590625 0.65069444444444 0.04375 0.0625
10 0.390234375 0.38194444444444 0.06015625 0.086111111111111
10 0.948828125 0.063194444444444 0.09921875 0.11805555555556
10 0.399609375 0.44236111111111 0.04921875 0.068055555555556
10 0.777734375 0.21527777777778 0.06796875 0.091666666666667
10 0.74140625 0.80486111111111 0.0453125 0.059722222222222
10 0.871875 0.54652777777778 0.078125 0.090277777777778
10 0.3203125 0.41180555555556 0.0546875 0.084722222222222
10 0.01640625 0.81597222222222 0.0328125 0.059722222222222
10 0.45390625 0.575 0.0625 0.077777777777778
10 0.231640625 0.87638888888889 0.04921875 0.075
10 0.831640625 0.040972222222222 0.06796875 0.081944444444444
10 0.512109375 0.029861111111111 0.06171875 0.059722222222222
10 0.39921875 0.67291666666667 0.0453125 0.059722222222222
10 0.804296875 0.11041666666667 0.05703125 0.079166666666667
10 0.52265625 0.49166666666667 0.08125 0.10833333333333
10 0.5109375 0.72291666666667 0.04375 0.059722222222222
10 0.691015625 0.58125 0.05234375 0.073611111111111
10 0.973046875 0.40972222222222 0.05390625 0.10277777777778
10 0.496875 0.67847222222222 0.046875 0.065277777777778
10 0.415625 0.060416666666667 0.0609375 0.084722222222222
10 0.690625 0.51944444444444 0.0484375 0.069444444444444
10 0.211328125 0.72916666666667 0.05234375 0.072222222222222
10 0.698828125 0.41597222222222 0.07265625 0.10416666666667