11 0.797265625 0.17986111111111 0.06953125 0.10694444444444
11 0.644921875 0.90069444444444 0.09921875 0.14305555555556
11 0.9234375 0.87847222222222 0.075 0.098611111111111
11 0.68203125 0.28541666666667 0.059375 0.093055555555556
11 0.585546875 0.75208333333333 0.06640625 0.10416666666667
11 0.943359375 0.35208333333333 0.06015625 0.0875
11 0.323046875 0.39652777777778 0.06171875 0.073611111111111
11 0.664453125 0.78125 0.05703125 0.084722222222222
11 0.953515625 0.69583333333333 0.05546875 0.080555555555556
11 0.607421875 0.67986111111111 0.05078125 0.084722222222222
11 0.35 0.38888888888889 0.05625 0.075
11 0.576953125 0.37430555555556 0.05234375 0.073611111111111
11 0.57109375 0.63125 0.0484375 0.073611111111111
11 0.2421875 0.9125 0.0453125 0.075
11 0.62890625 0.26388888888889 0.046875 0.072222222222222
11 0.39921875 0.28819444444444 0.0453125 0.073611111111111
11 0.409765625 0.90277777777778 0.04765625 0.069444444444444
11 0.503515625 0.48611111111111 0.04921875 0.066666666666667
11 0.52734375 0.60416666666667 0.04375 0.072222222222222
11 0.9328125 0.57222222222222 0.04375 0.069444444444444
11 0.44921875 0.23958333333333 0.0453125 0.0625
11 0.370703125 0.78958333333333 0.04140625 0.068055555555556
11 0.5875 0.63055555555556 0.0421875 0.066666666666667
11 0.473828125 0.85208333333333 0.04140625 0.065277777777778
11 0.849609375 0.79305555555556 0.04296875 0.061111111111111
11 0.804296875 0.61736111111111 0.03984375 0.065277777777778
11 0.286328125 0.46736111111111 0.04140625 0.0625
11 0.753125 0.32638888888889 0.040625 0.063888888888889
11 0.411328125 0.93402777777778 0.04296875 0.056944444444444
11 0.44609375 0.75347222222222 0.04375 0.056944444444444
11 0.3984375 0.50972222222222 0.040625 0.061111111111111
11 0.325 0.32013888888889 0.040625 0.059722222222222
11 0.671875 0.33611111111111 0.0390625 0.061111111111111
11 0.313671875 0.30277777777778 0.04140625 0.058333333333333
11 0.834375 0.7375 0.0390625 0.061111111111111
11 0.618359375 0.30763888888889 0.03828125 0.0625
11 0.653125 0.62638888888889 0.040625 0.058333333333333
11 0.666015625 0.83333333333333 0.03984375 0.058333333333333
11 0.760546875 0.66041666666667 0.03828125 0.059722222222222
11 0.79453125 0.73333333333333 0.0390625 0.058333333333333
11 0.573828125 0.51458333333333 0.03984375 0.056944444444444
11 0.640234375 0.58819444444444 0.03984375 0.056944444444444
11 0.529296875 0.42361111111111 0.03828125 0.058333333333333
11 0.87578125 0.8375 0.0421875 0.052777777777778
11 0.83515625 0.55694444444444 0.0375 0.058333333333333
11 0.894140625 0.73472222222222 0.03515625 0.061111111111111
11 0.76171875 0.62152777777778 0.0375 0.056944444444444
11 0.927734375 0.83194444444444 0.03828125 0.055555555555556
11 0.512890625 0.13125 0.03828125 0.054166666666667
11 0.612890625 0.86527777777778 0.03828125 0.055555555555556
11 0.980078125 0.82638888888889 0.03515625 0.058333333333333
11 0.691015625 0.66111111111111 0.03515625 0.058333333333333
11 0.4109375 0.32291666666667 0.0375 0.054166666666667
11 0.502734375 0.60416666666667 0.03671875 0.055555555555556
11 0.68984375 0.88125 0.0375 0.054166666666667
11 0.807421875 0.31041666666667 0.03515625 0.056944444444444
11 0.75 0.39861111111111 0.0359375 0.055555555555556
11 0.735546875 0.88541666666667 0.03671875 0.054166666666667
11 0.392578125 0.98055555555556 0.05078125 0.038888888888889
11 0.672265625 0.52847222222222 0.03671875 0.054166666666667
11 0.91015625 0.019444444444444 0.05 0.038888888888889
11 0.719140625 0.40069444444444 0.03515625 0.054166666666667
11 0.617578125 0.74652777777778 0.03515625 0.054166666666667
11 0.70234375 0.62916666666667 0.0359375 0.052777777777778
11 0.715234375 0.82708333333333 0.03671875 0.051388888888889
11 0.240234375 0.43263888888889 0.03671875 0.051388888888889
11 0.6640625 0.72222222222222 0.0359375 0.052777777777778
11 0.777734375 0.34444444444444 0.03515625 0.052777777777778
11 0.53203125 0.3125 0.034375 0.052777777777778
11 0.718359375 0.66875 0.03515625 0.051388888888889
11 0.890234375 0.83541666666667 0.03515625 0.051388888888889
11 0.65078125 0.45486111111111 0.034375 0.051388888888889
11 0.710546875 0.34444444444444 0.03359375 0.05
11 0.688671875 0.49930555555556 0.03359375 0.048611111111111
11 0.178515625 0.94166666666667 0.03359375 0.047222222222222
11 0.158203125 0.62708333333333 0.03203125 0.048611111111111
11 0.79453125 0.37638888888889 0.0328125 0.047222222222222
11 0.475 0.57222222222222 0.0328125 0.047222222222222
11 0.198046875 0.65208333333333 0.03203125 0.045833333333333
11 0.581640625 0.97430555555556 0.03203125 0.045833333333333
11 0.653125 0.68541666666667 0.03125 0.045833333333333
11 0.55625 0.65763888888889 0.03125 0.045833333333333
11 0.692578125 0.56666666666667 0.03203125 0.044444444444444
11 0.524609375 0.52361111111111 0.03203125 0.044444444444444
11 0.3484375 0.47708333333333 0.0328125 0.043055555555556
11 0.673046875 0.45763888888889 0.03046875 0.045833333333333
11 0.48125 0.65277777777778 0.03125 0.044444444444444
11 0.40546875 0.13263888888889 0.0296875 0.045833333333333
11 0.547265625 0.82986111111111 0.03046875 0.043055555555556
11 0.60703125 0.7875 0.0296875 0.044444444444444
11 0.86875 0.52361111111111 0.028125 0.044444444444444
11 0.562109375 0.47708333333333 0.02890625 0.043055555555556
11 0.267578125 0.81041666666667 0.02890625 0.043055555555556
11 0.198046875 0.73263888888889 0.02890625 0.043055555555556
11 0.29921875 0.61388888888889 0.028125 0.041666666666667
11 0.255859375 0.83333333333333 0.02890625 0.041666666666667
11 0.2375 0.77916666666667 0.0296875 0.041666666666667
11 0.405859375 0.69791666666667 0.02890625 0.040277777777778
11 0.630078125 0.66041666666667 0.02890625 0.040277777777778
11 0.212890625 0.98472222222222 0.02890625 0.033333333333333