11 0.661328125 0.80138888888889 0.03984375 0.052777777777778
11 0.551953125 0.44097222222222 0.03828125 0.051388888888889
11 0.63828125 0.60694444444444 0.034375 0.044444444444444
11 0.5609375 0.66319444444444 0.03125 0.048611111111111
11 0.601953125 0.52986111111111 0.03203125 0.045833333333333
11 0.537109375 0.49930555555556 0.02890625 0.040277777777778
11 0.570703125 0.60555555555556 0.03203125 0.036111111111111
11 0.641015625 0.72152777777778 0.02890625 0.0375
11 0.59453125 0.94097222222222 0.0265625 0.040277777777778
11 0.541796875 0.51666666666667 0.02734375 0.038888888888889
11 0.53125 0.37986111111111 0.028125 0.0375
11 0.697265625 0.91458333333333 0.02734375 0.0375
11 0.619140625 0.43888888888889 0.02734375 0.036111111111111
11 0.658203125 0.88194444444444 0.02734375 0.036111111111111
11 0.61875 0.3875 0.0265625 0.036111111111111
11 0.5734375 0.56527777777778 0.025 0.036111111111111
11 0.617578125 0.67569444444444 0.02578125 0.034722222222222
11 0.619140625 0.71597222222222 0.02578125 0.034722222222222
11 0.67890625 0.79166666666667 0.0265625 0.033333333333333
11 0.61171875 0.69861111111111 0.0265625 0.033333333333333
11 0.5671875 0.49930555555556 0.025 0.034722222222222
11 0.59296875 0.64375 0.025 0.034722222222222
11 0.5703125 0.72986111111111 0.025 0.034722222222222
11 0.58203125 0.69791666666667 0.025 0.034722222222222
11 0.589453125 0.79097222222222 0.02421875 0.034722222222222
11 0.654296875 0.77916666666667 0.02421875 0.033333333333333
11 0.583203125 0.60416666666667 0.02421875 0.033333333333333
11 0.60859375 0.62152777777778 0.0234375 0.031944444444444
11 0.531640625 0.35625 0.02265625 0.031944444444444
11 0.5421875 0.60208333333333 0.021875 0.031944444444444
11 0.559375 0.92430555555556 0.021875 0.031944444444444
11 0.549609375 0.62013888888889 0.02109375 0.029166666666667
11 0.55078125 0.58263888888889 0.0203125 0.029166666666667
11 0.575 0.62777777777778 0.0203125 0.027777777777778
11 0.646484375 0.84722222222222 0.01953125 0.025