10 0.1484375 0.93194444444444 0.28958333333333 0.13611111111111
10 0.67734375 0.069444444444444 0.088020833333333 0.13888888888889
10 0.86276041666667 0.75648148148148 0.061979166666667 0.090740740740741
10 0.89427083333333 0.57916666666667 0.080208333333333 0.10092592592593
10 0.32239583333333 0.87592592592593 0.063541666666667 0.07962962962963
10 0.82239583333333 0.87361111111111 0.044791666666667 0.084259259259259
10 0.75494791666667 0.43240740740741 0.047395833333333 0.064814814814815
10 0.63984375 0.57916666666667 0.0421875 0.063888888888889
10 0.95651041666667 0.75509259259259 0.0390625 0.056481481481481
10 0.4234375 0.5375 0.034375 0.050925925925926
10 0.97317708333333 0.16574074074074 0.031770833333333 0.044444444444444
10 0.51119791666667 0.30138888888889 0.031770833333333 0.050925925925926
10 0.96744791666667 0.2375 0.033854166666667 0.050925925925926
10 0.846875 0.52638888888889 0.03125 0.043518518518519
10 0.84010416666667 0.55648148148148 0.030208333333333 0.044444444444444
10 0.82135416666667 0.85787037037037 0.029166666666667 0.04537037037037
10 0.49036458333333 0.52962962962963 0.030729166666667 0.042592592592593
10 0.62916666666667 0.10231481481481 0.030208333333333 0.043518518518519
10 0.44322916666667 0.82916666666667 0.028125 0.043518518518519
10 0.20625 0.38009259259259 0.029166666666667 0.043518518518519
10 0.71588541666667 0.82777777777778 0.0296875 0.040740740740741
10 0.98411458333333 0.43842592592593 0.027604166666667 0.041666666666667
10 0.93385416666667 0.74768518518519 0.028125 0.039814814814815
10 0.76119791666667 0.25 0.027604166666667 0.040740740740741
10 0.54322916666667 0.88009259259259 0.028125 0.037962962962963
10 0.25260416666667 0.91712962962963 0.027083333333333 0.037962962962963
10 0.59244791666667 0.52824074074074 0.0265625 0.037962962962963
10 0.51458333333333 0.83425925925926 0.027083333333333 0.037037037037037
10 0.57213541666667 0.33055555555556 0.024479166666667 0.040740740740741
10 0.57864583333333 0.88703703703704 0.027083333333333 0.037037037037037
10 0.5765625 0.57824074074074 0.026041666666667 0.037962962962963
10 0.14401041666667 0.63472222222222 0.0265625 0.036111111111111
10 0.77916666666667 0.3587962962963 0.025 0.037962962962963
10 0.38333333333333 0.88518518518519 0.025 0.037037037037037
10 0.46067708333333 0.66157407407407 0.025520833333333 0.036111111111111
10 0.38125 0.9537037037037 0.026041666666667 0.035185185185185
10 0.4328125 0.86342592592593 0.026041666666667 0.034259259259259
10 0.50494791666667 0.61527777777778 0.025520833333333 0.034259259259259
10 0.41822916666667 0.80509259259259 0.023958333333333 0.036111111111111
10 0.72864583333333 0.68240740740741 0.023958333333333 0.035185185185185
10 0.47473958333333 0.59259259259259 0.0265625 0.031481481481481
10 0.62317708333333 0.39027777777778 0.024479166666667 0.034259259259259
10 0.4109375 0.88842592592593 0.025 0.032407407407407
10 0.50364583333333 0.89768518518519 0.023958333333333 0.034259259259259
10 0.41041666666667 0.8587962962963 0.025 0.032407407407407
10 0.24036458333333 0.69027777777778 0.0234375 0.034259259259259
10 0.5078125 0.77407407407407 0.023958333333333 0.033333333333333
10 0.575 0.98472222222222 0.026041666666667 0.030555555555556
10 0.064583333333333 0.84305555555556 0.025 0.030555555555556
10 0.38880208333333 0.83009259259259 0.0234375 0.032407407407407
10 0.47161458333333 0.80324074074074 0.0234375 0.032407407407407
10 0.26953125 0.81481481481481 0.0234375 0.031481481481481
10 0.48723958333333 0.91851851851852 0.024479166666667 0.02962962962963
10 0.62864583333333 0.70185185185185 0.022916666666667 0.031481481481481
10 0.25494791666667 0.94675925925926 0.0234375 0.030555555555556
10 0.50260416666667 0.68101851851852 0.021875 0.032407407407407
10 0.51848958333333 0.98472222222222 0.024479166666667 0.028703703703704
10 0.28229166666667 0.59074074074074 0.022916666666667 0.02962962962963
10 0.51901041666667 0.58981481481481 0.021354166666667 0.031481481481481
10 0.46588541666667 0.90740740740741 0.022395833333333 0.02962962962963
10 0.34869791666667 0.92777777777778 0.022395833333333 0.02962962962963
10 0.54322916666667 0.65787037037037 0.020833333333333 0.028703703703704
10 0.50052083333333 0.64953703703704 0.020833333333333 0.028703703703704
10 0.37135416666667 0.91388888888889 0.020833333333333 0.027777777777778
10 0.48151041666667 0.7287037037037 0.0203125 0.027777777777778
10 0.48671875 0.59305555555556 0.019270833333333 0.028703703703704
10 0.4734375 0.70555555555556 0.019791666666667 0.027777777777778
10 0.47109375 0.56064814814815 0.0203125 0.026851851851852
10 0.39505208333333 0.72361111111111 0.019270833333333 0.026851851851852
10 0.41744791666667 0.72731481481481 0.019270833333333 0.026851851851852
10 0.38932291666667 0.775 0.019270833333333 0.025925925925926
10 0.49296875 0.75462962962963 0.019270833333333 0.025925925925926
10 0.48828125 0.85231481481481 0.018229166666667 0.025
10 0.47421875 0.77824074074074 0.018229166666667 0.025
10 0.49114583333333 0.56759259259259 0.01875 0.025925925925926
10 0.47317708333333 0.64490740740741 0.018229166666667 0.025
10 0.35677083333333 0.89537037037037 0.017708333333333 0.024074074074074
10 0.50130208333333 0.49490740740741 0.0171875 0.023148148148148
10 0.48697916666667 0.79305555555556 0.016666666666667 0.023148148148148
10 0.47005208333333 0.46388888888889 0.0171875 0.022222222222222
10 0.328125 0.43472222222222 0.015625 0.021296296296296
10 0.4640625 0.73657407407407 0.014583333333333 0.019444444444444