11 0.11510416666667 0.12037037037037 0.033333333333333 0.05
11 0.56458333333333 0.59907407407407 0.027083333333333 0.035185185185185
11 0.24609375 0.18287037037037 0.028645833333333 0.043518518518519
11 0.58697916666667 0.40740740740741 0.026041666666667 0.037037037037037
11 0.16458333333333 0.68981481481481 0.027083333333333 0.042592592592593
11 0.13125 0.32361111111111 0.05 0.075
11 0.38020833333333 0.66759259259259 0.034375 0.053703703703704
11 0.4671875 0.28703703703704 0.0375 0.059259259259259
11 0.33802083333333 0.30509259259259 0.041666666666667 0.065740740740741
11 0.4734375 0.23703703703704 0.026041666666667 0.038888888888889
11 0.28880208333333 0.2837962962963 0.034895833333333 0.050925925925926
11 0.0125 0.060648148148148 0.025 0.04537037037037
11 0.27109375 0.16342592592593 0.027604166666667 0.041666666666667
11 0.43151041666667 0.37407407407407 0.041145833333333 0.062962962962963
11 0.059635416666667 0.43333333333333 0.031770833333333 0.048148148148148
11 0.23958333333333 0.39583333333333 0.028125 0.043518518518519
11 0.45494791666667 0.21342592592593 0.024479166666667 0.034259259259259
11 0.41848958333333 0.71342592592593 0.034895833333333 0.04537037037037
11 0.52890625 0.26805555555556 0.0359375 0.049074074074074
11 0.35234375 0.20972222222222 0.0265625 0.039814814814815
11 0.2046875 0.23611111111111 0.038541666666667 0.055555555555556
11 0.53776041666667 0.6625 0.053645833333333 0.080555555555556
11 0.68203125 0.50601851851852 0.030729166666667 0.049074074074074
11 0.378125 0.31574074074074 0.030208333333333 0.042592592592593
11 0.5390625 0.36712962962963 0.029166666666667 0.043518518518519
11 0.23515625 0.32083333333333 0.025520833333333 0.039814814814815
11 0.38984375 0.19212962962963 0.0265625 0.037962962962963
11 0.51640625 0.2625 0.0390625 0.052777777777778
11 0.590625 0.74907407407407 0.047916666666667 0.059259259259259
11 0.5421875 0.20740740740741 0.029166666666667 0.042592592592593
11 0.19114583333333 0.32222222222222 0.028125 0.042592592592593
11 0.31770833333333 0.24537037037037 0.040625 0.053703703703704
11 0.059375 0.10185185185185 0.03125 0.048148148148148
11 0.61744791666667 0.42731481481481 0.030729166666667 0.043518518518519
11 0.38541666666667 0.26157407407407 0.035416666666667 0.049074074074074
11 0.45 0.1787037037037 0.028125 0.040740740740741
11 0.77291666666667 0.825 0.029166666666667 0.035185185185185
11 0.39114583333333 0.4 0.033333333333333 0.048148148148148
11 0.3265625 0.1875 0.032291666666667 0.049074074074074
11 0.14765625 0.3837962962963 0.033854166666667 0.050925925925926
11 0.48020833333333 0.34768518518519 0.035416666666667 0.060185185185185
11 0.40442708333333 0.22037037037037 0.0390625 0.057407407407407
11 0.32421875 0.1212962962963 0.041145833333333 0.057407407407407
11 0.23229166666667 0.23657407407407 0.033333333333333 0.050925925925926
11 0.31015625 0.38009259259259 0.027604166666667 0.041666666666667
11 0.5109375 0.49953703703704 0.036458333333333 0.056481481481481
11 0.57942708333333 0.48055555555556 0.027604166666667 0.037037037037037
11 0.04921875 0.02037037037037 0.031770833333333 0.040740740740741
11 0.84401041666667 0.85416666666667 0.034895833333333 0.043518518518519
11 0.49609375 0.078240740740741 0.038020833333333 0.062037037037037
11 0.66692708333333 0.62916666666667 0.0234375 0.030555555555556
11 0.55598958333333 0.41435185185185 0.0359375 0.050925925925926
11 0.615625 0.090277777777778 0.025 0.043518518518519
11 0.3515625 0.5087962962963 0.034375 0.05462962962963
11 0.32578125 0.42638888888889 0.0328125 0.050925925925926
11 0.22942708333333 0.45555555555556 0.028645833333333 0.044444444444444
11 0.63151041666667 0.59953703703704 0.0328125 0.04537037037037
11 0.6640625 0.72731481481481 0.0625 0.082407407407407
11 0.36510416666667 0.17407407407407 0.028125 0.042592592592593
11 0.062239583333333 0.35416666666667 0.0328125 0.047222222222222
11 0.45651041666667 0.11388888888889 0.033854166666667 0.053703703703704
11 0.753125 0.88981481481481 0.03125 0.042592592592593
11 0.209375 0.78981481481481 0.029166666666667 0.044444444444444
11 0.59765625 0.90324074074074 0.038020833333333 0.043518518518519
11 0.20859375 0.16342592592593 0.031770833333333 0.049074074074074
11 0.1015625 0.056944444444444 0.044791666666667 0.067592592592593