11 0.769921875 0.28611111111111 0.46015625 0.57222222222222
11 0.753125 0.47569444444444 0.028125 0.0375
11 0.9296875 0.086111111111111 0.1390625 0.17222222222222
11 0.898828125 0.56111111111111 0.02734375 0.036111111111111
11 0.76875 0.43263888888889 0.025 0.0375
11 0.915234375 0.63541666666667 0.02578125 0.031944444444444
11 0.683984375 0.33541666666667 0.02265625 0.040277777777778
11 0.869921875 0.65069444444444 0.02421875 0.031944444444444
11 0.6578125 0.47638888888889 0.0234375 0.033333333333333
11 0.814453125 0.51527777777778 0.02109375 0.030555555555556
11 0.879296875 0.60972222222222 0.02265625 0.030555555555556
11 0.84375 0.46111111111111 0.021875 0.030555555555556
11 0.71484375 0.375 0.0203125 0.030555555555556
11 0.84609375 0.47986111111111 0.0203125 0.029166666666667
11 0.893359375 0.74861111111111 0.02109375 0.027777777777778
11 0.80625 0.49305555555556 0.0203125 0.027777777777778
11 0.85625 0.61388888888889 0.0203125 0.027777777777778
11 0.494140625 0.47638888888889 0.35703125 0.73055555555556