11 0.43828125 0.34444444444444 0.0328125 0.037037037037037
11 0.33697916666667 0.32314814814815 0.022916666666667 0.027777777777778
11 0.48046875 0.27222222222222 0.016145833333333 0.02037037037037
11 0.29791666666667 0.48518518518519 0.020833333333333 0.024074074074074
11 0.33255208333333 0.21574074074074 0.022395833333333 0.025925925925926
11 0.3890625 0.19583333333333 0.019791666666667 0.023148148148148
11 0.22890625 0.42592592592593 0.021354166666667 0.024074074074074
11 0.31458333333333 0.18611111111111 0.026041666666667 0.031481481481481
11 0.30546875 0.37916666666667 0.022395833333333 0.025
11 0.42369791666667 0.20925925925926 0.018229166666667 0.02037037037037
11 0.35130208333333 0.40601851851852 0.0171875 0.019444444444444
11 0.28072916666667 0.24305555555556 0.029166666666667 0.041666666666667
11 0.40729166666667 0.13240740740741 0.01875 0.024074074074074
11 0.3640625 0.175 0.017708333333333 0.022222222222222
11 0.35078125 0.29166666666667 0.030729166666667 0.031481481481481
11 0.32265625 0.29675925925926 0.0203125 0.025