11 0.36484375 0.85486111111111 0.2046875 0.25416666666667
11 0.28984375 0.11388888888889 0.1109375 0.19166666666667
11 0.45078125 0.097916666666667 0.1078125 0.19583333333333
11 0.70859375 0.33888888888889 0.1109375 0.18333333333333
11 0.2546875 0.27569444444444 0.084375 0.22916666666667
11 0.444140625 0.33402777777778 0.09609375 0.14583333333333
11 0.634765625 0.22986111111111 0.08828125 0.14305555555556
11 0.476953125 0.50138888888889 0.09140625 0.15
11 0.38125 0.19027777777778 0.0859375 0.14166666666667
11 0.259765625 0.049305555555556 0.09296875 0.098611111111111
11 0.74921875 0.082638888888889 0.0765625 0.14305555555556