11 0.6984375 0.76111111111111 0.05625 0.081481481481481
11 0.66588541666667 0.41898148148148 0.0671875 0.097222222222222
11 0.57786458333333 0.29398148148148 0.0453125 0.071296296296296
11 0.98203125 0.53148148148148 0.0359375 0.094444444444444
11 0.70885416666667 0.49398148148148 0.044791666666667 0.067592592592593
11 0.9203125 0.55740740740741 0.042708333333333 0.062962962962963
11 0.33385416666667 0.90972222222222 0.042708333333333 0.060185185185185
11 0.62057291666667 0.38055555555556 0.031770833333333 0.051851851851852
11 0.31666666666667 0.36481481481481 0.033333333333333 0.046296296296296
11 0.8078125 0.225 0.032291666666667 0.046296296296296
11 0.534375 0.55601851851852 0.032291666666667 0.04537037037037
11 0.84375 0.037037037037037 0.03125 0.046296296296296
11 0.8578125 0.28240740740741 0.032291666666667 0.044444444444444
11 0.29010416666667 0.48240740740741 0.030208333333333 0.046296296296296
11 0.41145833333333 0.90694444444444 0.026041666666667 0.052777777777778
11 0.60234375 0.3587962962963 0.0328125 0.041666666666667
11 0.92994791666667 0.089814814814815 0.030729166666667 0.044444444444444
11 0.45963541666667 0.76759259259259 0.031770833333333 0.042592592592593
11 0.73671875 0.23101851851852 0.0296875 0.04537037037037
11 0.44479166666667 0.57916666666667 0.028125 0.043518518518519
11 0.34192708333333 0.98148148148148 0.030729166666667 0.037037037037037
11 0.47161458333333 0.77083333333333 0.0296875 0.037962962962963
11 0.84322916666667 0.45833333333333 0.028125 0.040740740740741
11 0.61041666666667 0.36805555555556 0.028125 0.039814814814815
11 0.40885416666667 0.89166666666667 0.027083333333333 0.038888888888889
11 0.32473958333333 0.82638888888889 0.027604166666667 0.039814814814815
11 0.85546875 0.4162037037037 0.0265625 0.037962962962963
11 0.70677083333333 0.30601851851852 0.026041666666667 0.037962962962963
11 0.59583333333333 0.5212962962963 0.026041666666667 0.038888888888889
11 0.59244791666667 0.35 0.0265625 0.037037037037037
11 0.62708333333333 0.39259259259259 0.026041666666667 0.037037037037037
11 0.7921875 0.56111111111111 0.026041666666667 0.037037037037037
11 0.70651041666667 0.19722222222222 0.025520833333333 0.037037037037037
11 0.89713541666667 0.013888888888889 0.033854166666667 0.027777777777778
11 0.44635416666667 0.42777777777778 0.021875 0.040740740740741
11 0.20651041666667 0.89027777777778 0.024479166666667 0.036111111111111
11 0.89921875 0.27037037037037 0.0234375 0.037037037037037
11 0.89036458333333 0.34768518518519 0.0234375 0.036111111111111
11 0.48020833333333 0.8875 0.026041666666667 0.032407407407407
11 0.3890625 0.54537037037037 0.023958333333333 0.035185185185185
11 0.42994791666667 0.76944444444444 0.0234375 0.035185185185185
11 0.13072916666667 0.57037037037037 0.023958333333333 0.033333333333333
11 0.41770833333333 0.71574074074074 0.023958333333333 0.031481481481481
11 0.55546875 0.7962962962963 0.0234375 0.031481481481481
11 0.81223958333333 0.015740740740741 0.0234375 0.031481481481481
11 0.28072916666667 0.7537037037037 0.022916666666667 0.031481481481481
11 0.5328125 0.80601851851852 0.023958333333333 0.030555555555556
11 0.68307291666667 0.067592592592593 0.021354166666667 0.033333333333333
11 0.43489583333333 0.68796296296296 0.023958333333333 0.02962962962963
11 0.41432291666667 0.93148148148148 0.022395833333333 0.031481481481481
11 0.58125 0.72546296296296 0.022916666666667 0.030555555555556
11 0.25989583333333 0.6875 0.021875 0.030555555555556
11 0.46640625 0.82314814814815 0.0234375 0.02962962962963
11 0.49296875 0.81481481481481 0.022395833333333 0.02962962962963
11 0.35859375 0.72731481481481 0.021354166666667 0.028703703703704
11 0.26875 0.65787037037037 0.020833333333333 0.028703703703704
11 0.87395833333333 0.19722222222222 0.020833333333333 0.02962962962963
11 0.31171875 0.68888888888889 0.021354166666667 0.027777777777778
11 0.68046875 0.66898148148148 0.0203125 0.028703703703704
11 0.54140625 0.78101851851852 0.021354166666667 0.026851851851852
11 0.46432291666667 0.66851851851852 0.0203125 0.027777777777778
11 0.2984375 0.79907407407407 0.019791666666667 0.027777777777778
11 0.38229166666667 0.80324074074074 0.020833333333333 0.026851851851852
11 0.46380208333333 0.60324074074074 0.0203125 0.026851851851852
11 0.18802083333333 0.65694444444444 0.019791666666667 0.026851851851852
11 0.31796875 0.7912037037037 0.019270833333333 0.026851851851852
11 0.46041666666667 0.70555555555556 0.019791666666667 0.025925925925926
11 0.37005208333333 0.6 0.019270833333333 0.025925925925926
11 0.27890625 0.77777777777778 0.019270833333333 0.025925925925926
11 0.50963541666667 0.39074074074074 0.018229166666667 0.025925925925926
11 0.47942708333333 0.40648148148148 0.016145833333333 0.02962962962963
11 0.42109375 0.66481481481481 0.018229166666667 0.025925925925926
11 0.53541666666667 0.30416666666667 0.016666666666667 0.026851851851852
11 0.41432291666667 0.64444444444444 0.018229166666667 0.024074074074074
11 0.52213541666667 0.57731481481481 0.0171875 0.025
11 0.46197916666667 0.38518518518519 0.016666666666667 0.024074074074074
11 0.42864583333333 0.59537037037037 0.017708333333333 0.024074074074074
11 0.36901041666667 0.44074074074074 0.016145833333333 0.024074074074074
11 0.44713541666667 0.45833333333333 0.016145833333333 0.024074074074074
11 0.44192708333333 0.39398148148148 0.0171875 0.023148148148148
11 0.44479166666667 0.65046296296296 0.016666666666667 0.023148148148148
11 0.38229166666667 0.575 0.016666666666667 0.022222222222222
11 0.41901041666667 0.56944444444444 0.015104166666667 0.024074074074074
11 0.39479166666667 0.6462962962963 0.015625 0.022222222222222
11 0.40442708333333 0.58657407407407 0.016145833333333 0.021296296296296
11 0.46979166666667 0.4787037037037 0.015625 0.022222222222222
11 0.45885416666667 0.32731481481481 0.014583333333333 0.023148148148148
11 0.37786458333333 0.69351851851852 0.015104166666667 0.022222222222222
11 0.35416666666667 0.62824074074074 0.015625 0.021296296296296
11 0.4703125 0.1875 0.014583333333333 0.021296296296296
11 0.46614583333333 0.54444444444444 0.014583333333333 0.02037037037037
11 0.48177083333333 0.38657407407407 0.014583333333333 0.021296296296296
11 0.38697916666667 0.51018518518519 0.014583333333333 0.02037037037037
11 0.42838541666667 0.46481481481481 0.0140625 0.02037037037037
11 0.4140625 0.44861111111111 0.014583333333333 0.019444444444444
11 0.40208333333333 0.51990740740741 0.013541666666667 0.019444444444444
11 0.46666666666667 0.63194444444444 0.013541666666667 0.019444444444444
11 0.48645833333333 0.45231481481481 0.013541666666667 0.019444444444444
11 0.39401041666667 0.46157407407407 0.013020833333333 0.019444444444444
11 0.20182291666667 0.91944444444444 0.011979166666667 0.014814814814815