6 0.055208333333333 0.011574074074074 0.033333333333333 0.023148148148148
6 0.47395833333333 0.29074074074074 0.026041666666667 0.038888888888889
6 0.34765625 0.39166666666667 0.031770833333333 0.042592592592593
6 0.42682291666667 0.049537037037037 0.041145833333333 0.05462962962963
6 0.47395833333333 0.1087962962963 0.023958333333333 0.032407407407407
6 0.43411458333333 0.12962962962963 0.025520833333333 0.035185185185185
6 0.45963541666667 0.30648148148148 0.050520833333333 0.068518518518519
6 0.62942708333333 0.35185185185185 0.028645833333333 0.037037037037037
6 0.56171875 0.57453703703704 0.0265625 0.036111111111111
6 0.47890625 0.018518518518519 0.033854166666667 0.037037037037037
6 0.65859375 0.36342592592593 0.0265625 0.036111111111111
6 0.11119791666667 0.0625 0.0671875 0.093518518518519
6 0.46536458333333 0.12731481481481 0.025520833333333 0.032407407407407
6 0.48671875 0.047685185185185 0.031770833333333 0.043518518518519
6 0.069010416666667 0.40462962962963 0.033854166666667 0.046296296296296
6 0.5609375 0.27824074074074 0.032291666666667 0.041666666666667
6 0.40807291666667 0.085648148148148 0.0296875 0.037962962962963
6 0.340625 0.11898148148148 0.044791666666667 0.052777777777778
10 0.39270833333333 0.63981481481481 0.034375 0.053703703703704
6 0.14973958333333 0.32314814814815 0.0359375 0.046296296296296
10 0.425 0.68055555555556 0.035416666666667 0.05
10 0.59817708333333 0.67685185185185 0.0296875 0.040740740740741
6 0.23177083333333 0.19537037037037 0.032291666666667 0.046296296296296
6 0.57604166666667 0.13287037037037 0.033333333333333 0.04537037037037
6 0.18125 0.26157407407407 0.029166666666667 0.039814814814815
10 0.77760416666667 0.7787037037037 0.029166666666667 0.037037037037037
6 0.57291666666667 0.3162037037037 0.030208333333333 0.041666666666667
6 0.22760416666667 0.24444444444444 0.026041666666667 0.035185185185185
6 0.35572916666667 0.48796296296296 0.03125 0.040740740740741
6 0.65182291666667 0.02037037037037 0.0359375 0.040740740740741
10 0.76536458333333 0.87777777777778 0.0359375 0.044444444444444
10 0.1765625 0.65046296296296 0.0375 0.052777777777778
6 0.48671875 0.21157407407407 0.031770833333333 0.043518518518519
6 0.44765625 0.010648148148148 0.028645833333333 0.021296296296296
6 0.24296875 0.019444444444444 0.0390625 0.038888888888889
6 0.3046875 0.20324074074074 0.028125 0.039814814814815
6 0.54739583333333 0.51574074074074 0.025 0.035185185185185
6 0.51067708333333 0.43101851851852 0.0359375 0.047222222222222
10 0.68697916666667 0.5625 0.029166666666667 0.039814814814815
6 0.11692708333333 0.27314814814815 0.055729166666667 0.074074074074074
10 0.71354166666667 0.66342592592593 0.04375 0.058333333333333
6 0.23020833333333 0.31666666666667 0.044791666666667 0.059259259259259
6 0.50182291666667 0.25185185185185 0.041145833333333 0.055555555555556
6 0.34036458333333 0.035648148148148 0.0359375 0.060185185185185
6 0.36432291666667 0.29074074074074 0.030729166666667 0.040740740740741
10 0.67057291666667 0.65972222222222 0.027604166666667 0.039814814814815
6 0.38307291666667 0.12916666666667 0.0265625 0.036111111111111
10 0.61328125 0.85 0.030729166666667 0.042592592592593
6 0.55260416666667 0.19907407407407 0.038541666666667 0.046296296296296
6 0.51041666666667 0.13564814814815 0.028125 0.037962962962963
6 0.68880208333333 0.43564814814815 0.0296875 0.039814814814815
6 0.33046875 0.18981481481481 0.031770833333333 0.044444444444444
6 0.590625 0.51712962962963 0.027083333333333 0.037962962962963
6 0.22916666666667 0.16111111111111 0.03125 0.040740740740741
6 0.58932291666667 0.34444444444444 0.031770833333333 0.042592592592593
6 0.28385416666667 0.12824074074074 0.04375 0.058333333333333
6 0.55729166666667 0.35925925925926 0.030208333333333 0.038888888888889
6 0.39583333333333 0.15046296296296 0.0375 0.05462962962963
10 0.18333333333333 0.7462962962963 0.028125 0.042592592592593
6 0.59505208333333 0.36157407407407 0.031770833333333 0.039814814814815
6 0.22239583333333 0.17638888888889 0.040625 0.060185185185185
6 0.60286458333333 0.39490740740741 0.031770833333333 0.041666666666667
6 0.23515625 0.43611111111111 0.030729166666667 0.042592592592593
6 0.34348958333333 0.053703703703704 0.034895833333333 0.048148148148148
6 0.29947916666667 0.25 0.032291666666667 0.044444444444444
6 0.49166666666667 0.22638888888889 0.039583333333333 0.069444444444444
10 0.55286458333333 0.60694444444444 0.038020833333333 0.056481481481481
6 0.42239583333333 0.15138888888889 0.028125 0.037962962962963
10 0.84895833333333 0.79768518518519 0.04375 0.062037037037037
6 0.62161458333333 0.57592592592593 0.028645833333333 0.038888888888889
6 0.59088541666667 0.55740740740741 0.0296875 0.040740740740741
6 0.5984375 0.44861111111111 0.030208333333333 0.041666666666667
10 0.23020833333333 0.5787037037037 0.060416666666667 0.1037037037037
6 0.40234375 0.24861111111111 0.027604166666667 0.037962962962963
10 0.60078125 0.68981481481481 0.0421875 0.068518518518519
10 0.65364583333333 0.53935185185185 0.030208333333333 0.039814814814815
6 0.45651041666667 0.098611111111111 0.027604166666667 0.036111111111111
6 0.32421875 0.35555555555556 0.030729166666667 0.042592592592593
6 0.35208333333333 0.25185185185185 0.044791666666667 0.072222222222222
6 0.37161458333333 0.048611111111111 0.040104166666667 0.052777777777778
6 0.2578125 0.15925925925926 0.030208333333333 0.040740740740741
6 0.38541666666667 0.091666666666667 0.030208333333333 0.038888888888889
6 0.49713541666667 0.1337962962963 0.043229166666667 0.049074074074074
6 0.35494791666667 0.19768518518519 0.0296875 0.037962962962963
10 0.15260416666667 0.62777777777778 0.030208333333333 0.046296296296296
6 0.066145833333333 0.30787037037037 0.0375 0.047222222222222
6 0.38880208333333 0.34722222222222 0.036979166666667 0.053703703703704
6 0.53411458333333 0.20046296296296 0.0265625 0.034259259259259
6 0.6140625 0.30972222222222 0.033333333333333 0.043518518518519
6 0.20390625 0.20092592592593 0.028645833333333 0.040740740740741
10 0.69869791666667 0.66342592592593 0.0984375 0.086111111111111
10 0.1625 0.64444444444444 0.075 0.088888888888889
10 0.2296875 0.5787037037037 0.067708333333333 0.096296296296296
10 0.1796875 0.76805555555556 0.067708333333333 0.093518518518519
10 0.55677083333333 0.60509259259259 0.069791666666667 0.087962962962963
10 0.11223958333333 0.0625 0.0578125 0.084259259259259
10 0.55703125 0.46296296296296 0.061979166666667 0.064814814814815
10 0.60234375 0.69027777777778 0.059895833333333 0.065740740740741
10 0.11927083333333 0.27268518518519 0.046875 0.075
10 0.50286458333333 0.25092592592593 0.0453125 0.062962962962963
10 0.35130208333333 0.24768518518519 0.0390625 0.069444444444444
10 0.37135416666667 0.049537037037037 0.041666666666667 0.062037037037037
10 0.17630208333333 0.65231481481481 0.044270833333333 0.058333333333333
10 0.3953125 0.14907407407407 0.040625 0.062962962962963
10 0.60130208333333 0.41435185185185 0.034895833333333 0.073148148148148
10 0.76536458333333 0.87916666666667 0.046354166666667 0.05462962962963
10 0.28333333333333 0.12824074074074 0.040625 0.062037037037037
10 0.84921875 0.79583333333333 0.046354166666667 0.052777777777778
10 0.39270833333333 0.6412037037037 0.042708333333333 0.056481481481481
10 0.4265625 0.05 0.039583333333333 0.059259259259259
10 0.23125 0.31481481481481 0.038541666666667 0.061111111111111
10 0.45598958333333 0.30694444444444 0.040104166666667 0.05462962962963
10 0.6734375 0.66111111111111 0.042708333333333 0.05
10 0.33958333333333 0.11759259259259 0.041666666666667 0.055555555555556
10 0.4625 0.11157407407407 0.036458333333333 0.05462962962963
10 0.55651041666667 0.19861111111111 0.036979166666667 0.050925925925926
10 0.42526041666667 0.6787037037037 0.036979166666667 0.046296296296296
10 0.20703125 0.49768518518519 0.036979166666667 0.056481481481481
10 0.49114583333333 0.13425925925926 0.0375 0.055555555555556
10 0.34322916666667 0.051851851851852 0.033333333333333 0.05
10 0.069270833333333 0.40462962962963 0.03125 0.05
10 0.38932291666667 0.3462962962963 0.0359375 0.055555555555556
10 0.34010416666667 0.033333333333333 0.034375 0.057407407407407
10 0.61432291666667 0.31018518518519 0.0328125 0.044444444444444
10 0.32994791666667 0.18888888888889 0.028645833333333 0.046296296296296
10 0.40833333333333 0.085185185185185 0.03125 0.042592592592593
10 0.60234375 0.39259259259259 0.0328125 0.038888888888889
10 0.20208333333333 0.20138888888889 0.029166666666667 0.04537037037037
10 0.18072916666667 0.26064814814815 0.027083333333333 0.041666666666667
10 0.054947916666667 0.011111111111111 0.025520833333333 0.022222222222222
10 0.066927083333333 0.3087962962963 0.034895833333333 0.052777777777778
10 0.51171875 0.43055555555556 0.040104166666667 0.048148148148148
10 0.46953125 0.29490740740741 0.038020833333333 0.050925925925926
10 0.575 0.13287037037037 0.033333333333333 0.050925925925926
10 0.5984375 0.44953703703704 0.038541666666667 0.041666666666667
10 0.61354166666667 0.85092592592593 0.038541666666667 0.040740740740741
10 0.6546875 0.53888888888889 0.038541666666667 0.040740740740741
10 0.23177083333333 0.19444444444444 0.032291666666667 0.048148148148148
10 0.38567708333333 0.09212962962963 0.0328125 0.047222222222222
10 0.42552083333333 0.14907407407407 0.032291666666667 0.048148148148148
10 0.40208333333333 0.25046296296296 0.03125 0.049074074074074
10 0.34791666666667 0.3912037037037 0.032291666666667 0.047222222222222
10 0.25755208333333 0.15972222222222 0.030729166666667 0.049074074074074
10 0.15026041666667 0.32268518518519 0.031770833333333 0.047222222222222
10 0.18255208333333 0.7462962962963 0.033854166666667 0.044444444444444
10 0.65026041666667 0.020833333333333 0.0359375 0.041666666666667
10 0.48671875 0.047222222222222 0.030729166666667 0.048148148148148
10 0.32526041666667 0.35601851851852 0.030729166666667 0.047222222222222
10 0.48697916666667 0.21018518518519 0.03125 0.046296296296296
10 0.30494791666667 0.20277777777778 0.0296875 0.048148148148148
10 0.68515625 0.56111111111111 0.034895833333333 0.040740740740741
10 0.53489583333333 0.20046296296296 0.03125 0.04537037037037
10 0.22838541666667 0.16157407407407 0.030729166666667 0.04537037037037
10 0.62994791666667 0.35324074074074 0.033854166666667 0.041666666666667
10 0.5609375 0.27777777777778 0.032291666666667 0.042592592592593
10 0.29973958333333 0.24907407407407 0.0296875 0.046296296296296
10 0.23541666666667 0.43472222222222 0.030208333333333 0.04537037037037
10 0.26510416666667 0.61898148148148 0.03125 0.043518518518519
10 0.55729166666667 0.35833333333333 0.033333333333333 0.040740740740741
10 0.24270833333333 0.018981481481481 0.035416666666667 0.037962962962963
10 0.47838541666667 0.019907407407407 0.0328125 0.039814814814815
10 0.62213541666667 0.57592592592593 0.034895833333333 0.037037037037037
10 0.5109375 0.13611111111111 0.030208333333333 0.042592592592593
10 0.57291666666667 0.31712962962963 0.032291666666667 0.039814814814815
10 0.59140625 0.55694444444444 0.033854166666667 0.036111111111111
10 0.35520833333333 0.48842592592593 0.029166666666667 0.041666666666667
10 0.46458333333333 0.12824074074074 0.029166666666667 0.041666666666667
10 0.65833333333333 0.36527777777778 0.03125 0.037962962962963
10 0.36380208333333 0.28935185185185 0.027604166666667 0.041666666666667
10 0.596875 0.36342592592593 0.03125 0.037962962962963
10 0.45651041666667 0.099074074074074 0.028645833333333 0.040740740740741
10 0.590625 0.51759259259259 0.034375 0.033333333333333
10 0.77890625 0.77916666666667 0.0328125 0.036111111111111
10 0.47421875 0.11018518518519 0.028645833333333 0.038888888888889
10 0.38333333333333 0.1287037037037 0.027083333333333 0.038888888888889
10 0.22786458333333 0.24537037037037 0.0265625 0.038888888888889
10 0.35442708333333 0.19861111111111 0.027604166666667 0.039814814814815
10 0.6890625 0.43518518518519 0.029166666666667 0.035185185185185
10 0.5625 0.575 0.029166666666667 0.033333333333333
10 0.44739583333333 0.012037037037037 0.030208333333333 0.024074074074074
10 0.43333333333333 0.13055555555556 0.026041666666667 0.037037037037037
10 0.11536458333333 0.012962962962963 0.0390625 0.025925925925926
10 0.546875 0.5162037037037 0.029166666666667 0.030555555555556