10 0.912890625 0.39652777777778 0.04296875 0.0625
10 0.691796875 0.41736111111111 0.04296875 0.051388888888889
10 0.7125 0.33402777777778 0.05 0.065277777777778
10 0.3234375 0.60208333333333 0.2828125 0.64027777777778
10 0.608984375 0.62708333333333 0.04296875 0.051388888888889
10 0.62109375 0.82430555555556 0.0421875 0.054166666666667
10 0.635546875 0.2375 0.04921875 0.063888888888889
10 0.7359375 0.64513888888889 0.053125 0.0625
10 0.73515625 0.52361111111111 0.0546875 0.063888888888889
10 0.709765625 0.46041666666667 0.04921875 0.059722222222222
10 0.670703125 0.19305555555556 0.04765625 0.063888888888889
10 0.651953125 0.29930555555556 0.06171875 0.070833333333333
10 0.684375 0.55902777777778 0.0546875 0.059722222222222
10 0.72421875 0.21527777777778 0.053125 0.066666666666667
10 0.55546875 0.53194444444444 0.0703125 0.080555555555556
10 0.70546875 0.69166666666667 0.0453125 0.052777777777778
10 0.68046875 0.60138888888889 0.04375 0.05
10 0.523046875 0.20833333333333 0.06484375 0.069444444444444
10 0.708984375 0.29722222222222 0.04609375 0.058333333333333
10 0.688671875 0.76041666666667 0.05234375 0.059722222222222
10 0.71953125 0.75069444444444 0.0421875 0.051388888888889
10 0.605859375 0.15763888888889 0.04765625 0.065277777777778
10 0.690625 0.35416666666667 0.04375 0.055555555555556
10 0.5359375 0.40069444444444 0.046875 0.059722222222222
10 0.69609375 0.63958333333333 0.05625 0.0625
10 0.680859375 0.72222222222222 0.04453125 0.055555555555556
10 0.774609375 0.62777777777778 0.06171875 0.066666666666667
10 0.512890625 0.31875 0.06484375 0.076388888888889
10 0.53828125 0.13194444444444 0.046875 0.061111111111111
10 0.828125 0.32361111111111 0.18125 0.54722222222222
10 0.590234375 0.29027777777778 0.05234375 0.066666666666667