10 0.82265625 0.51944444444444 0.0421875 0.055555555555556
10 0.856640625 0.57430555555556 0.02734375 0.034722222222222
10 0.726953125 0.61458333333333 0.02578125 0.031944444444444
10 0.87578125 0.45208333333333 0.0296875 0.043055555555556
10 0.355859375 0.094444444444444 0.04921875 0.055555555555556
10 0.878125 0.49513888888889 0.03125 0.040277777777778
10 0.63125 0.30833333333333 0.03125 0.044444444444444
10 0.86484375 0.52222222222222 0.0328125 0.044444444444444
10 0.85234375 0.60833333333333 0.034375 0.041666666666667
10 0.804296875 0.47708333333333 0.02890625 0.040277777777778
10 0.8984375 0.52430555555556 0.0328125 0.040277777777778
10 0.715234375 0.55416666666667 0.02578125 0.033333333333333
10 0.736328125 0.49305555555556 0.03515625 0.052777777777778
10 0.89921875 0.31597222222222 0.0234375 0.031944444444444
10 0.793359375 0.27083333333333 0.41015625 0.54166666666667
10 0.441015625 0.28819444444444 0.31953125 0.5125
10 0.82109375 0.51875 0.0421875 0.056944444444444
10 0.355078125 0.096527777777778 0.04140625 0.054166666666667
10 0.676171875 0.26666666666667 0.03671875 0.058333333333333
10 0.701171875 0.46388888888889 0.03359375 0.052777777777778
10 0.735546875 0.49236111111111 0.03671875 0.059722222222222
10 0.85234375 0.60833333333333 0.0359375 0.047222222222222
10 0.697265625 0.38819444444444 0.03359375 0.048611111111111
10 0.865234375 0.52152777777778 0.03203125 0.045833333333333
10 0.898046875 0.525 0.03203125 0.041666666666667
10 0.84140625 0.49236111111111 0.0296875 0.043055555555556
10 0.662109375 0.27847222222222 0.02890625 0.043055555555556
10 0.63203125 0.30902777777778 0.028125 0.043055555555556
10 0.675390625 0.22222222222222 0.02734375 0.044444444444444
10 0.670703125 0.37638888888889 0.02734375 0.041666666666667
10 0.81015625 0.45208333333333 0.028125 0.040277777777778
10 0.877734375 0.49444444444444 0.02890625 0.038888888888889
10 0.875390625 0.45486111111111 0.02734375 0.040277777777778
10 0.71953125 0.42152777777778 0.0265625 0.040277777777778
10 0.85625 0.57430555555556 0.028125 0.0375
10 0.705859375 0.43263888888889 0.02578125 0.0375
10 0.716015625 0.55486111111111 0.02734375 0.0375
10 0.72265625 0.38472222222222 0.025 0.036111111111111
10 0.862109375 0.40763888888889 0.02421875 0.034722222222222
10 0.859765625 0.42708333333333 0.02421875 0.034722222222222
10 0.9 0.31736111111111 0.0234375 0.034722222222222
10 0.8796875 0.43472222222222 0.0234375 0.033333333333333
10 0.7265625 0.61458333333333 0.0234375 0.031944444444444
10 0.698046875 0.49513888888889 0.02265625 0.031944444444444
10 0.72109375 0.53263888888889 0.021875 0.031944444444444
10 0.331640625 0.41041666666667 0.02265625 0.029166666666667
10 0.77734375 0.14930555555556 0.0203125 0.029166666666667