11 0.39817708333333 0.041203703703704 0.058854166666667 0.082407407407407
11 0.55677083333333 0.036574074074074 0.042708333333333 0.058333333333333
11 0.81875 0.46435185185185 0.038541666666667 0.047222222222222
11 0.74921875 0.76111111111111 0.034895833333333 0.044444444444444
11 0.4078125 0.16666666666667 0.065625 0.087037037037037
11 0.1609375 0.43333333333333 0.040625 0.057407407407407
11 0.40546875 0.14444444444444 0.0484375 0.075925925925926
11 0.7046875 0.024537037037037 0.035416666666667 0.04537037037037
11 0.28619791666667 0.47314814814815 0.0671875 0.094444444444444
11 0.61927083333333 0.030092592592593 0.041666666666667 0.050925925925926
11 0.4328125 0.80185185185185 0.084375 0.098148148148148
11 0.43880208333333 0.024537037037037 0.033854166666667 0.049074074074074
11 0.36328125 0.075925925925926 0.038020833333333 0.062962962962963
11 0.1640625 0.7712962962963 0.0375 0.042592592592593
11 0.21510416666667 0.68842592592593 0.03125 0.039814814814815
11 0.80390625 0.39814814814815 0.0359375 0.040740740740741
11 0.73463541666667 0.068518518518519 0.0421875 0.051851851851852
11 0.08984375 0.093981481481481 0.0328125 0.052777777777778
11 0.38697916666667 0.68796296296296 0.051041666666667 0.055555555555556
11 0.65520833333333 0.1625 0.051041666666667 0.062037037037037
11 0.88697916666667 0.84444444444444 0.044791666666667 0.05
11 0.65911458333333 0.34675925925926 0.033854166666667 0.049074074074074
11 0.18333333333333 0.10833333333333 0.033333333333333 0.053703703703704
11 0.52578125 0.3287037037037 0.0734375 0.11111111111111
11 0.3625 0.38611111111111 0.067708333333333 0.085185185185185
11 0.71458333333333 0.35231481481481 0.038541666666667 0.047222222222222
11 0.43125 0.37685185185185 0.044791666666667 0.066666666666667
11 0.3828125 0.8787037037037 0.040625 0.05
11 0.28671875 0.73148148148148 0.047395833333333 0.07037037037037
11 0.77291666666667 0.46481481481481 0.030208333333333 0.038888888888889
11 0.65859375 0.031481481481481 0.0453125 0.053703703703704
11 0.54244791666667 0.1662037037037 0.0359375 0.05462962962963
11 0.57994791666667 0.33287037037037 0.034895833333333 0.047222222222222
11 0.88385416666667 0.7587962962963 0.034375 0.043518518518519
11 0.22317708333333 0.41435185185185 0.038020833333333 0.052777777777778
11 0.11041666666667 0.51481481481481 0.071875 0.090740740740741
11 0.8625 0.61527777777778 0.04375 0.058333333333333
11 0.59505208333333 0.20277777777778 0.0671875 0.077777777777778
11 0.78463541666667 0.31018518518519 0.0390625 0.042592592592593
11 0.52786458333333 0.24305555555556 0.041145833333333 0.049074074074074
11 0.121875 0.7 0.058333333333333 0.088888888888889
11 0.35911458333333 0.25277777777778 0.034895833333333 0.055555555555556
11 0.40130208333333 0.13009259259259 0.0328125 0.049074074074074
11 0.076041666666667 0.44768518518519 0.036458333333333 0.05462962962963
11 0.57005208333333 0.27268518518519 0.034895833333333 0.047222222222222
11 0.84895833333333 0.78796296296296 0.036458333333333 0.05
11 0.27057291666667 0.28240740740741 0.0578125 0.083333333333333
11 0.080729166666667 0.9375 0.063541666666667 0.091666666666667
11 0.47395833333333 0.32314814814815 0.032291666666667 0.048148148148148
11 0.94583333333333 0.97685185185185 0.039583333333333 0.05
11 0.12395833333333 0.2037037037037 0.078125 0.13333333333333
11 0.546875 0.56805555555556 0.077083333333333 0.099074074074074
11 0.2484375 0.61064814814815 0.0375 0.047222222222222
11 0.0359375 0.87777777777778 0.0375 0.044444444444444
11 0.21145833333333 0.36296296296296 0.057291666666667 0.064814814814815
11 0.35677083333333 0.62407407407407 0.0375 0.038888888888889
11 0.76927083333333 0.6037037037037 0.036458333333333 0.046296296296296
11 0.36744791666667 0.58333333333333 0.13385416666667 0.2037037037037
11 0.35703125 0.52222222222222 0.063020833333333 0.053703703703704
11 0.32526041666667 0.15925925925926 0.0359375 0.055555555555556
11 0.81510416666667 0.53287037037037 0.046875 0.05462962962963
11 0.62552083333333 0.38518518518519 0.052083333333333 0.072222222222222
11 0.11197916666667 0.030555555555556 0.0375 0.055555555555556
11 0.69192708333333 0.26157407407407 0.041145833333333 0.050925925925926
11 0.39010416666667 0.24398148148148 0.035416666666667 0.05462962962963
11 0.67682291666667 0.58194444444444 0.030729166666667 0.036111111111111
11 0.0375 0.049537037037037 0.040625 0.060185185185185
11 0.19479166666667 0.27685185185185 0.038541666666667 0.053703703703704
11 0.59817708333333 0.85231481481481 0.13489583333333 0.18240740740741
11 0.13307291666667 0.72222222222222 0.099479166666667 0.1462962962963
11 0.38645833333333 0.33148148148148 0.036458333333333 0.053703703703704
11 0.065625 0.57962962962963 0.036458333333333 0.044444444444444
11 0.082552083333333 0.95 0.044270833333333 0.048148148148148
11 0.68880208333333 0.45138888888889 0.12864583333333 0.15833333333333
11 0.76380208333333 0.25092592592593 0.041145833333333 0.048148148148148
11 0.72239583333333 0.62037037037037 0.0375 0.044444444444444