10 0.645703125 0.54097222222222 0.05390625 0.068055555555556
10 0.790234375 0.52013888888889 0.04921875 0.056944444444444
10 0.7078125 0.59236111111111 0.0375 0.048611111111111
10 0.770703125 0.70138888888889 0.03203125 0.044444444444444
10 0.729296875 0.65 0.03203125 0.038888888888889
10 0.756640625 0.62291666666667 0.03359375 0.043055555555556
10 0.8234375 0.47777777777778 0.0359375 0.047222222222222
10 0.8140625 0.63263888888889 0.0375 0.045833333333333
10 0.82109375 0.55138888888889 0.0421875 0.055555555555556
10 0.773046875 0.47708333333333 0.04296875 0.054166666666667
10 0.74453125 0.70972222222222 0.0640625 0.075
10 0.5828125 0.27222222222222 0.03125 0.044444444444444
10 0.6890625 0.22152777777778 0.05625 0.079166666666667
10 0.664453125 0.67986111111111 0.03671875 0.045833333333333
10 0.8140625 0.24027777777778 0.290625 0.48055555555556
10 0.66484375 0.50625 0.0328125 0.040277777777778
10 0.62109375 0.21111111111111 0.0484375 0.055555555555556
10 0.70625 0.55763888888889 0.0484375 0.056944444444444
10 0.77734375 0.59722222222222 0.0515625 0.058333333333333
10 0.708203125 0.66527777777778 0.03359375 0.041666666666667
10 0.3546875 0.44930555555556 0.29375 0.55694444444444
10 0.70390625 0.32152777777778 0.0390625 0.051388888888889
10 0.943359375 0.53263888888889 0.03671875 0.048611111111111
10 0.856640625 0.58958333333333 0.03359375 0.040277777777778
10 0.68203125 0.80763888888889 0.0328125 0.0375
10 0.67734375 0.58125 0.0359375 0.048611111111111
10 0.682421875 0.72847222222222 0.03671875 0.043055555555556
10 0.274609375 0.22152777777778 0.03671875 0.048611111111111
10 0.61796875 0.25972222222222 0.05 0.063888888888889