10 0.65 0.65 0.040625 0.055555555555556
10 0.717578125 0.90555555555556 0.06328125 0.077777777777778
10 0.50703125 0.70069444444444 0.0328125 0.040277777777778
10 0.626171875 0.71875 0.03671875 0.045833333333333
10 0.52578125 0.78541666666667 0.0390625 0.048611111111111
10 0.515625 0.87708333333333 0.0359375 0.043055555555556
10 0.653125 0.90555555555556 0.0375 0.047222222222222
10 0.657421875 0.7 0.03046875 0.038888888888889
10 0.6296875 0.63055555555556 0.034375 0.044444444444444
10 0.675390625 0.94513888888889 0.03359375 0.043055555555556
10 0.690234375 0.79027777777778 0.05234375 0.058333333333333
10 0.55078125 0.74513888888889 0.0328125 0.040277777777778
10 0.776171875 0.45138888888889 0.03515625 0.047222222222222
10 0.71796875 0.6875 0.0359375 0.047222222222222
10 0.786328125 0.72222222222222 0.03671875 0.041666666666667
10 0.763671875 0.58055555555556 0.05078125 0.066666666666667
10 0.75859375 0.80277777777778 0.040625 0.05
10 0.750390625 0.74097222222222 0.04921875 0.056944444444444
10 0.58984375 0.65486111111111 0.034375 0.045833333333333
10 0.706640625 0.85833333333333 0.03828125 0.047222222222222
10 0.725390625 0.95555555555556 0.03828125 0.05
10 0.823828125 0.84861111111111 0.04296875 0.055555555555556
10 0.608203125 0.49861111111111 0.03515625 0.044444444444444
10 0.63359375 0.57569444444444 0.05 0.068055555555556
10 0.685546875 0.65902777777778 0.03359375 0.045833333333333
10 0.66328125 0.75972222222222 0.06875 0.077777777777778