10 0.56536458333333 0.24861111111111 0.024479166666667 0.030555555555556
10 0.29453125 0.49259259259259 0.066145833333333 0.087037037037037
10 0.1546875 0.66712962962963 0.015625 0.021296296296296
10 0.5796875 0.28842592592593 0.014583333333333 0.017592592592593
10 0.16223958333333 0.57731481481481 0.018229166666667 0.028703703703704
10 0.5703125 0.034259259259259 0.014583333333333 0.018518518518519
10 0.16276041666667 0.64259259259259 0.074479166666667 0.068518518518519
10 0.63020833333333 0.27592592592593 0.010416666666667 0.012962962962963
10 0.27760416666667 0.65648148148148 0.015625 0.022222222222222
10 0.2890625 0.57083333333333 0.014583333333333 0.021296296296296
10 0.57552083333333 0.092592592592593 0.013541666666667 0.016666666666667
10 0.49921875 0.42175925925926 0.055729166666667 0.087962962962963
10 0.18984375 0.6462962962963 0.0265625 0.035185185185185
10 0.14140625 0.63564814814815 0.0265625 0.037962962962963
10 0.2453125 0.62222222222222 0.036458333333333 0.059259259259259
10 0.41666666666667 0.58101851851852 0.026041666666667 0.036111111111111
10 0.40078125 0.54027777777778 0.0140625 0.019444444444444
10 0.09765625 0.67453703703704 0.0203125 0.028703703703704
10 0.390625 0.62314814814815 0.026041666666667 0.031481481481481
10 0.18489583333333 0.52453703703704 0.021875 0.028703703703704
10 0.26927083333333 0.45092592592593 0.063541666666667 0.081481481481481
10 0.53098958333333 0.38425925925926 0.021354166666667 0.035185185185185
10 0.46145833333333 0.43101851851852 0.027083333333333 0.034259259259259
10 0.47994791666667 0.47546296296296 0.018229166666667 0.021296296296296