11 0.4 0.32361111111111 0.303125 0.51388888888889
11 0.80390625 0.21597222222222 0.3421875 0.43194444444444
11 0.651171875 0.29097222222222 0.04453125 0.065277777777778
11 0.867578125 0.49236111111111 0.04296875 0.059722222222222
11 0.7546875 0.59305555555556 0.04375 0.058333333333333
11 0.689453125 0.49652777777778 0.04296875 0.056944444444444
11 0.851171875 0.43402777777778 0.03984375 0.054166666666667
11 0.708203125 0.5625 0.03828125 0.055555555555556
11 0.7859375 0.48819444444444 0.0390625 0.054166666666667
11 0.83125 0.43263888888889 0.040625 0.051388888888889
11 0.8640625 0.45555555555556 0.0375 0.055555555555556
11 0.30078125 0.13194444444444 0.0359375 0.055555555555556
11 0.656640625 0.24027777777778 0.03515625 0.052777777777778
11 0.7265625 0.54027777777778 0.0359375 0.052777777777778
11 0.662890625 0.46041666666667 0.03515625 0.051388888888889
11 0.821875 0.47430555555556 0.034375 0.051388888888889
11 0.832421875 0.55486111111111 0.03359375 0.048611111111111
11 0.6328125 0.33263888888889 0.0328125 0.051388888888889
11 0.709765625 0.45347222222222 0.03359375 0.045833333333333
11 0.790625 0.54236111111111 0.0328125 0.045833333333333
11 0.8203125 0.52152777777778 0.0328125 0.048611111111111
11 0.73046875 0.46736111111111 0.0328125 0.043055555555556
11 0.842578125 0.4625 0.03203125 0.044444444444444
11 0.894140625 0.40069444444444 0.03046875 0.048611111111111
11 0.751953125 0.64027777777778 0.03203125 0.041666666666667
11 0.669921875 0.40902777777778 0.03046875 0.043055555555556
11 0.788671875 0.32708333333333 0.03046875 0.043055555555556
11 0.659765625 0.35 0.02890625 0.041666666666667
11 0.7296875 0.49791666666667 0.0296875 0.040277777777778
11 0.691015625 0.40625 0.02890625 0.040277777777778
11 0.6609375 0.48125 0.0296875 0.040277777777778
11 0.71484375 0.70972222222222 0.0296875 0.038888888888889
11 0.746875 0.58333333333333 0.0296875 0.038888888888889
11 0.79609375 0.36041666666667 0.028125 0.040277777777778
11 0.63203125 0.42847222222222 0.0265625 0.0375
11 0.731640625 0.56805555555556 0.02734375 0.038888888888889
11 0.783203125 0.38680555555556 0.02734375 0.0375