10 0.708984375 0.38680555555556 0.02421875 0.034722222222222
10 0.655859375 0.49513888888889 0.01953125 0.031944444444444
10 0.884765625 0.77430555555556 0.02265625 0.034722222222222
10 0.76640625 0.44861111111111 0.01875 0.027777777777778
10 0.921875 0.075 0.025 0.036111111111111
10 0.8375 0.47916666666667 0.0265625 0.033333333333333
10 0.753515625 0.40972222222222 0.01796875 0.027777777777778
10 0.854296875 0.63541666666667 0.01953125 0.029166666666667
10 0.90625 0.51597222222222 0.01875 0.023611111111111
10 0.741796875 0.33888888888889 0.02265625 0.033333333333333
10 0.86484375 0.64930555555556 0.0234375 0.034722222222222
10 0.749609375 0.48680555555556 0.03203125 0.045833333333333
10 0.806640625 0.52569444444444 0.01953125 0.026388888888889
10 0.659765625 0.38333333333333 0.04453125 0.069444444444444
10 0.71640625 0.34027777777778 0.0203125 0.030555555555556
10 0.6796875 0.34375 0.0265625 0.040277777777778
10 0.894140625 0.56111111111111 0.02265625 0.030555555555556
10 0.73203125 0.36388888888889 0.021875 0.030555555555556
10 0.909375 0.64861111111111 0.0203125 0.027777777777778
10 0.846484375 0.48402777777778 0.01640625 0.023611111111111
10 0.770703125 0.28958333333333 0.46015625 0.57916666666667
10 0.922265625 0.094444444444444 0.15234375 0.18888888888889
10 0.8765625 0.62013888888889 0.0265625 0.0375
10 0.48359375 0.4125 0.3421875 0.53611111111111
10 0.80546875 0.51527777777778 0.0234375 0.038888888888889
10 0.74296875 0.38263888888889 0.01875 0.026388888888889