10 0.18266978922717 0.15416666666667 0.056206088992974 0.066666666666667
10 0.5327868852459 0.054166666666667 0.042154566744731 0.041666666666667
10 0.92447306791569 0.12291666666667 0.03864168618267 0.0375
10 0.3963700234192 0.459375 0.48829039812646 0.53125
6 0.69964871194379 0.115625 0.059718969555035 0.060416666666667
10 0.86826697892272 0.019791666666667 0.045667447306792 0.039583333333333
10 0.43208430913349 0.153125 0.063231850117096 0.064583333333333
10 0.18208430913349 0.15416666666667 0.071428571428571 0.070833333333333
10 0.70023419203747 0.11666666666667 0.056206088992974 0.066666666666667
10 0.87060889929742 0.020833333333333 0.043325526932084 0.041666666666667
10 0.92388758782201 0.12291666666667 0.035128805620609 0.045833333333333
10 0.53337236533958 0.052083333333333 0.048009367681499 0.05