11 0.1609375 0.81296296296296 0.022916666666667 0.031481481481481
11 0.13151041666667 0.99074074074074 0.0234375 0.02037037037037
11 0.346875 0.77592592592593 0.019791666666667 0.027777777777778
11 0.8 0.29768518518519 0.028125 0.043518518518519
11 0.46536458333333 0.39166666666667 0.016145833333333 0.022222222222222
11 0.83802083333333 0.69074074074074 0.023958333333333 0.035185185185185
11 0.68411458333333 0.74953703703704 0.030729166666667 0.04537037037037
11 0.39869791666667 0.75972222222222 0.0265625 0.036111111111111
11 0.24869791666667 0.81990740740741 0.036979166666667 0.04537037037037
11 0.34947916666667 0.61435185185185 0.023958333333333 0.030555555555556
11 0.20625 0.93888888888889 0.022916666666667 0.031481481481481
11 0.42526041666667 0.5162037037037 0.016145833333333 0.021296296296296
11 0.91510416666667 0.54027777777778 0.025 0.036111111111111
11 0.25572916666667 0.48981481481481 0.03125 0.042592592592593
11 0.82890625 0.79490740740741 0.0421875 0.062037037037037
11 0.40572916666667 0.79953703703704 0.019791666666667 0.028703703703704
11 0.7625 0.32962962962963 0.035416666666667 0.053703703703704
11 0.37890625 0.8 0.019270833333333 0.027777777777778
11 0.88541666666667 0.63194444444444 0.027083333333333 0.037962962962963
11 0.82994791666667 0.29814814814815 0.0234375 0.035185185185185
11 0.40885416666667 0.57731481481481 0.01875 0.025
11 0.3515625 0.86342592592593 0.01875 0.025
11 0.33463541666667 0.81759259259259 0.0171875 0.022222222222222
11 0.2328125 0.97222222222222 0.026041666666667 0.02962962962963
11 0.90885416666667 0.78564814814815 0.054166666666667 0.082407407407407
11 0.38984375 0.88333333333333 0.0203125 0.027777777777778
11 0.74895833333333 0.46759259259259 0.028125 0.038888888888889
11 0.69921875 0.44212962962963 0.031770833333333 0.04537037037037
11 0.81302083333333 0.7212962962963 0.026041666666667 0.037037037037037
11 0.41067708333333 0.91296296296296 0.033854166666667 0.042592592592593
11 0.65364583333333 0.7625 0.023958333333333 0.032407407407407
11 0.36875 0.96944444444444 0.022916666666667 0.02962962962963
11 0.25572916666667 0.9625 0.0375 0.050925925925926
11 0.68098958333333 0.34027777777778 0.022395833333333 0.032407407407407
11 0.43359375 0.59444444444444 0.024479166666667 0.033333333333333
11 0.55807291666667 0.76851851851852 0.027604166666667 0.040740740740741
11 0.64869791666667 0.66712962962963 0.028645833333333 0.037962962962963
11 0.43333333333333 0.62314814814815 0.017708333333333 0.024074074074074
11 0.61276041666667 0.65138888888889 0.0234375 0.032407407407407
11 0.62447916666667 0.48240740740741 0.057291666666667 0.077777777777778
11 0.37161458333333 0.63981481481481 0.0171875 0.022222222222222
11 0.25078125 0.88148148148148 0.022395833333333 0.031481481481481
11 0.61848958333333 0.98888888888889 0.024479166666667 0.022222222222222
11 0.51588541666667 0.49583333333333 0.016145833333333 0.021296296296296
11 0.28411458333333 0.95 0.0296875 0.040740740740741
11 0.39088541666667 0.97083333333333 0.0234375 0.030555555555556
11 0.653125 0.46574074074074 0.025 0.035185185185185
11 0.50130208333333 0.98518518518519 0.025520833333333 0.02962962962963
11 0.33984375 0.75277777777778 0.0203125 0.027777777777778
11 0.33046875 0.90324074074074 0.0203125 0.026851851851852
11 0.27578125 0.80185185185185 0.0140625 0.018518518518519
11 0.92317708333333 0.11527777777778 0.025520833333333 0.039814814814815
11 0.57213541666667 0.88981481481481 0.022395833333333 0.033333333333333
11 0.29791666666667 0.86990740740741 0.016666666666667 0.021296296296296
11 0.49713541666667 0.59305555555556 0.0390625 0.056481481481481
11 0.31223958333333 0.97824074074074 0.022395833333333 0.028703703703704
11 0.33229166666667 0.68657407407407 0.01875 0.028703703703704
11 0.27526041666667 0.90138888888889 0.024479166666667 0.030555555555556
11 0.69765625 0.50972222222222 0.0265625 0.036111111111111
11 0.31536458333333 0.80324074074074 0.0203125 0.026851851851852
11 0.33619791666667 0.8787037037037 0.021354166666667 0.027777777777778
11 0.50286458333333 0.51574074074074 0.015104166666667 0.02037037037037
11 0.4625 0.78425925925926 0.019791666666667 0.02962962962963
11 0.76328125 0.83101851851852 0.0234375 0.034259259259259
11 0.35755208333333 0.82268518518519 0.021354166666667 0.028703703703704
11 0.44713541666667 0.74259259259259 0.030729166666667 0.042592592592593
11 0.28567708333333 0.63657407407407 0.031770833333333 0.043518518518519
11 0.10208333333333 0.69722222222222 0.028125 0.037037037037037
11 0.571875 0.68333333333333 0.029166666666667 0.038888888888889
11 0.4484375 0.57314814814815 0.015625 0.02037037037037
11 0.6375 0.54861111111111 0.023958333333333 0.032407407407407
11 0.39921875 0.60185185185185 0.0203125 0.027777777777778
11 0.86197916666667 0.36712962962963 0.025 0.037962962962963
11 0.45442708333333 0.5912037037037 0.016145833333333 0.021296296296296
11 0.32734375 0.58240740740741 0.015104166666667 0.02037037037037
11 0.86953125 0.43425925925926 0.022395833333333 0.031481481481481
11 0.74583333333333 0.35833333333333 0.022916666666667 0.033333333333333
11 0.58203125 0.97638888888889 0.0421875 0.047222222222222
11 0.31354166666667 0.72361111111111 0.017708333333333 0.023148148148148