11 0.47423887587822 0.32395833333333 0.063231850117096 0.060416666666667
11 0.65866510538642 0.28541666666667 0.050351288056206 0.045833333333333
11 0.56206088992974 0.18229166666667 0.056206088992974 0.05625
11 0.27049180327869 0.023958333333333 0.039812646370023 0.039583333333333
11 0.16334894613583 0.45 0.043325526932084 0.041666666666667
11 0.21428571428571 0.196875 0.058548009367682 0.052083333333333
11 0.59426229508197 0.019791666666667 0.040983606557377 0.039583333333333
11 0.26053864168618 0.38229166666667 0.078454332552693 0.06875
11 0.69730679156909 0.48020833333333 0.057377049180328 0.052083333333333
11 0.18325526932084 0.040625 0.052693208430913 0.04375
11 0.0403981264637 0.15833333333333 0.048009367681499 0.0375
11 0.27459016393443 0.31354166666667 0.06440281030445 0.060416666666667