11 0.45078125 0.39236111111111 0.359375 0.49861111111111
11 0.765625 0.32708333333333 0.446875 0.62083333333333
11 0.83046875 0.099305555555556 0.334375 0.19861111111111
11 0.646484375 0.46944444444444 0.03203125 0.052777777777778
11 0.872265625 0.68888888888889 0.03203125 0.044444444444444
11 0.862890625 0.74305555555556 0.02890625 0.038888888888889
11 0.865234375 0.85347222222222 0.02734375 0.0375
11 0.88046875 0.69930555555556 0.0265625 0.0375
11 0.76328125 0.51180555555556 0.0265625 0.0375
11 0.78671875 0.53680555555556 0.025 0.034722222222222
11 0.655078125 0.42708333333333 0.02421875 0.034722222222222
11 0.758203125 0.52847222222222 0.02265625 0.034722222222222
11 0.3796875 0.47638888888889 0.0234375 0.033333333333333
11 0.756640625 0.40486111111111 0.02421875 0.031944444444444
11 0.848828125 0.65277777777778 0.02265625 0.033333333333333
11 0.66015625 0.30069444444444 0.0234375 0.031944444444444
11 0.726953125 0.47083333333333 0.02421875 0.030555555555556
11 0.65390625 0.26944444444444 0.0234375 0.030555555555556
11 0.754296875 0.43402777777778 0.02265625 0.029166666666667
11 0.69375 0.40625 0.021875 0.029166666666667
11 0.8453125 0.58194444444444 0.0203125 0.027777777777778
11 0.660546875 0.32708333333333 0.02109375 0.026388888888889
11 0.681640625 0.43125 0.01953125 0.026388888888889
11 0.643359375 0.58333333333333 0.01953125 0.027777777777778
11 0.740234375 0.45625 0.01953125 0.026388888888889
11 0.784765625 0.50277777777778 0.01953125 0.025
11 0.80859375 0.57222222222222 0.01875 0.025
11 0.6796875 0.34166666666667 0.01875 0.025
11 0.68125 0.46041666666667 0.0171875 0.026388888888889
11 0.752734375 0.5375 0.01796875 0.025
11 0.62890625 0.23888888888889 0.0171875 0.025