10 0.77864583333333 0.71898148148148 0.10208333333333 0.13240740740741
10 0.80677083333333 0.52638888888889 0.134375 0.19907407407407
10 0.60729166666667 0.39675925925926 0.054166666666667 0.086111111111111
10 0.59817708333333 0.5162037037037 0.0515625 0.065740740740741
10 0.91640625 0.2412037037037 0.055729166666667 0.069444444444444
10 0.59401041666667 0.90740740740741 0.053645833333333 0.062962962962963
10 0.42994791666667 0.9037037037037 0.055729166666667 0.059259259259259
10 0.91666666666667 0.10277777777778 0.040625 0.064814814814815
10 0.6359375 0.72916666666667 0.046875 0.05462962962963
10 0.62005208333333 0.30046296296296 0.0421875 0.058333333333333
10 0.60208333333333 0.36990740740741 0.04375 0.05462962962963
10 0.5015625 0.63611111111111 0.04375 0.053703703703704
10 0.61432291666667 0.41481481481481 0.0421875 0.055555555555556
10 0.65390625 0.51759259259259 0.040104166666667 0.055555555555556
10 0.6390625 0.52407407407407 0.04375 0.05
10 0.56927083333333 0.33518518518519 0.038541666666667 0.053703703703704
10 0.52552083333333 0.36527777777778 0.039583333333333 0.050925925925926
10 0.79322916666667 0.21435185185185 0.035416666666667 0.049074074074074
10 0.65677083333333 0.74490740740741 0.039583333333333 0.050925925925926
10 0.30989583333333 0.50416666666667 0.0375 0.047222222222222
10 0.69114583333333 0.33055555555556 0.034375 0.044444444444444
10 0.3984375 0.66898148148148 0.0375 0.04537037037037
10 0.5875 0.11759259259259 0.030208333333333 0.048148148148148
10 0.70364583333333 0.3787037037037 0.034375 0.048148148148148
10 0.77135416666667 0.052777777777778 0.03125 0.046296296296296
10 0.70963541666667 0.63333333333333 0.033854166666667 0.044444444444444
10 0.52421875 0.54537037037037 0.033854166666667 0.042592592592593
10 0.62786458333333 0.043981481481481 0.031770833333333 0.04537037037037
10 0.58541666666667 0.40509259259259 0.032291666666667 0.043518518518519
10 0.55677083333333 0.33518518518519 0.033333333333333 0.042592592592593
10 0.5109375 0.35648148148148 0.032291666666667 0.042592592592593
10 0.66119791666667 0.28333333333333 0.031770833333333 0.042592592592593
10 0.4515625 0.41666666666667 0.032291666666667 0.040740740740741
10 0.65546875 0.081481481481481 0.030729166666667 0.042592592592593
10 0.5859375 0.29212962962963 0.032291666666667 0.041666666666667
10 0.62708333333333 0.10138888888889 0.030208333333333 0.041666666666667
10 0.66328125 0.16527777777778 0.0296875 0.041666666666667
10 0.4921875 0.52546296296296 0.032291666666667 0.037962962962963
10 0.20182291666667 0.47175925925926 0.030729166666667 0.039814814814815
10 0.68645833333333 0.53287037037037 0.030208333333333 0.039814814814815
10 0.6234375 0.35694444444444 0.030208333333333 0.039814814814815
10 0.60677083333333 0.67824074074074 0.029166666666667 0.039814814814815
10 0.53854166666667 0.25185185185185 0.028125 0.040740740740741
10 0.36145833333333 0.43425925925926 0.029166666666667 0.038888888888889
10 0.60989583333333 0.45833333333333 0.029166666666667 0.038888888888889
10 0.63671875 0.30324074074074 0.0296875 0.037962962962963
10 0.51901041666667 0.98842592592593 0.0484375 0.023148148148148
10 0.58411458333333 0.74722222222222 0.0296875 0.037037037037037
10 0.70520833333333 0.66666666666667 0.029166666666667 0.037037037037037
10 0.61666666666667 0.096759259259259 0.028125 0.037962962962963
10 0.3046875 0.5337962962963 0.029166666666667 0.036111111111111
10 0.63072916666667 0.46296296296296 0.028125 0.037037037037037
10 0.26171875 0.35555555555556 0.027604166666667 0.037037037037037
10 0.5015625 0.44444444444444 0.028125 0.035185185185185
10 0.6625 0.25046296296296 0.027083333333333 0.036111111111111
10 0.68619791666667 0.14583333333333 0.025520833333333 0.037962962962963
10 0.57447916666667 0.14444444444444 0.026041666666667 0.037037037037037
10 0.62213541666667 0.31805555555556 0.0265625 0.036111111111111
10 0.55208333333333 0.46111111111111 0.027083333333333 0.035185185185185
10 0.45807291666667 0.51064814814815 0.027604166666667 0.034259259259259
10 0.34505208333333 0.19351851851852 0.025520833333333 0.037037037037037
10 0.59583333333333 0.54537037037037 0.028125 0.033333333333333
10 0.5875 0.16203703703704 0.026041666666667 0.035185185185185
10 0.27057291666667 0.3087962962963 0.024479166666667 0.034259259259259
10 0.6609375 0.49907407407407 0.025 0.033333333333333
10 0.64765625 0.14537037037037 0.0234375 0.033333333333333
10 0.521875 0.45046296296296 0.025 0.030555555555556
10 0.61744791666667 0.026388888888889 0.0234375 0.032407407407407
10 0.66666666666667 0.42037037037037 0.023958333333333 0.031481481481481
10 0.50260416666667 0.35138888888889 0.023958333333333 0.030555555555556
10 0.55703125 0.019444444444444 0.022395833333333 0.031481481481481
10 0.621875 0.22824074074074 0.022916666666667 0.030555555555556
10 0.5515625 0.33472222222222 0.019791666666667 0.026851851851852