10 0.24947916666667 0.67546296296296 0.0625 0.093518518518519
10 0.0640625 0.26990740740741 0.032291666666667 0.049074074074074
10 0.40598958333333 0.68287037037037 0.027604166666667 0.037962962962963
10 0.81979166666667 0.88148148148148 0.027083333333333 0.035185185185185
10 0.76432291666667 0.39583333333333 0.0234375 0.037962962962963
10 0.49583333333333 0.76666666666667 0.023958333333333 0.040740740740741
10 0.039583333333333 0.66990740740741 0.027083333333333 0.036111111111111
10 0.83359375 0.22731481481481 0.022395833333333 0.036111111111111
10 0.67005208333333 0.91342592592593 0.0234375 0.034259259259259
10 0.71484375 0.80416666666667 0.021354166666667 0.034259259259259
10 0.446875 0.64259259259259 0.021875 0.031481481481481
10 0.86953125 0.96296296296296 0.021354166666667 0.031481481481481
10 0.72942708333333 0.62962962962963 0.021354166666667 0.02962962962963
10 0.59609375 0.34259259259259 0.0203125 0.02962962962963
10 0.52708333333333 0.90694444444444 0.020833333333333 0.028703703703704
10 0.87135416666667 0.76388888888889 0.019791666666667 0.02962962962963
10 0.596875 0.5912037037037 0.020833333333333 0.026851851851852
10 0.98072916666667 0.98472222222222 0.020833333333333 0.026851851851852
10 0.78645833333333 0.66574074074074 0.01875 0.02962962962963
10 0.421875 0.30601851851852 0.01875 0.028703703703704
10 0.96041666666667 0.58657407407407 0.01875 0.028703703703704
10 0.19713541666667 0.76805555555556 0.019270833333333 0.026851851851852
10 0.74427083333333 0.87638888888889 0.01875 0.026851851851852
10 0.5859375 0.60046296296296 0.01875 0.026851851851852
10 0.81901041666667 0.93935185185185 0.019270833333333 0.025
10 0.271875 0.65787037037037 0.017708333333333 0.026851851851852
10 0.84036458333333 0.65092592592593 0.018229166666667 0.025925925925926
10 0.93411458333333 0.74259259259259 0.018229166666667 0.025925925925926
10 0.7609375 0.52685185185185 0.017708333333333 0.025925925925926
10 0.63697916666667 0.95324074074074 0.01875 0.025
10 0.89635416666667 0.65416666666667 0.016666666666667 0.025
10 0.97838541666667 0.67962962962963 0.0171875 0.024074074074074
10 0.60208333333333 0.58657407407407 0.017708333333333 0.023148148148148
10 0.53255208333333 0.44027777777778 0.0171875 0.023148148148148
10 0.55703125 0.7625 0.0171875 0.023148148148148
10 0.55807291666667 0.72731481481481 0.0171875 0.023148148148148
10 0.57005208333333 0.70185185185185 0.0171875 0.022222222222222
10 0.50208333333333 0.96851851851852 0.017708333333333 0.02037037037037
10 0.33307291666667 0.9625 0.016145833333333 0.021296296296296
10 0.63723958333333 0.81574074074074 0.016145833333333 0.022222222222222
10 0.35677083333333 0.87962962962963 0.016666666666667 0.02037037037037
10 0.63984375 0.74953703703704 0.015104166666667 0.021296296296296
10 0.63802083333333 0.73935185185185 0.014583333333333 0.021296296296296
10 0.81328125 0.27361111111111 0.0140625 0.021296296296296
10 0.78541666666667 0.825 0.014583333333333 0.02037037037037
10 0.80729166666667 0.64074074074074 0.014583333333333 0.02037037037037
10 0.78619791666667 0.68888888888889 0.0140625 0.02037037037037
10 0.86458333333333 0.57083333333333 0.013541666666667 0.019444444444444
10 0.75989583333333 0.31435185185185 0.013541666666667 0.019444444444444
10 0.62473958333333 0.67268518518519 0.0140625 0.019444444444444
10 0.69869791666667 0.74444444444444 0.0140625 0.018518518518519
10 0.72552083333333 0.74768518518519 0.013541666666667 0.019444444444444
10 0.40442708333333 0.83703703703704 0.0140625 0.018518518518519
10 0.45755208333333 0.66666666666667 0.013020833333333 0.018518518518519
10 0.578125 0.72916666666667 0.013541666666667 0.017592592592593
10 0.64114583333333 0.52916666666667 0.013541666666667 0.017592592592593
10 0.41927083333333 0.83287037037037 0.013541666666667 0.017592592592593
10 0.6125 0.70462962962963 0.0125 0.018518518518519
10 0.67890625 0.5875 0.013020833333333 0.017592592592593
10 0.49973958333333 0.6375 0.013020833333333 0.017592592592593
10 0.475 0.76435185185185 0.0125 0.017592592592593
10 0.54817708333333 0.8 0.013020833333333 0.016666666666667
10 0.57760416666667 0.78518518518519 0.0125 0.016666666666667
10 0.40598958333333 0.92083333333333 0.013020833333333 0.015740740740741
10 0.45520833333333 0.82175925925926 0.0125 0.015740740740741
10 0.52161458333333 0.63240740740741 0.011979166666667 0.016666666666667
10 0.61458333333333 0.5287037037037 0.011458333333333 0.016666666666667
10 0.67916666666667 0.54351851851852 0.011458333333333 0.016666666666667
10 0.60182291666667 0.54768518518519 0.011979166666667 0.015740740740741
10 0.65364583333333 0.47824074074074 0.011458333333333 0.015740740740741
10 0.60625 0.67453703703704 0.011458333333333 0.015740740740741
10 0.62239583333333 0.5712962962963 0.011458333333333 0.014814814814815
10 0.61875 0.59490740740741 0.011458333333333 0.015740740740741
10 0.62135416666667 0.49305555555556 0.010416666666667 0.015740740740741
10 0.65859375 0.53425925925926 0.0109375 0.014814814814815
10 0.65104166666667 0.5712962962963 0.010416666666667 0.014814814814815
10 0.47291666666667 0.60972222222222 0.010416666666667 0.013888888888889
10 0.53177083333333 0.6625 0.010416666666667 0.013888888888889
10 0.63619791666667 0.56712962962963 0.0098958333333333 0.013888888888889