11 0.57109375 0.475 0.028125 0.041666666666667
11 0.64609375 0.35625 0.0296875 0.045833333333333
11 0.634765625 0.62291666666667 0.02421875 0.034722222222222
11 0.570703125 0.67013888888889 0.02890625 0.040277777777778
11 0.556640625 0.59097222222222 0.02734375 0.040277777777778
11 0.653125 0.5875 0.025 0.036111111111111
11 0.6359375 0.42777777777778 0.025 0.036111111111111
11 0.633203125 0.72083333333333 0.02890625 0.041666666666667
11 0.541015625 0.36458333333333 0.02421875 0.0375
11 0.556640625 0.3875 0.02421875 0.036111111111111
11 0.680859375 0.80763888888889 0.02734375 0.0375
11 0.702734375 0.80277777777778 0.02890625 0.041666666666667
11 0.5890625 0.625 0.03125 0.044444444444444
11 0.625 0.92083333333333 0.0328125 0.044444444444444
11 0.55859375 0.45555555555556 0.0234375 0.036111111111111
11 0.561328125 0.41041666666667 0.02890625 0.045833333333333
11 0.626953125 0.69513888888889 0.02734375 0.0375
11 0.61796875 0.72083333333333 0.0296875 0.041666666666667
11 0.625390625 0.51666666666667 0.02734375 0.036111111111111
11 0.57578125 0.53611111111111 0.0328125 0.047222222222222
11 0.6828125 0.87777777777778 0.0265625 0.036111111111111
11 0.687890625 0.75902777777778 0.03671875 0.051388888888889
11 0.585546875 0.69236111111111 0.02421875 0.034722222222222
11 0.666015625 0.73819444444444 0.02421875 0.034722222222222
11 0.41875 0.98611111111111 0.0296875 0.027777777777778
11 0.56484375 0.73611111111111 0.025 0.038888888888889
11 0.5984375 0.59375 0.0328125 0.048611111111111
11 0.5578125 0.61527777777778 0.028125 0.041666666666667
11 0.61015625 0.71527777777778 0.021875 0.030555555555556
11 0.728125 0.94861111111111 0.0234375 0.033333333333333
11 0.608203125 0.80277777777778 0.02734375 0.036111111111111