10 0.4578125 0.8 0.089583333333333 0.10740740740741
10 0.29583333333333 0.45 0.066666666666667 0.096296296296296
10 0.22005208333333 0.79166666666667 0.033854166666667 0.040740740740741
10 0.59192708333333 0.31944444444444 0.033854166666667 0.046296296296296
10 0.79453125 0.58194444444444 0.066145833333333 0.099074074074074
10 0.359375 0.50509259259259 0.047916666666667 0.052777777777778
10 0.103125 0.070833333333333 0.035416666666667 0.050925925925926
10 0.89609375 0.58888888888889 0.044270833333333 0.061111111111111
10 0.5796875 0.022222222222222 0.04375 0.044444444444444
10 0.3875 0.047685185185185 0.094791666666667 0.09537037037037
10 0.28463541666667 0.17314814814815 0.065104166666667 0.081481481481481
10 0.84609375 0.41388888888889 0.040104166666667 0.05
10 0.19114583333333 0.25462962962963 0.0375 0.051851851851852
10 0.74661458333333 0.58611111111111 0.033854166666667 0.044444444444444
10 0.068229166666667 0.43472222222222 0.036458333333333 0.050925925925926
10 0.50208333333333 0.058796296296296 0.039583333333333 0.05462962962963
10 0.52213541666667 0.28425925925926 0.10989583333333 0.18333333333333
10 0.77890625 0.76203703703704 0.049479166666667 0.083333333333333
10 0.63541666666667 0.22638888888889 0.035416666666667 0.049074074074074
10 0.35859375 0.5837962962963 0.036979166666667 0.04537037037037
10 0.38697916666667 0.91203703703704 0.046875 0.055555555555556
10 0.92291666666667 0.7375 0.075 0.11388888888889
10 0.36041666666667 0.39166666666667 0.058333333333333 0.096296296296296
10 0.89635416666667 0.80462962962963 0.072916666666667 0.11111111111111
10 0.75572916666667 0.041666666666667 0.040625 0.053703703703704
10 0.59166666666667 0.15185185185185 0.044791666666667 0.061111111111111
10 0.97734375 0.9662037037037 0.038020833333333 0.056481481481481
10 0.40208333333333 0.78888888888889 0.052083333333333 0.066666666666667
10 0.20078125 0.33287037037037 0.036979166666667 0.052777777777778
10 0.425 0.3625 0.039583333333333 0.05462962962963
10 0.4328125 0.085185185185185 0.039583333333333 0.051851851851852
10 0.35572916666667 0.23703703703704 0.038541666666667 0.051851851851852
10 0.79479166666667 0.20416666666667 0.038541666666667 0.052777777777778
10 0.78177083333333 0.77731481481481 0.084375 0.11203703703704
10 0.74401041666667 0.51018518518519 0.030729166666667 0.038888888888889
10 0.53854166666667 0.26712962962963 0.039583333333333 0.065740740740741
10 0.015885416666667 0.86990740740741 0.031770833333333 0.050925925925926
10 0.39739583333333 0.67175925925926 0.048958333333333 0.060185185185185
10 0.6328125 0.35925925925926 0.038541666666667 0.05
10 0.16041666666667 0.41064814814815 0.061458333333333 0.097222222222222
10 0.5140625 0.29953703703704 0.080208333333333 0.11203703703704
10 0.153125 0.75138888888889 0.109375 0.13981481481481
10 0.37682291666667 0.30231481481481 0.053645833333333 0.071296296296296
10 0.58359375 0.58101851851852 0.049479166666667 0.073148148148148
10 0.57604166666667 0.2212962962963 0.0375 0.051851851851852
10 0.80442708333333 0.425 0.0359375 0.051851851851852
10 0.66328125 0.11666666666667 0.050520833333333 0.068518518518519
10 0.303125 0.24537037037037 0.033333333333333 0.046296296296296
10 0.73984375 0.43148148148148 0.033854166666667 0.042592592592593
10 0.621875 0.16342592592593 0.046875 0.062037037037037
10 0.41223958333333 0.18472222222222 0.083854166666667 0.12314814814815
10 0.50494791666667 0.29212962962963 0.0515625 0.069444444444444
10 0.23463541666667 0.37916666666667 0.0296875 0.043518518518519
10 0.25442708333333 0.33703703703704 0.0328125 0.048148148148148
10 0.11875 0.0087962962962963 0.029166666666667 0.017592592592593
10 0.8390625 0.4 0.12708333333333 0.26111111111111
10 0.3703125 0.51851851851852 0.088541666666667 0.1
10 0.84713541666667 0.48009259259259 0.046354166666667 0.065740740740741
10 0.325 0.15277777777778 0.036458333333333 0.053703703703704
10 0.20989583333333 0.69490740740741 0.034375 0.041666666666667
10 0.082552083333333 0.93009259259259 0.086979166666667 0.10833333333333
10 0.73255208333333 0.32731481481481 0.033854166666667 0.04537037037037
10 0.80182291666667 0.56712962962963 0.0359375 0.049074074074074
10 0.77786458333333 0.74675925925926 0.0328125 0.043518518518519
10 0.2640625 0.56527777777778 0.033333333333333 0.041666666666667
10 0.27213541666667 0.81157407407407 0.0609375 0.073148148148148
10 0.054947916666667 0.58796296296296 0.0515625 0.087037037037037
10 0.058072916666667 0.57824074074074 0.0359375 0.047222222222222
10 0.81145833333333 0.29166666666667 0.036458333333333 0.048148148148148
10 0.26276041666667 0.2462962962963 0.0390625 0.053703703703704
10 0.90390625 0.77916666666667 0.11510416666667 0.17685185185185
10 0.37890625 0.50601851851852 0.0546875 0.069444444444444
10 0.71380208333333 0.25231481481481 0.038020833333333 0.052777777777778
10 0.57786458333333 0.073611111111111 0.044270833333333 0.058333333333333
10 0.10598958333333 0.52083333333333 0.0984375 0.1212962962963
10 0.66875 0.34259259259259 0.036458333333333 0.048148148148148
10 0.90260416666667 0.81898148148148 0.046875 0.062037037037037
10 0.11953125 0.18287037037037 0.11927083333333 0.17685185185185
10 0.60703125 0.84722222222222 0.1265625 0.17592592592593
10 0.64739583333333 0.37222222222222 0.14583333333333 0.15740740740741
10 0.67369791666667 0.40231481481481 0.034895833333333 0.047222222222222
10 0.12005208333333 0.51527777777778 0.0578125 0.080555555555556
10 0.0875 0.94305555555556 0.045833333333333 0.058333333333333
10 0.10703125 0.69490740740741 0.033854166666667 0.041666666666667