10 0.80703125 0.22291666666667 0.3328125 0.44583333333333
10 0.64609375 0.47361111111111 0.05 0.063888888888889
10 0.8234375 0.40555555555556 0.0359375 0.047222222222222
10 0.692578125 0.74513888888889 0.02890625 0.031944444444444
10 0.8578125 0.47291666666667 0.0484375 0.068055555555556
10 0.72734375 0.52222222222222 0.040625 0.05
10 0.734765625 0.63263888888889 0.03671875 0.043055555555556
10 0.617578125 0.34236111111111 0.02890625 0.043055555555556
10 0.758984375 0.28680555555556 0.04296875 0.056944444444444
10 0.630859375 0.28472222222222 0.03203125 0.044444444444444
10 0.69453125 0.62013888888889 0.0453125 0.056944444444444
10 0.728515625 0.25902777777778 0.03359375 0.048611111111111
10 0.76171875 0.63888888888889 0.0484375 0.055555555555556
10 0.8578125 0.54027777777778 0.0296875 0.038888888888889
10 0.8296875 0.44375 0.0296875 0.043055555555556
10 0.8234375 0.55694444444444 0.0421875 0.05
10 0.639453125 0.25694444444444 0.03515625 0.05
10 0.905859375 0.45625 0.02734375 0.0375
10 0.3875 0.34722222222222 0.290625 0.53888888888889
10 0.75625 0.66875 0.0328125 0.034722222222222
10 0.72265625 0.58472222222222 0.0515625 0.063888888888889