10 0.43984375 0.82569444444444 0.0484375 0.0625
10 0.625390625 0.87569444444444 0.03671875 0.048611111111111
10 0.385546875 0.80972222222222 0.03984375 0.05
10 0.9859375 0.47986111111111 0.0265625 0.070833333333333
10 0.37734375 0.027083333333333 0.0421875 0.054166666666667
10 0.54921875 0.46111111111111 0.046875 0.063888888888889
10 0.662109375 0.89930555555556 0.03359375 0.045833333333333
10 0.5921875 0.37916666666667 0.0546875 0.075
10 0.269921875 0.043055555555556 0.06015625 0.083333333333333
10 0.730859375 0.16666666666667 0.05234375 0.077777777777778
10 0.75859375 0.67708333333333 0.0390625 0.056944444444444
10 0.276953125 0.81041666666667 0.03828125 0.048611111111111
10 0.698828125 0.73125 0.06015625 0.084722222222222
10 0.13203125 0.27013888888889 0.0703125 0.090277777777778
10 0.325390625 0.63055555555556 0.04453125 0.055555555555556
10 0.47890625 0.64027777777778 0.0671875 0.091666666666667
10 0.871484375 0.57986111111111 0.04453125 0.068055555555556
10 0.14453125 0.94652777777778 0.0515625 0.065277777777778
10 0.082421875 0.18125 0.04453125 0.065277777777778
10 0.076171875 0.95555555555556 0.03828125 0.055555555555556
10 0.095703125 0.97986111111111 0.03203125 0.0375
10 0.796875 0.3125 0.0515625 0.072222222222222
10 0.5609375 0.60972222222222 0.0671875 0.077777777777778
10 0.398046875 0.92569444444444 0.05703125 0.073611111111111
10 0.59765625 0.49722222222222 0.0390625 0.055555555555556
10 0.673828125 0.52222222222222 0.05390625 0.097222222222222
10 0.675390625 0.50208333333333 0.03984375 0.059722222222222
10 0.10078125 0.23055555555556 0.034375 0.05
10 0.530078125 0.53819444444444 0.04921875 0.068055555555556
10 0.299609375 0.35833333333333 0.04609375 0.063888888888889
10 0.634375 0.96180555555556 0.078125 0.073611111111111
10 0.1421875 0.45277777777778 0.06875 0.11111111111111
10 0.76640625 0.026388888888889 0.065625 0.052777777777778
10 0.66484375 0.78402777777778 0.059375 0.081944444444444
10 0.4890625 0.82222222222222 0.046875 0.061111111111111
10 0.683984375 0.83194444444444 0.03671875 0.05
10 0.5734375 0.17430555555556 0.0578125 0.079166666666667
10 0.800390625 0.63194444444444 0.04140625 0.058333333333333
10 0.443359375 0.57152777777778 0.03515625 0.045833333333333
10 0.494921875 0.52638888888889 0.04140625 0.058333333333333
10 0.041796875 0.80694444444444 0.04453125 0.058333333333333
10 0.965234375 0.57013888888889 0.04453125 0.065277777777778
10 0.067578125 0.44930555555556 0.04140625 0.059722222222222
10 0.749609375 0.35138888888889 0.05859375 0.083333333333333
10 0.173828125 0.20069444444444 0.09453125 0.10972222222222
10 0.1015625 0.48958333333333 0.0421875 0.059722222222222
10 0.395703125 0.73819444444444 0.04140625 0.051388888888889
10 0.110546875 0.38472222222222 0.04296875 0.061111111111111
10 0.5625 0.72152777777778 0.0453125 0.054166666666667
10 0.817578125 0.66666666666667 0.03984375 0.061111111111111
10 0.68984375 0.61180555555556 0.0984375 0.1375
10 0.966796875 0.60902777777778 0.03984375 0.0625
10 0.541015625 0.34652777777778 0.05859375 0.084722222222222
10 0.721875 0.68472222222222 0.0390625 0.058333333333333
10 0.41171875 0.15972222222222 0.0453125 0.061111111111111
10 0.4390625 0.48333333333333 0.053125 0.069444444444444
10 0.916796875 0.58402777777778 0.06953125 0.10416666666667
10 0.855078125 0.66736111111111 0.06953125 0.095833333333333
10 0.84921875 0.31527777777778 0.0484375 0.066666666666667
10 0.5375 0.16944444444444 0.05 0.069444444444444
10 0.469921875 0.86666666666667 0.03984375 0.052777777777778
10 0.78359375 0.56111111111111 0.0453125 0.063888888888889
10 0.722265625 0.51388888888889 0.08046875 0.1
10 0.510546875 0.97916666666667 0.05078125 0.041666666666667
10 0.620703125 0.20902777777778 0.05078125 0.073611111111111
10 0.227734375 0.7875 0.05234375 0.069444444444444
10 0.45546875 0.62916666666667 0.0625 0.077777777777778
10 0.90859375 0.22291666666667 0.053125 0.073611111111111
10 0.948046875 0.32222222222222 0.06640625 0.086111111111111
10 0.778515625 0.81527777777778 0.13203125 0.17777777777778
10 0.744921875 0.76736111111111 0.07265625 0.10138888888889
10 0.93828125 0.25763888888889 0.0625 0.090277777777778
10 0.843359375 0.21319444444444 0.06953125 0.10138888888889
10 0.985546875 0.054166666666667 0.02890625 0.1
10 0.44453125 0.40833333333333 0.0828125 0.11111111111111
10 0.495703125 0.62847222222222 0.05078125 0.070833333333333
10 0.617578125 0.5625 0.07109375 0.091666666666667
10 0.108984375 0.64861111111111 0.04140625 0.055555555555556
10 0.622265625 0.46666666666667 0.05078125 0.072222222222222
10 0.787109375 0.68888888888889 0.04765625 0.066666666666667
10 0.4875 0.6625 0.0453125 0.066666666666667