10 0.06796875 0.45833333333333 0.059375 0.069444444444444
10 0.12734375 0.52638888888889 0.0609375 0.061111111111111
10 0.3296875 0.57847222222222 0.0484375 0.054166666666667
10 0.237109375 0.5125 0.05390625 0.055555555555556
10 0.139453125 0.18194444444444 0.05390625 0.072222222222222
10 0.159375 0.50069444444444 0.0828125 0.079166666666667
10 0.04140625 0.51041666666667 0.065625 0.068055555555556
10 0.37734375 0.21875 0.0453125 0.0625
10 0.0265625 0.43611111111111 0.053125 0.097222222222222
10 0.347265625 0.56111111111111 0.06328125 0.069444444444444
10 0.40703125 0.54027777777778 0.046875 0.05
10 0.26875 0.13819444444444 0.0578125 0.079166666666667