11 0.44086651053864 0.10625 0.048009367681499 0.054166666666667
11 0.081381733021077 0.31666666666667 0.043325526932084 0.05
11 0.38114754098361 0.3875 0.15339578454333 0.17916666666667
11 0.47189695550351 0.58229166666667 0.063231850117096 0.072916666666667
11 0.2019906323185 0.515625 0.059718969555035 0.060416666666667
11 0.67096018735363 0.019791666666667 0.060889929742389 0.039583333333333
11 0.48770491803279 0.66041666666667 0.085480093676815 0.0875
11 0.53805620608899 0.50520833333333 0.059718969555035 0.064583333333333
11 0.37236533957845 0.054166666666667 0.05152224824356 0.058333333333333
11 0.50117096018735 0.50729166666667 0.067915690866511 0.072916666666667
11 0.5983606557377 0.034375 0.072599531615925 0.06875
11 0.52224824355972 0.24791666666667 0.058548009367682 0.0625
11 0.42154566744731 0.16979166666667 0.053864168618267 0.05625
11 0.36182669789227 0.478125 0.05152224824356 0.05625
11 0.44262295081967 0.371875 0.049180327868852 0.05625
11 0.50526932084309 0.428125 0.062060889929742 0.06875
11 0.50409836065574 0.34166666666667 0.052693208430913 0.058333333333333
11 0.47189695550351 0.23958333333333 0.056206088992974 0.058333333333333
11 0.59777517564403 0.38333333333333 0.076112412177986 0.1