10 0.98359375 0.58888888888889 0.021354166666667 0.031481481481481
10 0.98046875 0.78101851851852 0.0265625 0.067592592592593
10 0.7984375 0.3962962962963 0.092708333333333 0.21481481481481
10 0.19661458333333 0.091203703703704 0.018229166666667 0.037962962962963
10 0.069270833333333 0.78518518518519 0.029166666666667 0.042592592592593
10 0.4296875 0.064351851851852 0.080208333333333 0.1287037037037
10 0.29453125 0.58055555555556 0.0296875 0.044444444444444
10 0.64583333333333 0.66712962962963 0.05 0.09537037037037
10 0.84947916666667 0.54583333333333 0.036458333333333 0.04537037037037
10 0.57395833333333 0.37638888888889 0.033333333333333 0.043518518518519
10 0.049739583333333 0.58796296296296 0.044270833333333 0.062962962962963
10 0.91588541666667 0.28425925925926 0.0828125 0.36296296296296
10 0.78125 0.2712962962963 0.016666666666667 0.037037037037037
10 0.81588541666667 0.56851851851852 0.031770833333333 0.042592592592593
10 0.83880208333333 0.76388888888889 0.0390625 0.051851851851852
10 0.06796875 0.15601851851852 0.1234375 0.1712962962963
10 0.11875 0.55092592592593 0.036458333333333 0.05
10 0.27682291666667 0.88611111111111 0.0578125 0.10740740740741
10 0.43229166666667 0.85694444444444 0.036458333333333 0.075
10 0.044010416666667 0.46481481481481 0.031770833333333 0.042592592592593
10 0.53697916666667 0.25972222222222 0.04375 0.071296296296296
10 0.525 0.072685185185185 0.017708333333333 0.030555555555556
10 0.70390625 0.44027777777778 0.0890625 0.15092592592593
10 0.97916666666667 0.8587962962963 0.034375 0.065740740740741
10 0.11666666666667 0.57314814814815 0.045833333333333 0.1
10 0.37265625 0.44490740740741 0.1640625 0.36759259259259
10 0.65104166666667 0.22222222222222 0.077083333333333 0.075925925925926
10 0.72109375 0.1125 0.038020833333333 0.050925925925926
10 0.25729166666667 0.28240740740741 0.22395833333333 0.25185185185185
10 0.34895833333333 0.28703703703704 0.036458333333333 0.053703703703704
10 0.14895833333333 0.79722222222222 0.069791666666667 0.16481481481481
10 0.07265625 0.975 0.058854166666667 0.048148148148148
10 0.47552083333333 0.77685185185185 0.01875 0.038888888888889
10 0.62473958333333 0.86574074074074 0.065104166666667 0.12592592592593