11 0.547265625 0.44166666666667 0.03515625 0.052777777777778
11 0.53359375 0.36736111111111 0.0328125 0.051388888888889
11 0.660546875 0.80833333333333 0.03359375 0.047222222222222
11 0.560546875 0.66388888888889 0.03203125 0.047222222222222
11 0.540625 0.51111111111111 0.0296875 0.044444444444444
11 0.571484375 0.60347222222222 0.03046875 0.040277777777778
11 0.636328125 0.60694444444444 0.02890625 0.038888888888889
11 0.6 0.52638888888889 0.028125 0.038888888888889
11 0.69609375 0.90486111111111 0.0265625 0.0375
11 0.542578125 0.60069444444444 0.02421875 0.0375
11 0.59140625 0.78819444444444 0.025 0.0375
11 0.619140625 0.44097222222222 0.02421875 0.0375
11 0.67890625 0.78888888888889 0.025 0.036111111111111
11 0.6140625 0.67361111111111 0.025 0.036111111111111
11 0.6421875 0.71944444444444 0.025 0.036111111111111
11 0.61796875 0.38819444444444 0.0234375 0.034722222222222
11 0.565625 0.49652777777778 0.0234375 0.034722222222222
11 0.619921875 0.71527777777778 0.02421875 0.033333333333333
11 0.653515625 0.78055555555556 0.02421875 0.033333333333333
11 0.608984375 0.62222222222222 0.02421875 0.033333333333333
11 0.593359375 0.64583333333333 0.02265625 0.033333333333333
11 0.57421875 0.56666666666667 0.0234375 0.033333333333333
11 0.592578125 0.93958333333333 0.02265625 0.031944444444444
11 0.659765625 0.88541666666667 0.02265625 0.031944444444444
11 0.613671875 0.69930555555556 0.02265625 0.031944444444444
11 0.551171875 0.58055555555556 0.02109375 0.030555555555556
11 0.57421875 0.72708333333333 0.021875 0.029166666666667