10 0.69296875 0.44652777777778 0.0296875 0.040277777777778
6 0.73046875 0.40416666666667 0.0265625 0.030555555555556
10 0.71953125 0.60416666666667 0.025 0.030555555555556
10 0.888671875 0.52152777777778 0.03359375 0.043055555555556
10 0.871875 0.59861111111111 0.0265625 0.036111111111111
10 0.881640625 0.48680555555556 0.03203125 0.043055555555556
10 0.877734375 0.55694444444444 0.03046875 0.041666666666667
10 0.72890625 0.49513888888889 0.0265625 0.034722222222222
10 0.68203125 0.27638888888889 0.034375 0.047222222222222
10 0.841015625 0.49861111111111 0.02734375 0.033333333333333
10 0.7203125 0.37569444444444 0.040625 0.051388888888889
10 0.91171875 0.31666666666667 0.025 0.033333333333333
10 0.707421875 0.48194444444444 0.02421875 0.030555555555556
6 0.707421875 0.41666666666667 0.02578125 0.030555555555556
10 0.81796875 0.45 0.0265625 0.036111111111111
10 0.835546875 0.54375 0.03046875 0.0375
6 0.752734375 0.40972222222222 0.03046875 0.038888888888889
6 0.73125 0.42777777777778 0.025 0.030555555555556
10 0.862890625 0.65416666666667 0.02890625 0.038888888888889
10 0.901953125 0.58194444444444 0.02734375 0.036111111111111
10 0.645703125 0.29652777777778 0.03046875 0.040277777777778
10 0.7875 0.26388888888889 0.421875 0.52777777777778
10 0.446875 0.3 0.3234375 0.50555555555556
10 0.889453125 0.52083333333333 0.03203125 0.047222222222222
10 0.83125 0.52986111111111 0.03125 0.051388888888889
10 0.71953125 0.37569444444444 0.0359375 0.048611111111111
10 0.681640625 0.27638888888889 0.03046875 0.047222222222222
10 0.882421875 0.48680555555556 0.03046875 0.045833333333333
10 0.876953125 0.55555555555556 0.03046875 0.044444444444444
10 0.693359375 0.44652777777778 0.02890625 0.045833333333333
10 0.862890625 0.65347222222222 0.02890625 0.043055555555556
10 0.381640625 0.088888888888889 0.02890625 0.041666666666667
10 0.817578125 0.45 0.02734375 0.041666666666667
10 0.835546875 0.54375 0.02734375 0.040277777777778
10 0.9015625 0.58263888888889 0.028125 0.043055555555556
10 0.852734375 0.48263888888889 0.02734375 0.040277777777778
10 0.6453125 0.29652777777778 0.0265625 0.040277777777778
10 0.84140625 0.49930555555556 0.0265625 0.040277777777778
10 0.8265625 0.51736111111111 0.0265625 0.0375
10 0.871875 0.59791666666667 0.0265625 0.0375
10 0.9125 0.31736111111111 0.0265625 0.034722222222222
10 0.7296875 0.49305555555556 0.0234375 0.038888888888889
10 0.755078125 0.40833333333333 0.02421875 0.036111111111111
10 0.70625 0.53333333333333 0.0234375 0.036111111111111
10 0.719140625 0.60486111111111 0.02421875 0.034722222222222
10 0.73125 0.40347222222222 0.0265625 0.031944444444444
10 0.730859375 0.42708333333333 0.02421875 0.034722222222222
10 0.680078125 0.37986111111111 0.02421875 0.034722222222222
10 0.70625 0.48263888888889 0.0203125 0.031944444444444
10 0.70703125 0.41736111111111 0.0203125 0.029166666666667
10 0.8046875 0.42916666666667 0.0234375 0.033333333333333
10 0.705078125 0.51319444444444 0.01796875 0.026388888888889
10 0.86328125 0.55138888888889 0.065625 0.038888888888889
10 0.446875 0.28888888888889 0.3296875 0.51388888888889
10 0.7640625 0.11319444444444 0.41875 0.22638888888889
10 0.78828125 0.27916666666667 0.421875 0.55833333333333
10 0.87734375 0.55555555555556 0.03125 0.044444444444444
10 0.68125 0.27708333333333 0.028125 0.045833333333333
10 0.71953125 0.37569444444444 0.0359375 0.051388888888889
10 0.888671875 0.52083333333333 0.03046875 0.044444444444444
10 0.88203125 0.48680555555556 0.0296875 0.043055555555556
10 0.69375 0.44583333333333 0.028125 0.044444444444444
10 0.8625 0.65416666666667 0.028125 0.041666666666667
10 0.9015625 0.58194444444444 0.028125 0.041666666666667
10 0.85234375 0.48263888888889 0.028125 0.040277777777778
10 0.8359375 0.54444444444444 0.028125 0.038888888888889
10 0.705859375 0.53263888888889 0.02578125 0.040277777777778
10 0.381640625 0.088888888888889 0.02734375 0.038888888888889
10 0.871875 0.59861111111111 0.0265625 0.038888888888889
10 0.755078125 0.40833333333333 0.02578125 0.038888888888889
10 0.8265625 0.51666666666667 0.028125 0.036111111111111
10 0.817578125 0.44930555555556 0.02578125 0.0375
10 0.72890625 0.49375 0.025 0.0375
10 0.8 0.38611111111111 0.0265625 0.036111111111111
10 0.841015625 0.49861111111111 0.02578125 0.036111111111111
10 0.644921875 0.29513888888889 0.02421875 0.0375
10 0.68046875 0.37986111111111 0.0234375 0.034722222222222
10 0.73046875 0.42777777777778 0.0234375 0.033333333333333
10 0.731640625 0.40347222222222 0.02421875 0.031944444444444
10 0.805078125 0.42916666666667 0.02265625 0.033333333333333
10 0.719921875 0.60416666666667 0.02265625 0.030555555555556
10 0.707421875 0.41736111111111 0.02109375 0.029166666666667
10 0.70625 0.48194444444444 0.0203125 0.030555555555556
10 0.705078125 0.51319444444444 0.01640625 0.023611111111111