11 0.10494791666667 0.37546296296296 0.14427083333333 0.21388888888889
11 0.134375 0.30787037037037 0.088541666666667 0.1212962962963
11 0.92473958333333 0.38842592592593 0.1515625 0.21574074074074
11 0.047916666666667 0.40277777777778 0.095833333333333 0.15
11 0.72734375 0.30138888888889 0.066145833333333 0.093518518518519
11 0.80052083333333 0.34444444444444 0.092708333333333 0.12962962962963
11 0.78203125 0.41944444444444 0.14322916666667 0.19074074074074
11 0.6109375 0.4875 0.071875 0.097222222222222
11 0.63229166666667 0.33888888888889 0.091666666666667 0.11851851851852
11 0.57109375 0.32175925925926 0.078645833333333 0.10833333333333
11 0.89348958333333 0.38148148148148 0.096354166666667 0.1462962962963
11 0.9140625 0.30740740740741 0.077083333333333 0.11481481481481
11 0.38307291666667 0.41851851851852 0.2359375 0.28518518518519
11 0.215625 0.43009259259259 0.19270833333333 0.25833333333333
11 0.078125 0.35277777777778 0.091666666666667 0.13333333333333