10 0.53880208333333 0.26018518518519 0.0203125 0.02962962962963
10 0.47447916666667 0.46018518518519 0.016666666666667 0.024074074074074
10 0.41328125 0.24675925925926 0.033854166666667 0.052777777777778
10 0.56223958333333 0.51944444444444 0.0203125 0.035185185185185
10 0.546875 0.33194444444444 0.015625 0.023148148148148
10 0.30078125 0.78148148148148 0.0140625 0.018518518518519
10 0.4390625 0.83333333333333 0.03125 0.042592592592593
10 0.51770833333333 0.52777777777778 0.016666666666667 0.024074074074074
10 0.47760416666667 0.65555555555556 0.022916666666667 0.031481481481481
10 0.68932291666667 0.17314814814815 0.0109375 0.02037037037037
10 0.52994791666667 0.46481481481481 0.018229166666667 0.027777777777778
10 0.76119791666667 0.35833333333333 0.066145833333333 0.094444444444444
10 0.54505208333333 0.056481481481481 0.015104166666667 0.022222222222222
10 0.22213541666667 0.4462962962963 0.025520833333333 0.035185185185185
10 0.51432291666667 0.78101851851852 0.0265625 0.049074074074074
10 0.2734375 0.51064814814815 0.021875 0.028703703703704
10 0.51171875 0.54351851851852 0.018229166666667 0.027777777777778
10 0.6578125 0.65787037037037 0.025 0.032407407407407
10 0.41614583333333 0.64444444444444 0.020833333333333 0.027777777777778
10 0.62369791666667 0.17361111111111 0.0203125 0.032407407407407
10 0.45755208333333 0.33194444444444 0.016145833333333 0.023148148148148
10 0.79140625 0.35138888888889 0.022395833333333 0.034259259259259
10 0.52135416666667 0.63148148148148 0.025 0.035185185185185
10 0.53151041666667 0.27222222222222 0.016145833333333 0.024074074074074
10 0.79453125 0.54074074074074 0.0234375 0.031481481481481
10 0.46145833333333 0.41018518518519 0.021875 0.031481481481481
10 0.51822916666667 0.58287037037037 0.021875 0.030555555555556
10 0.80104166666667 0.030555555555556 0.029166666666667 0.046296296296296
10 0.51197916666667 0.75787037037037 0.025 0.04537037037037
10 0.86666666666667 0.11898148148148 0.033333333333333 0.052777777777778
10 0.4953125 0.52268518518519 0.01875 0.026851851851852
10 0.62265625 0.65 0.0234375 0.033333333333333
10 0.57291666666667 0.28888888888889 0.01875 0.02962962962963
10 0.41015625 0.70092592592593 0.028645833333333 0.038888888888889
10 0.98723958333333 0.14305555555556 0.022395833333333 0.034259259259259
10 0.95703125 0.30833333333333 0.0265625 0.040740740740741
10 0.821875 0.17824074074074 0.027083333333333 0.041666666666667
10 0.303125 0.75509259259259 0.028125 0.039814814814815
10 0.37395833333333 0.63472222222222 0.030208333333333 0.041666666666667
10 0.49270833333333 0.39305555555556 0.014583333333333 0.021296296296296
10 0.50338541666667 0.50509259259259 0.016145833333333 0.025
10 0.69375 0.12592592592593 0.051041666666667 0.07962962962963
10 0.55 0.31435185185185 0.015625 0.028703703703704
10 0.57005208333333 0.41805555555556 0.0171875 0.028703703703704
10 0.45104166666667 0.59212962962963 0.01875 0.025
10 0.58177083333333 0.73564814814815 0.022916666666667 0.032407407407407
10 0.59791666666667 0.9287037037037 0.034375 0.044444444444444
10 0.56953125 0.46527777777778 0.021354166666667 0.030555555555556
10 0.81536458333333 0.3375 0.0328125 0.047222222222222
10 0.80078125 0.3787037037037 0.022395833333333 0.031481481481481
10 0.5 0.99212962962963 0.020833333333333 0.015740740740741
10 0.40963541666667 0.56342592592593 0.021354166666667 0.030555555555556
10 0.64088541666667 0.43240740740741 0.0328125 0.048148148148148
10 0.98776041666667 0.20462962962963 0.0234375 0.05
10 0.42994791666667 0.80231481481481 0.0421875 0.058333333333333
10 0.51666666666667 0.44444444444444 0.017708333333333 0.027777777777778
10 0.71041666666667 0.2037037037037 0.026041666666667 0.038888888888889
10 0.56927083333333 0.35833333333333 0.016666666666667 0.024074074074074
10 0.6765625 0.39305555555556 0.022916666666667 0.034259259259259
10 0.55 0.62824074074074 0.026041666666667 0.037962962962963
10 0.40026041666667 0.6537037037037 0.019270833333333 0.027777777777778
10 0.60442708333333 0.27824074074074 0.019270833333333 0.028703703703704
10 0.51510416666667 0.53518518518519 0.022916666666667 0.035185185185185
10 0.40833333333333 0.64861111111111 0.029166666666667 0.036111111111111
10 0.48151041666667 0.43425925925926 0.0171875 0.025925925925926
10 0.57005208333333 0.61666666666667 0.022395833333333 0.031481481481481
10 0.54505208333333 0.20601851851852 0.015104166666667 0.021296296296296
10 0.55 0.35694444444444 0.016666666666667 0.023148148148148
10 0.49791666666667 0.39675925925926 0.014583333333333 0.021296296296296
10 0.37916666666667 0.35601851851852 0.029166666666667 0.043518518518519
10 0.44010416666667 0.48009259259259 0.020833333333333 0.026851851851852
10 0.54244791666667 0.29814814814815 0.016145833333333 0.024074074074074
10 0.63255208333333 0.63796296296296 0.0234375 0.031481481481481
10 0.35234375 0.53194444444444 0.022395833333333 0.032407407407407
10 0.95130208333333 0.3412037037037 0.0296875 0.04537037037037
10 0.45885416666667 0.59351851851852 0.019791666666667 0.025925925925926
10 0.51380208333333 0.79305555555556 0.019270833333333 0.028703703703704
10 0.47291666666667 0.55925925925926 0.015625 0.02037037037037
10 0.45208333333333 0.4962962962963 0.014583333333333 0.022222222222222
10 0.51588541666667 0.31805555555556 0.0234375 0.032407407407407
10 0.67604166666667 0.58935185185185 0.023958333333333 0.034259259259259
10 0.96041666666667 0.13055555555556 0.034375 0.048148148148148
10 0.96848958333333 0.094444444444444 0.0265625 0.038888888888889
10 0.3453125 0.55694444444444 0.020833333333333 0.028703703703704
10 0.81536458333333 0.63888888888889 0.0640625 0.085185185185185
10 0.62109375 0.45694444444444 0.021354166666667 0.030555555555556
10 0.52552083333333 0.34583333333333 0.014583333333333 0.021296296296296
10 0.66432291666667 0.19305555555556 0.025520833333333 0.037962962962963
10 0.54609375 0.5337962962963 0.019270833333333 0.026851851851852
10 0.51458333333333 0.42592592592593 0.026041666666667 0.038888888888889
10 0.56458333333333 0.70555555555556 0.021875 0.037037037037037
10 0.50390625 0.46990740740741 0.015104166666667 0.021296296296296
10 0.48776041666667 0.34305555555556 0.015104166666667 0.023148148148148
10 0.54010416666667 0.56203703703704 0.027083333333333 0.037037037037037
10 0.57317708333333 0.26157407407407 0.0171875 0.025
10 0.57916666666667 0.33101851851852 0.015625 0.023148148148148
10 0.59557291666667 0.66944444444444 0.0203125 0.02962962962963
10 0.69791666666667 0.26111111111111 0.028125 0.040740740740741
10 0.88932291666667 0.42222222222222 0.0234375 0.035185185185185
10 0.80052083333333 0.36435185185185 0.033333333333333 0.058333333333333