10 0.94765625 0.081944444444444 0.0890625 0.11388888888889
10 0.473828125 0.63472222222222 0.21328125 0.28055555555556
10 0.212109375 0.29375 0.13203125 0.1625
10 0.380078125 0.33125 0.30703125 0.36527777777778
10 0.977734375 0.14722222222222 0.04453125 0.11666666666667
10 0.870703125 0.22569444444444 0.07578125 0.093055555555556
10 0.35703125 0.69722222222222 0.0546875 0.047222222222222
8 0.975 0.30069444444444 0.0484375 0.12916666666667
8 0.35703125 0.69722222222222 0.0546875 0.047222222222222
33 0.059765625 0.74097222222222 0.11953125 0.14861111111111
10 0.975 0.30069444444444 0.0484375 0.12916666666667
33 0.160546875 0.51111111111111 0.10546875 0.14444444444444
33 0.250390625 0.70902777777778 0.08515625 0.081944444444444
8 0.212109375 0.29375 0.13203125 0.1625
8 0.380078125 0.33125 0.30703125 0.36527777777778
29 0.473828125 0.63472222222222 0.21328125 0.28055555555556
10 0.380859375 0.31736111111111 0.34453125 0.36527777777778
33 0.47265625 0.6375 0.2390625 0.27222222222222
33 0.532421875 0.96875 0.29453125 0.059722222222222
10 0.2140625 0.29375 0.1359375 0.16527777777778
33 0.1609375 0.5125 0.1171875 0.14722222222222
33 0.060546875 0.7375 0.12109375 0.13333333333333
10 0.9453125 0.079861111111111 0.09375 0.11805555555556
10 0.3546875 0.46041666666667 0.1046875 0.098611111111111
10 0.971484375 0.30208333333333 0.05703125 0.14305555555556
10 0.869921875 0.22708333333333 0.08359375 0.090277777777778
10 0.25078125 0.71041666666667 0.0875 0.073611111111111
10 0.219921875 0.48680555555556 0.05859375 0.054166666666667
10 0.35859375 0.69791666666667 0.05625 0.040277777777778
10 0.975 0.14930555555556 0.0453125 0.12638888888889
33 0.472265625 0.63541666666667 0.24296875 0.25416666666667
10 0.384375 0.30763888888889 0.3234375 0.35138888888889
10 0.21171875 0.29375 0.1375 0.17083333333333
10 0.1625 0.5125 0.11875 0.13888888888889
33 0.530078125 0.96736111111111 0.30703125 0.065277777777778
33 0.06328125 0.73958333333333 0.1265625 0.14861111111111
10 0.354296875 0.46111111111111 0.11171875 0.097222222222222
10 0.945703125 0.079861111111111 0.09453125 0.12083333333333
10 0.9703125 0.30069444444444 0.059375 0.14027777777778
10 0.870703125 0.22638888888889 0.08359375 0.091666666666667
10 0.25 0.70833333333333 0.0921875 0.077777777777778
10 0.35859375 0.69722222222222 0.059375 0.041666666666667
10 0.975390625 0.14722222222222 0.04765625 0.11944444444444
10 0.22109375 0.4875 0.059375 0.058333333333333