11 0.302734375 0.50138888888889 0.07421875 0.097222222222222
11 0.740625 0.48680555555556 0.0828125 0.12638888888889
11 0.959765625 0.67361111111111 0.08203125 0.083333333333333
11 0.161328125 0.36111111111111 0.09765625 0.13333333333333
11 0.41953125 0.61875 0.1640625 0.21527777777778
11 0.319921875 0.62083333333333 0.02734375 0.033333333333333
11 0.311328125 0.72430555555556 0.03515625 0.040277777777778
11 0.641796875 0.75138888888889 0.12265625 0.125
11 0.0859375 0.58888888888889 0.0578125 0.083333333333333
11 0.329296875 0.38958333333333 0.11796875 0.18194444444444
11 0.23359375 0.66736111111111 0.1203125 0.14861111111111
11 0.66875 0.072916666666667 0.0984375 0.11527777777778
11 0.928125 0.55763888888889 0.090625 0.0875