10 0.665234375 0.68472222222222 0.03828125 0.055555555555556
10 0.631640625 0.76180555555556 0.04609375 0.059722222222222
10 0.77890625 0.78263888888889 0.0546875 0.070833333333333
10 0.633984375 0.94027777777778 0.05078125 0.058333333333333
10 0.672265625 0.82222222222222 0.04140625 0.047222222222222
10 0.80234375 0.45555555555556 0.03125 0.041666666666667
10 0.815234375 0.82638888888889 0.03984375 0.052777777777778
10 0.601171875 0.64722222222222 0.03828125 0.052777777777778
10 0.666796875 0.61875 0.04140625 0.054166666666667
10 0.6828125 0.74166666666667 0.065625 0.080555555555556
10 0.451171875 0.60486111111111 0.03984375 0.054166666666667
10 0.65546875 0.70694444444444 0.0328125 0.044444444444444
10 0.534765625 0.62569444444444 0.04140625 0.054166666666667
10 0.70078125 0.69097222222222 0.0390625 0.051388888888889
10 0.62734375 0.86180555555556 0.04375 0.054166666666667
10 0.473828125 0.83194444444444 0.04140625 0.05
10 0.65078125 0.62569444444444 0.0484375 0.0625
10 0.739453125 0.70902777777778 0.04140625 0.054166666666667
10 0.628125 0.51458333333333 0.040625 0.056944444444444
10 0.69375 0.96458333333333 0.05 0.056944444444444
10 0.58046875 0.74583333333333 0.0546875 0.066666666666667
10 0.571484375 0.56666666666667 0.03359375 0.041666666666667
10 0.673828125 0.78958333333333 0.04296875 0.051388888888889
10 0.801953125 0.59791666666667 0.04296875 0.065277777777778
10 0.69921875 0.89583333333333 0.0859375 0.11111111111111
10 0.447265625 0.68402777777778 0.03828125 0.054166666666667
10 0.790625 0.75972222222222 0.0640625 0.080555555555556
10 0.489453125 0.69027777777778 0.03671875 0.05