10 0.62109375 0.71736111111111 0.0390625 0.054166666666667
10 0.673046875 0.78055555555556 0.04296875 0.055555555555556
10 0.569140625 0.52916666666667 0.03671875 0.047222222222222
10 0.565625 0.67291666666667 0.034375 0.043055555555556
10 0.555859375 0.42986111111111 0.03203125 0.045833333333333
10 0.533203125 0.36597222222222 0.03203125 0.045833333333333
10 0.646484375 0.59166666666667 0.03359375 0.041666666666667
10 0.632421875 0.37361111111111 0.03046875 0.044444444444444
10 0.585546875 0.57708333333333 0.03203125 0.043055555555556
10 0.552734375 0.59166666666667 0.03203125 0.038888888888889
10 0.62578125 0.43819444444444 0.03125 0.0375
10 0.55703125 0.62777777777778 0.0328125 0.038888888888889
10 0.715234375 0.94236111111111 0.02890625 0.040277777777778
10 0.5671875 0.74305555555556 0.0296875 0.038888888888889
10 0.59140625 0.60694444444444 0.03125 0.036111111111111
10 0.5484375 0.3875 0.0296875 0.036111111111111
10 0.611328125 0.93888888888889 0.02890625 0.036111111111111
10 0.59609375 0.72222222222222 0.028125 0.038888888888889
10 0.66875 0.88402777777778 0.0296875 0.034722222222222
10 0.6125 0.52083333333333 0.028125 0.036111111111111
10 0.59765625 0.80902777777778 0.028125 0.034722222222222
10 0.62734375 0.62430555555556 0.028125 0.034722222222222
10 0.6359375 0.59930555555556 0.028125 0.034722222222222
10 0.61953125 0.68194444444444 0.028125 0.033333333333333
10 0.553515625 0.48333333333333 0.02734375 0.033333333333333
10 0.583203125 0.63055555555556 0.02734375 0.033333333333333
10 0.527734375 0.35694444444444 0.02734375 0.033333333333333
10 0.68359375 0.79166666666667 0.0265625 0.033333333333333
10 0.649609375 0.72847222222222 0.02578125 0.031944444444444
10 0.646875 0.875 0.025 0.030555555555556
10 0.605859375 0.69305555555556 0.02421875 0.030555555555556
10 0.553125 0.43958333333333 0.0234375 0.029166666666667
10 0.566015625 0.92638888888889 0.02265625 0.027777777777778