6 0.965234375 0.030555555555556 0.05078125 0.061111111111111
6 0.50703125 0.12916666666667 0.0359375 0.05
6 0.369921875 0.99166666666667 0.02890625 0.016666666666667
6 0.1953125 0.71875 0.03125 0.034722222222222
6 0.901171875 0.58472222222222 0.04609375 0.055555555555556
6 0.2921875 0.98541666666667 0.0328125 0.029166666666667
6 0.440234375 0.81666666666667 0.03046875 0.033333333333333
6 0.269921875 0.78819444444444 0.02890625 0.034722222222222
6 0.920703125 0.86944444444444 0.05546875 0.061111111111111
6 0.919140625 0.37847222222222 0.04453125 0.054166666666667
6 0.749609375 0.32291666666667 0.04296875 0.048611111111111
6 0.754296875 0.39305555555556 0.03828125 0.044444444444444
10 0.5015625 0.57986111111111 0.028125 0.031944444444444
6 0.778515625 0.20833333333333 0.03671875 0.044444444444444
6 0.355859375 0.98888888888889 0.03359375 0.022222222222222
6 0.63671875 0.56875 0.0390625 0.043055555555556
6 0.706640625 0.36388888888889 0.04609375 0.063888888888889
6 0.7984375 0.30694444444444 0.0484375 0.058333333333333
6 0.483203125 0.85416666666667 0.03359375 0.036111111111111
6 0.4578125 0.98402777777778 0.0453125 0.034722222222222
6 0.56796875 0.70694444444444 0.034375 0.038888888888889
6 0.66796875 0.091666666666667 0.1234375 0.15555555555556
10 0.277734375 0.44375 0.05234375 0.065277777777778
6 0.609765625 0.83819444444444 0.03359375 0.045833333333333
6 0.605078125 0.76597222222222 0.03671875 0.043055555555556
6 0.716796875 0.82013888888889 0.04296875 0.051388888888889
10 0.3546875 0.45625 0.0296875 0.034722222222222
6 0.672265625 0.76666666666667 0.03359375 0.041666666666667
6 0.416015625 0.91666666666667 0.03671875 0.044444444444444
6 0.583203125 0.74583333333333 0.03984375 0.047222222222222
6 0.75546875 0.60625 0.0359375 0.043055555555556
6 0.834375 0.55208333333333 0.0375 0.048611111111111
6 0.791796875 0.36597222222222 0.03515625 0.043055555555556
6 0.469140625 0.81666666666667 0.03515625 0.044444444444444
6 0.7125 0.39305555555556 0.04375 0.055555555555556
10 0.41171875 0.31041666666667 0.03125 0.040277777777778
10 0.52890625 0.29930555555556 0.034375 0.0375
6 0.5328125 0.59375 0.0421875 0.054166666666667
6 0.6140625 0.72430555555556 0.0390625 0.045833333333333
6 0.48125 0.62847222222222 0.0296875 0.034722222222222
6 0.9453125 0.36319444444444 0.053125 0.059722222222222
6 0.66796875 0.28819444444444 0.0671875 0.084722222222222
6 0.72421875 0.87638888888889 0.0359375 0.041666666666667
10 0.392578125 0.275 0.04140625 0.052777777777778
6 0.621875 0.25138888888889 0.0453125 0.055555555555556
6 0.371875 0.77152777777778 0.0453125 0.051388888888889
6 0.655859375 0.66666666666667 0.03828125 0.052777777777778
10 0.557421875 0.46527777777778 0.02890625 0.033333333333333
6 0.442578125 0.73541666666667 0.04921875 0.048611111111111
6 0.4640625 0.83263888888889 0.0390625 0.048611111111111
6 0.862109375 0.52013888888889 0.03203125 0.040277777777778
6 0.253515625 0.82222222222222 0.02734375 0.030555555555556
6 0.54453125 0.80972222222222 0.0296875 0.036111111111111
6 0.906640625 0.021527777777778 0.05859375 0.043055555555556
6 0.56953125 0.49930555555556 0.034375 0.040277777777778
10 0.40703125 0.67847222222222 0.034375 0.040277777777778
10 0.394921875 0.49375 0.04453125 0.051388888888889
6 0.661328125 0.81180555555556 0.04453125 0.048611111111111
10 0.64140625 0.87638888888889 0.0984375 0.11666666666667
6 0.796484375 0.16458333333333 0.07578125 0.081944444444444
6 0.661328125 0.69722222222222 0.03671875 0.044444444444444
6 0.9265625 0.69444444444444 0.05 0.063888888888889
6 0.771875 0.35138888888889 0.0390625 0.05
6 0.611328125 0.30138888888889 0.03671875 0.044444444444444
6 0.71953125 0.65972222222222 0.0328125 0.041666666666667
6 0.960546875 0.81111111111111 0.03984375 0.047222222222222
6 0.6546875 0.61458333333333 0.0421875 0.051388888888889
6 0.689453125 0.48611111111111 0.02734375 0.033333333333333
10 0.323046875 0.38958333333333 0.04296875 0.045833333333333
6 0.66015625 0.9625 0.0640625 0.077777777777778
6 0.577734375 0.3625 0.04453125 0.05
6 0.653515625 0.44652777777778 0.04453125 0.051388888888889
10 0.205859375 0.96319444444444 0.03203125 0.034722222222222
6 0.88046875 0.7375 0.0390625 0.052777777777778
10 0.5 0.47291666666667 0.0421875 0.048611111111111
6 0.7875 0.59861111111111 0.0453125 0.058333333333333
6 0.9890625 0.68611111111111 0.021875 0.047222222222222
6 0.695703125 0.62777777777778 0.04140625 0.063888888888889
6 0.241015625 0.75625 0.02890625 0.031944444444444
6 0.690234375 0.64652777777778 0.03984375 0.059722222222222
6 0.755859375 0.66041666666667 0.03515625 0.048611111111111
6 0.985546875 0.6125 0.02890625 0.05
10 0.52578125 0.40347222222222 0.040625 0.048611111111111
6 0.67890625 0.51527777777778 0.04375 0.05
6 0.66640625 0.76041666666667 0.0515625 0.065277777777778
10 0.526171875 0.50972222222222 0.02734375 0.030555555555556
6 0.391015625 0.96041666666667 0.03046875 0.031944444444444
10 0.475 0.54652777777778 0.03125 0.040277777777778
6 0.2484375 0.87777777777778 0.0359375 0.038888888888889
10 0.41171875 0.88263888888889 0.0640625 0.1125
10 0.637890625 0.87986111111111 0.09609375 0.14305555555556
10 0.796484375 0.16597222222222 0.06796875 0.093055555555556
10 0.912890625 0.84722222222222 0.07578125 0.125
10 0.66796875 0.28888888888889 0.0609375 0.1
10 0.613671875 0.65 0.05703125 0.094444444444444
10 0.6921875 0.6375 0.0453125 0.088888888888889
10 0.94375 0.36180555555556 0.0515625 0.076388888888889
10 0.668359375 0.76041666666667 0.04921875 0.073611111111111
10 0.706640625 0.37013888888889 0.04453125 0.081944444444444
10 0.6609375 0.8125 0.0515625 0.066666666666667
10 0.654296875 0.44583333333333 0.04921875 0.066666666666667
10 0.466015625 0.82569444444444 0.04609375 0.070833333333333
10 0.965234375 0.032638888888889 0.04921875 0.065277777777778
10 0.926171875 0.69444444444444 0.04453125 0.072222222222222
10 0.787890625 0.59861111111111 0.04296875 0.072222222222222
10 0.441015625 0.73680555555556 0.05078125 0.059722222222222
10 0.901171875 0.58333333333333 0.04453125 0.066666666666667
10 0.394921875 0.49375 0.04609375 0.065277777777778
10 0.562890625 0.59791666666667 0.04296875 0.068055555555556
10 0.23671875 0.91666666666667 0.04375 0.066666666666667
10 0.7171875 0.81944444444444 0.0453125 0.063888888888889
10 0.7375 0.66041666666667 0.0625 0.045833333333333
10 0.71171875 0.39305555555556 0.0421875 0.066666666666667
10 0.622265625 0.25208333333333 0.04296875 0.065277777777778
10 0.393359375 0.27638888888889 0.04453125 0.063888888888889
10 0.773046875 0.35416666666667 0.04140625 0.066666666666667
10 0.592578125 0.60347222222222 0.04296875 0.065277777777778
10 0.6546875 0.61597222222222 0.0421875 0.065277777777778
10 0.798828125 0.30625 0.04296875 0.0625
10 0.35546875 0.375 0.0421875 0.063888888888889
10 0.372265625 0.77152777777778 0.04453125 0.059722222222222
10 0.499609375 0.47222222222222 0.04296875 0.061111111111111
10 0.531640625 0.59444444444444 0.03828125 0.063888888888889
10 0.9078125 0.024305555555556 0.05 0.048611111111111
10 0.440625 0.22152777777778 0.0421875 0.056944444444444
10 0.283203125 0.44861111111111 0.03828125 0.061111111111111
10 0.583203125 0.74583333333333 0.03984375 0.058333333333333
10 0.577734375 0.36319444444444 0.03984375 0.056944444444444
10 0.74921875 0.32361111111111 0.0390625 0.055555555555556
10 0.880859375 0.7375 0.03515625 0.061111111111111
10 0.960546875 0.8125 0.03828125 0.055555555555556
10 0.61328125 0.72430555555556 0.0390625 0.054166666666667
10 0.525 0.40347222222222 0.0390625 0.054166666666667
10 0.754296875 0.39166666666667 0.03671875 0.055555555555556
10 0.919140625 0.37847222222222 0.03671875 0.056944444444444
10 0.506640625 0.13055555555556 0.03671875 0.055555555555556
10 0.412109375 0.31111111111111 0.03671875 0.055555555555556
10 0.233203125 0.42152777777778 0.03828125 0.051388888888889
10 0.322265625 0.39097222222222 0.03828125 0.051388888888889
10 0.725 0.87708333333333 0.0375 0.051388888888889
10 0.61015625 0.3 0.0359375 0.052777777777778
10 0.6375 0.56805555555556 0.0359375 0.052777777777778
10 0.32890625 0.31388888888889 0.0359375 0.052777777777778
10 0.833984375 0.55138888888889 0.03359375 0.055555555555556
10 0.604296875 0.76666666666667 0.03515625 0.052777777777778
10 0.79140625 0.36597222222222 0.0359375 0.051388888888889
10 0.67734375 0.51458333333333 0.0359375 0.051388888888889
10 0.719921875 0.66041666666667 0.03359375 0.054166666666667
10 0.755859375 0.65763888888889 0.03359375 0.051388888888889
10 0.75703125 0.60694444444444 0.034375 0.052777777777778
10 0.655859375 0.66944444444444 0.03359375 0.052777777777778
10 0.47578125 0.54444444444444 0.034375 0.05
10 0.878515625 0.83055555555556 0.03203125 0.052777777777778
10 0.778125 0.20763888888889 0.0328125 0.051388888888889
10 0.458203125 0.98125 0.04453125 0.0375
10 0.662890625 0.69930555555556 0.03359375 0.048611111111111
10 0.61015625 0.83819444444444 0.03125 0.051388888888889
10 0.5296875 0.3 0.0328125 0.047222222222222
10 0.247265625 0.87847222222222 0.03359375 0.045833333333333
10 0.40703125 0.67777777777778 0.0328125 0.047222222222222
10 0.55234375 0.63541666666667 0.0328125 0.045833333333333
10 0.19765625 0.62430555555556 0.0328125 0.045833333333333
10 0.173046875 0.90069444444444 0.03203125 0.045833333333333
10 0.9859375 0.6125 0.025 0.058333333333333
10 0.862109375 0.52083333333333 0.03046875 0.047222222222222
10 0.5796875 0.94652777777778 0.0296875 0.048611111111111
10 0.569140625 0.5 0.03203125 0.044444444444444
10 0.568359375 0.70833333333333 0.03203125 0.044444444444444
10 0.241015625 0.75833333333333 0.03203125 0.044444444444444
10 0.559375 0.54097222222222 0.0328125 0.043055555555556
10 0.354296875 0.45625 0.03203125 0.043055555555556
10 0.480859375 0.62916666666667 0.03046875 0.044444444444444
10 0.988671875 0.65416666666667 0.02109375 0.063888888888889
10 0.400390625 0.12291666666667 0.03046875 0.043055555555556
10 0.31953125 0.28194444444444 0.03125 0.041666666666667
10 0.269921875 0.78888888888889 0.02890625 0.044444444444444
10 0.166796875 0.6125 0.02890625 0.044444444444444
10 0.55703125 0.46597222222222 0.0296875 0.043055555555556
10 0.20703125 0.96388888888889 0.0296875 0.041666666666667
10 0.390625 0.96111111111111 0.0296875 0.041666666666667
10 0.1953125 0.72083333333333 0.0296875 0.041666666666667
10 0.501171875 0.58125 0.03046875 0.040277777777778
10 0.544921875 0.80972222222222 0.02890625 0.041666666666667
10 0.690234375 0.48611111111111 0.02890625 0.041666666666667
10 0.526171875 0.5125 0.02890625 0.041666666666667
10 0.440234375 0.81666666666667 0.02578125 0.038888888888889
10 0.98984375 0.68472222222222 0.01875 0.052777777777778
10 0.293359375 0.98472222222222 0.02890625 0.030555555555556
10 0.35703125 0.9875 0.03125 0.022222222222222