10 0.3453125 0.49027777777778 0.29375 0.52222222222222
10 0.83515625 0.23680555555556 0.3140625 0.47361111111111
10 0.76328125 0.5375 0.0703125 0.083333333333333
10 0.64921875 0.16041666666667 0.05625 0.084722222222222
10 0.724609375 0.71875 0.06484375 0.081944444444444
10 0.78046875 0.59791666666667 0.0640625 0.081944444444444
10 0.765234375 0.48958333333333 0.05703125 0.076388888888889
10 0.810546875 0.57777777777778 0.05859375 0.077777777777778
10 0.72890625 0.55208333333333 0.05625 0.076388888888889
10 0.77109375 0.62152777777778 0.0578125 0.073611111111111
10 0.7359375 0.62638888888889 0.05625 0.072222222222222
10 0.58984375 0.16805555555556 0.0515625 0.066666666666667
10 0.765234375 0.24027777777778 0.04765625 0.075
10 0.57578125 0.40763888888889 0.0484375 0.068055555555556
10 0.793359375 0.65694444444444 0.05234375 0.061111111111111
10 0.740625 0.30833333333333 0.0453125 0.066666666666667
10 0.76015625 0.35347222222222 0.0421875 0.065277777777778
10 0.725390625 0.21805555555556 0.04296875 0.063888888888889
10 0.620703125 0.28194444444444 0.04296875 0.063888888888889
10 0.8515625 0.61597222222222 0.04375 0.059722222222222
10 0.7609375 0.71111111111111 0.04375 0.058333333333333
10 0.672265625 0.27986111111111 0.04140625 0.056944444444444
10 0.671484375 0.67361111111111 0.03828125 0.058333333333333
10 0.6765625 0.60902777777778 0.0390625 0.051388888888889
10 0.656640625 0.68958333333333 0.03671875 0.054166666666667
10 0.632421875 0.19930555555556 0.03671875 0.054166666666667
10 0.70703125 0.66111111111111 0.0375 0.052777777777778
10 0.638671875 0.57430555555556 0.03828125 0.051388888888889
10 0.666015625 0.74375 0.03828125 0.048611111111111
10 0.67421875 0.81875 0.0359375 0.051388888888889
10 0.27734375 0.28819444444444 0.0359375 0.051388888888889
10 0.7234375 0.57430555555556 0.0375 0.048611111111111
10 0.68125 0.6625 0.034375 0.05
10 0.54921875 0.23194444444444 0.034375 0.05
10 0.941015625 0.54513888888889 0.03515625 0.048611111111111
10 0.794921875 0.45625 0.03359375 0.048611111111111
10 0.64921875 0.53263888888889 0.034375 0.045833333333333
10 0.57421875 0.20694444444444 0.0328125 0.047222222222222
10 0.7453125 0.43263888888889 0.0328125 0.045833333333333
10 0.5546875 0.31944444444444 0.03125 0.044444444444444
10 0.90390625 0.31944444444444 0.028125 0.041666666666667
10 0.3921875 0.25555555555556 0.025 0.038888888888889