11 0.58567708333333 0.95787037037037 0.056770833333333 0.084259259259259
11 0.89375 0.68287037037037 0.055208333333333 0.087962962962963
11 0.79921875 0.6412037037037 0.041145833333333 0.052777777777778
11 0.59140625 0.36111111111111 0.033854166666667 0.05
11 0.25494791666667 0.93101851851852 0.0328125 0.04537037037037
11 0.49192708333333 0.74768518518519 0.0328125 0.050925925925926
11 0.453125 0.84675925925926 0.028125 0.041666666666667
11 0.81015625 0.70231481481481 0.0296875 0.039814814814815
11 0.775 0.69027777777778 0.029166666666667 0.039814814814815
11 0.79635416666667 0.78101851851852 0.028125 0.039814814814815
11 0.8109375 0.64166666666667 0.027083333333333 0.038888888888889
11 0.75651041666667 0.68935185185185 0.0265625 0.037962962962963
11 0.66145833333333 0.41574074074074 0.027083333333333 0.040740740740741
11 0.68932291666667 0.31666666666667 0.025520833333333 0.038888888888889
11 0.29244791666667 0.84768518518519 0.024479166666667 0.034259259259259
11 0.63333333333333 0.53935185185185 0.023958333333333 0.034259259259259
11 0.7390625 0.87407407407407 0.023958333333333 0.033333333333333
11 0.72864583333333 0.77175925925926 0.023958333333333 0.034259259259259
11 0.27838541666667 0.59074074074074 0.0234375 0.033333333333333
11 0.48958333333333 0.69305555555556 0.021875 0.034259259259259
11 0.79609375 0.5712962962963 0.022395833333333 0.033333333333333
11 0.71223958333333 0.63657407407407 0.022395833333333 0.032407407407407
11 0.95807291666667 0.50925925925926 0.021354166666667 0.033333333333333
11 0.8265625 0.24490740740741 0.021875 0.032407407407407
11 0.61302083333333 0.89537037037037 0.021875 0.031481481481481
11 0.45286458333333 0.96712962962963 0.022395833333333 0.030555555555556
11 0.74739583333333 0.34583333333333 0.020833333333333 0.032407407407407
11 0.70651041666667 0.475 0.021354166666667 0.031481481481481
11 0.73151041666667 0.41759259259259 0.021354166666667 0.031481481481481
11 0.37786458333333 0.86712962962963 0.019270833333333 0.030555555555556
11 0.78203125 0.28287037037037 0.021354166666667 0.030555555555556
11 0.98776041666667 0.46574074074074 0.019270833333333 0.02962962962963
11 0.91822916666667 0.2587962962963 0.019791666666667 0.028703703703704
11 0.34921875 0.89398148148148 0.0203125 0.026851851851852
11 0.359375 0.98055555555556 0.020833333333333 0.025925925925926
11 0.8953125 0.20324074074074 0.01875 0.028703703703704
11 0.42109375 0.85324074074074 0.019270833333333 0.026851851851852
11 0.38671875 0.9412037037037 0.019270833333333 0.026851851851852
11 0.61354166666667 0.8162037037037 0.01875 0.026851851851852
11 0.37057291666667 0.79351851851852 0.019270833333333 0.025925925925926
11 0.45416666666667 0.98888888888889 0.01875 0.024074074074074
11 0.37630208333333 0.83148148148148 0.018229166666667 0.024074074074074
11 0.41744791666667 0.88657407407407 0.0171875 0.025
11 0.53645833333333 0.80092592592593 0.017708333333333 0.024074074074074
11 0.38723958333333 0.97592592592593 0.0171875 0.024074074074074
11 0.40390625 0.84074074074074 0.0171875 0.024074074074074
11 0.3375 0.9875 0.017708333333333 0.023148148148148
11 0.36770833333333 0.96574074074074 0.017708333333333 0.022222222222222
11 0.84322916666667 0.0097222222222222 0.019791666666667 0.019444444444444
11 0.4640625 0.6212962962963 0.015625 0.024074074074074
11 0.41796875 0.6912037037037 0.016145833333333 0.023148148148148
11 0.47395833333333 0.73287037037037 0.015625 0.023148148148148
11 0.54244791666667 0.67916666666667 0.015104166666667 0.023148148148148
11 0.33072916666667 0.90925925925926 0.015625 0.02037037037037
11 0.54739583333333 0.61990740740741 0.014583333333333 0.021296296296296
11 0.478125 0.61435185185185 0.014583333333333 0.021296296296296
11 0.43307291666667 0.71388888888889 0.015104166666667 0.02037037037037
11 0.45286458333333 0.69814814814815 0.015104166666667 0.02037037037037
11 0.39114583333333 0.88888888888889 0.014583333333333 0.02037037037037
11 0.42786458333333 0.63888888888889 0.0140625 0.02037037037037
11 0.45703125 0.75277777777778 0.0140625 0.02037037037037
11 0.48515625 0.66944444444444 0.0140625 0.02037037037037
11 0.49739583333333 0.62314814814815 0.013541666666667 0.02037037037037
11 0.39322916666667 0.7412037037037 0.013541666666667 0.019444444444444
11 0.5796875 0.51805555555556 0.013541666666667 0.019444444444444
11 0.46875 0.65231481481481 0.013541666666667 0.019444444444444
11 0.44166666666667 0.66527777777778 0.013541666666667 0.019444444444444
11 0.38984375 0.77962962962963 0.0140625 0.018518518518519
11 0.44895833333333 0.72407407407407 0.013541666666667 0.018518518518519
11 0.39817708333333 0.63611111111111 0.013020833333333 0.018518518518519
11 0.47630208333333 0.55648148148148 0.013020833333333 0.018518518518519
11 0.56276041666667 0.54166666666667 0.013020833333333 0.018518518518519
11 0.51484375 0.4037037037037 0.011979166666667 0.016666666666667