10 0.43958333333333 0.027777777777778 0.038541666666667 0.051851851851852
10 0.98489583333333 0.30740740740741 0.03125 0.066666666666667
10 0.99010416666667 0.58148148148148 0.020833333333333 0.061111111111111
10 0.051822916666667 0.35231481481481 0.056770833333333 0.097222222222222
10 0.38958333333333 0.25740740740741 0.03125 0.05
10 0.51953125 0.18564814814815 0.075520833333333 0.14722222222222
10 0.75546875 0.081481481481481 0.041145833333333 0.064814814814815
10 0.77473958333333 0.28935185185185 0.0328125 0.04537037037037
10 0.38671875 0.51296296296296 0.050520833333333 0.092592592592593
10 0.0546875 0.3875 0.089583333333333 0.18796296296296
10 0.17682291666667 0.15787037037037 0.056770833333333 0.076851851851852
10 0.72760416666667 0.27268518518519 0.034375 0.05462962962963
10 0.74713541666667 0.20185185185185 0.036979166666667 0.051851851851852
10 0.27057291666667 0.35601851851852 0.034895833333333 0.047222222222222
10 0.98984375 0.066666666666667 0.021354166666667 0.075925925925926
10 0.56979166666667 0.25231481481481 0.046875 0.063888888888889
10 0.4453125 0.3712962962963 0.060416666666667 0.07037037037037
10 0.30885416666667 0.28888888888889 0.042708333333333 0.064814814814815
10 0.7265625 0.9125 0.030208333333333 0.041666666666667
10 0.048177083333333 0.061574074074074 0.091145833333333 0.11574074074074
10 0.67890625 0.30694444444444 0.040104166666667 0.062037037037037
10 0.95963541666667 0.20231481481481 0.038020833333333 0.056481481481481
10 0.634375 0.66990740740741 0.094791666666667 0.13981481481481
10 0.20364583333333 0.51111111111111 0.075 0.16851851851852
10 0.092447916666667 0.49351851851852 0.041145833333333 0.055555555555556
10 0.072135416666667 0.23472222222222 0.055729166666667 0.093518518518519
10 0.32421875 0.50324074074074 0.0390625 0.065740740740741
10 0.953125 0.25416666666667 0.091666666666667 0.16759259259259
10 0.6875 0.14768518518519 0.0875 0.10648148148148
10 0.3 0.19398148148148 0.044791666666667 0.065740740740741
10 0.39661458333333 0.10046296296296 0.0921875 0.14351851851852
10 0.45963541666667 0.46805555555556 0.1078125 0.225
10 0.65026041666667 0.89074074074074 0.0421875 0.055555555555556
10 0.048177083333333 0.58287037037037 0.034895833333333 0.047222222222222
10 0.84348958333333 0.61944444444444 0.034895833333333 0.048148148148148
10 0.47942708333333 0.017592592592593 0.038020833333333 0.035185185185185
10 0.29401041666667 0.24675925925926 0.086979166666667 0.175
10 0.34817708333333 0.41759259259259 0.040104166666667 0.055555555555556
10 0.061197916666667 0.69351851851852 0.0390625 0.05
10 0.088541666666667 0.54722222222222 0.128125 0.16851851851852
10 0.93255208333333 0.25231481481481 0.040104166666667 0.062037037037037
10 0.90442708333333 0.67314814814815 0.0421875 0.059259259259259
10 0.72578125 0.41064814814815 0.0453125 0.063888888888889
10 0.79583333333333 0.37592592592593 0.033333333333333 0.042592592592593
10 0.85104166666667 0.088888888888889 0.04375 0.059259259259259
10 0.19817708333333 0.14212962962963 0.0859375 0.12314814814815
10 0.63203125 0.24259259259259 0.038020833333333 0.05
10 0.77916666666667 0.43333333333333 0.033333333333333 0.042592592592593
10 0.8375 0.22037037037037 0.067708333333333 0.087037037037037
10 0.84661458333333 0.28842592592593 0.1203125 0.23055555555556
10 0.60807291666667 0.41527777777778 0.041145833333333 0.060185185185185
10 0.11901041666667 0.17546296296296 0.0296875 0.047222222222222
10 0.047395833333333 0.36388888888889 0.039583333333333 0.061111111111111
10 0.15416666666667 0.081944444444444 0.042708333333333 0.062037037037037
10 0.66848958333333 0.15416666666667 0.0578125 0.075
10 0.60364583333333 0.049074074074074 0.045833333333333 0.072222222222222
10 0.21640625 0.11944444444444 0.046354166666667 0.072222222222222
10 0.21692708333333 0.4587962962963 0.044270833333333 0.073148148148148
10 0.828125 0.11527777777778 0.055208333333333 0.078703703703704
10 0.28645833333333 0.28564814814815 0.059375 0.089814814814815