10 0.54609375 0.55416666666667 0.0265625 0.033333333333333
10 0.558203125 0.57430555555556 0.02734375 0.031944444444444
10 0.56015625 0.74166666666667 0.025 0.027777777777778
10 0.57265625 0.6625 0.0375 0.044444444444444
10 0.598828125 0.62291666666667 0.02265625 0.026388888888889
10 0.558203125 0.53055555555556 0.03515625 0.044444444444444
10 0.5328125 0.64444444444444 0.0296875 0.038888888888889
10 0.555859375 0.46944444444444 0.02734375 0.036111111111111
10 0.590234375 0.59166666666667 0.01953125 0.025
10 0.61171875 0.39027777777778 0.03125 0.038888888888889
10 0.540625 0.60347222222222 0.0265625 0.034722222222222
10 0.551171875 0.67152777777778 0.02265625 0.026388888888889
10 0.55703125 0.40347222222222 0.028125 0.031944444444444
10 0.61328125 0.71944444444444 0.0296875 0.036111111111111
10 0.59296875 0.49444444444444 0.0265625 0.033333333333333
10 0.56484375 0.33888888888889 0.028125 0.033333333333333
10 0.6046875 0.85 0.0234375 0.027777777777778
10 0.583984375 0.74236111111111 0.03359375 0.0375
10 0.582421875 0.83263888888889 0.02890625 0.0375
10 0.577734375 0.26388888888889 0.02109375 0.027777777777778