10 0.444921875 0.17083333333333 0.03671875 0.055555555555556
10 0.562109375 0.26597222222222 0.03203125 0.051388888888889
10 0.45078125 0.27638888888889 0.03125 0.044444444444444
10 0.604296875 0.11736111111111 0.02890625 0.043055555555556
10 0.41484375 0.11875 0.0328125 0.051388888888889
10 0.28828125 0.27986111111111 0.0546875 0.076388888888889
10 0.24296875 0.16736111111111 0.0296875 0.048611111111111
10 0.249609375 0.21458333333333 0.03359375 0.059722222222222
10 0.496484375 0.17986111111111 0.03046875 0.048611111111111
10 0.384765625 0.22847222222222 0.03671875 0.056944444444444
10 0.638671875 0.29791666666667 0.03515625 0.054166666666667
10 0.6390625 0.51111111111111 0.0375 0.058333333333333
10 0.2734375 0.10416666666667 0.0359375 0.055555555555556
10 0.259375 0.047222222222222 0.0375 0.061111111111111
10 0.6078125 0.35347222222222 0.0359375 0.054166666666667
10 0.33359375 0.2 0.0359375 0.058333333333333
10 0.346875 0.08125 0.0328125 0.048611111111111
10 0.34765625 0.27013888888889 0.053125 0.065277777777778