11 0.35494791666667 0.39768518518519 0.2421875 0.275
11 0.47005208333333 0.35231481481481 0.27135416666667 0.32314814814815
11 0.89921875 0.36944444444444 0.16614583333333 0.23333333333333
11 0.19895833333333 0.4087962962963 0.171875 0.18981481481481
11 0.071354166666667 0.3712962962963 0.14270833333333 0.19074074074074
11 0.77473958333333 0.40740740740741 0.12239583333333 0.19259259259259
11 0.74505208333333 0.44583333333333 0.11822916666667 0.18611111111111
11 0.11119791666667 0.43287037037037 0.14010416666667 0.15648148148148
11 0.69661458333333 0.3212962962963 0.0828125 0.16481481481481
11 0.11666666666667 0.2912037037037 0.095833333333333 0.11759259259259
11 0.97005208333333 0.16712962962963 0.0609375 0.18240740740741
11 0.60572916666667 0.33703703703704 0.082291666666667 0.12407407407407
11 0.58828125 0.47268518518519 0.065104166666667 0.09537037037037
11 0.70130208333333 0.2875 0.055729166666667 0.093518518518519
11 0.69947916666667 0.37083333333333 0.052083333333333 0.080555555555556
11 0.9703125 0.52037037037037 0.040625 0.07037037037037