11 0.698046875 0.77986111111111 0.08515625 0.12916666666667
11 0.698828125 0.65833333333333 0.04140625 0.063888888888889
11 0.255859375 0.66527777777778 0.05234375 0.088888888888889
11 0.66484375 0.52916666666667 0.096875 0.13333333333333
11 0.63828125 0.96597222222222 0.0484375 0.0625
11 0.66015625 0.36875 0.078125 0.095833333333333
11 0.81328125 0.2125 0.05 0.083333333333333
11 0.769921875 0.62291666666667 0.04453125 0.059722222222222
11 0.523046875 0.14652777777778 0.05234375 0.079166666666667
11 0.299609375 0.28125 0.04921875 0.076388888888889
11 0.70078125 0.92361111111111 0.05 0.075
11 0.538671875 0.30138888888889 0.04765625 0.072222222222222
11 0.730078125 0.73263888888889 0.04765625 0.073611111111111
11 0.21015625 0.050694444444444 0.05 0.076388888888889
11 0.728515625 0.97708333333333 0.05078125 0.043055555555556
11 0.56796875 0.44791666666667 0.071875 0.10972222222222
11 0.459375 0.18402777777778 0.053125 0.076388888888889
11 0.71953125 0.61944444444444 0.09375 0.12222222222222
11 0.6640625 0.78333333333333 0.040625 0.061111111111111
11 0.90078125 0.50069444444444 0.0515625 0.073611111111111
11 0.63828125 0.27152777777778 0.0640625 0.10694444444444
11 0.37734375 0.40833333333333 0.096875 0.11666666666667
11 0.27265625 0.12083333333333 0.05625 0.086111111111111
11 0.763671875 0.37222222222222 0.06484375 0.11111111111111
11 0.839453125 0.44166666666667 0.04765625 0.069444444444444
11 0.817578125 0.48819444444444 0.04765625 0.068055555555556
11 0.612890625 0.32291666666667 0.17421875 0.24027777777778
11 0.586328125 0.7875 0.04609375 0.072222222222222
11 0.228125 0.25416666666667 0.04375 0.077777777777778
11 0.7375 0.53194444444444 0.046875 0.066666666666667