10 0.39791666666667 0.6587962962963 0.033333333333333 0.049074074074074
10 0.36614583333333 0.53611111111111 0.065625 0.092592592592593
10 0.56354166666667 0.97453703703704 0.057291666666667 0.050925925925926
10 0.49505208333333 0.83796296296296 0.046354166666667 0.074074074074074
10 0.54166666666667 0.94212962962963 0.053125 0.087962962962963
10 0.61380208333333 0.17083333333333 0.053645833333333 0.080555555555556
10 0.40104166666667 0.82962962962963 0.055208333333333 0.094444444444444
10 0.903125 0.16481481481481 0.083333333333333 0.14814814814815
10 0.47994791666667 0.13148148148148 0.068229166666667 0.11296296296296
10 0.42135416666667 0.89953703703704 0.060416666666667 0.087962962962963
10 0.25442708333333 0.76712962962963 0.077604166666667 0.12314814814815
10 0.5484375 0.52638888888889 0.046875 0.071296296296296
10 0.31302083333333 0.69166666666667 0.047916666666667 0.072222222222222
10 0.75078125 0.60509259259259 0.036979166666667 0.056481481481481
10 0.53515625 0.56296296296296 0.0390625 0.059259259259259
10 0.78880208333333 0.44074074074074 0.074479166666667 0.12407407407407
10 0.10364583333333 0.24074074074074 0.11979166666667 0.18148148148148
10 0.77317708333333 0.13888888888889 0.083854166666667 0.14444444444444
10 0.68020833333333 0.56805555555556 0.06875 0.09537037037037
10 0.64036458333333 0.67314814814815 0.043229166666667 0.064814814814815
10 0.8390625 0.55092592592593 0.054166666666667 0.085185185185185
10 0.46432291666667 0.76712962962963 0.0515625 0.078703703703704
10 0.32291666666667 0.79351851851852 0.046875 0.077777777777778
10 0.6125 0.073148148148148 0.076041666666667 0.14074074074074
10 0.44427083333333 0.8412037037037 0.069791666666667 0.11203703703704
10 0.796875 0.33981481481481 0.064583333333333 0.1037037037037
10 0.37552083333333 0.95 0.0375 0.061111111111111
10 0.48098958333333 0.73472222222222 0.043229166666667 0.065740740740741
10 0.36796875 0.89583333333333 0.0734375 0.12314814814815
10 0.50572916666667 0.38703703703704 0.05625 0.092592592592593
10 0.66484375 0.36898148148148 0.0671875 0.1212962962963
10 0.5671875 0.31759259259259 0.10520833333333 0.16481481481481
10 0.4796875 0.89814814814815 0.041666666666667 0.064814814814815
10 0.49244791666667 0.58055555555556 0.10260416666667 0.15555555555556
10 0.31666666666667 0.75740740740741 0.042708333333333 0.064814814814815
10 0.65833333333333 0.58333333333333 0.097916666666667 0.11481481481481
10 0.56119791666667 0.89074074074074 0.0453125 0.066666666666667
10 0.6484375 0.22731481481481 0.047916666666667 0.078703703703704
10 0.5671875 0.035648148148148 0.045833333333333 0.067592592592593
10 0.50286458333333 0.69953703703704 0.0796875 0.1212962962963
10 0.51588541666667 0.66018518518519 0.072395833333333 0.1037037037037
10 0.50885416666667 0.18194444444444 0.052083333333333 0.087962962962963
10 0.33619791666667 0.93055555555556 0.0328125 0.053703703703704
10 0.59739583333333 0.24907407407407 0.04375 0.064814814814815
10 0.63567708333333 0.59861111111111 0.0640625 0.10648148148148
10 0.52447916666667 0.048611111111111 0.054166666666667 0.086111111111111
10 0.625 0.63333333333333 0.044791666666667 0.068518518518519
10 0.72604166666667 0.76064814814815 0.048958333333333 0.071296296296296