11 0.34869791666667 0.52314814814815 0.043229166666667 0.048148148148148
11 0.40703125 0.16712962962963 0.059895833333333 0.084259259259259
11 0.47213541666667 0.32592592592593 0.0359375 0.051851851851852
11 0.93880208333333 0.96805555555556 0.036979166666667 0.05462962962963
11 0.19270833333333 0.26944444444444 0.036458333333333 0.051851851851852
11 0.49505208333333 0.054166666666667 0.0546875 0.071296296296296
11 0.52161458333333 0.33240740740741 0.058854166666667 0.083333333333333
11 0.69609375 0.46712962962963 0.1203125 0.13611111111111
11 0.39791666666667 0.040740740740741 0.059375 0.081481481481481
11 0.70989583333333 0.35648148148148 0.0375 0.044444444444444
11 0.84140625 0.78888888888889 0.033854166666667 0.040740740740741
11 0.39791666666667 0.13055555555556 0.033333333333333 0.051851851851852
11 0.26354166666667 0.17083333333333 0.030208333333333 0.04537037037037
11 0.0921875 0.093518518518519 0.035416666666667 0.059259259259259
11 0.76119791666667 0.25833333333333 0.0453125 0.046296296296296
11 0.12708333333333 0.21435185185185 0.090625 0.1712962962963
11 0.85677083333333 0.61388888888889 0.039583333333333 0.046296296296296
11 0.065364583333333 0.57638888888889 0.036979166666667 0.043518518518519
11 0.653125 0.040740740740741 0.046875 0.061111111111111
11 0.14140625 0.74444444444444 0.11822916666667 0.17037037037037
11 0.52447916666667 0.24537037037037 0.038541666666667 0.046296296296296
11 0.38255208333333 0.33009259259259 0.034895833333333 0.052777777777778
11 0.28541666666667 0.7087962962963 0.05 0.063888888888889
11 0.46901041666667 0.023611111111111 0.034895833333333 0.047222222222222
11 0.11692708333333 0.69027777777778 0.0359375 0.047222222222222
11 0.60911458333333 0.031944444444444 0.0546875 0.063888888888889
11 0.68723958333333 0.25509259259259 0.0453125 0.047222222222222
11 0.76354166666667 0.47083333333333 0.035416666666667 0.041666666666667
11 0.35859375 0.078703703703704 0.033854166666667 0.055555555555556
11 0.66015625 0.3412037037037 0.0390625 0.04537037037037
11 0.221875 0.42731481481481 0.038541666666667 0.049074074074074
11 0.38619791666667 0.25416666666667 0.0359375 0.052777777777778
11 0.234375 0.80833333333333 0.033333333333333 0.037037037037037
11 0.79817708333333 0.40416666666667 0.0359375 0.043518518518519
11 0.55026041666667 0.037037037037037 0.044270833333333 0.057407407407407
11 0.26875 0.28240740740741 0.053125 0.085185185185185
11 0.21015625 0.38287037037037 0.0828125 0.11944444444444
11 0.3765625 0.61342592592593 0.15104166666667 0.19722222222222
11 0.69427083333333 0.030555555555556 0.035416666666667 0.05
11 0.215625 0.68425925925926 0.035416666666667 0.038888888888889
11 0.81536458333333 0.46944444444444 0.044270833333333 0.044444444444444
11 0.56822916666667 0.27407407407407 0.0375 0.048148148148148
11 0.27890625 0.47638888888889 0.058854166666667 0.075
11 0.3828125 0.675 0.053125 0.05
11 0.35833333333333 0.6212962962963 0.038541666666667 0.038888888888889
11 0.069791666666667 0.9212962962963 0.11979166666667 0.13333333333333
11 0.12161458333333 0.19027777777778 0.0609375 0.099074074074074
11 0.759375 0.60648148148148 0.039583333333333 0.042592592592593
11 0.65390625 0.16759259259259 0.047395833333333 0.059259259259259
11 0.63359375 0.38564814814815 0.0703125 0.086111111111111
11 0.77838541666667 0.31805555555556 0.041145833333333 0.039814814814815
11 0.11302083333333 0.034722222222222 0.036458333333333 0.056481481481481
11 0.083072916666667 0.94722222222222 0.046354166666667 0.044444444444444
11 0.16822916666667 0.76990740740741 0.036458333333333 0.037962962962963
11 0.80520833333333 0.53287037037037 0.039583333333333 0.039814814814815
11 0.57578125 0.33842592592593 0.038020833333333 0.047222222222222
11 0.20572916666667 0.3537037037037 0.036458333333333 0.048148148148148
11 0.42552083333333 0.37314814814815 0.039583333333333 0.051851851851852
11 0.3828125 0.87731481481481 0.041666666666667 0.043518518518519
11 0.67447916666667 0.49074074074074 0.045833333333333 0.046296296296296
11 0.12838541666667 0.71481481481481 0.0671875 0.1037037037037
11 0.54401041666667 0.56435185185185 0.077604166666667 0.086111111111111
11 0.21041666666667 0.36203703703704 0.058333333333333 0.072222222222222
11 0.43984375 0.80138888888889 0.077604166666667 0.086111111111111
11 0.32864583333333 0.15740740740741 0.038541666666667 0.061111111111111
11 0.0421875 0.059259259259259 0.035416666666667 0.057407407407407
11 0.73385416666667 0.07037037037037 0.046875 0.061111111111111
11 0.71770833333333 0.61296296296296 0.04375 0.040740740740741
11 0.1609375 0.43194444444444 0.036458333333333 0.047222222222222
11 0.18072916666667 0.11388888888889 0.034375 0.057407407407407
11 0.074479166666667 0.45138888888889 0.035416666666667 0.052777777777778
11 0.24973958333333 0.60833333333333 0.036979166666667 0.040740740740741
11 0.35416666666667 0.26203703703704 0.036458333333333 0.053703703703704
11 0.753125 0.78425925925926 0.090625 0.1037037037037
11 0.35989583333333 0.39259259259259 0.078125 0.088888888888889
11 0.53619791666667 0.16851851851852 0.036979166666667 0.046296296296296
11 0.041666666666667 0.87314814814815 0.036458333333333 0.044444444444444
11 0.11432291666667 0.50648148148148 0.0671875 0.081481481481481
11 0.88645833333333 0.84444444444444 0.045833333333333 0.05
11 0.596875 0.84953703703704 0.146875 0.175