10 0.49947916666667 0.39722222222222 0.028125 0.040740740740741
10 0.52265625 0.45046296296296 0.025520833333333 0.036111111111111
10 0.55026041666667 0.5462962962963 0.0546875 0.07037037037037
10 0.53125 0.49444444444444 0.034375 0.042592592592593
10 0.17578125 0.20833333333333 0.031770833333333 0.046296296296296
10 0.29140625 0.66296296296296 0.030729166666667 0.042592592592593
10 0.29427083333333 0.4125 0.036458333333333 0.049074074074074
10 0.17291666666667 0.29490740740741 0.034375 0.050925925925926
10 0.47994791666667 0.37916666666667 0.0234375 0.034259259259259
10 0.49010416666667 0.44351851851852 0.034375 0.046296296296296
10 0.33411458333333 0.27824074074074 0.027604166666667 0.039814814814815
10 0.6 0.59027777777778 0.027083333333333 0.039814814814815
10 0.23463541666667 0.46018518518519 0.0296875 0.044444444444444
10 0.27630208333333 0.50324074074074 0.049479166666667 0.078703703703704
10 0.38463541666667 0.10462962962963 0.025520833333333 0.037037037037037
10 0.44296875 0.3462962962963 0.0265625 0.038888888888889
10 0.25 0.30648148148148 0.025 0.038888888888889
10 0.50052083333333 0.13055555555556 0.026041666666667 0.040740740740741
10 0.10807291666667 0.45833333333333 0.031770833333333 0.044444444444444
10 0.76666666666667 0.5912037037037 0.028125 0.039814814814815
10 0.54583333333333 0.39675925925926 0.05 0.075
10 0.90494791666667 0.61851851851852 0.034895833333333 0.048148148148148
10 0.78255208333333 0.65416666666667 0.027604166666667 0.043518518518519
10 0.26640625 0.24074074074074 0.038020833333333 0.055555555555556
10 0.27421875 0.31574074074074 0.022395833333333 0.033333333333333
10 0.85911458333333 0.83333333333333 0.030729166666667 0.048148148148148
10 0.39296875 0.39259259259259 0.028645833333333 0.038888888888889
10 0.43203125 0.31111111111111 0.025520833333333 0.037037037037037
10 0.15390625 0.45 0.0296875 0.042592592592593
10 0.24166666666667 0.38518518518519 0.039583333333333 0.066666666666667
10 0.09609375 0.52731481481481 0.0265625 0.039814814814815
10 0.40130208333333 0.25046296296296 0.030729166666667 0.050925925925926
10 0.34140625 0.43611111111111 0.025520833333333 0.037037037037037
10 0.62057291666667 0.54259259259259 0.024479166666667 0.035185185185185
10 0.68515625 0.50601851851852 0.0296875 0.043518518518519
10 0.65494791666667 0.7087962962963 0.0265625 0.037962962962963
10 0.27526041666667 0.34212962962963 0.024479166666667 0.036111111111111
10 0.10234375 0.23657407407407 0.036979166666667 0.050925925925926
10 0.35 0.19444444444444 0.033333333333333 0.053703703703704
10 0.39609375 0.20231481481481 0.0296875 0.049074074074074
10 0.16302083333333 0.39444444444444 0.029166666666667 0.042592592592593
10 0.20729166666667 0.43148148148148 0.027083333333333 0.042592592592593
10 0.47526041666667 0.58703703703704 0.0265625 0.038888888888889
10 0.025520833333333 0.32685185185185 0.029166666666667 0.044444444444444
10 0.38958333333333 0.54768518518519 0.023958333333333 0.037962962962963
10 0.57708333333333 0.51851851851852 0.030208333333333 0.040740740740741
10 0.21432291666667 0.20972222222222 0.038020833333333 0.052777777777778
10 0.054427083333333 0.325 0.027604166666667 0.040740740740741
10 0.19765625 0.3787037037037 0.024479166666667 0.035185185185185
10 0.64713541666667 0.41296296296296 0.0265625 0.038888888888889
10 0.65130208333333 0.58240740740741 0.047395833333333 0.068518518518519
10 0.029427083333333 0.26944444444444 0.0421875 0.055555555555556
10 0.11666666666667 0.30833333333333 0.039583333333333 0.05