10 0.725390625 0.88333333333333 0.06015625 0.083333333333333
10 0.66953125 0.76388888888889 0.0671875 0.11666666666667
10 0.717578125 0.85416666666667 0.04921875 0.075
10 0.63359375 0.88680555555556 0.0453125 0.065277777777778
10 0.627734375 0.54652777777778 0.04765625 0.065277777777778
10 0.64921875 0.89444444444444 0.0484375 0.058333333333333
10 0.64375 0.61805555555556 0.04375 0.061111111111111
10 0.7359375 0.93402777777778 0.040625 0.065277777777778
10 0.585546875 0.64722222222222 0.03984375 0.058333333333333
10 0.62421875 0.62916666666667 0.040625 0.055555555555556
10 0.732421875 0.88541666666667 0.03984375 0.054166666666667
10 0.716015625 0.72916666666667 0.03828125 0.055555555555556
10 0.5234375 0.89930555555556 0.0390625 0.051388888888889
10 0.55 0.81875 0.0390625 0.054166666666667
10 0.6359375 0.67847222222222 0.0390625 0.051388888888889
10 0.751171875 0.43819444444444 0.03671875 0.054166666666667
10 0.7546875 0.79444444444444 0.0359375 0.052777777777778
10 0.7421875 0.55486111111111 0.034375 0.054166666666667
10 0.66484375 0.71805555555556 0.0375 0.05
10 0.714453125 0.90069444444444 0.03515625 0.048611111111111
10 0.76171875 0.71458333333333 0.0359375 0.051388888888889
10 0.700390625 0.67430555555556 0.03359375 0.048611111111111
10 0.73671875 0.73958333333333 0.0328125 0.045833333333333
10 0.712109375 0.98472222222222 0.04140625 0.036111111111111
10 0.53359375 0.71527777777778 0.0328125 0.044444444444444
10 0.5765625 0.76666666666667 0.0328125 0.044444444444444
10 0.66875 0.9 0.03125 0.044444444444444
10 0.594921875 0.47777777777778 0.03046875 0.044444444444444
10 0.673828125 0.63194444444444 0.03046875 0.044444444444444
10 0.699609375 0.78888888888889 0.03046875 0.044444444444444
10 0.805859375 0.83263888888889 0.02890625 0.043055555555556
10 0.671484375 0.80208333333333 0.03046875 0.040277777777778
10 0.680859375 0.88125 0.03046875 0.040277777777778