11 0.341796875 0.51388888888889 0.29609375 0.53055555555556
11 0.834765625 0.26319444444444 0.29765625 0.52638888888889
11 0.76171875 0.54513888888889 0.0671875 0.0875
11 0.743359375 0.22986111111111 0.06796875 0.073611111111111
11 0.72109375 0.725 0.0609375 0.080555555555556
11 0.729296875 0.63263888888889 0.05546875 0.076388888888889
11 0.553125 0.34861111111111 0.0515625 0.080555555555556
11 0.759375 0.49722222222222 0.0546875 0.075
11 0.763671875 0.23958333333333 0.04921875 0.076388888888889
11 0.787890625 0.67291666666667 0.04921875 0.065277777777778
11 0.638671875 0.15069444444444 0.05078125 0.070833333333333
11 0.71640625 0.53888888888889 0.0453125 0.075
11 0.569921875 0.40486111111111 0.04609375 0.070833333333333
11 0.766015625 0.62291666666667 0.05078125 0.070833333333333
11 0.84765625 0.62222222222222 0.0453125 0.063888888888889
11 0.76015625 0.35208333333333 0.0421875 0.065277777777778
11 0.66875 0.61180555555556 0.0421875 0.0625
11 0.5796875 0.16597222222222 0.0453125 0.056944444444444
11 0.7328125 0.30555555555556 0.0390625 0.061111111111111
11 0.63046875 0.31319444444444 0.040625 0.059722222222222
11 0.718359375 0.21527777777778 0.03828125 0.061111111111111
11 0.726953125 0.35277777777778 0.03671875 0.061111111111111
11 0.6671875 0.28055555555556 0.0375 0.058333333333333
11 0.815234375 0.58680555555556 0.03828125 0.056944444444444
11 0.627734375 0.57708333333333 0.03828125 0.056944444444444
11 0.6515625 0.18194444444444 0.0375 0.055555555555556
11 0.673828125 0.66944444444444 0.03671875 0.058333333333333
11 0.62734375 0.19513888888889 0.0375 0.054166666666667
11 0.703125 0.66597222222222 0.0390625 0.054166666666667
11 0.72421875 0.70555555555556 0.0375 0.052777777777778
11 0.940234375 0.55625 0.03671875 0.054166666666667
11 0.756640625 0.71041666666667 0.03671875 0.054166666666667
11 0.664453125 0.74583333333333 0.03671875 0.052777777777778
11 0.70859375 0.72152777777778 0.0375 0.051388888888889
11 0.8078125 0.60972222222222 0.0359375 0.05
11 0.5421875 0.22222222222222 0.034375 0.05
11 0.79140625 0.45138888888889 0.0359375 0.05
11 0.66875 0.81875 0.034375 0.051388888888889
11 0.562890625 0.25486111111111 0.03671875 0.051388888888889
11 0.56875 0.2 0.034375 0.05
11 0.653515625 0.69791666666667 0.03515625 0.048611111111111
11 0.7578125 0.64652777777778 0.0328125 0.045833333333333
11 0.54453125 0.31666666666667 0.0328125 0.047222222222222
11 0.272265625 0.3 0.03203125 0.047222222222222
11 0.7125 0.65416666666667 0.0453125 0.072222222222222
11 0.798828125 0.58472222222222 0.03359375 0.044444444444444
11 0.714453125 0.58402777777778 0.03203125 0.045833333333333
11 0.740234375 0.475 0.03203125 0.044444444444444
11 0.937109375 0.036111111111111 0.02890625 0.044444444444444
11 0.64453125 0.54861111111111 0.03125 0.044444444444444
11 0.393359375 0.26597222222222 0.02734375 0.040277777777778
11 0.905859375 0.32708333333333 0.02734375 0.040277777777778
11 0.72265625 0.40902777777778 0.0296875 0.043055555555556