11 0.37109375 0.12708333333333 0.0515625 0.090277777777778
11 0.26796875 0.10625 0.05 0.081944444444444
11 0.430078125 0.088194444444444 0.04921875 0.081944444444444
11 0.466015625 0.36875 0.04765625 0.081944444444444
11 0.511328125 0.33680555555556 0.04765625 0.073611111111111
11 0.308203125 0.55069444444444 0.04765625 0.070833333333333
11 0.553125 0.18819444444444 0.0390625 0.070833333333333
11 0.641796875 0.59930555555556 0.04609375 0.068055555555556
11 0.255078125 0.15833333333333 0.03671875 0.063888888888889
11 0.30859375 0.17430555555556 0.0359375 0.065277777777778
11 0.263671875 0.041666666666667 0.03515625 0.066666666666667
11 0.369140625 0.97430555555556 0.04453125 0.048611111111111
11 0.4984375 0.19097222222222 0.0359375 0.059722222222222
11 0.623828125 0.27986111111111 0.03515625 0.059722222222222
11 0.44765625 0.18402777777778 0.0359375 0.059722222222222
11 0.3078125 0.48333333333333 0.0375 0.055555555555556
11 0.2609375 0.21319444444444 0.0328125 0.059722222222222
11 0.4265625 0.23333333333333 0.034375 0.055555555555556
11 0.484765625 0.25347222222222 0.03515625 0.054166666666667
11 0.3546875 0.44375 0.0328125 0.054166666666667
11 0.231640625 0.35208333333333 0.02578125 0.056944444444444
11 0.330078125 0.35972222222222 0.02890625 0.047222222222222