11 0.73515625 0.50138888888889 0.021875 0.033333333333333
11 0.671875 0.32152777777778 0.021875 0.031944444444444
11 0.8296875 0.50069444444444 0.0234375 0.034722222222222
11 0.805078125 0.53541666666667 0.02421875 0.0375
11 0.85703125 0.65972222222222 0.021875 0.030555555555556
11 0.915625 0.099305555555556 0.16875 0.19861111111111
11 0.845703125 0.64513888888889 0.02734375 0.040277777777778
11 0.675 0.36041666666667 0.021875 0.031944444444444
11 0.916015625 0.10208333333333 0.09609375 0.1375
11 0.8828125 0.79236111111111 0.021875 0.029166666666667
11 0.869140625 0.63472222222222 0.02265625 0.030555555555556
11 0.74609375 0.43333333333333 0.0203125 0.030555555555556
11 0.763671875 0.45902777777778 0.02421875 0.034722222222222
11 0.716015625 0.35902777777778 0.01953125 0.029166666666667
11 0.730859375 0.37916666666667 0.02109375 0.030555555555556
11 0.484375 0.41388888888889 0.3625 0.54722222222222
11 0.75703125 0.49722222222222 0.0234375 0.036111111111111
11 0.651171875 0.39791666666667 0.03046875 0.056944444444444
11 0.76640625 0.30069444444444 0.4609375 0.60138888888889
11 0.8890625 0.56666666666667 0.025 0.033333333333333
11 0.904296875 0.10069444444444 0.03046875 0.043055555555556
11 0.90078125 0.66388888888889 0.0265625 0.036111111111111
11 0.652734375 0.50555555555556 0.01796875 0.027777777777778
11 0.7984375 0.52013888888889 0.025 0.040277777777778
11 0.740625 0.40416666666667 0.01875 0.027777777777778
11 0.759765625 0.47916666666667 0.02578125 0.069444444444444
11 0.70546875 0.39513888888889 0.021875 0.034722222222222