11 0.7296875 0.81574074074074 0.064583333333333 0.085185185185185
10 0.35234375 0.825 0.23489583333333 0.3462962962963
10 0.68932291666667 0.8837962962963 0.0484375 0.063888888888889
11 0.33098958333333 0.17222222222222 0.13177083333333 0.14444444444444
11 0.60208333333333 0.58935185185185 0.19166666666667 0.20277777777778
11 0.590625 0.84212962962963 0.24895833333333 0.31203703703704
11 0.84010416666667 0.83472222222222 0.30104166666667 0.18425925925926
11 0.34192708333333 0.33101851851852 0.2890625 0.23611111111111
11 0.19661458333333 0.1837962962963 0.053645833333333 0.071296296296296
11 0.39244791666667 0.53935185185185 0.21302083333333 0.18981481481481
11 0.16197916666667 0.39305555555556 0.052083333333333 0.062037037037037
11 0.32447916666667 0.5337962962963 0.057291666666667 0.065740740740741