10 0.534375 0.8 0.0453125 0.061111111111111
10 0.279296875 0.35972222222222 0.05703125 0.091666666666667
10 0.519921875 0.67083333333333 0.04140625 0.058333333333333
10 0.468359375 0.54930555555556 0.05546875 0.076388888888889
10 0.34296875 0.038194444444444 0.046875 0.076388888888889
10 0.648046875 0.50277777777778 0.06328125 0.091666666666667
10 0.64375 0.70416666666667 0.06875 0.091666666666667
10 0.444921875 0.23611111111111 0.04140625 0.069444444444444
10 0.59765625 0.75347222222222 0.0734375 0.10972222222222
10 0.97578125 0.63194444444444 0.03125 0.038888888888889
10 0.5671875 0.59583333333333 0.040625 0.055555555555556
10 0.41640625 0.41944444444444 0.0390625 0.061111111111111
10 0.588671875 0.33819444444444 0.04453125 0.0625
10 0.467578125 0.23680555555556 0.05078125 0.076388888888889
10 0.82890625 0.34097222222222 0.353125 0.66805555555556
10 0.92421875 0.84791666666667 0.0328125 0.045833333333333
10 0.355078125 0.22222222222222 0.04140625 0.069444444444444
10 0.558203125 0.67847222222222 0.07109375 0.084722222222222
10 0.608203125 0.47291666666667 0.04453125 0.065277777777778
10 0.64765625 0.39722222222222 0.0484375 0.069444444444444
10 0.554296875 0.72916666666667 0.06015625 0.069444444444444
10 0.551953125 0.26458333333333 0.05078125 0.073611111111111
10 0.548828125 0.29513888888889 0.06171875 0.098611111111111
10 0.441796875 0.027083333333333 0.06484375 0.054166666666667
10 0.5328125 0.60208333333333 0.0765625 0.098611111111111
10 0.401171875 0.38611111111111 0.04140625 0.066666666666667
10 0.351171875 0.093055555555556 0.04453125 0.072222222222222
10 0.405078125 0.069444444444444 0.05390625 0.091666666666667
10 0.32734375 0.15486111111111 0.0796875 0.13472222222222
10 0.37890625 0.075694444444444 0.0359375 0.059722222222222
10 0.4390625 0.19375 0.06875 0.098611111111111
10 0.515234375 0.23680555555556 0.04609375 0.073611111111111
10 0.673046875 0.5625 0.05234375 0.072222222222222
10 0.49921875 0.6 0.040625 0.058333333333333
10 0.25546875 0.72222222222222 0.3359375 0.50555555555556