11 0.44661458333333 0.5625 0.28072916666667 0.4212962962963
11 0.28645833333333 0.80092592592593 0.19791666666667 0.31851851851852
11 0.49322916666667 0.2462962962963 0.14270833333333 0.27777777777778
11 0.5703125 0.11203703703704 0.13645833333333 0.22407407407407
11 0.1765625 0.2 0.115625 0.18148148148148
11 0.51953125 0.79722222222222 0.10572916666667 0.17777777777778
11 0.67005208333333 0.072685185185185 0.13072916666667 0.14351851851852
11 0.43255208333333 0.72175925925926 0.1078125 0.16018518518519
11 0.34739583333333 0.79861111111111 0.103125 0.16018518518519
11 0.84609375 0.87268518518519 0.10260416666667 0.15092592592593
11 0.453125 0.42638888888889 0.095833333333333 0.14907407407407
11 0.15572916666667 0.49166666666667 0.091666666666667 0.15185185185185
11 0.42916666666667 0.069907407407407 0.0875 0.13981481481481
11 0.5796875 0.34074074074074 0.092708333333333 0.14074074074074
11 0.60104166666667 0.8787037037037 0.086458333333333 0.13888888888889
11 0.28385416666667 0.9412037037037 0.084375 0.11574074074074
11 0.5046875 0.89953703703704 0.079166666666667 0.12314814814815
11 0.39166666666667 0.95694444444444 0.088541666666667 0.084259259259259
11 0.22890625 0.039814814814815 0.091145833333333 0.07962962962963
11 0.27421875 0.58055555555556 0.0703125 0.1037037037037
11 0.76276041666667 0.77453703703704 0.069270833333333 0.10462962962963
11 0.32161458333333 0.92361111111111 0.066145833333333 0.10462962962963
11 0.45546875 0.95972222222222 0.080729166666667 0.078703703703704
11 0.63984375 0.8125 0.059895833333333 0.09537037037037
11 0.75807291666667 0.018055555555556 0.061979166666667 0.036111111111111
11 0.61666666666667 0.98703703703704 0.040625 0.025925925925926