10 0.43125 0.85231481481481 0.030208333333333 0.043518518518519
10 0.73203125 0.42361111111111 0.024479166666667 0.034259259259259
10 0.21901041666667 0.55555555555556 0.030729166666667 0.040740740740741
10 0.65208333333333 0.55416666666667 0.034375 0.047222222222222
10 0.75026041666667 0.91481481481481 0.033854166666667 0.046296296296296
10 0.23255208333333 0.62407407407407 0.0328125 0.044444444444444
10 0.66848958333333 0.33101851851852 0.040104166666667 0.062037037037037
10 0.60182291666667 0.2337962962963 0.024479166666667 0.036111111111111
10 0.66614583333333 0.70787037037037 0.03125 0.041666666666667
10 0.39375 0.69166666666667 0.027083333333333 0.038888888888889
10 0.90182291666667 0.3412037037037 0.0546875 0.084259259259259
10 0.5765625 0.33333333333333 0.040625 0.059259259259259
10 0.60833333333333 0.59212962962963 0.12395833333333 0.16944444444444
10 0.48046875 0.58425925925926 0.0234375 0.02962962962963
10 0.67734375 0.46990740740741 0.030729166666667 0.047222222222222
10 0.92890625 0.12453703703704 0.0453125 0.071296296296296
10 0.69973958333333 0.7712962962963 0.034895833333333 0.046296296296296
10 0.4859375 0.675 0.028125 0.037037037037037
10 0.2984375 0.48148148148148 0.025 0.033333333333333
10 0.87578125 0.15324074074074 0.0515625 0.071296296296296
10 0.29479166666667 0.69027777777778 0.03125 0.04537037037037
10 0.57265625 0.38842592592593 0.030729166666667 0.043518518518519
10 0.95885416666667 0.40787037037037 0.08125 0.15277777777778
10 0.56744791666667 0.59537037037037 0.044270833333333 0.051851851851852
10 0.43645833333333 0.60138888888889 0.030208333333333 0.039814814814815
10 0.78098958333333 0.099537037037037 0.056770833333333 0.084259259259259
10 0.78515625 0.54166666666667 0.031770833333333 0.042592592592593
10 0.63697916666667 0.61712962962963 0.03125 0.043518518518519
10 0.54375 0.97361111111111 0.033333333333333 0.043518518518519
10 0.74453125 0.86759259259259 0.025520833333333 0.035185185185185
10 0.83098958333333 0.18194444444444 0.034895833333333 0.052777777777778
10 0.5859375 0.75787037037037 0.05 0.067592592592593
10 0.63697916666667 0.78425925925926 0.047916666666667 0.055555555555556
10 0.62890625 0.51388888888889 0.033854166666667 0.048148148148148
10 0.5609375 0.4 0.035416666666667 0.053703703703704
10 0.64713541666667 0.46435185185185 0.0359375 0.052777777777778
10 0.65807291666667 0.79305555555556 0.059895833333333 0.071296296296296
10 0.59114583333333 0.49583333333333 0.03125 0.041666666666667
10 0.66744791666667 0.41851851851852 0.0359375 0.051851851851852
10 0.84348958333333 0.16898148148148 0.0546875 0.063888888888889
10 0.59583333333333 0.19259259259259 0.029166666666667 0.042592592592593
10 0.53932291666667 0.59166666666667 0.0328125 0.05
10 0.62239583333333 0.78101851851852 0.034375 0.047222222222222
10 0.59401041666667 0.26157407407407 0.047395833333333 0.071296296296296
10 0.62786458333333 0.65925925925926 0.0390625 0.05
10 0.66510416666667 0.52037037037037 0.035416666666667 0.051851851851852
10 0.61145833333333 0.7337962962963 0.030208333333333 0.039814814814815
10 0.60989583333333 0.3537037037037 0.027083333333333 0.038888888888889
10 0.63046875 0.88981481481481 0.031770833333333 0.044444444444444
10 0.55234375 0.4087962962963 0.0296875 0.041666666666667
10 0.69010416666667 0.7462962962963 0.034375 0.042592592592593
10 0.77604166666667 0.7962962962963 0.03125 0.042592592592593
10 0.6421875 0.69537037037037 0.044791666666667 0.059259259259259
10 0.51953125 0.64212962962963 0.0421875 0.050925925925926
10 0.3921875 0.62314814814815 0.029166666666667 0.037037037037037
10 0.565625 0.78935185185185 0.033333333333333 0.043518518518519
10 0.465625 0.58194444444444 0.025 0.032407407407407
10 0.63203125 0.23981481481481 0.030729166666667 0.046296296296296
10 0.67135416666667 0.125 0.092708333333333 0.14074074074074
10 0.60625 0.47175925925926 0.033333333333333 0.04537037037037
10 0.41666666666667 0.83194444444444 0.032291666666667 0.047222222222222
10 0.64348958333333 0.72962962962963 0.0328125 0.040740740740741
10 0.53828125 0.56527777777778 0.034895833333333 0.047222222222222