11 0.59010416666667 0.68101851851852 0.125 0.15277777777778
11 0.76276041666667 0.68425925925926 0.1328125 0.12592592592593
11 0.12135416666667 0.71435185185185 0.11041666666667 0.12685185185185
11 0.38359375 0.30185185185185 0.0921875 0.11296296296296
11 0.159375 0.0875 0.071875 0.12685185185185
11 0.65390625 0.32407407407407 0.080729166666667 0.090740740740741
11 0.31380208333333 0.38796296296296 0.077604166666667 0.10555555555556
11 0.65338541666667 0.43287037037037 0.077604166666667 0.071296296296296
11 0.14010416666667 0.7125 0.055208333333333 0.060185185185185
11 0.42708333333333 0.72407407407407 0.065625 0.094444444444444
11 0.52786458333333 0.25648148148148 0.047395833333333 0.061111111111111
11 0.32890625 0.40324074074074 0.046354166666667 0.062037037037037
11 0.36979166666667 0.31944444444444 0.047916666666667 0.062962962962963
11 0.43984375 0.035185185185185 0.0453125 0.059259259259259
11 0.48046875 0.071759259259259 0.041145833333333 0.063888888888889
11 0.79557291666667 0.65925925925926 0.050520833333333 0.051851851851852
11 0.36328125 0.036574074074074 0.0453125 0.062037037037037
11 0.59192708333333 0.18981481481481 0.041145833333333 0.061111111111111
11 0.56119791666667 0.4537037037037 0.046354166666667 0.051851851851852
11 0.4078125 0.077777777777778 0.04375 0.05
11 0.421875 0.074074074074074 0.040625 0.053703703703704
11 0.51041666666667 0.030555555555556 0.038541666666667 0.053703703703704
11 0.56979166666667 0.03287037037037 0.039583333333333 0.052777777777778
11 0.69427083333333 0.4412037037037 0.041666666666667 0.049074074074074
11 0.19140625 0.58888888888889 0.040104166666667 0.05
11 0.59869791666667 0.084722222222222 0.036979166666667 0.052777777777778
11 0.88125 0.79537037037037 0.04375 0.044444444444444
11 0.66432291666667 0.9212962962963 0.040104166666667 0.046296296296296
11 0.4578125 0.27962962962963 0.036458333333333 0.05
11 0.409375 0.43287037037037 0.036458333333333 0.049074074074074
11 0.52317708333333 0.18981481481481 0.0359375 0.05
11 0.16510416666667 0.54537037037037 0.038541666666667 0.046296296296296
11 0.33307291666667 0.1037037037037 0.0359375 0.048148148148148
11 0.6453125 0.26990740740741 0.0375 0.047222222222222
11 0.1921875 0.41759259259259 0.035416666666667 0.048148148148148
11 0.290625 0.17592592592593 0.035416666666667 0.048148148148148
11 0.85989583333333 0.97777777777778 0.040625 0.040740740740741
11 0.29869791666667 0.14537037037037 0.0328125 0.05
11 0.75494791666667 0.51111111111111 0.040104166666667 0.040740740740741
11 0.8640625 0.84444444444444 0.041666666666667 0.038888888888889
11 0.64140625 0.22407407407407 0.034895833333333 0.046296296296296
11 0.62421875 0.14166666666667 0.034895833333333 0.046296296296296
11 0.35104166666667 0.44444444444444 0.034375 0.046296296296296
11 0.15 0.82175925925926 0.036458333333333 0.043518518518519
11 0.66458333333333 0.09212962962963 0.033333333333333 0.047222222222222
11 0.36614583333333 0.19768518518519 0.033333333333333 0.047222222222222
11 0.74296875 0.37037037037037 0.0359375 0.042592592592593
11 0.76380208333333 0.44166666666667 0.0390625 0.038888888888889
11 0.49270833333333 0.29675925925926 0.033333333333333 0.047222222222222
11 0.23645833333333 0.21342592592593 0.033333333333333 0.04537037037037
11 0.734375 0.31203703703704 0.035416666666667 0.042592592592593
11 0.71484375 0.55277777777778 0.036979166666667 0.040740740740741
11 0.22604166666667 0.26296296296296 0.034375 0.042592592592593
11 0.56041666666667 0.22592592592593 0.034375 0.042592592592593
11 0.278125 0.52361111111111 0.032291666666667 0.04537037037037
11 0.66458333333333 0.55648148148148 0.0375 0.038888888888889
11 0.15104166666667 0.37638888888889 0.033333333333333 0.043518518518519
11 0.39348958333333 0.21898148148148 0.031770833333333 0.04537037037037
11 0.625 0.09537037037037 0.032291666666667 0.044444444444444
11 0.21223958333333 0.65555555555556 0.034895833333333 0.040740740740741
11 0.14869791666667 0.71666666666667 0.034895833333333 0.040740740740741
11 0.71510416666667 0.27962962962963 0.033333333333333 0.042592592592593
11 0.10130208333333 0.45972222222222 0.033854166666667 0.041666666666667
11 0.26536458333333 0.25833333333333 0.0328125 0.042592592592593
11 0.30729166666667 0.23518518518519 0.03125 0.044444444444444
11 0.67291666666667 0.35509259259259 0.036458333333333 0.037962962962963
11 0.28307291666667 0.06712962962963 0.031770833333333 0.043518518518519
11 0.40598958333333 0.018981481481481 0.033854166666667 0.037962962962963
11 0.26744791666667 0.675 0.0328125 0.038888888888889
11 0.36875 0.51527777777778 0.033333333333333 0.037962962962963
11 0.37942708333333 0.47685185185185 0.030729166666667 0.040740740740741
11 0.11927083333333 0.35231481481481 0.030208333333333 0.041666666666667
11 0.53932291666667 0.16388888888889 0.030729166666667 0.040740740740741
11 0.42005208333333 0.12777777777778 0.0296875 0.040740740740741
11 0.52916666666667 0.2912037037037 0.030208333333333 0.039814814814815
11 0.23697916666667 0.325 0.032291666666667 0.037037037037037
11 0.6875 0.68703703703704 0.032291666666667 0.037037037037037
11 0.78359375 0.58009259259259 0.0328125 0.036111111111111
11 0.62369791666667 0.49398148148148 0.0328125 0.036111111111111
11 0.77421875 0.014351851851852 0.041145833333333 0.028703703703704
11 0.44244791666667 0.15509259259259 0.0296875 0.037962962962963
11 0.55885416666667 0.014351851851852 0.038541666666667 0.028703703703704
11 0.24739583333333 0.59814814814815 0.029166666666667 0.037037037037037
11 0.66484375 0.50185185185185 0.030729166666667 0.033333333333333
11 0.1765625 0.33472222222222 0.028125 0.036111111111111
11 0.55182291666667 0.065740740740741 0.024479166666667 0.033333333333333