11 0.9484375 0.2037037037037 0.0875 0.11111111111111
11 0.71927083333333 0.19398148148148 0.071875 0.091666666666667
11 0.97864583333333 0.42268518518519 0.040625 0.087962962962963
11 0.74609375 0.36203703703704 0.17447916666667 0.22407407407407
11 0.62005208333333 0.37685185185185 0.094270833333333 0.13703703703704
11 0.13854166666667 0.23935185185185 0.10729166666667 0.13055555555556
11 0.92708333333333 0.31481481481481 0.146875 0.20185185185185
11 0.10234375 0.29953703703704 0.1984375 0.26388888888889
11 0.834375 0.21712962962963 0.10729166666667 0.13240740740741
11 0.44296875 0.33240740740741 0.28072916666667 0.34814814814815
11 0.63333333333333 0.27268518518519 0.086458333333333 0.11018518518519