10 0.399609375 0.47638888888889 0.04453125 0.052777777777778
10 0.07421875 0.37847222222222 0.0515625 0.056944444444444
10 0.1609375 0.32916666666667 0.053125 0.063888888888889
10 0.0234375 0.026388888888889 0.046875 0.052777777777778
10 0.360546875 0.46805555555556 0.05546875 0.058333333333333
10 0.16328125 0.39305555555556 0.0484375 0.058333333333333
10 0.1171875 0.41527777777778 0.05625 0.055555555555556
10 0.017578125 0.39236111111111 0.03359375 0.073611111111111
10 0.31875 0.49097222222222 0.05 0.054166666666667
10 0.330859375 0.44097222222222 0.05234375 0.059722222222222
10 0.1 0.34652777777778 0.071875 0.073611111111111
10 0.08828125 0.43472222222222 0.0578125 0.061111111111111
10 0.235546875 0.42222222222222 0.04921875 0.058333333333333
10 0.029296875 0.33958333333333 0.05234375 0.068055555555556
10 0.36953125 0.076388888888889 0.0734375 0.091666666666667
10 0.144921875 0.43055555555556 0.06015625 0.066666666666667
10 0.080078125 0.28958333333333 0.06796875 0.079166666666667