11 0.53747072599532 0.49574468085106 0.042154566744731 0.059574468085106
11 0.44496487119438 0.31914893617021 0.039812646370023 0.059574468085106
11 0.46311475409836 0.43085106382979 0.040983606557377 0.057446808510638
11 0.24180327868852 0.31382978723404 0.024590163934426 0.036170212765957
11 0.45023419203747 0.31914893617021 0.043325526932084 0.068085106382979
11 0.06615925058548 0.079787234042553 0.057377049180328 0.074468085106383
11 0.14871194379391 0.15744680851064 0.02576112412178 0.038297872340426
11 0.7271662763466 0.93191489361702 0.030444964871194 0.029787234042553
11 0.24180327868852 0.31382978723404 0.026932084309133 0.036170212765957
11 0.53864168618267 0.49574468085106 0.042154566744731 0.059574468085106
11 0.46370023419204 0.43191489361702 0.039812646370023 0.059574468085106