10 0.18463541666667 0.44444444444444 0.050520833333333 0.077777777777778
10 0.41666666666667 0.27361111111111 0.046875 0.065740740740741
10 0.29505208333333 0.25833333333333 0.046354166666667 0.059259259259259
10 0.11796875 0.26712962962963 0.0421875 0.067592592592593
10 0.68177083333333 0.61435185185185 0.042708333333333 0.05462962962963
10 0.56354166666667 0.6 0.044791666666667 0.053703703703704
10 0.32760416666667 0.43148148148148 0.042708333333333 0.053703703703704
10 0.046875 0.26527777777778 0.041666666666667 0.052777777777778
10 0.60364583333333 0.55462962962963 0.038541666666667 0.055555555555556
10 0.58177083333333 0.41435185185185 0.038541666666667 0.052777777777778
10 0.25104166666667 0.53842592592593 0.038541666666667 0.052777777777778
10 0.31276041666667 0.27175925925926 0.038020833333333 0.049074074074074
10 0.93828125 0.69675925925926 0.0359375 0.049074074074074
10 0.42057291666667 0.41111111111111 0.0359375 0.046296296296296
10 0.69713541666667 0.61435185185185 0.0359375 0.04537037037037
10 0.12421875 0.24814814814815 0.034895833333333 0.046296296296296
10 0.048697916666667 0.34351851851852 0.0328125 0.044444444444444
10 0.89895833333333 0.9662037037037 0.035416666666667 0.04537037037037
10 0.31953125 0.39074074074074 0.0328125 0.046296296296296
10 0.13177083333333 0.31342592592593 0.033333333333333 0.043518518518519
10 0.29869791666667 0.67175925925926 0.0328125 0.043518518518519
10 0.52630208333333 0.47638888888889 0.0328125 0.043518518518519
10 0.534375 0.40740740740741 0.034375 0.040740740740741
10 0.44505208333333 0.37361111111111 0.0296875 0.047222222222222
10 0.12682291666667 0.49074074074074 0.030729166666667 0.044444444444444
10 0.24817708333333 0.2125 0.031770833333333 0.043518518518519
10 0.49036458333333 0.6412037037037 0.0296875 0.04537037037037
10 0.48776041666667 0.32453703703704 0.030729166666667 0.043518518518519
10 0.12552083333333 0.58009259259259 0.030208333333333 0.041666666666667
10 0.23385416666667 0.29259259259259 0.03125 0.042592592592593
10 0.31458333333333 0.41435185185185 0.03125 0.039814814814815
10 0.22552083333333 0.45787037037037 0.030208333333333 0.041666666666667
10 0.3671875 0.47592592592593 0.029166666666667 0.042592592592593
10 0.81432291666667 0.7375 0.030729166666667 0.039814814814815
10 0.59322916666667 0.50324074074074 0.030208333333333 0.039814814814815
10 0.67552083333333 0.44490740740741 0.030208333333333 0.039814814814815
10 0.2796875 0.54027777777778 0.030208333333333 0.039814814814815
10 0.27317708333333 0.43009259259259 0.028645833333333 0.041666666666667
10 0.3625 0.22407407407407 0.029166666666667 0.040740740740741
10 0.54244791666667 0.4162037037037 0.0296875 0.039814814814815
10 0.22890625 0.22916666666667 0.0296875 0.039814814814815
10 0.22265625 0.40231481481481 0.028645833333333 0.039814814814815
10 0.27630208333333 0.32824074074074 0.028645833333333 0.039814814814815
10 0.80598958333333 0.66203703703704 0.028645833333333 0.040740740740741
10 0.38255208333333 0.26342592592593 0.028645833333333 0.039814814814815
10 0.40026041666667 0.16666666666667 0.028645833333333 0.038888888888889
10 0.678125 0.79675925925926 0.028125 0.039814814814815
10 0.079166666666667 0.33055555555556 0.029166666666667 0.038888888888889
10 0.42552083333333 0.59074074074074 0.028125 0.038888888888889
10 0.31328125 0.74351851851852 0.028645833333333 0.038888888888889
10 0.26145833333333 0.38333333333333 0.028125 0.038888888888889
10 0.48697916666667 0.33981481481481 0.028125 0.038888888888889
10 0.33932291666667 0.29027777777778 0.028645833333333 0.037962962962963
10 0.62942708333333 0.63888888888889 0.027604166666667 0.038888888888889
10 0.21015625 0.22824074074074 0.028645833333333 0.037962962962963
10 0.21223958333333 0.33703703703704 0.027604166666667 0.038888888888889
10 0.52526041666667 0.40138888888889 0.027604166666667 0.037962962962963
10 0.26119791666667 0.47638888888889 0.027604166666667 0.037962962962963
10 0.45520833333333 0.32175925925926 0.027083333333333 0.037962962962963
10 0.25286458333333 0.68055555555556 0.0265625 0.038888888888889
10 0.40885416666667 0.19768518518519 0.027083333333333 0.037962962962963
10 0.64401041666667 0.58055555555556 0.0265625 0.037037037037037
10 0.47057291666667 0.4212962962963 0.0265625 0.037037037037037
10 0.70703125 0.54444444444444 0.0265625 0.037037037037037
10 0.30182291666667 0.34907407407407 0.025520833333333 0.037037037037037
10 0.3 0.32777777777778 0.026041666666667 0.037037037037037
10 0.55104166666667 0.1337962962963 0.026041666666667 0.036111111111111
10 0.16145833333333 0.29907407407407 0.026041666666667 0.035185185185185
10 0.328125 0.58194444444444 0.025 0.036111111111111
10 0.43333333333333 0.11111111111111 0.025 0.035185185185185
10 0.55494791666667 0.4837962962963 0.025520833333333 0.034259259259259
10 0.434375 0.19583333333333 0.023958333333333 0.036111111111111
10 0.37057291666667 0.36759259259259 0.024479166666667 0.035185185185185
10 0.39583333333333 0.33703703703704 0.023958333333333 0.035185185185185
10 0.36822916666667 0.29166666666667 0.025 0.033333333333333
10 0.62682291666667 0.39259259259259 0.024479166666667 0.033333333333333
10 0.33723958333333 0.31851851851852 0.021354166666667 0.02962962962963
10 0.24635416666667 0.41666666666667 0.021875 0.031481481481481
10 0.67421875 0.55648148148148 0.024479166666667 0.033333333333333