10 0.11848958333333 0.32824074074074 0.19427083333333 0.24351851851852
10 0.73307291666667 0.22638888888889 0.066145833333333 0.091666666666667
10 0.89869791666667 0.30648148148148 0.17552083333333 0.21111111111111
10 0.85546875 0.29074074074074 0.10572916666667 0.14259259259259
10 0.60104166666667 0.24861111111111 0.08125 0.10833333333333
10 0.57135416666667 0.40787037037037 0.175 0.20092592592593
10 0.7859375 0.39907407407407 0.11666666666667 0.16111111111111
10 0.20572916666667 0.42962962962963 0.18854166666667 0.22222222222222
10 0.039322916666667 0.35972222222222 0.078645833333333 0.18055555555556
10 0.94322916666667 0.26111111111111 0.084375 0.11666666666667
10 0.43020833333333 0.34351851851852 0.31041666666667 0.37222222222222
10 0.67161458333333 0.31296296296296 0.13802083333333 0.18703703703704