11 0.823828125 0.26111111111111 0.33046875 0.52222222222222
11 0.35546875 0.39930555555556 0.29375 0.47916666666667
11 0.74375 0.70763888888889 0.0609375 0.076388888888889
11 0.61484375 0.33125 0.053125 0.079166666666667
11 0.69140625 0.22569444444444 0.0484375 0.076388888888889
11 0.825390625 0.54513888888889 0.04765625 0.070833333333333
11 0.79375 0.55763888888889 0.05 0.065277777777778
11 0.631640625 0.21944444444444 0.04765625 0.066666666666667
11 0.62265625 0.27152777777778 0.04375 0.065277777777778
11 0.649609375 0.55555555555556 0.04609375 0.061111111111111
11 0.826953125 0.4875 0.04140625 0.058333333333333
11 0.70859375 0.55347222222222 0.0421875 0.056944444444444
11 0.774609375 0.59305555555556 0.04296875 0.055555555555556
11 0.941015625 0.52986111111111 0.03984375 0.054166666666667
11 0.813671875 0.61736111111111 0.03828125 0.054166666666667
11 0.71484375 0.58611111111111 0.0390625 0.052777777777778
11 0.712109375 0.66319444444444 0.03671875 0.051388888888889
11 0.624609375 0.41041666666667 0.03671875 0.051388888888889
11 0.85546875 0.59444444444444 0.0359375 0.047222222222222
11 0.76953125 0.7 0.0359375 0.047222222222222
11 0.6140625 0.45694444444444 0.0359375 0.047222222222222
11 0.729296875 0.64305555555556 0.03515625 0.047222222222222
11 0.803515625 0.46111111111111 0.03515625 0.047222222222222
11 0.67734375 0.58194444444444 0.034375 0.047222222222222
11 0.78984375 0.59375 0.034375 0.045833333333333
11 0.587109375 0.27708333333333 0.03203125 0.048611111111111
11 0.666015625 0.67708333333333 0.03359375 0.045833333333333
11 0.677734375 0.72222222222222 0.03203125 0.044444444444444
11 0.755859375 0.6125 0.03359375 0.041666666666667
11 0.5859375 0.37083333333333 0.03125 0.044444444444444
11 0.666796875 0.49930555555556 0.03203125 0.043055555555556
11 0.680078125 0.80416666666667 0.03046875 0.044444444444444
11 0.830859375 0.43263888888889 0.03046875 0.043055555555556
11 0.27578125 0.20694444444444 0.0265625 0.041666666666667
11 0.2671875 0.19166666666667 0.0234375 0.038888888888889