11 0.23489583333333 0.99027777777778 0.029166666666667 0.019444444444444
11 0.54114583333333 0.62361111111111 0.016666666666667 0.025
11 0.42838541666667 0.67083333333333 0.018229166666667 0.026851851851852
11 0.540625 0.56898148148148 0.01875 0.026851851851852
11 0.68723958333333 0.67083333333333 0.0734375 0.11759259259259
11 0.4890625 0.73888888888889 0.016666666666667 0.024074074074074
11 0.98671875 0.11157407407407 0.025520833333333 0.047222222222222
11 0.53463541666667 0.92731481481481 0.030729166666667 0.04537037037037
11 0.62421875 0.7912037037037 0.024479166666667 0.034259259259259
11 0.73333333333333 0.1962962962963 0.026041666666667 0.040740740740741
11 0.87916666666667 0.36018518518519 0.023958333333333 0.037037037037037
11 0.87395833333333 0.50694444444444 0.026041666666667 0.039814814814815
11 0.43255208333333 0.75185185185185 0.016145833333333 0.024074074074074
11 0.80442708333333 0.85185185185185 0.066145833333333 0.090740740740741
11 0.325 0.81388888888889 0.019791666666667 0.02962962962963
11 0.15494791666667 0.66574074074074 0.0234375 0.035185185185185
11 0.58463541666667 0.82731481481481 0.0265625 0.036111111111111
11 0.48151041666667 0.28333333333333 0.016145833333333 0.022222222222222
11 0.43671875 0.52916666666667 0.022395833333333 0.032407407407407
11 0.5046875 0.76296296296296 0.023958333333333 0.031481481481481
11 0.51796875 0.56759259259259 0.0171875 0.024074074074074
11 0.4734375 0.64675925925926 0.016666666666667 0.025
11 0.62239583333333 0.87361111111111 0.022916666666667 0.034259259259259
11 0.50364583333333 0.51342592592593 0.01875 0.028703703703704
11 0.53020833333333 0.50416666666667 0.020833333333333 0.032407407407407
11 0.36302083333333 0.78657407407407 0.01875 0.028703703703704
11 0.47005208333333 0.46018518518519 0.0203125 0.02962962962963
11 0.75885416666667 0.72546296296296 0.026041666666667 0.037962962962963
11 0.66848958333333 0.28842592592593 0.050520833333333 0.082407407407407
11 0.41380208333333 0.69953703703704 0.015104166666667 0.023148148148148
11 0.56458333333333 0.37916666666667 0.020833333333333 0.028703703703704
11 0.365625 0.45740740740741 0.035416666666667 0.053703703703704
11 0.50130208333333 0.43101851851852 0.018229166666667 0.026851851851852
11 0.54427083333333 0.93287037037037 0.023958333333333 0.034259259259259
11 0.74765625 0.5787037037037 0.022395833333333 0.033333333333333
11 0.94036458333333 0.44490740740741 0.034895833333333 0.056481481481481
11 0.71302083333333 0.12453703703704 0.023958333333333 0.036111111111111
11 0.46692708333333 0.71342592592593 0.015104166666667 0.023148148148148
11 0.34713541666667 0.93240740740741 0.025520833333333 0.038888888888889
11 0.48958333333333 0.82175925925926 0.036458333333333 0.036111111111111
11 0.85390625 0.33333333333333 0.021354166666667 0.031481481481481
11 0.47708333333333 0.82453703703704 0.025 0.036111111111111
11 0.61927083333333 0.44351851851852 0.026041666666667 0.037037037037037
11 0.36588541666667 0.7 0.021354166666667 0.031481481481481
11 0.34453125 0.5462962962963 0.030729166666667 0.044444444444444
11 0.47135416666667 0.53888888888889 0.016666666666667 0.024074074074074
11 0.84453125 0.37175925925926 0.034895833333333 0.056481481481481
11 0.60234375 0.57546296296296 0.0265625 0.037962962962963
11 0.67369791666667 0.40833333333333 0.027604166666667 0.042592592592593
11 0.70598958333333 0.54907407407407 0.022395833333333 0.033333333333333
11 0.87916666666667 0.53425925925926 0.026041666666667 0.042592592592593
11 0.81302083333333 0.60555555555556 0.023958333333333 0.037037037037037
11 0.43880208333333 0.64768518518519 0.019270833333333 0.028703703703704
11 0.53385416666667 0.67314814814815 0.019791666666667 0.02962962962963
11 0.61536458333333 0.63009259259259 0.031770833333333 0.04537037037037
11 0.47604166666667 0.97222222222222 0.021875 0.02962962962963
11 0.42317708333333 0.85138888888889 0.022395833333333 0.032407407407407
11 0.5171875 0.70648148148148 0.016666666666667 0.024074074074074
11 0.278125 0.75509259259259 0.030208333333333 0.049074074074074
11 0.96822916666667 0.4962962962963 0.030208333333333 0.048148148148148
11 0.47708333333333 0.68194444444444 0.015625 0.023148148148148
11 0.40885416666667 0.5537037037037 0.019791666666667 0.027777777777778
11 0.75364583333333 0.5125 0.029166666666667 0.041666666666667
11 0.55885416666667 0.85972222222222 0.021875 0.030555555555556
11 0.90885416666667 0.40787037037037 0.023958333333333 0.037962962962963
11 0.47317708333333 0.75740740740741 0.025520833333333 0.033333333333333
11 0.38098958333333 0.59490740740741 0.022395833333333 0.032407407407407
11 0.19661458333333 0.70277777777778 0.022395833333333 0.033333333333333
11 0.46692708333333 0.61805555555556 0.016145833333333 0.023148148148148
11 0.35963541666667 0.85694444444444 0.022395833333333 0.036111111111111
11 0.52786458333333 0.78333333333333 0.019270833333333 0.027777777777778
11 0.5890625 0.35925925925926 0.026041666666667 0.037037037037037
11 0.49375 0.55925925925926 0.015625 0.022222222222222
11 0.81145833333333 0.12083333333333 0.027083333333333 0.041666666666667
11 0.96354166666667 0.075 0.032291666666667 0.048148148148148
11 0.44010416666667 0.55648148148148 0.033333333333333 0.044444444444444
11 0.53776041666667 0.47083333333333 0.019270833333333 0.026851851851852
11 0.57135416666667 0.82731481481481 0.026041666666667 0.036111111111111
11 0.48828125 0.47916666666667 0.016145833333333 0.023148148148148
11 0.55546875 0.4962962962963 0.0171875 0.025925925925926
11 0.59609375 0.66759259259259 0.022395833333333 0.031481481481481
11 0.5 0.81759259259259 0.022916666666667 0.033333333333333
11 0.53020833333333 0.73055555555556 0.017708333333333 0.025925925925926
11 0.76979166666667 0.8412037037037 0.023958333333333 0.034259259259259
11 0.3234375 0.89351851851852 0.022916666666667 0.035185185185185
11 0.49661458333333 0.65972222222222 0.018229166666667 0.026851851851852
11 0.4828125 0.78981481481481 0.020833333333333 0.031481481481481
11 0.99322916666667 0.64027777777778 0.011458333333333 0.043518518518519
11 0.78697916666667 0.40046296296296 0.029166666666667 0.043518518518519