11 0.744140625 0.89166666666667 0.04609375 0.061111111111111
11 0.584765625 0.48402777777778 0.04140625 0.0625
11 0.6 0.58194444444444 0.0421875 0.058333333333333
11 0.70703125 0.48888888888889 0.0390625 0.058333333333333
11 0.6296875 0.76111111111111 0.0390625 0.055555555555556
11 0.7234375 0.78958333333333 0.0375 0.054166666666667
11 0.55 0.93958333333333 0.0375 0.051388888888889
11 0.6859375 0.86666666666667 0.0375 0.05
11 0.69921875 0.92361111111111 0.0375 0.047222222222222
11 0.614453125 0.90138888888889 0.03515625 0.047222222222222
11 0.650390625 0.67291666666667 0.03359375 0.045833333333333
11 0.68671875 0.69722222222222 0.034375 0.044444444444444
11 0.650390625 0.75625 0.03203125 0.045833333333333
11 0.667578125 0.66458333333333 0.03203125 0.043055555555556
11 0.572265625 0.62916666666667 0.03203125 0.044444444444444
11 0.66796875 0.62222222222222 0.0296875 0.044444444444444
11 0.71953125 0.675 0.0296875 0.044444444444444
11 0.686328125 0.78611111111111 0.03046875 0.041666666666667
11 0.59140625 0.64166666666667 0.0296875 0.041666666666667
11 0.744140625 0.80902777777778 0.02890625 0.040277777777778
11 0.625 0.73680555555556 0.0296875 0.040277777777778
11 0.707421875 0.84583333333333 0.02890625 0.038888888888889
11 0.706640625 0.4 0.02890625 0.038888888888889
11 0.568359375 0.45277777777778 0.02890625 0.038888888888889
11 0.654296875 0.87777777777778 0.02890625 0.038888888888889
11 0.646484375 0.59791666666667 0.02734375 0.040277777777778
11 0.596484375 0.80347222222222 0.02890625 0.0375
11 0.61796875 0.61944444444444 0.028125 0.038888888888889
11 0.6171875 0.67430555555556 0.028125 0.0375
11 0.69140625 0.75833333333333 0.0265625 0.038888888888889
11 0.60703125 0.69930555555556 0.0265625 0.034722222222222
11 0.6984375 0.88194444444444 0.0234375 0.033333333333333