11 0.4859375 0.70740740740741 0.11354166666667 0.16296296296296
11 0.79713541666667 0.41064814814815 0.0765625 0.11574074074074
11 0.41484375 0.96296296296296 0.0828125 0.074074074074074
11 0.51979166666667 0.66157407407407 0.058333333333333 0.086111111111111
11 0.52552083333333 0.52962962962963 0.059375 0.092592592592593
11 0.56510416666667 0.96018518518519 0.055208333333333 0.075925925925926
11 0.346875 0.98055555555556 0.053125 0.042592592592593
11 0.57447916666667 0.89166666666667 0.04375 0.064814814814815
11 0.1078125 0.39722222222222 0.13541666666667 0.20555555555556
11 0.6546875 0.17222222222222 0.075 0.10925925925926
11 0.71380208333333 0.76666666666667 0.0421875 0.059259259259259
11 0.77526041666667 0.43518518518519 0.10572916666667 0.15740740740741
11 0.72786458333333 0.16342592592593 0.10572916666667 0.16574074074074
11 0.62213541666667 0.030555555555556 0.063020833333333 0.061111111111111
11 0.75546875 0.64953703703704 0.046354166666667 0.060185185185185
11 0.88463541666667 0.15740740740741 0.13072916666667 0.21296296296296
11 0.66484375 0.58564814814815 0.077604166666667 0.10833333333333
11 0.86536458333333 0.54259259259259 0.0546875 0.07962962962963
11 0.53671875 0.41851851851852 0.0890625 0.11851851851852
11 0.56588541666667 0.069907407407407 0.066145833333333 0.091666666666667
11 0.625 0.14305555555556 0.076041666666667 0.11574074074074
11 0.35078125 0.56203703703704 0.068229166666667 0.090740740740741
11 0.62786458333333 0.28935185185185 0.049479166666667 0.065740740740741
11 0.47630208333333 0.060185185185185 0.0828125 0.12037037037037
11 0.33046875 0.7712962962963 0.044270833333333 0.062962962962963
11 0.32630208333333 0.72962962962963 0.068229166666667 0.11111111111111
11 0.38411458333333 0.64861111111111 0.0328125 0.04537037037037
11 0.57239583333333 0.3375 0.057291666666667 0.093518518518519
11 0.59895833333333 0.62638888888889 0.051041666666667 0.071296296296296
11 0.70260416666667 0.21435185185185 0.053125 0.069444444444444
11 0.35885416666667 0.94907407407407 0.032291666666667 0.044444444444444
11 0.24453125 0.79259259259259 0.0390625 0.051851851851852
11 0.47239583333333 0.43564814814815 0.058333333333333 0.086111111111111
11 0.44322916666667 0.79722222222222 0.080208333333333 0.13703703703704
11 0.50442708333333 0.096759259259259 0.063020833333333 0.09537037037037
11 0.4875 0.61851851851852 0.098958333333333 0.15
11 0.47708333333333 0.90740740740741 0.042708333333333 0.057407407407407
11 0.57265625 0.39166666666667 0.022395833333333 0.031481481481481
11 0.38072916666667 0.91712962962963 0.030208333333333 0.043518518518519
11 0.49296875 0.85138888888889 0.044270833333333 0.065740740740741
11 0.646875 0.26018518518519 0.044791666666667 0.068518518518519
11 0.40130208333333 0.86712962962963 0.053645833333333 0.082407407407407
11 0.6359375 0.69398148148148 0.073958333333333 0.1287037037037
11 0.67473958333333 0.41851851851852 0.074479166666667 0.10185185185185