10 0.91015625 0.23101851851852 0.044270833333333 0.058333333333333
10 0.25286458333333 0.17314814814815 0.0390625 0.051851851851852
10 0.8515625 0.80555555555556 0.10520833333333 0.15555555555556
10 0.7859375 0.28425925925926 0.057291666666667 0.07037037037037
10 0.64921875 0.24166666666667 0.1015625 0.13148148148148
10 0.23125 0.81481481481481 0.140625 0.24259259259259
10 0.98125 0.86851851851852 0.036458333333333 0.075925925925926
10 0.946875 0.42037037037037 0.065625 0.077777777777778
10 0.203125 0.12546296296296 0.039583333333333 0.052777777777778
10 0.3609375 0.36990740740741 0.040625 0.049074074074074
10 0.53776041666667 0.070833333333333 0.047395833333333 0.058333333333333
10 0.066666666666667 0.11666666666667 0.084375 0.12222222222222
10 0.11770833333333 0.54583333333333 0.038541666666667 0.049074074074074
10 0.78645833333333 0.36990740740741 0.038541666666667 0.050925925925926
10 0.18854166666667 0.28564814814815 0.041666666666667 0.05462962962963
10 0.39609375 0.29861111111111 0.11197916666667 0.13611111111111
10 0.89765625 0.13425925925926 0.0359375 0.048148148148148
10 0.39479166666667 0.32824074074074 0.041666666666667 0.052777777777778
10 0.47578125 0.77083333333333 0.033854166666667 0.04537037037037
10 0.14557291666667 0.2037037037037 0.040104166666667 0.051851851851852
10 0.068229166666667 0.48518518518519 0.0375 0.05
10 0.68932291666667 0.45509259259259 0.0546875 0.084259259259259
10 0.017708333333333 0.44490740740741 0.034375 0.058333333333333
10 0.26536458333333 0.34027777777778 0.034895833333333 0.04537037037037
10 0.27838541666667 0.25277777777778 0.086979166666667 0.10925925925926
10 0.038541666666667 0.20416666666667 0.077083333333333 0.11388888888889
10 0.42994791666667 0.42314814814815 0.078645833333333 0.12037037037037
10 0.40651041666667 0.83611111111111 0.0640625 0.085185185185185
10 0.79973958333333 0.29675925925926 0.041145833333333 0.050925925925926
10 0.93359375 0.39814814814815 0.11822916666667 0.18148148148148
10 0.75052083333333 0.11388888888889 0.045833333333333 0.061111111111111
10 0.42135416666667 0.10046296296296 0.12291666666667 0.19351851851852
10 0.33020833333333 0.46527777777778 0.046875 0.050925925925926
10 0.65052083333333 0.89814814814815 0.13854166666667 0.18703703703704
10 0.13958333333333 0.71435185185185 0.040625 0.05462962962963
10 0.10651041666667 0.012037037037037 0.036979166666667 0.024074074074074
10 0.79713541666667 0.31574074074074 0.0984375 0.13888888888889
10 0.98723958333333 0.78240740740741 0.025520833333333 0.07962962962963
10 0.60598958333333 0.28055555555556 0.038020833333333 0.046296296296296
10 0.03984375 0.9587962962963 0.050520833333333 0.063888888888889
10 0.36145833333333 0.24768518518519 0.040625 0.052777777777778
10 0.50755208333333 0.26898148148148 0.0390625 0.049074074074074
10 0.36458333333333 0.47592592592593 0.04375 0.051851851851852
10 0.4140625 0.44351851851852 0.14270833333333 0.17037037037037
10 0.20833333333333 0.32731481481481 0.042708333333333 0.05462962962963
10 0.69791666666667 0.11296296296296 0.047916666666667 0.062962962962963
10 0.65364583333333 0.070833333333333 0.1375 0.13425925925926
10 0.057552083333333 0.21944444444444 0.11510416666667 0.17962962962963
10 0.24192708333333 0.27777777777778 0.0390625 0.046296296296296
10 0.63723958333333 0.65 0.0453125 0.057407407407407
10 0.61171875 0.3662037037037 0.071354166666667 0.093518518518519
10 0.378125 0.58240740740741 0.091666666666667 0.15740740740741
10 0.64348958333333 0.22314814814815 0.066145833333333 0.090740740740741
10 0.08125 0.96296296296296 0.039583333333333 0.051851851851852
10 0.15104166666667 0.4287037037037 0.085416666666667 0.11666666666667
10 0.84609375 0.75787037037037 0.036979166666667 0.050925925925926
10 0.71067708333333 0.45 0.10989583333333 0.1462962962963
10 0.54114583333333 0.28842592592593 0.042708333333333 0.056481481481481
10 0.34557291666667 0.31296296296296 0.040104166666667 0.055555555555556
10 0.15807291666667 0.82685185185185 0.038020833333333 0.046296296296296
10 0.24114583333333 0.87824074074074 0.075 0.10833333333333
10 0.078385416666667 0.11435185185185 0.043229166666667 0.062037037037037
10 0.069270833333333 0.097685185185185 0.05625 0.076851851851852
10 0.63411458333333 0.66574074074074 0.0640625 0.1
10 0.771875 0.45138888888889 0.0375 0.047222222222222
10 0.37838541666667 0.5587962962963 0.0578125 0.087962962962963
10 0.47213541666667 0.23518518518519 0.0421875 0.051851851851852
10 0.42994791666667 0.16157407407407 0.0421875 0.058333333333333
10 0.05625 0.80601851851852 0.0375 0.049074074074074
10 0.31119791666667 0.45046296296296 0.043229166666667 0.049074074074074
10 0.47447916666667 0.057407407407407 0.045833333333333 0.061111111111111
10 0.85703125 0.53333333333333 0.044270833333333 0.055555555555556
10 0.57526041666667 0.41435185185185 0.047395833333333 0.058333333333333
10 0.75833333333333 0.54074074074074 0.038541666666667 0.048148148148148
10 0.02578125 0.56527777777778 0.038020833333333 0.052777777777778
10 0.42265625 0.060185185185185 0.084895833333333 0.1037037037037
10 0.5546875 0.25277777777778 0.038541666666667 0.048148148148148
10 0.63932291666667 0.018518518518519 0.049479166666667 0.037037037037037
10 0.30833333333333 0.56990740740741 0.038541666666667 0.049074074074074
10 0.9890625 0.58333333333333 0.021875 0.072222222222222
10 0.23776041666667 0.71574074074074 0.0359375 0.044444444444444
10 0.59791666666667 0.37453703703704 0.11979166666667 0.17314814814815
10 0.61953125 0.85138888888889 0.0390625 0.056481481481481