10 0.51119791666667 0.71712962962963 0.0140625 0.019444444444444
10 0.5 0.83518518518519 0.016666666666667 0.022222222222222
10 0.60546875 0.64537037037037 0.0140625 0.02037037037037
10 0.44505208333333 0.81111111111111 0.015104166666667 0.018518518518519
10 0.69322916666667 0.6662037037037 0.022916666666667 0.032407407407407
10 0.61041666666667 0.74768518518519 0.023958333333333 0.032407407407407
10 0.89947916666667 0.74351851851852 0.019791666666667 0.02962962962963
10 0.57708333333333 0.59212962962963 0.020833333333333 0.026851851851852
10 0.55859375 0.65787037037037 0.016145833333333 0.026851851851852
10 0.47447916666667 0.8125 0.033333333333333 0.047222222222222
10 0.51666666666667 0.63981481481481 0.0125 0.014814814814815
10 0.50286458333333 0.64537037037037 0.011979166666667 0.014814814814815
10 0.81276041666667 0.64537037037037 0.019270833333333 0.025925925925926
10 0.9015625 0.79768518518519 0.019791666666667 0.032407407407407
10 0.44010416666667 0.88611111111111 0.026041666666667 0.035185185185185
10 0.46302083333333 0.72407407407407 0.0125 0.014814814814815
10 0.10052083333333 0.88009259259259 0.089583333333333 0.13981481481481
10 0.49427083333333 0.7962962962963 0.013541666666667 0.018518518518519
10 0.92578125 0.4662037037037 0.018229166666667 0.026851851851852
10 0.79166666666667 0.72546296296296 0.029166666666667 0.041666666666667
10 0.5234375 0.78935185185185 0.014583333333333 0.019444444444444
10 0.52786458333333 0.5712962962963 0.013020833333333 0.016666666666667
10 0.95520833333333 0.1837962962963 0.0125 0.019444444444444
10 0.5859375 0.17314814814815 0.020833333333333 0.031481481481481
10 0.60963541666667 0.82777777777778 0.018229166666667 0.025925925925926
10 0.50859375 0.61342592592593 0.0140625 0.017592592592593
10 0.72395833333333 0.80324074074074 0.017708333333333 0.025
10 0.721875 0.6625 0.021875 0.030555555555556
10 0.36692708333333 0.84490740740741 0.0140625 0.019444444444444
10 0.6765625 0.58240740740741 0.0125 0.016666666666667
10 0.640625 0.46342592592593 0.014583333333333 0.017592592592593
10 0.42682291666667 0.79166666666667 0.015104166666667 0.018518518518519
10 0.41484375 0.7537037037037 0.011979166666667 0.014814814814815
10 0.37317708333333 0.90648148148148 0.0140625 0.02037037037037
10 0.78046875 0.7837962962963 0.022395833333333 0.032407407407407
10 0.40234375 0.79907407407407 0.015104166666667 0.02037037037037
10 0.95546875 0.94444444444444 0.0453125 0.07037037037037
10 0.84609375 0.91481481481481 0.021354166666667 0.033333333333333
10 0.4875 0.72916666666667 0.014583333333333 0.017592592592593
10 0.33333333333333 0.96064814814815 0.023958333333333 0.034259259259259
10 0.51901041666667 0.81712962962963 0.0171875 0.023148148148148
10 0.60286458333333 0.54074074074074 0.0140625 0.018518518518519
10 0.27604166666667 0.78425925925926 0.030208333333333 0.038888888888889
10 0.85963541666667 0.63148148148148 0.022395833333333 0.031481481481481
10 0.42630208333333 0.77361111111111 0.019270833333333 0.023148148148148
10 0.94713541666667 0.55185185185185 0.0203125 0.027777777777778
10 0.72734375 0.47314814814815 0.0265625 0.035185185185185
10 0.56770833333333 0.71944444444444 0.015625 0.022222222222222
10 0.97161458333333 0.92546296296296 0.019270833333333 0.028703703703704
10 0.38958333333333 0.97361111111111 0.017708333333333 0.021296296296296
10 0.53385416666667 0.90138888888889 0.03125 0.047222222222222
10 0.56588541666667 0.54953703703704 0.0140625 0.017592592592593
10 0.67890625 0.61111111111111 0.0109375 0.016666666666667
10 0.32864583333333 0.98518518518519 0.014583333333333 0.018518518518519
10 0.43359375 0.7412037037037 0.0140625 0.017592592592593
10 0.346875 0.87824074074074 0.015625 0.021296296296296
10 0.54921875 0.76342592592593 0.013020833333333 0.017592592592593
10 0.46953125 0.76203703703704 0.018229166666667 0.024074074074074
10 0.55625 0.65046296296296 0.0125 0.017592592592593
10 0.55703125 0.63194444444444 0.011979166666667 0.017592592592593
10 0.671875 0.73703703703704 0.014583333333333 0.02037037037037
10 0.53463541666667 0.72453703703704 0.015104166666667 0.021296296296296
10 0.92083333333333 0.85324074074074 0.021875 0.032407407407407
10 0.37942708333333 0.93657407407407 0.013020833333333 0.017592592592593
10 0.48776041666667 0.69398148148148 0.022395833333333 0.030555555555556
10 0.57760416666667 0.37731481481481 0.023958333333333 0.034259259259259
10 0.54088541666667 0.63055555555556 0.0140625 0.016666666666667
10 0.43203125 0.9912037037037 0.015104166666667 0.013888888888889
10 0.56119791666667 0.67407407407407 0.0140625 0.02037037037037
10 0.41640625 0.98981481481481 0.022395833333333 0.02037037037037
10 0.46354166666667 0.38796296296296 0.023958333333333 0.033333333333333
10 0.9875 0.79722222222222 0.01875 0.02962962962963
10 0.56328125 0.9125 0.0171875 0.023148148148148
10 0.33151041666667 0.86805555555556 0.015104166666667 0.019444444444444
10 0.478125 0.66481481481481 0.013541666666667 0.016666666666667
10 0.89895833333333 0.93101851851852 0.025 0.036111111111111
10 0.32057291666667 0.92083333333333 0.013020833333333 0.017592592592593
10 0.69114583333333 0.7875 0.016666666666667 0.023148148148148