11 0.713671875 0.86875 0.11484375 0.14583333333333
11 0.75078125 0.08125 0.1171875 0.14027777777778
11 0.154296875 0.20972222222222 0.09609375 0.13333333333333
11 0.64296875 0.7375 0.090625 0.11666666666667
11 0.8515625 0.38611111111111 0.0734375 0.14722222222222
11 0.65703125 0.64583333333333 0.08125 0.10833333333333
11 0.86484375 0.65138888888889 0.0796875 0.088888888888889
11 0.5828125 0.27916666666667 0.06875 0.097222222222222
11 0.169921875 0.24236111111111 0.07109375 0.093055555555556
11 0.85703125 0.34375 0.065625 0.090277777777778
11 0.936328125 0.69791666666667 0.06328125 0.090277777777778
11 0.9375 0.19166666666667 0.0609375 0.091666666666667
11 0.4390625 0.95555555555556 0.06875 0.080555555555556
11 0.564453125 0.39930555555556 0.06328125 0.084722222222222
11 0.466015625 0.41527777777778 0.06328125 0.083333333333333
11 0.790234375 0.32847222222222 0.06015625 0.0875
11 0.938671875 0.13402777777778 0.06015625 0.084722222222222
11 0.101953125 0.37777777777778 0.06015625 0.083333333333333
11 0.7015625 0.46458333333333 0.0578125 0.081944444444444
11 0.637109375 0.60555555555556 0.05859375 0.080555555555556
11 0.234375 0.78472222222222 0.0640625 0.072222222222222
11 0.12890625 0.44236111111111 0.0578125 0.079166666666667
11 0.78828125 0.71736111111111 0.0578125 0.079166666666667
11 0.659765625 0.54027777777778 0.05859375 0.075
11 0.426171875 0.78263888888889 0.05703125 0.076388888888889
11 0.675390625 0.73402777777778 0.05859375 0.073611111111111
11 0.592578125 0.61041666666667 0.05859375 0.073611111111111
11 0.74921875 0.61875 0.053125 0.073611111111111
11 0.61484375 0.77083333333333 0.0546875 0.069444444444444
11 0.436328125 0.47083333333333 0.05078125 0.075
11 0.854296875 0.43611111111111 0.05390625 0.069444444444444
11 0.265234375 0.79652777777778 0.05234375 0.070833333333333
11 0.826171875 0.44236111111111 0.05234375 0.070833333333333
11 0.477734375 0.49513888888889 0.05390625 0.068055555555556
11 0.2375 0.20416666666667 0.0484375 0.075
11 0.29609375 0.31111111111111 0.05 0.072222222222222
11 0.287109375 0.57222222222222 0.05078125 0.069444444444444
11 0.505859375 0.32291666666667 0.04921875 0.070833333333333
11 0.9140625 0.41805555555556 0.05 0.069444444444444
11 0.71171875 0.28194444444444 0.05 0.069444444444444
11 0.952734375 0.73125 0.05078125 0.068055555555556
11 0.412109375 0.39583333333333 0.04921875 0.069444444444444
11 0.1484375 0.35277777777778 0.0484375 0.069444444444444
11 0.437890625 0.57430555555556 0.05078125 0.065277777777778
11 0.92578125 0.56180555555556 0.05 0.065277777777778
11 0.73125 0.43472222222222 0.0484375 0.066666666666667
11 0.7453125 0.67916666666667 0.0484375 0.066666666666667
11 0.70625 0.73194444444444 0.046875 0.066666666666667
11 0.88984375 0.65138888888889 0.0484375 0.066666666666667
11 0.297265625 0.03125 0.04921875 0.0625
11 0.53984375 0.61527777777778 0.0484375 0.063888888888889
11 0.721875 0.58680555555556 0.0453125 0.065277777777778
11 0.75703125 0.71666666666667 0.046875 0.063888888888889
11 0.5953125 0.52847222222222 0.046875 0.0625
11 0.365234375 0.60138888888889 0.04765625 0.061111111111111
11 0.2625 0.17013888888889 0.04375 0.065277777777778
11 0.980859375 0.67013888888889 0.03828125 0.076388888888889
11 0.205859375 0.18472222222222 0.04296875 0.066666666666667
11 0.4765625 0.54305555555556 0.0484375 0.058333333333333
11 0.8078125 0.65833333333333 0.04375 0.063888888888889
11 0.595703125 0.47152777777778 0.04453125 0.0625
11 0.661328125 0.49166666666667 0.04765625 0.058333333333333
11 0.758203125 0.91527777777778 0.04765625 0.058333333333333
11 0.6375 0.57222222222222 0.0453125 0.061111111111111
11 0.218359375 0.77777777777778 0.04453125 0.061111111111111
11 0.45234375 0.18472222222222 0.0453125 0.058333333333333
11 0.410546875 0.84236111111111 0.04453125 0.056944444444444
11 0.442578125 0.64930555555556 0.04296875 0.059722222222222
11 0.54375 0.97777777777778 0.059375 0.044444444444444
11 0.138671875 0.85347222222222 0.04453125 0.056944444444444
11 0.501953125 0.61666666666667 0.04296875 0.058333333333333
11 0.551171875 0.23263888888889 0.04609375 0.054166666666667
11 0.51796875 0.71597222222222 0.04375 0.056944444444444
11 0.182421875 0.36527777777778 0.04140625 0.058333333333333
11 0.15625 0.96458333333333 0.04375 0.056944444444444
11 0.393359375 0.59444444444444 0.04140625 0.058333333333333
11 0.340625 0.89652777777778 0.04375 0.054166666666667
11 0.0203125 0.68472222222222 0.0375 0.061111111111111
11 0.6390625 0.85208333333333 0.0421875 0.054166666666667
11 0.534375 0.50486111111111 0.040625 0.054166666666667
11 0.419140625 0.62916666666667 0.03984375 0.055555555555556
11 0.372265625 0.66319444444444 0.03984375 0.056944444444444
11 0.34921875 0.78472222222222 0.040625 0.052777777777778
11 0.0234375 0.82430555555556 0.0390625 0.054166666666667
11 0.625390625 0.020138888888889 0.05234375 0.040277777777778
11 0.112890625 0.58888888888889 0.03828125 0.052777777777778
11 0.105859375 0.84097222222222 0.03984375 0.051388888888889
11 0.98671875 0.49652777777778 0.0265625 0.073611111111111
11 0.54609375 0.86666666666667 0.0390625 0.05
11 0.60703125 0.88125 0.0375 0.048611111111111
11 0.528515625 0.98402777777778 0.04921875 0.034722222222222
11 0.591796875 0.82708333333333 0.03828125 0.045833333333333
11 0.50234375 0.74027777777778 0.0375 0.047222222222222
11 0.58828125 0.98125 0.040625 0.034722222222222
11 0.05625 0.87638888888889 0.0359375 0.044444444444444
11 0.108984375 0.87152777777778 0.03359375 0.040277777777778