10 0.644140625 0.28263888888889 0.03984375 0.065277777777778
10 0.48203125 0.22847222222222 0.046875 0.081944444444444
10 0.4953125 0.3875 0.034375 0.058333333333333
10 0.279296875 0.064583333333333 0.04453125 0.10416666666667
10 0.32265625 0.17569444444444 0.034375 0.0625
10 0.369140625 0.10347222222222 0.05859375 0.090277777777778
10 0.346484375 0.34652777777778 0.03203125 0.054166666666667
10 0.5265625 0.34583333333333 0.0515625 0.091666666666667
10 0.28046875 0.22638888888889 0.0328125 0.061111111111111
10 0.470703125 0.25694444444444 0.03984375 0.069444444444444
10 0.409375 0.9625 0.0421875 0.063888888888889
10 0.309375 0.15972222222222 0.0609375 0.086111111111111
10 0.564453125 0.175 0.04140625 0.072222222222222
10 0.44375 0.059027777777778 0.0484375 0.093055555555556
10 0.284765625 0.14166666666667 0.06484375 0.10833333333333
10 0.5171875 0.18263888888889 0.0375 0.065277777777778
10 0.237109375 0.025694444444444 0.03515625 0.051388888888889
10 0.465625 0.17083333333333 0.0359375 0.058333333333333
10 0.33359375 0.58611111111111 0.0390625 0.075
10 0.371875 0.45 0.03125 0.055555555555556
10 0.657421875 0.58680555555556 0.04140625 0.073611111111111
10 0.2390625 0.12916666666667 0.0375 0.077777777777778