11 0.73046875 0.65694444444444 0.0328125 0.041666666666667
11 0.760546875 0.65902777777778 0.03828125 0.045833333333333
11 0.824609375 0.45277777777778 0.03203125 0.044444444444444
11 0.810546875 0.575 0.03828125 0.052777777777778
11 0.68125 0.77430555555556 0.028125 0.0375
11 0.85 0.55555555555556 0.0375 0.047222222222222
11 0.681640625 0.63402777777778 0.03359375 0.040277777777778
11 0.777734375 0.56458333333333 0.03203125 0.040277777777778
11 0.846875 0.48402777777778 0.034375 0.045833333333333
11 0.6984375 0.65347222222222 0.0359375 0.043055555555556
11 0.854296875 0.44097222222222 0.03984375 0.056944444444444
11 0.6359375 0.26736111111111 0.034375 0.048611111111111
11 0.9140625 0.47638888888889 0.034375 0.041666666666667
11 0.370703125 0.35486111111111 0.28515625 0.52083333333333
11 0.816015625 0.4 0.03984375 0.052777777777778
11 0.72109375 0.60763888888889 0.053125 0.065277777777778
11 0.614453125 0.36180555555556 0.03359375 0.045833333333333
11 0.8046875 0.23680555555556 0.3015625 0.47361111111111