10 0.50078125 0.50046296296296 0.027604166666667 0.034259259259259
10 0.82630208333333 0.44166666666667 0.033854166666667 0.05
10 0.95729166666667 0.60046296296296 0.086458333333333 0.125
10 0.62213541666667 0.59583333333333 0.038020833333333 0.052777777777778
10 0.50651041666667 0.90324074074074 0.027604166666667 0.036111111111111
10 0.99088541666667 0.31018518518519 0.018229166666667 0.048148148148148
10 0.23984375 0.75648148148148 0.025520833333333 0.037037037037037
10 0.69270833333333 0.39907407407407 0.03125 0.044444444444444
10 0.8359375 0.35787037037037 0.027083333333333 0.039814814814815
10 0.5578125 0.42175925925926 0.030208333333333 0.04537037037037
10 0.6078125 0.64722222222222 0.027083333333333 0.037037037037037
10 0.37864583333333 0.83194444444444 0.026041666666667 0.034259259259259
10 0.28932291666667 0.96944444444444 0.0359375 0.05
10 0.68880208333333 0.17824074074074 0.0671875 0.10648148148148
10 0.74635416666667 0.31018518518519 0.027083333333333 0.037037037037037
10 0.32057291666667 0.40231481481481 0.0296875 0.039814814814815
10 0.34010416666667 0.50648148148148 0.052083333333333 0.072222222222222
10 0.61015625 0.54398148148148 0.027604166666667 0.037962962962963
10 0.93958333333333 0.58425925925926 0.04375 0.068518518518519
10 0.71614583333333 0.55277777777778 0.027083333333333 0.035185185185185
10 0.72421875 0.11342592592593 0.0296875 0.04537037037037
10 0.75703125 0.35046296296296 0.024479166666667 0.036111111111111
10 0.6421875 0.04537037037037 0.028125 0.040740740740741
10 0.75338541666667 0.10046296296296 0.027604166666667 0.041666666666667
10 0.44453125 0.78101851851852 0.0265625 0.034259259259259
10 0.5203125 0.48101851851852 0.027083333333333 0.032407407407407
10 0.59322916666667 0.51898148148148 0.034375 0.049074074074074
10 0.35911458333333 0.49074074074074 0.038020833333333 0.053703703703704
10 0.69661458333333 0.54814814814815 0.030729166666667 0.042592592592593
10 0.81015625 0.8337962962963 0.0578125 0.076851851851852
10 0.28385416666667 0.54444444444444 0.028125 0.040740740740741
10 0.98854166666667 0.12777777777778 0.020833333333333 0.048148148148148
10 0.87942708333333 0.44537037037037 0.036979166666667 0.05
10 0.48151041666667 0.74768518518519 0.027604166666667 0.034259259259259
10 0.58645833333333 0.82222222222222 0.096875 0.12407407407407
10 0.425 0.73657407407407 0.029166666666667 0.043518518518519
10 0.98411458333333 0.10277777777778 0.0296875 0.05
10 0.53359375 0.26712962962963 0.0296875 0.041666666666667
10 0.76197916666667 0.49166666666667 0.029166666666667 0.040740740740741
10 0.59166666666667 0.8875 0.03125 0.041666666666667
10 0.30989583333333 0.92361111111111 0.028125 0.036111111111111
10 0.83776041666667 0.43703703703704 0.0359375 0.046296296296296