10 0.39114583333333 0.26203703703704 0.038541666666667 0.048148148148148
10 0.43203125 0.34583333333333 0.063020833333333 0.087962962962963
10 0.063802083333333 0.39861111111111 0.034895833333333 0.049074074074074
10 0.421875 0.1962962962963 0.038541666666667 0.053703703703704
10 0.16067708333333 0.3787037037037 0.047395833333333 0.074074074074074
10 0.5234375 0.24814814814815 0.11041666666667 0.15185185185185
10 0.09375 0.90833333333333 0.044791666666667 0.055555555555556
10 0.23255208333333 0.77546296296296 0.0609375 0.071296296296296
10 0.71979166666667 0.19953703703704 0.039583333333333 0.047222222222222
10 0.628125 0.11990740740741 0.075 0.087962962962963
10 0.40416666666667 0.86111111111111 0.055208333333333 0.064814814814815
10 0.75208333333333 0.2712962962963 0.041666666666667 0.05
10 0.52473958333333 0.2662037037037 0.068229166666667 0.093518518518519
10 0.25963541666667 0.27453703703704 0.044270833333333 0.067592592592593
10 0.29609375 0.41203703703704 0.061979166666667 0.088888888888889
10 0.41145833333333 0.14444444444444 0.038541666666667 0.051851851851852
10 0.45052083333333 0.032407407407407 0.0375 0.05
10 0.40625 0.7412037037037 0.048958333333333 0.063888888888889
10 0.24088541666667 0.35046296296296 0.0390625 0.052777777777778
10 0.40598958333333 0.87037037037037 0.0765625 0.11296296296296
10 0.57864583333333 0.22685185185185 0.039583333333333 0.051851851851852
10 0.07578125 0.69907407407407 0.036979166666667 0.046296296296296
10 0.93671875 0.74490740740741 0.1109375 0.18425925925926
10 0.84270833333333 0.22962962962963 0.04375 0.05
10 0.7734375 0.52916666666667 0.175 0.18425925925926
10 0.3609375 0.20416666666667 0.036458333333333 0.050925925925926
10 0.19375 0.21990740740741 0.041666666666667 0.067592592592593
10 0.93359375 0.78148148148148 0.0453125 0.062962962962963
10 0.043229166666667 0.5537037037037 0.035416666666667 0.048148148148148
10 0.07734375 0.45833333333333 0.12135416666667 0.17407407407407
10 0.696875 0.068518518518519 0.077083333333333 0.090740740740741
10 0.35963541666667 0.34259259259259 0.0484375 0.07037037037037
10 0.67057291666667 0.3662037037037 0.10260416666667 0.12685185185185
10 0.10651041666667 0.13009259259259 0.1171875 0.2287037037037
10 0.10729166666667 0.033796296296296 0.036458333333333 0.058333333333333
10 0.14635416666667 0.69398148148148 0.041666666666667 0.056481481481481
10 0.39036458333333 0.92361111111111 0.040104166666667 0.050925925925926
10 0.33723958333333 0.12962962962963 0.0390625 0.055555555555556
10 0.19765625 0.049074074074074 0.040104166666667 0.062962962962963
10 0.38151041666667 0.026388888888889 0.080729166666667 0.052777777777778
10 0.58932291666667 0.57175925925926 0.065104166666667 0.080555555555556
10 0.61484375 0.83703703703704 0.13802083333333 0.1962962962963
10 0.36276041666667 0.4662037037037 0.0421875 0.049074074074074
10 0.070572916666667 0.91157407407407 0.11302083333333 0.14907407407407
10 0.22057291666667 0.28472222222222 0.038020833333333 0.05462962962963
10 0.2765625 0.53472222222222 0.036458333333333 0.049074074074074
10 0.84479166666667 0.13657407407407 0.045833333333333 0.049074074074074
10 0.13645833333333 0.47638888888889 0.035416666666667 0.049074074074074
10 0.29661458333333 0.17546296296296 0.1296875 0.18981481481481
10 0.87005208333333 0.3962962962963 0.11510416666667 0.1462962962963
10 0.93255208333333 0.77175925925926 0.058854166666667 0.11574074074074
10 0.16822916666667 0.72361111111111 0.14270833333333 0.18425925925926