10 0.78671875 0.28680555555556 0.4109375 0.57083333333333
10 0.6796875 0.45972222222222 0.0390625 0.058333333333333
10 0.849609375 0.53263888888889 0.03671875 0.048611111111111
10 0.4609375 0.32708333333333 0.3375 0.48194444444444
10 0.71328125 0.29722222222222 0.034375 0.05
10 0.88828125 0.66597222222222 0.0265625 0.043055555555556
10 0.68359375 0.34375 0.025 0.0375
10 0.893359375 0.71319444444444 0.02421875 0.0375
10 0.6734375 0.25625 0.025 0.0375
10 0.7015625 0.37083333333333 0.03125 0.044444444444444
10 0.755859375 0.4875 0.02421875 0.036111111111111
10 0.883203125 0.64097222222222 0.02109375 0.040277777777778
10 0.83046875 0.43055555555556 0.025 0.033333333333333
10 0.819140625 0.48541666666667 0.02265625 0.034722222222222
10 0.78125 0.48819444444444 0.021875 0.031944444444444
10 0.66640625 0.21388888888889 0.021875 0.030555555555556
10 0.808203125 0.41736111111111 0.02265625 0.029166666666667
10 0.8796875 0.79027777777778 0.0203125 0.030555555555556
10 0.752734375 0.43541666666667 0.02109375 0.029166666666667
10 0.691796875 0.45 0.02109375 0.030555555555556
10 0.8828125 0.61458333333333 0.0203125 0.029166666666667
10 0.67890625 0.56805555555556 0.0203125 0.027777777777778
10 0.73203125 0.41527777777778 0.0203125 0.027777777777778
10 0.38125 0.42847222222222 0.01875 0.029166666666667