10 0.11119791666667 0.24305555555556 0.12135416666667 0.16944444444444
10 0.49791666666667 0.93009259259259 0.091666666666667 0.1287037037037
10 0.38125 0.31851851851852 0.066666666666667 0.10185185185185
10 0.87864583333333 0.41342592592593 0.060416666666667 0.087962962962963
10 0.78828125 0.69074074074074 0.0515625 0.074074074074074
10 0.88229166666667 0.14953703703704 0.076041666666667 0.087962962962963
10 0.72005208333333 0.41851851851852 0.049479166666667 0.072222222222222
10 0.88828125 0.31111111111111 0.0453125 0.07037037037037
10 0.94375 0.74675925925926 0.041666666666667 0.058333333333333
10 0.76510416666667 0.67453703703704 0.038541666666667 0.056481481481481
10 0.79635416666667 0.775 0.038541666666667 0.059259259259259
10 0.48567708333333 0.44027777777778 0.036979166666667 0.058333333333333
10 0.96588541666667 0.9712962962963 0.0390625 0.051851851851852
10 0.60833333333333 0.19537037037037 0.035416666666667 0.055555555555556
10 0.86119791666667 0.76944444444444 0.033854166666667 0.053703703703704
10 0.84713541666667 0.88518518518519 0.0359375 0.05
10 0.98802083333333 0.69444444444444 0.022916666666667 0.053703703703704
10 0.98854166666667 0.83564814814815 0.021875 0.063888888888889