10 0.84609375 0.68425925925926 0.11927083333333 0.12037037037037
10 0.40963541666667 0.55462962962963 0.1015625 0.12962962962963
10 0.22265625 0.46111111111111 0.094270833333333 0.13333333333333
10 0.15052083333333 0.55185185185185 0.109375 0.11481481481481
10 0.56875 0.53564814814815 0.092708333333333 0.13425925925926
10 0.70963541666667 0.41851851851852 0.096354166666667 0.094444444444444
10 0.72578125 0.54074074074074 0.093229166666667 0.094444444444444
10 0.60859375 0.32407407407407 0.086979166666667 0.090740740740741
10 0.215625 0.44537037037037 0.0625 0.090740740740741
10 0.13776041666667 0.5375 0.074479166666667 0.075
10 0.39270833333333 0.063425925925926 0.064583333333333 0.082407407407407
10 0.59713541666667 0.20740740740741 0.066145833333333 0.07962962962963
10 0.3484375 0.12824074074074 0.058333333333333 0.082407407407407
10 0.39739583333333 0.53287037037037 0.060416666666667 0.075
10 0.2875 0.035648148148148 0.063541666666667 0.071296296296296
10 0.234375 0.10231481481481 0.054166666666667 0.071296296296296
10 0.54401041666667 0.10416666666667 0.055729166666667 0.065740740740741
10 0.64401041666667 0.58240740740741 0.053645833333333 0.064814814814815
10 0.58177083333333 0.060185185185185 0.053125 0.066666666666667
10 0.72734375 0.43564814814815 0.053645833333333 0.056481481481481
10 0.35182291666667 0.28888888888889 0.049479166666667 0.068518518518519
10 0.27552083333333 0.52314814814815 0.045833333333333 0.062962962962963
10 0.59661458333333 0.32546296296296 0.050520833333333 0.056481481481481
10 0.13697916666667 0.15185185185185 0.044791666666667 0.062962962962963
10 0.50520833333333 0.16990740740741 0.04375 0.060185185185185
10 0.51067708333333 0.15185185185185 0.041145833333333 0.057407407407407
10 0.12890625 0.53055555555556 0.044270833333333 0.055555555555556
10 0.8578125 0.66157407407407 0.044791666666667 0.050925925925926
10 0.38307291666667 0.16898148148148 0.041145833333333 0.052777777777778
10 0.5328125 0.32916666666667 0.039583333333333 0.049074074074074
10 0.69192708333333 0.40277777777778 0.043229166666667 0.048148148148148
10 0.35703125 0.1212962962963 0.038020833333333 0.051851851851852
10 0.16770833333333 0.23472222222222 0.035416666666667 0.05462962962963
10 0.40208333333333 0.2212962962963 0.038541666666667 0.05
10 0.07421875 0.19166666666667 0.036979166666667 0.051851851851852
10 0.49791666666667 0.047222222222222 0.035416666666667 0.05
10 0.22864583333333 0.044444444444444 0.035416666666667 0.053703703703704
10 0.60026041666667 0.17453703703704 0.036979166666667 0.050925925925926
10 0.73515625 0.31666666666667 0.036979166666667 0.046296296296296
10 0.63515625 0.32685185185185 0.038020833333333 0.044444444444444
10 0.65625 0.16435185185185 0.035416666666667 0.047222222222222
10 0.7953125 0.78148148148148 0.0375 0.044444444444444
10 0.65130208333333 0.44259259259259 0.036979166666667 0.044444444444444
10 0.09921875 0.32083333333333 0.0328125 0.050925925925926
10 0.63203125 0.29583333333333 0.0359375 0.04537037037037
10 0.63697916666667 0.73564814814815 0.038541666666667 0.041666666666667
10 0.42447916666667 0.13472222222222 0.034375 0.047222222222222
10 0.59166666666667 0.15138888888889 0.034375 0.04537037037037
10 0.19010416666667 0.16851851851852 0.033333333333333 0.046296296296296
10 0.35755208333333 0.073611111111111 0.033854166666667 0.047222222222222
10 0.2609375 0.2162037037037 0.032291666666667 0.049074074074074
10 0.7 0.23703703703704 0.034375 0.044444444444444
10 0.36692708333333 0.38425925925926 0.0328125 0.046296296296296
10 0.15286458333333 0.19305555555556 0.031770833333333 0.047222222222222
10 0.18125 0.6412037037037 0.034375 0.043518518518519
10 0.42265625 0.56342592592593 0.0359375 0.041666666666667
10 0.26640625 0.3412037037037 0.0328125 0.04537037037037
10 0.4671875 0.16481481481481 0.033333333333333 0.044444444444444
10 0.18151041666667 0.40231481481481 0.031770833333333 0.04537037037037
10 0.33776041666667 0.16712962962963 0.031770833333333 0.04537037037037
10 0.33984375 0.26712962962963 0.031770833333333 0.04537037037037
10 0.628125 0.2537037037037 0.034375 0.042592592592593
10 0.25104166666667 0.17777777777778 0.032291666666667 0.044444444444444
10 0.22239583333333 0.49953703703704 0.034375 0.041666666666667
10 0.67265625 0.19490740740741 0.0328125 0.043518518518519
10 0.80963541666667 0.67731481481481 0.0328125 0.041666666666667
10 0.40260416666667 0.017592592592593 0.0375 0.035185185185185
10 0.4921875 0.13240740740741 0.030208333333333 0.042592592592593
10 0.5203125 0.061111111111111 0.030208333333333 0.042592592592593
10 0.63411458333333 0.21342592592593 0.031770833333333 0.039814814814815
10 0.58203125 0.46203703703704 0.030729166666667 0.038888888888889
10 0.61927083333333 0.38935185185185 0.032291666666667 0.036111111111111
10 0.2734375 0.51712962962963 0.03125 0.036111111111111
10 0.61354166666667 0.42268518518519 0.030208333333333 0.036111111111111
10 0.57135416666667 0.36296296296296 0.026041666666667 0.031481481481481