6 0.2859375 0.1 0.040625 0.05
6 0.40859375 0.33472222222222 0.041145833333333 0.050925925925926
10 0.85 0.76435185185185 0.029166666666667 0.037962962962963
10 0.86770833333333 0.7337962962963 0.03125 0.041666666666667
6 0.52604166666667 0.027777777777778 0.027083333333333 0.02962962962963
10 0.74270833333333 0.38194444444444 0.029166666666667 0.036111111111111
10 0.53932291666667 0.39305555555556 0.0328125 0.037962962962963
6 0.40104166666667 0.029166666666667 0.035416666666667 0.041666666666667
6 0.3328125 0.053703703703704 0.036458333333333 0.044444444444444
10 0.27630208333333 0.46388888888889 0.038020833333333 0.051851851851852
10 0.15963541666667 0.73888888888889 0.0328125 0.040740740740741
10 0.22578125 0.56203703703704 0.10677083333333 0.13333333333333
10 0.10963541666667 0.38055555555556 0.036979166666667 0.048148148148148
6 0.62083333333333 0.17777777777778 0.032291666666667 0.038888888888889
6 0.62682291666667 0.19768518518519 0.0359375 0.047222222222222
6 0.64947916666667 0.032407407407407 0.033333333333333 0.042592592592593
6 0.63229166666667 0.21111111111111 0.032291666666667 0.038888888888889
6 0.60625 0.046759259259259 0.030208333333333 0.036111111111111
10 0.61041666666667 0.43240740740741 0.026041666666667 0.033333333333333
6 0.36640625 0.22777777777778 0.056770833333333 0.072222222222222
10 0.29375 0.29814814814815 0.032291666666667 0.046296296296296
6 0.57760416666667 0.13611111111111 0.033333333333333 0.042592592592593
10 0.58020833333333 0.6037037037037 0.075 0.14074074074074
10 0.1421875 0.044907407407407 0.05 0.080555555555556
6 0.57734375 0.025 0.038020833333333 0.042592592592593
6 0.30104166666667 0.15092592592593 0.038541666666667 0.048148148148148
6 0.23307291666667 0.19953703703704 0.036979166666667 0.04537037037037
6 0.66822916666667 0.29537037037037 0.03125 0.040740740740741
6 0.38151041666667 0.15185185185185 0.063020833333333 0.081481481481481
10 0.64609375 0.25787037037037 0.0734375 0.069444444444444
6 0.26901041666667 0.011111111111111 0.0390625 0.022222222222222
6 0.47369791666667 0.024537037037037 0.044270833333333 0.047222222222222
10 0.42630208333333 0.64953703703704 0.059895833333333 0.09537037037037
10 0.65416666666667 0.83796296296296 0.041666666666667 0.062962962962963
10 0.65546875 0.49537037037037 0.0265625 0.033333333333333
6 0.52786458333333 0.11944444444444 0.0421875 0.051851851851852
6 0.21640625 0.24861111111111 0.034895833333333 0.043518518518519
10 0.69296875 0.51574074074074 0.0296875 0.037037037037037
6 0.24114583333333 0.16574074074074 0.042708333333333 0.062962962962963
6 0.56901041666667 0.17916666666667 0.038020833333333 0.04537037037037
6 0.3671875 0.0097222222222222 0.034375 0.019444444444444
6 0.30078125 0.069444444444444 0.0390625 0.05
6 0.15755208333333 0.24490740740741 0.028645833333333 0.037962962962963
6 0.70833333333333 0.25833333333333 0.03125 0.037037037037037
6 0.42369791666667 0.12407407407407 0.0296875 0.035185185185185
10 0.15 0.64907407407407 0.05625 0.092592592592593
6 0.27552083333333 0.26018518518519 0.035416666666667 0.042592592592593
6 0.49036458333333 0.23518518518519 0.034895833333333 0.042592592592593
6 0.095572916666667 0.27685185185185 0.034895833333333 0.042592592592593
10 0.64375 0.42592592592593 0.10416666666667 0.16111111111111
6 0.41041666666667 0.061574074074074 0.035416666666667 0.04537037037037
6 0.44791666666667 0.21666666666667 0.036458333333333 0.040740740740741
10 0.67838541666667 0.64074074074074 0.049479166666667 0.074074074074074
6 0.52526041666667 0.20648148148148 0.0390625 0.055555555555556
10 0.83359375 0.9162037037037 0.0265625 0.036111111111111
10 0.77786458333333 0.6037037037037 0.028645833333333 0.033333333333333
6 0.33619791666667 0.3125 0.047395833333333 0.062037037037037
10 0.18567708333333 0.48148148148148 0.0453125 0.051851851851852
6 0.60833333333333 0.089814814814815 0.029166666666667 0.035185185185185
6 0.35833333333333 0.36944444444444 0.034375 0.042592592592593
10 0.58151041666667 0.60787037037037 0.12239583333333 0.16944444444444
10 0.2234375 0.5587962962963 0.115625 0.14722222222222
10 0.86770833333333 0.7662037037037 0.11145833333333 0.13240740740741
10 0.70390625 0.63657407407407 0.13072916666667 0.10277777777778
10 0.13385416666667 0.63657407407407 0.10416666666667 0.11388888888889
10 0.36536458333333 0.41064814814815 0.093229166666667 0.1287037037037
10 0.64192708333333 0.39074074074074 0.091145833333333 0.10555555555556
10 0.42604166666667 0.65 0.0875 0.11666666666667
10 0.64583333333333 0.25277777777778 0.094791666666667 0.085185185185185
10 0.365625 0.22407407407407 0.065625 0.096296296296296
10 0.51979166666667 0.21435185185185 0.069791666666667 0.087962962962963
10 0.38489583333333 0.15416666666667 0.058333333333333 0.09537037037037
10 0.68125 0.63518518518519 0.075 0.072222222222222
10 0.14348958333333 0.044444444444444 0.055729166666667 0.088888888888889
10 0.36276041666667 0.38564814814815 0.050520833333333 0.080555555555556
10 0.23854166666667 0.18009259259259 0.053125 0.091666666666667
10 0.14895833333333 0.64675925925926 0.058333333333333 0.067592592592593
10 0.52604166666667 0.12314814814815 0.054166666666667 0.066666666666667
10 0.63385416666667 0.25462962962963 0.057291666666667 0.062962962962963
10 0.70520833333333 0.2162037037037 0.053125 0.062037037037037
10 0.57630208333333 0.12824074074074 0.0484375 0.063888888888889
10 0.37473958333333 0.40092592592593 0.044270833333333 0.064814814814815
10 0.4328125 0.66203703703704 0.046875 0.059259259259259
10 0.33645833333333 0.31157407407407 0.041666666666667 0.060185185185185
10 0.62786458333333 0.19490740740741 0.0390625 0.069444444444444
10 0.40885416666667 0.33472222222222 0.038541666666667 0.058333333333333
10 0.54010416666667 0.39490740740741 0.039583333333333 0.05462962962963
10 0.15911458333333 0.29166666666667 0.038020833333333 0.062962962962963
10 0.29348958333333 0.29907407407407 0.038020833333333 0.057407407407407
10 0.10911458333333 0.38055555555556 0.036979166666667 0.055555555555556
10 0.475 0.024537037037037 0.041666666666667 0.049074074074074
10 0.57682291666667 0.025925925925926 0.0390625 0.051851851851852
10 0.76692708333333 0.50972222222222 0.0421875 0.047222222222222
10 0.33177083333333 0.053240740740741 0.036458333333333 0.05462962962963
10 0.65364583333333 0.83055555555556 0.042708333333333 0.046296296296296
10 0.5671875 0.18009259259259 0.041666666666667 0.047222222222222
10 0.28697916666667 0.098148148148148 0.035416666666667 0.053703703703704
10 0.77708333333333 0.60648148148148 0.040625 0.046296296296296
10 0.234375 0.19675925925926 0.035416666666667 0.052777777777778
10 0.86822916666667 0.7337962962963 0.038541666666667 0.047222222222222
10 0.44661458333333 0.21759259259259 0.0359375 0.05
10 0.72682291666667 0.45694444444444 0.041145833333333 0.043518518518519
10 0.18802083333333 0.33055555555556 0.034375 0.051851851851852
10 0.66432291666667 0.25416666666667 0.0390625 0.04537037037037
10 0.23854166666667 0.16064814814815 0.033333333333333 0.052777777777778
10 0.095052083333333 0.27777777777778 0.033854166666667 0.051851851851852
10 0.83333333333333 0.9162037037037 0.035416666666667 0.049074074074074
10 0.29973958333333 0.15138888888889 0.033854166666667 0.050925925925926
10 0.85104166666667 0.76435185185185 0.039583333333333 0.043518518518519
10 0.60729166666667 0.089351851851852 0.036458333333333 0.047222222222222
10 0.21640625 0.24953703703704 0.0328125 0.050925925925926
10 0.40130208333333 0.02962962962963 0.034895833333333 0.048148148148148
10 0.62161458333333 0.17777777777778 0.036979166666667 0.044444444444444
10 0.16015625 0.73981481481481 0.036979166666667 0.044444444444444
10 0.359375 0.36944444444444 0.035416666666667 0.046296296296296
10 0.66848958333333 0.2962962962963 0.040104166666667 0.040740740740741
10 0.64973958333333 0.032407407407407 0.034895833333333 0.046296296296296
10 0.69296875 0.5162037037037 0.036979166666667 0.043518518518519
10 0.18932291666667 0.47731481481481 0.0328125 0.049074074074074
10 0.70755208333333 0.25833333333333 0.0390625 0.040740740740741
10 0.6328125 0.21157407407407 0.036458333333333 0.043518518518519
10 0.49166666666667 0.23472222222222 0.034375 0.04537037037037
10 0.41015625 0.2337962962963 0.033854166666667 0.04537037037037
10 0.30182291666667 0.064351851851852 0.031770833333333 0.047222222222222
10 0.278125 0.46018518518519 0.032291666666667 0.046296296296296
10 0.3625 0.44814814814815 0.033333333333333 0.044444444444444
10 0.41041666666667 0.060648148148148 0.032291666666667 0.04537037037037
10 0.74348958333333 0.38240740740741 0.0359375 0.040740740740741
10 0.15729166666667 0.2462962962963 0.030208333333333 0.046296296296296
10 0.60651041666667 0.046759259259259 0.031770833333333 0.043518518518519
10 0.54453125 0.17314814814815 0.034895833333333 0.038888888888889
10 0.61041666666667 0.43194444444444 0.032291666666667 0.039814814814815
10 0.52421875 0.029166666666667 0.030729166666667 0.039814814814815
10 0.65572916666667 0.49537037037037 0.034375 0.035185185185185
10 0.27604166666667 0.25972222222222 0.028125 0.041666666666667
10 0.11744791666667 0.59074074074074 0.0296875 0.038888888888889
10 0.73177083333333 0.30509259259259 0.033333333333333 0.032407407407407
10 0.42395833333333 0.12453703703704 0.027083333333333 0.037962962962963
10 0.26875 0.60138888888889 0.028125 0.036111111111111
10 0.41171875 0.012962962962963 0.0328125 0.025925925925926
10 0.26979166666667 0.011574074074074 0.033333333333333 0.023148148148148
10 0.36692708333333 0.010648148148148 0.030729166666667 0.021296296296296