11 0.834765625 0.10277777777778 0.10703125 0.16944444444444
11 0.965625 0.8 0.06875 0.15833333333333
11 0.6140625 0.82430555555556 0.078125 0.10972222222222
11 0.044140625 0.78402777777778 0.08828125 0.14305555555556
11 0.691796875 0.53125 0.16171875 0.25416666666667
11 0.945703125 0.63541666666667 0.08359375 0.12361111111111
11 0.826953125 0.27986111111111 0.21640625 0.31527777777778
11 0.946875 0.3125 0.10625 0.19444444444444
11 0.7796875 0.55138888888889 0.084375 0.125
11 0.430078125 0.072222222222222 0.16171875 0.14444444444444
11 0.428515625 0.27847222222222 0.24765625 0.28472222222222
11 0.88515625 0.10763888888889 0.2171875 0.21527777777778
11 0.377734375 0.17847222222222 0.11015625 0.1625
11 0.30625 0.77222222222222 0.0734375 0.1
11 0.712109375 0.70694444444444 0.07578125 0.10555555555556
11 0.721875 0.28333333333333 0.125 0.19166666666667
11 0.587890625 0.43958333333333 0.12578125 0.17361111111111
11 0.15703125 0.94722222222222 0.1671875 0.10555555555556
11 0.846484375 0.84375 0.17109375 0.24583333333333
11 0.03984375 0.88888888888889 0.0796875 0.21111111111111
11 0.597265625 0.28680555555556 0.08828125 0.12361111111111
11 0.56875 0.67083333333333 0.1421875 0.19444444444444
11 0.0984375 0.33194444444444 0.13125 0.21388888888889
11 0.18046875 0.73402777777778 0.0671875 0.084722222222222
11 0.805078125 0.76180555555556 0.10078125 0.14305555555556
11 0.4625 0.97986111111111 0.0671875 0.040277777777778
11 0.58828125 0.14097222222222 0.1046875 0.15138888888889
11 0.02890625 0.24583333333333 0.0578125 0.16111111111111
11 0.795703125 0.88055555555556 0.06484375 0.094444444444444