10 0.789453125 0.53680555555556 0.04765625 0.0625
10 0.62578125 0.32986111111111 0.0328125 0.048611111111111
10 0.6453125 0.46666666666667 0.0328125 0.041666666666667
10 0.699609375 0.72916666666667 0.03515625 0.047222222222222
10 0.907421875 0.43263888888889 0.02578125 0.034722222222222
10 0.802734375 0.22708333333333 0.30390625 0.45416666666667
10 0.778515625 0.50416666666667 0.02734375 0.033333333333333
10 0.833984375 0.47638888888889 0.03046875 0.041666666666667
10 0.29609375 0.14097222222222 0.0375 0.048611111111111
10 0.692578125 0.50833333333333 0.03203125 0.041666666666667
10 0.83359375 0.43125 0.0421875 0.054166666666667
10 0.8546875 0.45555555555556 0.0328125 0.038888888888889
10 0.822265625 0.51597222222222 0.04453125 0.056944444444444
10 0.653125 0.5 0.0328125 0.041666666666667
10 0.387109375 0.34097222222222 0.29296875 0.53194444444444
10 0.82578125 0.55763888888889 0.0390625 0.045833333333333
10 0.864453125 0.51875 0.03359375 0.045833333333333
10 0.864453125 0.48611111111111 0.04609375 0.058333333333333