10 0.780859375 0.73472222222222 0.05546875 0.069444444444444
10 0.65078125 0.59444444444444 0.05 0.061111111111111
10 0.78828125 0.46319444444444 0.0421875 0.056944444444444
10 0.565625 0.65625 0.0390625 0.048611111111111
10 0.51484375 0.73888888888889 0.0578125 0.05
10 0.72578125 0.70972222222222 0.0390625 0.05
10 0.63203125 0.91111111111111 0.05625 0.069444444444444
10 0.709375 0.90694444444444 0.0921875 0.12777777777778
10 0.687890625 0.97569444444444 0.03671875 0.043055555555556
10 0.83125 0.86388888888889 0.0375 0.055555555555556
10 0.614453125 0.52222222222222 0.03203125 0.044444444444444
10 0.7625 0.75277777777778 0.0421875 0.055555555555556
10 0.78359375 0.56666666666667 0.034375 0.044444444444444
10 0.64296875 0.72222222222222 0.0421875 0.041666666666667
10 0.631640625 0.72708333333333 0.03359375 0.043055555555556
10 0.61796875 0.6125 0.0328125 0.044444444444444
10 0.5 0.74583333333333 0.0359375 0.044444444444444
10 0.624609375 0.75833333333333 0.04609375 0.058333333333333
10 0.501953125 0.86736111111111 0.04453125 0.056944444444444
10 0.5296875 0.73125 0.034375 0.043055555555556
10 0.6359375 0.65833333333333 0.0359375 0.05
10 0.65859375 0.71666666666667 0.0328125 0.041666666666667
10 0.69921875 0.67708333333333 0.0359375 0.048611111111111
10 0.69609375 0.77916666666667 0.05 0.061111111111111
10 0.63671875 0.79861111111111 0.040625 0.05
10 0.760546875 0.80416666666667 0.03984375 0.052777777777778
10 0.659375 0.67430555555556 0.0359375 0.048611111111111