10 0.54114583333333 0.54490740740741 0.051041666666667 0.063888888888889
10 0.27526041666667 0.5 0.050520833333333 0.074074074074074
10 0.26380208333333 0.57361111111111 0.040104166666667 0.063888888888889
10 0.17578125 0.21018518518519 0.043229166666667 0.055555555555556
10 0.025260416666667 0.2662037037037 0.041145833333333 0.052777777777778
10 0.25911458333333 0.23935185185185 0.040104166666667 0.052777777777778
10 0.23359375 0.37777777777778 0.0390625 0.057407407407407
10 0.53359375 0.39722222222222 0.050520833333333 0.059259259259259
10 0.33932291666667 0.19675925925926 0.0390625 0.052777777777778
10 0.64088541666667 0.5912037037037 0.040104166666667 0.050925925925926
10 0.84609375 0.80925925925926 0.038020833333333 0.053703703703704
10 0.096875 0.23148148148148 0.038541666666667 0.05
10 0.39583333333333 0.24722222222222 0.034375 0.051851851851852
10 0.0890625 0.27361111111111 0.038541666666667 0.043518518518519
10 0.16666666666667 0.29537037037037 0.034375 0.048148148148148
10 0.10703125 0.30787037037037 0.033854166666667 0.04537037037037
10 0.27578125 0.26712962962963 0.034895833333333 0.04537037037037
10 0.89401041666667 0.61296296296296 0.031770833333333 0.044444444444444
10 0.4109375 0.37361111111111 0.032291666666667 0.047222222222222
10 0.090364583333333 0.51851851851852 0.031770833333333 0.044444444444444
10 0.15130208333333 0.44953703703704 0.0328125 0.041666666666667
10 0.05078125 0.325 0.030729166666667 0.044444444444444
10 0.43177083333333 0.40231481481481 0.03125 0.043518518518519
10 0.52083333333333 0.4962962962963 0.033333333333333 0.040740740740741
10 0.22838541666667 0.45601851851852 0.031770833333333 0.041666666666667
10 0.49166666666667 0.39722222222222 0.030208333333333 0.042592592592593
10 0.3625 0.17268518518519 0.027083333333333 0.047222222222222
10 0.55026041666667 0.4787037037037 0.027604166666667 0.046296296296296
10 0.28932291666667 0.41111111111111 0.031770833333333 0.038888888888889
10 0.1046875 0.45046296296296 0.03125 0.039814814814815
10 0.3875 0.21296296296296 0.025 0.048148148148148
10 0.75677083333333 0.59166666666667 0.030208333333333 0.040740740740741
10 0.47135416666667 0.58333333333333 0.028125 0.042592592592593
10 0.59348958333333 0.58888888888889 0.030729166666667 0.038888888888889
10 0.15807291666667 0.39074074074074 0.030729166666667 0.038888888888889
10 0.28645833333333 0.65555555555556 0.029166666666667 0.040740740740741
10 0.020833333333333 0.32222222222222 0.029166666666667 0.040740740740741
10 0.56901041666667 0.51898148148148 0.0296875 0.039814814814815
10 0.19869791666667 0.29675925925926 0.0296875 0.039814814814815
10 0.28671875 0.35555555555556 0.028645833333333 0.040740740740741
10 0.20104166666667 0.42638888888889 0.028125 0.041666666666667
10 0.48619791666667 0.43935185185185 0.0296875 0.039814814814815
10 0.67760416666667 0.50787037037037 0.029166666666667 0.039814814814815
10 0.52526041666667 0.39305555555556 0.028645833333333 0.039814814814815
10 0.65130208333333 0.7087962962963 0.027604166666667 0.039814814814815
10 0.77213541666667 0.65601851851852 0.028645833333333 0.037962962962963
10 0.63880208333333 0.41342592592593 0.028645833333333 0.037962962962963
10 0.49114583333333 0.13194444444444 0.028125 0.037962962962963
10 0.38151041666667 0.54537037037037 0.0265625 0.037037037037037
10 0.38151041666667 0.39675925925926 0.027604166666667 0.037962962962963
10 0.3765625 0.10925925925926 0.026041666666667 0.037037037037037
10 0.36302083333333 0.2712962962963 0.027083333333333 0.035185185185185
10 0.27109375 0.37731481481481 0.027604166666667 0.034259259259259
10 0.26536458333333 0.34074074074074 0.0265625 0.035185185185185
10 0.32395833333333 0.36666666666667 0.025 0.037037037037037
10 0.43385416666667 0.34537037037037 0.026041666666667 0.035185185185185
10 0.29479166666667 0.28425925925926 0.026041666666667 0.035185185185185
10 0.23177083333333 0.36435185185185 0.025 0.036111111111111
10 0.18854166666667 0.37777777777778 0.025 0.035185185185185
10 0.47317708333333 0.38518518518519 0.025520833333333 0.035185185185185
10 0.20078125 0.20046296296296 0.025520833333333 0.034259259259259
10 0.32916666666667 0.27546296296296 0.026041666666667 0.032407407407407
10 0.21328125 0.22453703703704 0.024479166666667 0.034259259259259
10 0.33541666666667 0.43703703703704 0.025 0.033333333333333
10 0.375 0.36712962962963 0.023958333333333 0.034259259259259
10 0.42552083333333 0.31898148148148 0.025 0.032407407407407
10 0.26640625 0.3162037037037 0.024479166666667 0.032407407407407
10 0.24505208333333 0.3037037037037 0.0234375 0.031481481481481
10 0.56380208333333 0.36574074074074 0.0234375 0.031481481481481
10 0.35234375 0.3337962962963 0.022395833333333 0.032407407407407
10 0.61276041666667 0.55046296296296 0.021354166666667 0.030555555555556
10 0.51588541666667 0.45138888888889 0.022395833333333 0.028703703703704
10 0.64583333333333 0.56712962962963 0.019791666666667 0.028703703703704
10 0.33463541666667 0.2412037037037 0.0203125 0.026851851851852