10 0.7171875 0.39097222222222 0.51875 0.6875
10 0.536328125 0.48680555555556 0.27890625 0.43472222222222
10 0.86015625 0.30763888888889 0.209375 0.21805555555556
10 0.774609375 0.061111111111111 0.02421875 0.055555555555556
10 0.648046875 0.45486111111111 0.03359375 0.043055555555556
10 0.76953125 0.075 0.0265625 0.038888888888889
10 0.981640625 0.66388888888889 0.02578125 0.038888888888889
10 0.708984375 0.054861111111111 0.02421875 0.0375
10 0.671484375 0.076388888888889 0.02421875 0.036111111111111
10 0.782421875 0.0375 0.02265625 0.033333333333333
10 0.80703125 0.75972222222222 0.0234375 0.030555555555556
10 0.81796875 0.68194444444444 0.0203125 0.027777777777778
10 0.734375 0.57222222222222 0.0203125 0.027777777777778
10 0.729296875 0.59444444444444 0.01953125 0.027777777777778