10 0.07734375 0.58148148148148 0.0953125 0.094444444444444
10 0.67135416666667 0.33101851851852 0.054166666666667 0.075
10 0.84973958333333 0.47314814814815 0.049479166666667 0.066666666666667
10 0.40130208333333 0.27731481481481 0.041145833333333 0.052777777777778
10 0.01796875 0.53333333333333 0.0359375 0.061111111111111
10 0.018489583333333 0.1912037037037 0.036979166666667 0.097222222222222
10 0.6703125 0.081944444444444 0.103125 0.14166666666667
10 0.12369791666667 0.051851851851852 0.050520833333333 0.072222222222222
10 0.72057291666667 0.34675925925926 0.084895833333333 0.11759259259259
10 0.596875 0.17592592592593 0.075 0.10740740740741
10 0.2890625 0.34305555555556 0.047916666666667 0.067592592592593
10 0.86614583333333 0.19907407407407 0.12291666666667 0.18888888888889
10 0.16770833333333 0.40648148148148 0.036458333333333 0.046296296296296
10 0.78854166666667 0.040740740740741 0.079166666666667 0.081481481481481
10 0.89583333333333 0.079166666666667 0.055208333333333 0.076851851851852
10 0.40755208333333 0.11527777777778 0.0578125 0.075
10 0.14713541666667 0.013888888888889 0.046354166666667 0.027777777777778
10 0.96953125 0.16388888888889 0.0515625 0.074074074074074
10 0.86692708333333 0.13981481481481 0.0671875 0.087037037037037
10 0.067708333333333 0.31527777777778 0.0875 0.10462962962963
10 0.19921875 0.32916666666667 0.093229166666667 0.1287037037037
10 0.684375 0.74583333333333 0.044791666666667 0.060185185185185
10 0.35989583333333 0.45231481481481 0.070833333333333 0.099074074074074
10 0.76796875 0.27175925925926 0.0796875 0.099074074074074
10 0.45234375 0.05462962962963 0.1359375 0.10740740740741
10 0.48177083333333 0.94861111111111 0.14375 0.10277777777778
10 0.43515625 0.4537037037037 0.061979166666667 0.083333333333333
10 0.75338541666667 0.93009259259259 0.11822916666667 0.13796296296296
10 0.062760416666667 0.043518518518519 0.068229166666667 0.085185185185185
10 0.41432291666667 0.043055555555556 0.0953125 0.086111111111111
10 0.96276041666667 0.52638888888889 0.0484375 0.071296296296296
10 0.94114583333333 0.67638888888889 0.042708333333333 0.060185185185185
10 0.61276041666667 0.19814814814815 0.053645833333333 0.072222222222222
10 0.7265625 0.16157407407407 0.053125 0.069444444444444
10 0.76328125 0.22083333333333 0.049479166666667 0.058333333333333
10 0.046875 0.48101851851852 0.042708333333333 0.05462962962963
10 0.60677083333333 0.43194444444444 0.051041666666667 0.065740740740741
10 0.86354166666667 0.9375 0.0375 0.052777777777778
10 0.74765625 0.4287037037037 0.058854166666667 0.072222222222222
10 0.290625 0.38101851851852 0.057291666666667 0.084259259259259
10 0.215625 0.22685185185185 0.075 0.098148148148148
10 0.3203125 0.64490740740741 0.051041666666667 0.067592592592593
10 0.22447916666667 0.026851851851852 0.064583333333333 0.053703703703704
10 0.34296875 0.17592592592593 0.0453125 0.062962962962963
10 0.28255208333333 0.1712962962963 0.056770833333333 0.077777777777778
10 0.48541666666667 0.071296296296296 0.0875 0.12037037037037
10 0.50182291666667 0.09537037037037 0.0546875 0.074074074074074
10 0.78125 0.42037037037037 0.054166666666667 0.066666666666667
10 0.31302083333333 0.04212962962963 0.065625 0.082407407407407
10 0.52083333333333 0.15787037037037 0.047916666666667 0.060185185185185
10 0.56041666666667 0.34074074074074 0.052083333333333 0.064814814814815
10 0.53619791666667 0.25046296296296 0.0859375 0.11388888888889
10 0.51692708333333 0.28194444444444 0.059895833333333 0.069444444444444
10 0.57265625 0.58148148148148 0.0671875 0.090740740740741