11 0.595703125 0.51597222222222 0.02421875 0.031944444444444
11 0.604296875 0.65555555555556 0.02890625 0.036111111111111
11 0.55703125 0.46666666666667 0.028125 0.038888888888889
11 0.68515625 0.86319444444444 0.0359375 0.048611111111111
11 0.62265625 0.37916666666667 0.025 0.033333333333333
11 0.53125 0.575 0.028125 0.036111111111111
11 0.56796875 0.55625 0.0328125 0.043055555555556
11 0.541796875 0.49930555555556 0.02578125 0.031944444444444
11 0.540625 0.36458333333333 0.025 0.031944444444444
11 0.602734375 0.68333333333333 0.02421875 0.027777777777778
11 0.532421875 0.60833333333333 0.02421875 0.030555555555556
11 0.55703125 0.32569444444444 0.0265625 0.031944444444444
11 0.659765625 0.75416666666667 0.02734375 0.036111111111111
11 0.64375 0.86458333333333 0.028125 0.0375
11 0.54375 0.62986111111111 0.025 0.031944444444444
11 0.60546875 0.7 0.0265625 0.030555555555556
11 0.586328125 0.69652777777778 0.02578125 0.031944444444444
11 0.591015625 0.61736111111111 0.03515625 0.048611111111111
11 0.573046875 0.67222222222222 0.02890625 0.036111111111111
11 0.5484375 0.43194444444444 0.025 0.030555555555556
11 0.616015625 0.70416666666667 0.02265625 0.027777777777778
11 0.55546875 0.55208333333333 0.0421875 0.0375
11 0.546875 0.65902777777778 0.0296875 0.0375
11 0.655078125 0.82847222222222 0.04140625 0.051388888888889
11 0.5953125 0.91319444444444 0.028125 0.0375
11 0.6171875 0.43888888888889 0.028125 0.036111111111111
11 0.54375 0.55 0.025 0.033333333333333