11 0.78411458333333 0.75416666666667 0.075520833333333 0.091666666666667
11 0.428125 0.38518518518519 0.065625 0.10925925925926
11 0.2265625 0.35972222222222 0.072916666666667 0.093518518518519
11 0.53098958333333 0.37731481481481 0.050520833333333 0.093518518518519
11 0.53984375 0.46157407407407 0.047395833333333 0.069444444444444
11 0.38229166666667 0.19074074074074 0.04375 0.059259259259259
10 0.471875 0.067592592592593 0.054166666666667 0.07037037037037
11 0.37395833333333 0.60462962962963 0.045833333333333 0.07037037037037
10 0.89270833333333 0.49305555555556 0.046875 0.05462962962963
11 0.30234375 0.1462962962963 0.0421875 0.059259259259259
10 0.073958333333333 0.51574074074074 0.042708333333333 0.055555555555556
11 0.28958333333333 0.5537037037037 0.041666666666667 0.053703703703704
10 0.28802083333333 0.024537037037037 0.04375 0.049074074074074
11 0.38255208333333 0.51111111111111 0.0390625 0.053703703703704
11 0.40234375 0.55185185185185 0.030729166666667 0.042592592592593