33 0.96328125 0.24861111111111 0.068229166666667 0.11203703703704
19 0.55364583333333 0.61018518518519 0.017708333333333 0.02037037037037
19 0.27057291666667 0.31203703703704 0.036979166666667 0.040740740740741
19 0.43046875 0.72037037037037 0.021354166666667 0.018518518518519
14 0.26614583333333 0.96388888888889 0.025 0.033333333333333
19 0.53958333333333 0.67546296296296 0.025 0.026851851851852
19 0.453125 0.26990740740741 0.03125 0.032407407407407
19 0.47317708333333 0.65509259259259 0.021354166666667 0.023148148148148
19 0.43333333333333 0.77731481481481 0.020833333333333 0.019444444444444
19 0.4515625 0.31666666666667 0.01875 0.024074074074074
36 0.16822916666667 0.78472222222222 0.33645833333333 0.43055555555556
19 0.50338541666667 0.5912037037037 0.0265625 0.026851851851852
19 0.58072916666667 0.70046296296296 0.01875 0.019444444444444
19 0.48229166666667 0.22407407407407 0.020833333333333 0.022222222222222
19 0.51848958333333 0.7087962962963 0.0203125 0.021296296296296
19 0.37395833333333 0.76018518518519 0.019791666666667 0.02037037037037
19 0.53203125 0.77268518518519 0.0203125 0.019444444444444
19 0.55338541666667 0.82592592592593 0.018229166666667 0.018518518518519
19 0.50208333333333 0.73194444444444 0.021875 0.023148148148148
10 0.19244791666667 0.78101851851852 0.38385416666667 0.43425925925926
10 0.27083333333333 0.3125 0.0375 0.041666666666667
33 0.96276041666667 0.25046296296296 0.071354166666667 0.11759259259259
10 0.26692708333333 0.96435185185185 0.025520833333333 0.036111111111111
10 0.45260416666667 0.26851851851852 0.027083333333333 0.02962962962963
10 0.48125 0.22407407407407 0.019791666666667 0.022222222222222