10 0.415625 0.34861111111111 0.3140625 0.58611111111111
10 0.843359375 0.42847222222222 0.03828125 0.048611111111111
10 0.8203125 0.48888888888889 0.0328125 0.044444444444444
10 0.88671875 0.50138888888889 0.03125 0.038888888888889
10 0.848046875 0.47708333333333 0.03515625 0.048611111111111
10 0.663671875 0.27222222222222 0.03984375 0.055555555555556
10 0.83203125 0.57847222222222 0.0375 0.045833333333333
10 0.878515625 0.47361111111111 0.02890625 0.038888888888889
10 0.793359375 0.46527777777778 0.03359375 0.047222222222222
10 0.73046875 0.65625 0.0265625 0.031944444444444
10 0.63671875 0.32013888888889 0.0296875 0.040277777777778
10 0.800390625 0.52013888888889 0.03671875 0.045833333333333
10 0.78671875 0.21736111111111 0.325 0.43472222222222
10 0.837109375 0.53333333333333 0.04921875 0.058333333333333