10 0.13229166666667 0.52916666666667 0.011458333333333 0.015740740740741
10 0.52708333333333 0.31851851851852 0.029166666666667 0.031481481481481
10 0.4453125 0.57037037037037 0.014583333333333 0.018518518518519
10 0.3953125 0.58055555555556 0.030208333333333 0.048148148148148
10 0.54895833333333 0.061111111111111 0.015625 0.022222222222222
10 0.55286458333333 0.24537037037037 0.0265625 0.031481481481481
10 0.45052083333333 0.47222222222222 0.027083333333333 0.033333333333333
10 0.45182291666667 0.45416666666667 0.058854166666667 0.082407407407407
10 0.38541666666667 0.55138888888889 0.015625 0.023148148148148
10 0.13177083333333 0.65138888888889 0.014583333333333 0.021296296296296
10 0.47213541666667 0.40555555555556 0.0203125 0.02962962962963
10 0.21432291666667 0.49861111111111 0.0109375 0.015740740740741
10 0.2484375 0.48518518518519 0.023958333333333 0.035185185185185
10 0.56927083333333 0.10138888888889 0.015625 0.025
10 0.11692708333333 0.61203703703704 0.024479166666667 0.037037037037037
10 0.52083333333333 0.42037037037037 0.015625 0.02037037037037
10 0.26979166666667 0.6712962962963 0.017708333333333 0.024074074074074
10 0.14635416666667 0.54351851851852 0.013541666666667 0.018518518518519
10 0.47838541666667 0.38240740740741 0.019270833333333 0.02962962962963
10 0.50442708333333 0.36481481481481 0.0171875 0.02037037037037
10 0.41197916666667 0.54074074074074 0.015625 0.02037037037037
10 0.16744791666667 0.54814814814815 0.015104166666667 0.02037037037037
10 0.074479166666667 0.64351851851852 0.016666666666667 0.024074074074074
10 0.37057291666667 0.63935185185185 0.0265625 0.043518518518519
10 0.47473958333333 0.39398148148148 0.028645833333333 0.043518518518519
10 0.26510416666667 0.45925925925926 0.027083333333333 0.038888888888889
10 0.5671875 0.3037037037037 0.016666666666667 0.022222222222222