10 0.5109375 0.41990740740741 0.061458333333333 0.080555555555556
10 0.19505208333333 0.45972222222222 0.0484375 0.067592592592593
10 0.29427083333333 0.42824074074074 0.046875 0.067592592592593
10 0.32083333333333 0.46990740740741 0.046875 0.062037037037037
10 0.52942708333333 0.41018518518519 0.0390625 0.066666666666667
10 0.27890625 0.51898148148148 0.0390625 0.058333333333333
10 0.49583333333333 0.42638888888889 0.038541666666667 0.058333333333333
10 0.35052083333333 0.56111111111111 0.040625 0.061111111111111
10 0.26145833333333 0.56759259259259 0.032291666666667 0.042592592592593
10 0.25885416666667 0.61759259259259 0.028125 0.046296296296296
10 0.38489583333333 0.51203703703704 0.03125 0.033333333333333
10 0.39166666666667 0.60092592592593 0.026041666666667 0.038888888888889
10 0.43776041666667 0.47592592592593 0.027604166666667 0.033333333333333
10 0.58880208333333 0.24351851851852 0.0296875 0.033333333333333
10 0.16770833333333 0.65925925925926 0.025 0.035185185185185
10 0.50520833333333 0.44861111111111 0.025 0.034259259259259
10 0.43515625 0.55648148148148 0.0234375 0.031481481481481
10 0.44583333333333 0.525 0.027083333333333 0.02962962962963
10 0.28567708333333 0.58981481481481 0.021354166666667 0.031481481481481
10 0.38046875 0.53796296296296 0.0203125 0.031481481481481
10 0.36692708333333 0.50972222222222 0.0203125 0.030555555555556
10 0.3921875 0.51296296296296 0.017708333333333 0.025925925925926
10 0.53489583333333 0.37731481481481 0.017708333333333 0.025
10 0.20729166666667 0.46990740740741 0.016666666666667 0.025
10 0.18359375 0.59861111111111 0.016145833333333 0.025
10 0.41380208333333 0.50092592592593 0.0171875 0.022222222222222
10 0.56588541666667 0.36574074074074 0.016145833333333 0.022222222222222
10 0.58411458333333 0.066666666666667 0.016145833333333 0.02037037037037
10 0.56666666666667 0.30324074074074 0.014583333333333 0.021296296296296
10 0.23802083333333 0.56527777777778 0.013541666666667 0.021296296296296
10 0.12317708333333 0.675 0.0140625 0.02037037037037
10 0.17109375 0.70046296296296 0.0140625 0.019444444444444
10 0.25130208333333 0.52361111111111 0.0140625 0.019444444444444
10 0.42005208333333 0.58611111111111 0.0140625 0.018518518518519
10 0.36380208333333 0.45416666666667 0.013020833333333 0.019444444444444
10 0.53125 0.34537037037037 0.013541666666667 0.018518518518519
10 0.56041666666667 0.33703703703704 0.0125 0.018518518518519
10 0.59010416666667 0.016666666666667 0.013541666666667 0.016666666666667