19 0.60208333333333 0.88935185185185 0.0625 0.082407407407407
8 0.44114583333333 0.32731481481481 0.0625 0.084259259259259
8 0.63880208333333 0.11527777777778 0.050520833333333 0.078703703703704
8 0.87786458333333 0.14722222222222 0.091145833333333 0.10740740740741
19 0.81614583333333 0.84212962962963 0.103125 0.13425925925926
8 0.90416666666667 0.37407407407407 0.14166666666667 0.13148148148148
19 0.28463541666667 0.21435185185185 0.0859375 0.1287037037037
8 0.678125 0.2162037037037 0.05625 0.076851851851852
8 0.83697916666667 0.18101851851852 0.075 0.10833333333333
19 0.52057291666667 0.63472222222222 0.068229166666667 0.091666666666667
8 0.59635416666667 0.036574074074074 0.053125 0.071296296296296
8 0.93177083333333 0.45231481481481 0.13645833333333 0.31574074074074
8 0.90989583333333 0.13657407407407 0.061458333333333 0.084259259259259
10 0.28411458333333 0.21388888888889 0.097395833333333 0.13888888888889
10 0.9421875 0.47222222222222 0.11458333333333 0.27777777777778
10 0.88671875 0.14490740740741 0.10885416666667 0.1212962962963
10 0.44322916666667 0.32731481481481 0.073958333333333 0.099074074074074
10 0.95182291666667 0.34074074074074 0.074479166666667 0.10185185185185
10 0.5953125 0.0375 0.0625 0.075
10 0.84296875 0.17916666666667 0.0828125 0.1287037037037