11 0.59192708333333 0.74305555555556 0.050520833333333 0.060185185185185
11 0.11953125 0.1337962962963 0.044270833333333 0.065740740740741
11 0.67317708333333 0.71574074074074 0.049479166666667 0.055555555555556
11 0.32109375 0.14907407407407 0.0453125 0.074074074074074
11 0.65572916666667 0.72962962962963 0.060416666666667 0.068518518518519
11 0.53541666666667 0.65972222222222 0.058333333333333 0.071296296296296
11 0.54114583333333 0.53101851851852 0.047916666666667 0.05462962962963
11 0.340625 0.32314814814815 0.044791666666667 0.061111111111111
11 0.48802083333333 0.097222222222222 0.040625 0.064814814814815
11 0.13932291666667 0.32916666666667 0.043229166666667 0.062037037037037
11 0.095052083333333 0.075925925925926 0.043229166666667 0.057407407407407
11 0.58880208333333 0.54305555555556 0.044270833333333 0.056481481481481
11 0.428125 0.38518518518519 0.042708333333333 0.055555555555556
11 0.24635416666667 0.38981481481481 0.039583333333333 0.059259259259259
11 0.44973958333333 0.12222222222222 0.040104166666667 0.057407407407407
11 0.48307291666667 0.36435185185185 0.040104166666667 0.050925925925926
11 0.24635416666667 0.30462962962963 0.034375 0.059259259259259
11 0.465625 0.2962962962963 0.040625 0.051851851851852
11 0.10963541666667 0.080555555555556 0.0328125 0.051851851851852
11 0.26953125 0.14027777777778 0.033854166666667 0.050925925925926
11 0.51848958333333 0.27731481481481 0.038020833333333 0.049074074074074
11 0.17630208333333 0.6962962962963 0.0328125 0.053703703703704
11 0.44375 0.22222222222222 0.0375 0.046296296296296
11 0.38645833333333 0.2662037037037 0.036458333333333 0.047222222222222
11 0.39453125 0.4087962962963 0.0328125 0.050925925925926
11 0.15729166666667 0.38796296296296 0.034375 0.048148148148148
11 0.578125 0.53333333333333 0.035416666666667 0.046296296296296
11 0.11380208333333 0.046759259259259 0.033854166666667 0.047222222222222
11 0.21536458333333 0.7837962962963 0.033854166666667 0.047222222222222
11 0.85052083333333 0.85277777777778 0.034375 0.046296296296296
11 0.2609375 0.28564814814815 0.032291666666667 0.049074074074074
11 0.51223958333333 0.49814814814815 0.033854166666667 0.046296296296296
11 0.60026041666667 0.90046296296296 0.0359375 0.043518518518519
11 0.24348958333333 0.61805555555556 0.0328125 0.047222222222222
11 0.35989583333333 0.18796296296296 0.03125 0.05
11 0.55078125 0.42175925925926 0.0328125 0.047222222222222
11 0.66536458333333 0.63472222222222 0.033854166666667 0.043518518518519
11 0.56145833333333 0.59722222222222 0.033333333333333 0.044444444444444
11 0.21510416666667 0.66944444444444 0.032291666666667 0.046296296296296
11 0.75703125 0.86898148148148 0.034895833333333 0.043518518518519
11 0.203125 0.24861111111111 0.032291666666667 0.047222222222222
11 0.42838541666667 0.71157407407407 0.0328125 0.04537037037037
11 0.19661458333333 0.55972222222222 0.030729166666667 0.047222222222222
11 0.2328125 0.46203703703704 0.03125 0.046296296296296
11 0.50390625 0.26712962962963 0.031770833333333 0.04537037037037
11 0.46666666666667 0.34351851851852 0.032291666666667 0.044444444444444
11 0.15885416666667 0.085648148148148 0.03125 0.04537037037037
11 0.066666666666667 0.37268518518519 0.030208333333333 0.047222222222222
11 0.61692708333333 0.43287037037037 0.031770833333333 0.043518518518519
11 0.068489583333333 0.43564814814815 0.0296875 0.04537037037037
11 0.061458333333333 0.12175925925926 0.029166666666667 0.04537037037037
11 0.27317708333333 0.62962962962963 0.028645833333333 0.046296296296296
11 0.2421875 0.55046296296296 0.03125 0.043518518518519
11 0.6078125 0.10324074074074 0.030208333333333 0.04537037037037
11 0.1921875 0.51990740740741 0.029166666666667 0.04537037037037
11 0.38411458333333 0.6625 0.0296875 0.043518518518519
11 0.40130208333333 0.21574074074074 0.030729166666667 0.042592592592593
11 0.31015625 0.38287037037037 0.0296875 0.043518518518519
11 0.60572916666667 0.65601851851852 0.032291666666667 0.039814814814815
11 0.53828125 0.37361111111111 0.0296875 0.043518518518519
11 0.54036458333333 0.22314814814815 0.028645833333333 0.044444444444444
11 0.67630208333333 0.50416666666667 0.0296875 0.041666666666667
11 0.35026041666667 0.50324074074074 0.028645833333333 0.043518518518519
11 0.63177083333333 0.61574074074074 0.03125 0.040740740740741
11 0.77447916666667 0.83055555555556 0.03125 0.040740740740741
11 0.20286458333333 0.16712962962963 0.028645833333333 0.043518518518519
11 0.31484375 0.25231481481481 0.028645833333333 0.041666666666667
11 0.3796875 0.32453703703704 0.029166666666667 0.041666666666667
11 0.38854166666667 0.19444444444444 0.029166666666667 0.040740740740741
11 0.046354166666667 0.03287037037037 0.028125 0.041666666666667
11 0.32005208333333 0.42638888888889 0.0296875 0.041666666666667
11 0.32734375 0.13009259259259 0.0296875 0.041666666666667
11 0.19817708333333 0.33148148148148 0.028645833333333 0.040740740740741
11 0.49140625 0.018055555555556 0.031770833333333 0.036111111111111
11 0.57552083333333 0.48472222222222 0.029166666666667 0.039814814814815
11 0.41640625 0.10509259259259 0.027604166666667 0.041666666666667
11 0.22838541666667 0.07037037037037 0.028645833333333 0.040740740740741
11 0.28307291666667 0.28472222222222 0.028645833333333 0.039814814814815
11 0.296875 0.24166666666667 0.027083333333333 0.040740740740741
11 0.67994791666667 0.70787037037037 0.0296875 0.036111111111111
11 0.40208333333333 0.15185185185185 0.028125 0.038888888888889
11 0.528125 0.28472222222222 0.028125 0.039814814814815
11 0.22786458333333 0.21666666666667 0.027604166666667 0.038888888888889
11 0.56614583333333 0.45833333333333 0.029166666666667 0.038888888888889
11 0.24713541666667 0.18935185185185 0.027604166666667 0.037962962962963
11 0.33619791666667 0.2912037037037 0.027604166666667 0.037962962962963
11 0.58333333333333 0.4087962962963 0.027083333333333 0.037962962962963
11 0.23229166666667 0.32175925925926 0.026041666666667 0.039814814814815
11 0.016145833333333 0.017592592592593 0.029166666666667 0.035185185185185
11 0.38203125 0.13472222222222 0.027604166666667 0.037962962962963
11 0.32473958333333 0.20509259259259 0.0265625 0.037962962962963
11 0.01171875 0.078703703703704 0.0234375 0.042592592592593
11 0.52317708333333 0.57453703703704 0.027604166666667 0.036111111111111
11 0.44244791666667 0.18981481481481 0.0265625 0.035185185185185
11 0.54401041666667 0.61759259259259 0.027604166666667 0.033333333333333
11 0.30729166666667 0.12546296296296 0.025 0.036111111111111
11 0.4171875 0.19814814814815 0.025 0.035185185185185
11 0.46015625 0.24537037037037 0.025520833333333 0.033333333333333
11 0.34583333333333 0.2212962962963 0.023958333333333 0.033333333333333
11 0.38828125 0.099074074074074 0.021354166666667 0.031481481481481