10 0.619140625 0.54236111111111 0.02265625 0.029166666666667
10 0.48046875 0.59791666666667 0.3078125 0.62916666666667
10 0.744140625 0.58819444444444 0.02109375 0.029166666666667
10 0.757421875 0.71666666666667 0.02421875 0.033333333333333
10 0.719921875 0.41597222222222 0.38203125 0.56527777777778
10 0.719921875 0.56527777777778 0.02109375 0.027777777777778
10 0.809375 0.83472222222222 0.0203125 0.027777777777778
10 0.797265625 0.71597222222222 0.02265625 0.029166666666667
10 0.81796875 0.69930555555556 0.0265625 0.0375
10 0.6203125 0.50347222222222 0.028125 0.034722222222222
10 0.8359375 0.78611111111111 0.0265625 0.036111111111111
10 0.65703125 0.54444444444444 0.0265625 0.038888888888889
10 0.733203125 0.67361111111111 0.02421875 0.033333333333333
10 0.889453125 0.30069444444444 0.20703125 0.18194444444444