11 0.562890625 0.36527777777778 0.06484375 0.094444444444444
11 0.298046875 0.079861111111111 0.06484375 0.090277777777778
11 0.378515625 0.64652777777778 0.04609375 0.073611111111111
11 0.344140625 0.15902777777778 0.05390625 0.095833333333333
11 0.690625 0.52916666666667 0.046875 0.072222222222222
11 0.678125 0.24652777777778 0.04375 0.065277777777778
11 0.342578125 0.47986111111111 0.03984375 0.065277777777778
11 0.49765625 0.92361111111111 0.04375 0.063888888888889
11 0.548828125 0.27708333333333 0.04140625 0.0625
11 0.241015625 0.075 0.03515625 0.069444444444444
11 0.558984375 0.10208333333333 0.04140625 0.056944444444444
11 0.284765625 0.024305555555556 0.04609375 0.048611111111111
11 0.3640625 0.30486111111111 0.034375 0.056944444444444
11 0.4 0.41736111111111 0.0375 0.059722222222222
11 0.37421875 0.013888888888889 0.0375 0.027777777777778