11 0.650390625 0.47569444444444 0.09296875 0.13194444444444
11 0.479296875 0.17361111111111 0.11796875 0.16666666666667
11 0.183203125 0.52152777777778 0.10703125 0.13194444444444
11 0.34296875 0.12291666666667 0.3421875 0.24583333333333
11 0.1796875 0.17361111111111 0.2484375 0.28333333333333
11 0.62578125 0.16388888888889 0.0984375 0.16111111111111
11 0.520703125 0.35625 0.07421875 0.11527777777778
11 0.729296875 0.32083333333333 0.07734375 0.125
11 0.5546875 0.088194444444444 0.0796875 0.12361111111111
11 0.215234375 0.036111111111111 0.15546875 0.072222222222222
11 0.562109375 0.023611111111111 0.06484375 0.047222222222222
11 0.330078125 0.24097222222222 0.09453125 0.1125
11 0.706640625 0.14305555555556 0.12734375 0.20555555555556
11 0.27265625 0.25 0.0828125 0.088888888888889
11 0.284375 0.425 0.1109375 0.12777777777778