11 0.71119791666667 0.17083333333333 0.049479166666667 0.084259259259259
11 0.97213541666667 0.67268518518519 0.0546875 0.13240740740741
11 0.32057291666667 0.25231481481481 0.055729166666667 0.084259259259259
11 0.19661458333333 0.80833333333333 0.053645833333333 0.075925925925926
11 0.42005208333333 0.1037037037037 0.094270833333333 0.15185185185185
11 0.9484375 0.2712962962963 0.044791666666667 0.066666666666667
11 0.61458333333333 0.021759259259259 0.05 0.043518518518519
11 0.89505208333333 0.26805555555556 0.055729166666667 0.11203703703704
11 0.45208333333333 0.48703703703704 0.082291666666667 0.10555555555556
11 0.7828125 0.61574074074074 0.16354166666667 0.19814814814815
11 0.82395833333333 0.20462962962963 0.052083333333333 0.087037037037037
11 0.97213541666667 0.11805555555556 0.052604166666667 0.087962962962963
11 0.91119791666667 0.71435185185185 0.063020833333333 0.10833333333333
11 0.33567708333333 0.69074074074074 0.099479166666667 0.13888888888889