11 0.51979166666667 0.45601851851852 0.25625 0.29722222222222
11 0.29322916666667 0.75231481481481 0.16875 0.23611111111111
11 0.25703125 0.91157407407407 0.15572916666667 0.17314814814815
11 0.4015625 0.47962962962963 0.13541666666667 0.18703703703704
11 0.5140625 0.21527777777778 0.13020833333333 0.19351851851852
11 0.79661458333333 0.79490740740741 0.11927083333333 0.1712962962963
11 0.58229166666667 0.06712962962963 0.12291666666667 0.13240740740741
11 0.23489583333333 0.093981481481481 0.10208333333333 0.15833333333333
11 0.5078125 0.74444444444444 0.10416666666667 0.15
11 0.42630208333333 0.67175925925926 0.097395833333333 0.13981481481481
11 0.17057291666667 0.92453703703704 0.1015625 0.13055555555556
11 0.22421875 0.64861111111111 0.10260416666667 0.12685185185185
11 0.50078125 0.07037037037037 0.0921875 0.13333333333333
11 0.45338541666667 0.3375 0.0828125 0.1287037037037
11 0.546875 0.84953703703704 0.091666666666667 0.1287037037037
11 0.34036458333333 0.76435185185185 0.0859375 0.12314814814815
11 0.22760416666667 0.39305555555556 0.077083333333333 0.125
11 0.35338541666667 0.94490740740741 0.088020833333333 0.11018518518519
11 0.453125 0.84166666666667 0.079166666666667 0.11111111111111
11 0.42578125 0.90694444444444 0.080729166666667 0.10648148148148
11 0.71692708333333 0.73055555555556 0.078645833333333 0.10555555555556
11 0.44765625 0.55092592592593 0.078645833333333 0.1037037037037
11 0.30182291666667 0.90694444444444 0.074479166666667 0.10648148148148
11 0.23828125 0.57222222222222 0.069270833333333 0.10555555555556
11 0.21875 0.96944444444444 0.091666666666667 0.057407407407407
11 0.093229166666667 0.85046296296296 0.0625 0.078703703703704
11 0.56666666666667 0.9125 0.054166666666667 0.075
11 0.62760416666667 0.81944444444444 0.055208333333333 0.072222222222222
11 0.75859375 0.024537037037037 0.074479166666667 0.049074074074074
11 0.190625 0.85185185185185 0.044791666666667 0.057407407407407
11 0.28255208333333 0.8662037037037 0.0359375 0.04537037037037