10 0.18880208333333 0.2912037037037 0.046354166666667 0.058333333333333
10 0.0109375 0.16666666666667 0.021875 0.064814814814815
10 0.86953125 0.19351851851852 0.1234375 0.17222222222222
10 0.90260416666667 0.078703703703704 0.057291666666667 0.077777777777778
10 0.73177083333333 0.38842592592593 0.098958333333333 0.16759259259259
10 0.59973958333333 0.19953703703704 0.083854166666667 0.12685185185185
10 0.66432291666667 0.33564814814815 0.055729166666667 0.080555555555556
10 0.19791666666667 0.35046296296296 0.069791666666667 0.076851851851852
10 0.97317708333333 0.15231481481481 0.053645833333333 0.12685185185185
10 0.28255208333333 0.36481481481481 0.071354166666667 0.11296296296296
10 0.96067708333333 0.525 0.047395833333333 0.064814814814815
10 0.11432291666667 0.057407407407407 0.056770833333333 0.075925925925926
10 0.84036458333333 0.46018518518519 0.046354166666667 0.066666666666667
10 0.20520833333333 0.026851851851852 0.064583333333333 0.051851851851852
10 0.51145833333333 0.17777777777778 0.051041666666667 0.07037037037037
10 0.39973958333333 0.14212962962963 0.0609375 0.084259259259259
10 0.48098958333333 0.082407407407407 0.083854166666667 0.11851851851852
10 0.30416666666667 0.043055555555556 0.073958333333333 0.086111111111111
10 0.54791666666667 0.23703703703704 0.079166666666667 0.10740740740741
10 0.75989583333333 0.25231481481481 0.095833333333333 0.1287037037037
10 0.34322916666667 0.46435185185185 0.069791666666667 0.10092592592593
10 0.16588541666667 0.40046296296296 0.038020833333333 0.047222222222222
10 0.14739583333333 0.019907407407407 0.054166666666667 0.039814814814815
10 0.32734375 0.66018518518519 0.0515625 0.064814814814815
10 0.72109375 0.16342592592593 0.050520833333333 0.067592592592593
10 0.40390625 0.034259259259259 0.1015625 0.068518518518519
10 0.8453125 0.25416666666667 0.05 0.067592592592593
10 0.54947916666667 0.35462962962963 0.055208333333333 0.07037037037037
10 0.78046875 0.41851851851852 0.055729166666667 0.074074074074074
10 0.27760416666667 0.20138888888889 0.058333333333333 0.080555555555556
10 0.4984375 0.9212962962963 0.15208333333333 0.1537037037037
10 0.67109375 0.72685185185185 0.043229166666667 0.057407407407407
10 0.74192708333333 0.43564814814815 0.059895833333333 0.076851851851852
10 0.32630208333333 0.1712962962963 0.044270833333333 0.061111111111111
10 0.92786458333333 0.67268518518519 0.047395833333333 0.065740740740741
10 0.79635416666667 0.04212962962963 0.096875 0.084259259259259
10 0.0375 0.46851851851852 0.045833333333333 0.055555555555556
10 0.67369791666667 0.094907407407407 0.11302083333333 0.15648148148148
10 0.85078125 0.93611111111111 0.036979166666667 0.051851851851852
10 0.0171875 0.52592592592593 0.034375 0.062962962962963
10 0.05546875 0.30555555555556 0.0890625 0.10740740740741
10 0.55494791666667 0.56388888888889 0.049479166666667 0.055555555555556
10 0.047395833333333 0.037962962962963 0.072916666666667 0.075925925925926
10 0.421875 0.45925925925926 0.060416666666667 0.081481481481481
10 0.073177083333333 0.5375 0.10989583333333 0.11203703703704
10 0.21666666666667 0.25 0.054166666666667 0.074074074074074
10 0.58880208333333 0.024537037037037 0.052604166666667 0.049074074074074
10 0.60833333333333 0.43101851851852 0.047916666666667 0.065740740740741
10 0.51901041666667 0.29953703703704 0.0515625 0.062037037037037
10 0.77552083333333 0.97638888888889 0.083333333333333 0.047222222222222
10 0.19036458333333 0.19537037037037 0.058854166666667 0.072222222222222