10 0.87005208333333 0.70694444444444 0.0484375 0.078703703703704
10 0.57161458333333 0.97083333333333 0.0453125 0.056481481481481
10 0.77916666666667 0.6962962962963 0.0375 0.057407407407407
10 0.60078125 0.37314814814815 0.0359375 0.057407407407407
10 0.25130208333333 0.95694444444444 0.0328125 0.047222222222222
10 0.47239583333333 0.74583333333333 0.033333333333333 0.052777777777778
10 0.74322916666667 0.725 0.044791666666667 0.038888888888889
10 0.74322916666667 0.80231481481481 0.030208333333333 0.047222222222222
10 0.6984375 0.43657407407407 0.023958333333333 0.052777777777778
10 0.4328125 0.84953703703704 0.030208333333333 0.041666666666667
10 0.67942708333333 0.33472222222222 0.027604166666667 0.043518518518519
10 0.73098958333333 0.72731481481481 0.028645833333333 0.036111111111111
10 0.75677083333333 0.71944444444444 0.028125 0.038888888888889
10 0.5578125 0.90416666666667 0.027083333333333 0.037962962962963
10 0.69453125 0.89351851851852 0.025520833333333 0.038888888888889
10 0.65182291666667 0.42175925925926 0.025520833333333 0.037962962962963
10 0.75677083333333 0.58055555555556 0.025 0.037037037037037
10 0.68671875 0.47546296296296 0.024479166666667 0.037962962962963
10 0.44010416666667 0.70509259259259 0.025 0.036111111111111
10 0.72421875 0.3412037037037 0.0234375 0.036111111111111
10 0.62135416666667 0.54351851851852 0.023958333333333 0.037037037037037
10 0.26145833333333 0.60740740740741 0.023958333333333 0.035185185185185
10 0.81171875 0.27407407407407 0.0234375 0.035185185185185
10 0.43567708333333 0.86203703703704 0.0234375 0.035185185185185
10 0.23880208333333 0.86111111111111 0.024479166666667 0.033333333333333
10 0.77005208333333 0.6662037037037 0.0234375 0.034259259259259
10 0.68828125 0.78796296296296 0.0234375 0.033333333333333
10 0.95338541666667 0.52083333333333 0.022395833333333 0.034259259259259
10 0.41223958333333 0.97824074074074 0.0234375 0.030555555555556
10 0.67005208333333 0.64722222222222 0.022395833333333 0.033333333333333
10 0.31041666666667 0.91481481481481 0.022916666666667 0.02962962962963
10 0.70494791666667 0.42638888888889 0.021354166666667 0.032407407407407
10 0.98932291666667 0.49583333333333 0.0203125 0.032407407407407
10 0.915625 0.55694444444444 0.020833333333333 0.032407407407407
10 0.35520833333333 0.89166666666667 0.019791666666667 0.031481481481481
10 0.86458333333333 0.74814814814815 0.020833333333333 0.02962962962963
10 0.99192708333333 0.43518518518519 0.016145833333333 0.037037037037037
10 0.3546875 0.85231481481481 0.020833333333333 0.028703703703704
10 0.86328125 0.24583333333333 0.019270833333333 0.030555555555556
10 0.74296875 0.31898148148148 0.019270833333333 0.030555555555556
10 0.59296875 0.85138888888889 0.0203125 0.028703703703704
10 0.83828125 0.035648148148148 0.018229166666667 0.028703703703704
10 0.38515625 0.88009259259259 0.019270833333333 0.026851851851852
10 0.31223958333333 0.98888888888889 0.0203125 0.024074074074074
10 0.34765625 0.97916666666667 0.019270833333333 0.025
10 0.89036458333333 0.29444444444444 0.018229166666667 0.027777777777778
10 0.3390625 0.8125 0.01875 0.025
10 0.36145833333333 0.96805555555556 0.017708333333333 0.025
10 0.3671875 0.86527777777778 0.017708333333333 0.025
10 0.50494791666667 0.70185185185185 0.0171875 0.024074074074074
10 0.51875 0.63101851851852 0.016666666666667 0.023148148148148
10 0.5109375 0.82638888888889 0.016666666666667 0.023148148148148
10 0.39765625 0.73287037037037 0.016145833333333 0.023148148148148
10 0.41588541666667 0.68472222222222 0.016145833333333 0.023148148148148
10 0.44583333333333 0.66296296296296 0.016666666666667 0.022222222222222
10 0.409375 0.9912037037037 0.01875 0.019444444444444
10 0.42161458333333 0.71111111111111 0.015104166666667 0.022222222222222
10 0.36875 0.90555555555556 0.016666666666667 0.022222222222222
10 0.36328125 0.76157407407407 0.015104166666667 0.021296296296296
10 0.39427083333333 0.7087962962963 0.014583333333333 0.021296296296296
10 0.36588541666667 0.80648148148148 0.015104166666667 0.02037037037037
10 0.45130208333333 0.57407407407407 0.015104166666667 0.02037037037037
10 0.44140625 0.73564814814815 0.0140625 0.021296296296296
10 0.39375 0.90092592592593 0.014583333333333 0.02037037037037
10 0.459375 0.67222222222222 0.014583333333333 0.02037037037037
10 0.37057291666667 0.70277777777778 0.0140625 0.02037037037037
10 0.42942708333333 0.75925925925926 0.0140625 0.02037037037037
10 0.43671875 0.64259259259259 0.0140625 0.02037037037037
10 0.37005208333333 0.65601851851852 0.0140625 0.019444444444444
10 0.55026041666667 0.5375 0.0140625 0.019444444444444
10 0.44765625 0.62824074074074 0.0140625 0.019444444444444
10 0.53333333333333 0.56342592592593 0.013541666666667 0.019444444444444
10 0.36328125 0.98796296296296 0.0140625 0.018518518518519
10 0.47135416666667 0.64074074074074 0.013541666666667 0.018518518518519
10 0.40208333333333 0.6587962962963 0.0125 0.017592592592593
10 0.48619791666667 0.43055555555556 0.011979166666667 0.016666666666667