10 0.480078125 0.49722222222222 0.32890625 0.67777777777778
10 0.654296875 0.49583333333333 0.02578125 0.033333333333333
10 0.678125 0.34861111111111 0.021875 0.030555555555556
10 0.739453125 0.39305555555556 0.02421875 0.030555555555556
10 0.747265625 0.42222222222222 0.02265625 0.030555555555556
10 0.767578125 0.31527777777778 0.44609375 0.60277777777778
10 0.70703125 0.38958333333333 0.028125 0.0375
10 0.906640625 0.65416666666667 0.02578125 0.033333333333333
10 0.853515625 0.64513888888889 0.04765625 0.059722222222222
10 0.765625 0.45138888888889 0.0296875 0.036111111111111
10 0.801171875 0.51527777777778 0.02265625 0.030555555555556
10 0.755859375 0.49444444444444 0.02421875 0.030555555555556
10 0.885546875 0.78541666666667 0.02421875 0.029166666666667
10 0.87265625 0.62777777777778 0.025 0.033333333333333
10 0.89296875 0.56180555555556 0.0234375 0.031944444444444