10 0.1359375 0.7662037037037 0.034375 0.049074074074074
10 0.41875 0.047222222222222 0.052083333333333 0.07962962962963
10 0.027083333333333 0.1837962962963 0.054166666666667 0.15277777777778
10 0.67708333333333 0.43287037037037 0.048958333333333 0.069444444444444
10 0.064322916666667 0.52824074074074 0.1171875 0.18240740740741
10 0.31432291666667 0.42083333333333 0.068229166666667 0.087962962962963
10 0.58619791666667 0.40601851851852 0.040104166666667 0.049074074074074
10 0.69401041666667 0.086574074074074 0.0703125 0.09537037037037
10 0.25130208333333 0.15046296296296 0.0359375 0.043518518518519
10 0.28723958333333 0.55601851851852 0.0390625 0.052777777777778
10 0.94375 0.39583333333333 0.1125 0.18425925925926
10 0.23619791666667 0.68657407407407 0.033854166666667 0.043518518518519
10 0.79921875 0.50648148148148 0.17864583333333 0.22777777777778
10 0.39557291666667 0.33564814814815 0.0453125 0.060185185185185
10 0.75078125 0.12685185185185 0.043229166666667 0.055555555555556
10 0.64713541666667 0.65324074074074 0.049479166666667 0.073148148148148
10 0.38203125 0.56527777777778 0.1046875 0.17685185185185
10 0.17604166666667 0.10138888888889 0.03125 0.039814814814815
10 0.61432291666667 0.32175925925926 0.1140625 0.21203703703704
10 0.0671875 0.92777777777778 0.038541666666667 0.053703703703704
10 0.84921875 0.043055555555556 0.0859375 0.084259259259259
10 0.98697916666667 0.77083333333333 0.027083333333333 0.087962962962963
10 0.19114583333333 0.26759259259259 0.035416666666667 0.044444444444444
10 0.41484375 0.79444444444444 0.055729166666667 0.087037037037037
10 0.77708333333333 0.42916666666667 0.032291666666667 0.043518518518519
10 0.23229166666667 0.26990740740741 0.038541666666667 0.050925925925926
10 0.81328125 0.22777777777778 0.040104166666667 0.05
10 0.55520833333333 0.071759259259259 0.073958333333333 0.13055555555556
10 0.97994791666667 0.8537037037037 0.038020833333333 0.083333333333333
10 0.76692708333333 0.25185185185185 0.036979166666667 0.05
10 0.05546875 0.76851851851852 0.033854166666667 0.055555555555556
10 0.85026041666667 0.79398148148148 0.091145833333333 0.16203703703704
10 0.071354166666667 0.096759259259259 0.034375 0.050925925925926
10 0.09375 0.52037037037037 0.039583333333333 0.057407407407407
10 0.56927083333333 0.21759259259259 0.0375 0.042592592592593
10 0.44322916666667 0.43564814814815 0.05 0.060185185185185
10 0.27890625 0.90833333333333 0.074479166666667 0.10925925925926
10 0.88411458333333 0.48055555555556 0.0390625 0.048148148148148
10 0.34635416666667 0.29768518518519 0.055208333333333 0.10462962962963
10 0.058854166666667 0.17175925925926 0.11770833333333 0.19722222222222
10 0.18489583333333 0.31574074074074 0.0375 0.051851851851852
10 0.019270833333333 0.53796296296296 0.03125 0.05
10 0.72552083333333 0.37407407407407 0.042708333333333 0.053703703703704
10 0.41484375 0.099074074074074 0.096354166666667 0.17777777777778
10 0.115625 0.18888888888889 0.035416666666667 0.042592592592593
10 0.64557291666667 0.85324074074074 0.0984375 0.175
10 0.47421875 0.23935185185185 0.0390625 0.043518518518519
10 0.10885416666667 0.74027777777778 0.10416666666667 0.16388888888889
10 0.67682291666667 0.077314814814815 0.11822916666667 0.14537037037037
10 0.0328125 0.91203703703704 0.044791666666667 0.07037037037037
10 0.47265625 0.044444444444444 0.040104166666667 0.053703703703704
10 0.37473958333333 0.27592592592593 0.11614583333333 0.12962962962963
10 0.828125 0.50925925925926 0.038541666666667 0.053703703703704
10 0.55963541666667 0.043981481481481 0.050520833333333 0.065740740740741
10 0.51197916666667 0.26481481481481 0.084375 0.096296296296296
10 0.24140625 0.23611111111111 0.13802083333333 0.20555555555556
10 0.91796875 0.073148148148148 0.031770833333333 0.042592592592593
10 0.019010416666667 0.039351851851852 0.034895833333333 0.052777777777778
10 0.42291666666667 0.42407407407407 0.0875 0.1
10 0.12161458333333 0.68240740740741 0.038020833333333 0.055555555555556
10 0.94036458333333 0.1662037037037 0.041145833333333 0.05462962962963