10 0.77760416666667 0.3337962962963 0.12604166666667 0.20092592592593
10 0.74765625 0.79861111111111 0.11197916666667 0.15833333333333
10 0.67135416666667 0.42824074074074 0.061458333333333 0.091666666666667
10 0.640625 0.25092592592593 0.051041666666667 0.081481481481481
10 0.70598958333333 0.59537037037037 0.055729166666667 0.072222222222222
10 0.66875 0.82824074074074 0.05625 0.071296296296296
10 0.71119791666667 0.2087962962963 0.0484375 0.073148148148148
10 0.63567708333333 0.51527777777778 0.049479166666667 0.063888888888889
10 0.57994791666667 0.30972222222222 0.0390625 0.062037037037037
10 0.66302083333333 0.30740740740741 0.039583333333333 0.061111111111111
10 0.98125 0.030555555555556 0.0375 0.061111111111111
10 0.65677083333333 0.68287037037037 0.041666666666667 0.052777777777778
10 0.65130208333333 0.2625 0.038020833333333 0.056481481481481
10 0.67369791666667 0.36712962962963 0.038020833333333 0.05462962962963
10 0.69791666666667 0.24861111111111 0.0375 0.056481481481481
10 0.7609375 0.25185185185185 0.0375 0.053703703703704
10 0.70026041666667 0.46064814814815 0.038020833333333 0.052777777777778
10 0.68541666666667 0.28055555555556 0.0375 0.053703703703704
10 0.578125 0.40277777777778 0.038541666666667 0.051851851851852
10 0.6046875 0.3287037037037 0.035416666666667 0.055555555555556
10 0.56536458333333 0.52083333333333 0.036979166666667 0.050925925925926
10 0.309375 0.31944444444444 0.028125 0.066666666666667
10 0.81145833333333 0.10277777777778 0.033333333333333 0.055555555555556
10 0.6390625 0.23888888888889 0.035416666666667 0.051851851851852
10 0.53697916666667 0.47777777777778 0.036458333333333 0.048148148148148
10 0.66536458333333 0.46111111111111 0.034895833333333 0.05
10 0.78125 0.23425925925926 0.034375 0.05
10 0.81302083333333 0.54953703703704 0.035416666666667 0.047222222222222
10 0.63645833333333 0.30462962962963 0.033333333333333 0.05
10 0.35234375 0.51018518518519 0.0359375 0.046296296296296
10 0.67630208333333 0.31342592592593 0.033854166666667 0.049074074074074
10 0.69895833333333 0.13935185185185 0.033333333333333 0.049074074074074
10 0.43020833333333 0.61759259259259 0.035416666666667 0.046296296296296
10 0.79166666666667 0.59305555555556 0.034375 0.047222222222222
10 0.71197916666667 0.45601851851852 0.033333333333333 0.047222222222222
10 0.65651041666667 0.50185185185185 0.0328125 0.044444444444444
10 0.3328125 0.52638888888889 0.032291666666667 0.043518518518519
10 0.69479166666667 0.038888888888889 0.030208333333333 0.046296296296296
10 0.3125 0.35231481481481 0.030208333333333 0.04537037037037
10 0.7359375 0.4375 0.030208333333333 0.043518518518519
10 0.69921875 0.40462962962963 0.030729166666667 0.042592592592593
10 0.653125 0.078703703703704 0.029166666666667 0.042592592592593
10 0.55234375 0.31064814814815 0.028645833333333 0.041666666666667
10 0.37057291666667 0.39259259259259 0.028645833333333 0.040740740740741
10 0.30364583333333 0.47361111111111 0.029166666666667 0.039814814814815
10 0.47838541666667 0.36064814814815 0.028645833333333 0.039814814814815
10 0.48802083333333 0.42314814814815 0.029166666666667 0.038888888888889
10 0.61432291666667 0.19814814814815 0.0265625 0.042592592592593
10 0.57135416666667 0.36342592592593 0.028125 0.039814814814815
10 0.79088541666667 0.43611111111111 0.028645833333333 0.038888888888889
10 0.61223958333333 0.025925925925926 0.0265625 0.040740740740741
10 0.61354166666667 0.075925925925926 0.026041666666667 0.040740740740741
10 0.77161458333333 0.056018518518519 0.024479166666667 0.041666666666667
10 0.30416666666667 0.29861111111111 0.026041666666667 0.037962962962963
10 0.65494791666667 0.3337962962963 0.0265625 0.037962962962963
10 0.7046875 0.33703703703704 0.026041666666667 0.037037037037037
10 0.6703125 0.19074074074074 0.026041666666667 0.037037037037037
10 0.71432291666667 0.060185185185185 0.024479166666667 0.037037037037037
10 0.36744791666667 0.19166666666667 0.024479166666667 0.035185185185185
10 0.66041666666667 0.012962962962963 0.028125 0.025925925925926
10 0.61380208333333 0.049537037037037 0.022395833333333 0.036111111111111
10 0.60520833333333 0.2787037037037 0.021875 0.033333333333333