10 0.12682291666667 0.15555555555556 0.077604166666667 0.10185185185185
10 0.31171875 0.16666666666667 0.058854166666667 0.074074074074074
10 0.54166666666667 0.65092592592593 0.055208333333333 0.066666666666667
10 0.55833333333333 0.43055555555556 0.044791666666667 0.062962962962963
10 0.2171875 0.18657407407407 0.04375 0.062037037037037
10 0.15026041666667 0.35648148148148 0.040104166666667 0.064814814814815
10 0.51067708333333 0.49490740740741 0.0390625 0.056481481481481
10 0.032291666666667 0.068981481481481 0.053125 0.062037037037037
10 0.42057291666667 0.38472222222222 0.0421875 0.05462962962963
10 0.603125 0.41574074074074 0.04375 0.05
10 0.69140625 0.68518518518519 0.038020833333333 0.053703703703704
10 0.34140625 0.34583333333333 0.0359375 0.056481481481481
10 0.77291666666667 0.85787037037037 0.039583333333333 0.047222222222222
10 0.24765625 0.65972222222222 0.041145833333333 0.049074074074074
10 0.43776041666667 0.24583333333333 0.040104166666667 0.049074074074074
10 0.884375 0.82638888888889 0.034375 0.047222222222222
10 0.62161458333333 0.87407407407407 0.034895833333333 0.046296296296296
10 0.59869791666667 0.71111111111111 0.036979166666667 0.048148148148148
10 0.34869791666667 0.23425925925926 0.034895833333333 0.046296296296296
10 0.40234375 0.20925925925926 0.034895833333333 0.046296296296296
10 0.53307291666667 0.64907407407407 0.034895833333333 0.046296296296296
10 0.409375 0.65092592592593 0.033333333333333 0.048148148148148
10 0.584375 0.51666666666667 0.033333333333333 0.046296296296296
10 0.13151041666667 0.091203703703704 0.0328125 0.04537037037037
10 0.068489583333333 0.16805555555556 0.0328125 0.04537037037037
10 0.20546875 0.28425925925926 0.033854166666667 0.046296296296296
10 0.099739583333333 0.12731481481481 0.033854166666667 0.043518518518519
10 0.61588541666667 0.64907407407407 0.031770833333333 0.046296296296296
10 0.253125 0.53564814814815 0.03125 0.04537037037037
10 0.24375 0.4587962962963 0.03125 0.04537037037037
10 0.26744791666667 0.59027777777778 0.033854166666667 0.041666666666667
10 0.37265625 0.33055555555556 0.0328125 0.042592592592593
10 0.21588541666667 0.1 0.0328125 0.042592592592593
10 0.029166666666667 0.15277777777778 0.03125 0.044444444444444
10 0.44453125 0.68472222222222 0.031770833333333 0.043518518518519
10 0.24869791666667 0.75648148148148 0.030729166666667 0.044444444444444
10 0.2671875 0.30787037037037 0.03125 0.043518518518519
10 0.33723958333333 0.18009259259259 0.0296875 0.04537037037037
10 0.20364583333333 0.48981481481481 0.030208333333333 0.044444444444444
10 0.25755208333333 0.39953703703704 0.030729166666667 0.043518518518519
10 0.28307291666667 0.62361111111111 0.030729166666667 0.043518518518519
10 0.6453125 0.69212962962963 0.029166666666667 0.04537037037037
10 0.18489583333333 0.39953703703704 0.030208333333333 0.043518518518519
10 0.35911458333333 0.47268518518519 0.0296875 0.043518518518519
10 0.26041666666667 0.12685185185185 0.029166666666667 0.044444444444444
10 0.59557291666667 0.5412037037037 0.0296875 0.043518518518519
10 0.24505208333333 0.20648148148148 0.0296875 0.042592592592593
10 0.082291666666667 0.47314814814815 0.030208333333333 0.042592592592593
10 0.46770833333333 0.32268518518519 0.030208333333333 0.041666666666667
10 0.43515625 0.12037037037037 0.030729166666667 0.040740740740741
10 0.47578125 0.033796296296296 0.0296875 0.041666666666667
10 0.0890625 0.39537037037037 0.030208333333333 0.040740740740741
10 0.21354166666667 0.17638888888889 0.029166666666667 0.041666666666667
10 0.38072916666667 0.22638888888889 0.029166666666667 0.041666666666667
10 0.64505208333333 0.59537037037037 0.0296875 0.040740740740741
10 0.31510416666667 0.37916666666667 0.030208333333333 0.039814814814815
10 0.49166666666667 0.26435185185185 0.030208333333333 0.039814814814815
10 0.32447916666667 0.40277777777778 0.029166666666667 0.040740740740741
10 0.29010416666667 0.25046296296296 0.028125 0.041666666666667
10 0.48619791666667 0.36481481481481 0.0296875 0.038888888888889
10 0.62473958333333 0.42592592592593 0.0296875 0.038888888888889
10 0.33307291666667 0.31342592592593 0.028645833333333 0.039814814814815
10 0.30208333333333 0.29398148148148 0.028125 0.039814814814815
10 0.53880208333333 0.38148148148148 0.028645833333333 0.038888888888889
10 0.46692708333333 0.12962962962963 0.028645833333333 0.038888888888889
10 0.20677083333333 0.33240740740741 0.028125 0.038888888888889
10 0.53697916666667 0.51064814814815 0.028125 0.037962962962963
10 0.24375 0.33657407407407 0.028125 0.037962962962963
10 0.58046875 0.49259259259259 0.028645833333333 0.037037037037037
10 0.51692708333333 0.29027777777778 0.027604166666667 0.037962962962963
10 0.58697916666667 0.10833333333333 0.027083333333333 0.038888888888889
10 0.66614583333333 0.48842592592593 0.027083333333333 0.037962962962963
10 0.57135416666667 0.61898148148148 0.027083333333333 0.037962962962963
10 0.44401041666667 0.14444444444444 0.027604166666667 0.037037037037037
10 0.78671875 0.79351851851852 0.028645833333333 0.035185185185185
10 0.21692708333333 0.56712962962963 0.0265625 0.036111111111111
10 0.53385416666667 0.57037037037037 0.027083333333333 0.037037037037037
10 0.43802083333333 0.32083333333333 0.026041666666667 0.036111111111111
10 0.40963541666667 0.1875 0.0265625 0.036111111111111
10 0.51640625 0.24398148148148 0.0265625 0.034259259259259
10 0.31770833333333 0.24490740740741 0.026041666666667 0.034259259259259
10 0.40859375 0.1412037037037 0.025520833333333 0.034259259259259
10 0.15182291666667 0.13888888888889 0.024479166666667 0.033333333333333
10 0.67135416666667 0.61342592592593 0.022916666666667 0.032407407407407
10 0.43255208333333 0.21296296296296 0.0234375 0.031481481481481
10 0.47760416666667 0.10694444444444 0.022916666666667 0.028703703703704