11 0.2625 0.19351851851852 0.038541666666667 0.057407407407407
11 0.8421875 0.51296296296296 0.041666666666667 0.051851851851852
11 0.415625 0.21712962962963 0.041666666666667 0.056481481481481
11 0.076822916666667 0.46435185185185 0.041145833333333 0.05462962962963
11 0.24192708333333 0.8037037037037 0.0734375 0.10185185185185
11 0.65833333333333 0.041666666666667 0.044791666666667 0.059259259259259
11 0.32083333333333 0.20185185185185 0.082291666666667 0.13703703703704
11 0.37291666666667 0.4875 0.038541666666667 0.04537037037037
11 0.94973958333333 0.78472222222222 0.086979166666667 0.16388888888889
11 0.9875 0.70462962962963 0.025 0.044444444444444
11 0.73984375 0.22268518518519 0.0421875 0.05462962962963
11 0.95390625 0.78703703703704 0.058854166666667 0.088888888888889
11 0.1140625 0.11944444444444 0.030208333333333 0.040740740740741
11 0.32864583333333 0.42638888888889 0.14270833333333 0.14722222222222
11 0.09140625 0.0375 0.038020833333333 0.058333333333333
11 0.53307291666667 0.29537037037037 0.041145833333333 0.046296296296296
11 0.067447916666667 0.44259259259259 0.069270833333333 0.11111111111111
11 0.74609375 0.42314814814815 0.031770833333333 0.038888888888889
11 0.8234375 0.72407407407407 0.035416666666667 0.044444444444444
11 0.14973958333333 0.7662037037037 0.11302083333333 0.15648148148148
11 0.87239583333333 0.30972222222222 0.035416666666667 0.043518518518519
11 0.2875 0.42685185185185 0.038541666666667 0.048148148148148
11 0.21953125 0.29768518518519 0.0390625 0.047222222222222
11 0.70260416666667 0.080555555555556 0.061458333333333 0.090740740740741
11 0.89739583333333 0.39814814814815 0.11666666666667 0.17037037037037
11 0.86848958333333 0.12824074074074 0.0421875 0.050925925925926
11 0.14505208333333 0.72916666666667 0.041145833333333 0.05462962962963
11 0.40286458333333 0.27962962962963 0.044270833333333 0.057407407407407
11 0.36822916666667 0.32222222222222 0.038541666666667 0.048148148148148
11 0.42864583333333 0.35601851851852 0.0375 0.04537037037037
11 0.2796875 0.56203703703704 0.041666666666667 0.053703703703704
11 0.17552083333333 0.039814814814815 0.035416666666667 0.051851851851852
11 0.23802083333333 0.32037037037037 0.038541666666667 0.048148148148148
11 0.3640625 0.43472222222222 0.039583333333333 0.047222222222222
11 0.96276041666667 0.56435185185185 0.061979166666667 0.10092592592593
11 0.54036458333333 0.25601851851852 0.050520833333333 0.075
11 0.77057291666667 0.2587962962963 0.041145833333333 0.047222222222222
11 0.78515625 0.53703703703704 0.0390625 0.048148148148148
11 0.69244791666667 0.33657407407407 0.040104166666667 0.052777777777778
11 0.53541666666667 0.24305555555556 0.125 0.16018518518519
11 0.073958333333333 0.93055555555556 0.078125 0.1037037037037
11 0.4140625 0.95648148148148 0.08125 0.085185185185185
11 0.35364583333333 0.37268518518519 0.039583333333333 0.04537037037037
11 0.10182291666667 0.17685185185185 0.13802083333333 0.15
11 0.36432291666667 0.55740740740741 0.0921875 0.11481481481481
11 0.3671875 0.55138888888889 0.053125 0.063888888888889
11 0.87838541666667 0.20833333333333 0.0421875 0.051851851851852
11 0.62135416666667 0.85416666666667 0.1375 0.21944444444444
11 0.696875 0.42361111111111 0.0625 0.075
11 0.409375 0.15046296296296 0.051041666666667 0.062037037037037
11 0.13619791666667 0.49074074074074 0.038020833333333 0.048148148148148
11 0.059895833333333 0.1412037037037 0.039583333333333 0.050925925925926
11 0.16848958333333 0.37222222222222 0.044270833333333 0.064814814814815
11 0.13385416666667 0.17592592592593 0.067708333333333 0.10185185185185
11 0.60052083333333 0.57916666666667 0.042708333333333 0.052777777777778
11 0.60625 0.29490740740741 0.038541666666667 0.047222222222222
11 0.3671875 0.23888888888889 0.0375 0.053703703703704
11 0.0546875 0.55138888888889 0.045833333333333 0.05462962962963
11 0.63515625 0.17638888888889 0.10677083333333 0.14351851851852
11 0.60703125 0.59074074074074 0.066145833333333 0.07962962962963
11 0.087239583333333 0.69768518518519 0.036979166666667 0.04537037037037
11 0.40833333333333 0.78148148148148 0.055208333333333 0.075925925925926
11 0.45182291666667 0.050925925925926 0.041145833333333 0.055555555555556
11 0.66380208333333 0.37453703703704 0.0609375 0.082407407407407
11 0.20572916666667 0.22592592592593 0.039583333333333 0.053703703703704
11 0.0671875 0.42314814814815 0.040625 0.055555555555556
11 0.61692708333333 0.60324074074074 0.10052083333333 0.11759259259259
11 0.40260416666667 0.040277777777778 0.079166666666667 0.080555555555556