11 0.742578125 0.47777777777778 0.02109375 0.030555555555556
11 0.638671875 0.4625 0.02890625 0.052777777777778
11 0.861328125 0.67986111111111 0.02109375 0.031944444444444
11 0.85703125 0.85347222222222 0.0234375 0.034722222222222
11 0.98671875 0.13819444444444 0.0234375 0.031944444444444
11 0.84296875 0.11666666666667 0.3078125 0.23333333333333
11 0.7953125 0.55138888888889 0.0234375 0.036111111111111
11 0.828125 0.53958333333333 0.01875 0.029166666666667
11 0.651171875 0.32152777777778 0.02265625 0.034722222222222
11 0.854296875 0.60833333333333 0.02265625 0.030555555555556
11 0.801171875 0.49722222222222 0.02734375 0.038888888888889
11 0.73125 0.42430555555556 0.0296875 0.043055555555556
11 0.64375 0.43402777777778 0.0171875 0.026388888888889
11 0.632421875 0.57152777777778 0.01953125 0.029166666666667
11 0.667578125 0.33819444444444 0.01796875 0.026388888888889
11 0.6765625 0.44097222222222 0.021875 0.031944444444444
11 0.74375 0.5625 0.01875 0.027777777777778
11 0.77734375 0.50486111111111 0.0171875 0.026388888888889
11 0.84609375 0.66180555555556 0.021875 0.029166666666667
11 0.75859375 0.54305555555556 0.0203125 0.036111111111111
11 0.87890625 0.70694444444444 0.0234375 0.036111111111111
11 0.6640625 0.45694444444444 0.0203125 0.030555555555556
11 0.7625 0.325 0.4578125 0.65
11 0.7890625 0.49444444444444 0.025 0.033333333333333
11 0.469140625 0.41736111111111 0.37734375 0.57361111111111
11 0.754296875 0.52083333333333 0.02265625 0.036111111111111
11 0.796484375 0.57638888888889 0.01953125 0.030555555555556
11 0.66796875 0.36736111111111 0.0203125 0.031944444444444
11 0.691796875 0.41041666666667 0.02109375 0.031944444444444
11 0.8484375 0.74236111111111 0.028125 0.040277777777778
11 0.72109375 0.47916666666667 0.0234375 0.033333333333333