11 0.3171875 0.48055555555556 0.084375 0.088888888888889
11 0.430859375 0.61527777777778 0.18984375 0.2
10 0.8359375 0.35625 0.1328125 0.17083333333333
10 0.78046875 0.69513888888889 0.1515625 0.14583333333333
11 0.32421875 0.72638888888889 0.04375 0.041666666666667
10 0.24375 0.61805555555556 0.1578125 0.15
11 0.435546875 0.24236111111111 0.16953125 0.2375
11 0.75078125 0.25902777777778 0.1125 0.10694444444444
10 0.11875 0.57777777777778 0.0859375 0.13611111111111
11 0.85390625 0.96041666666667 0.0703125 0.0625
10 0.359765625 0.96527777777778 0.10546875 0.069444444444444
11 0.172265625 0.33472222222222 0.10234375 0.13888888888889