11 0.596875 0.84212962962963 0.044791666666667 0.080555555555556
11 0.98385416666667 0.80787037037037 0.032291666666667 0.080555555555556
11 0.86458333333333 0.63657407407407 0.03125 0.04537037037037
11 0.53854166666667 0.72222222222222 0.0375 0.057407407407407
11 0.84453125 0.9337962962963 0.027604166666667 0.037962962962963
11 0.55130208333333 0.94861111111111 0.025520833333333 0.037962962962963
11 0.63541666666667 0.31712962962963 0.027083333333333 0.039814814814815
11 0.9015625 0.96018518518519 0.028125 0.037037037037037
11 0.81458333333333 0.65092592592593 0.026041666666667 0.037037037037037
11 0.50807291666667 0.97962962962963 0.025520833333333 0.035185185185185
11 0.778125 0.35509259259259 0.023958333333333 0.036111111111111
11 0.3078125 0.7037037037037 0.023958333333333 0.035185185185185
11 0.93802083333333 0.83564814814815 0.025 0.034259259259259
11 0.75703125 0.94259259259259 0.024479166666667 0.035185185185185
11 0.49479166666667 0.79537037037037 0.023958333333333 0.035185185185185
11 0.85052083333333 0.76527777777778 0.023958333333333 0.034259259259259
11 0.62890625 0.67083333333333 0.0234375 0.034259259259259
11 0.34713541666667 0.89166666666667 0.022395833333333 0.035185185185185
11 0.12864583333333 0.80046296296296 0.022916666666667 0.034259259259259
11 0.94557291666667 0.7162037037037 0.0234375 0.034259259259259
11 0.54635416666667 0.9625 0.022916666666667 0.034259259259259
11 0.98489583333333 0.38148148148148 0.021875 0.035185185185185
11 0.71901041666667 0.58564814814815 0.022395833333333 0.034259259259259
11 0.46223958333333 0.91064814814815 0.0234375 0.032407407407407
11 0.6375 0.033796296296296 0.021875 0.034259259259259
11 0.44401041666667 0.94166666666667 0.022395833333333 0.031481481481481
11 0.75625 0.55416666666667 0.021875 0.032407407407407
11 0.44739583333333 0.35185185185185 0.020833333333333 0.031481481481481
11 0.9796875 0.3412037037037 0.019791666666667 0.030555555555556
11 0.9015625 0.70509259259259 0.020833333333333 0.028703703703704
11 0.55052083333333 0.89675925925926 0.020833333333333 0.028703703703704
11 0.55807291666667 0.94490740740741 0.0203125 0.028703703703704
11 0.47317708333333 0.66435185185185 0.018229166666667 0.032407407407407
11 0.98359375 0.7037037037037 0.0203125 0.027777777777778
11 0.42291666666667 0.94074074074074 0.019791666666667 0.027777777777778
11 0.87005208333333 0.51157407407407 0.0203125 0.026851851851852
11 0.85494791666667 0.50694444444444 0.019270833333333 0.026851851851852
11 0.90572916666667 0.67314814814815 0.01875 0.025925925925926
11 0.52942708333333 0.56990740740741 0.0171875 0.026851851851852
11 0.73098958333333 0.71527777777778 0.018229166666667 0.025
11 0.44270833333333 0.70416666666667 0.017708333333333 0.025
11 0.40416666666667 0.92777777777778 0.017708333333333 0.024074074074074
11 0.62109375 0.73796296296296 0.0171875 0.024074074074074
11 0.41588541666667 0.8212962962963 0.0171875 0.024074074074074
11 0.39921875 0.92361111111111 0.019270833333333 0.021296296296296
11 0.59869791666667 0.53009259259259 0.016145833333333 0.025
11 0.4484375 0.72546296296296 0.015625 0.025
11 0.69244791666667 0.66574074074074 0.016145833333333 0.024074074074074
11 0.51328125 0.62916666666667 0.016145833333333 0.023148148148148
11 0.68385416666667 0.6287037037037 0.016666666666667 0.022222222222222
11 0.56875 0.625 0.016666666666667 0.022222222222222
11 0.47161458333333 0.68287037037037 0.015104166666667 0.023148148148148
11 0.46692708333333 0.75277777777778 0.015104166666667 0.022222222222222
11 0.4296875 0.8875 0.015625 0.021296296296296
11 0.425 0.85185185185185 0.014583333333333 0.022222222222222
11 0.459375 0.76064814814815 0.014583333333333 0.021296296296296
11 0.58255208333333 0.59768518518519 0.0140625 0.021296296296296
11 0.43932291666667 0.98657407407407 0.015104166666667 0.019444444444444
11 0.38515625 0.92175925925926 0.015104166666667 0.019444444444444
11 0.66015625 0.34768518518519 0.0140625 0.019444444444444
11 0.51979166666667 0.74305555555556 0.013541666666667 0.019444444444444
11 0.61276041666667 0.56157407407407 0.013020833333333 0.019444444444444
11 0.39479166666667 0.80740740740741 0.013541666666667 0.018518518518519
11 0.57005208333333 0.56574074074074 0.013020833333333 0.018518518518519
11 0.36484375 0.81759259259259 0.013020833333333 0.018518518518519
11 0.7046875 0.52222222222222 0.0125 0.018518518518519
11 0.39739583333333 0.76388888888889 0.0125 0.018518518518519
11 0.37135416666667 0.83888888888889 0.0125 0.018518518518519
11 0.51796875 0.52824074074074 0.013020833333333 0.017592592592593
11 0.58098958333333 0.49953703703704 0.013020833333333 0.017592592592593
11 0.49453125 0.65324074074074 0.013020833333333 0.017592592592593
11 0.60989583333333 0.45972222222222 0.0125 0.017592592592593
11 0.45390625 0.66944444444444 0.011979166666667 0.016666666666667
11 0.70729166666667 0.48981481481481 0.011458333333333 0.016666666666667
11 0.49479166666667 0.58611111111111 0.011458333333333 0.016666666666667
11 0.56119791666667 0.64861111111111 0.0109375 0.015740740740741
11 0.54088541666667 0.50833333333333 0.0109375 0.014814814814815
11 0.4328125 0.72962962962963 0.011458333333333 0.016666666666667