11 0.7015625 0.70486111111111 0.040625 0.051388888888889
11 0.830859375 0.29166666666667 0.33671875 0.58333333333333
11 0.48828125 0.1625 0.0796875 0.125
11 0.31953125 0.60555555555556 0.3015625 0.55
11 0.7171875 0.51319444444444 0.0640625 0.093055555555556
11 0.491796875 0.29722222222222 0.06953125 0.10277777777778
11 0.581640625 0.15208333333333 0.05859375 0.084722222222222
11 0.6796875 0.26319444444444 0.0625 0.090277777777778
11 0.5625 0.28888888888889 0.053125 0.086111111111111
11 0.672265625 0.76597222222222 0.05546875 0.070833333333333
11 0.76015625 0.62430555555556 0.05625 0.068055555555556
11 0.6859375 0.20277777777778 0.053125 0.080555555555556
11 0.626953125 0.15833333333333 0.04921875 0.075
11 0.69453125 0.76875 0.0421875 0.0875
11 0.595703125 0.31944444444444 0.04765625 0.075
11 0.653125 0.27361111111111 0.0453125 0.072222222222222
11 0.624609375 0.26875 0.04453125 0.068055555555556
11 0.5515625 0.10972222222222 0.04375 0.066666666666667
11 0.503515625 0.10555555555556 0.04296875 0.066666666666667
11 0.690625 0.79305555555556 0.046875 0.061111111111111
11 0.599609375 0.22222222222222 0.04296875 0.063888888888889
11 0.680859375 0.60208333333333 0.05078125 0.054166666666667
11 0.665625 0.71319444444444 0.0453125 0.059722222222222
11 0.4859375 0.24236111111111 0.04375 0.0625
11 0.67265625 0.65 0.0453125 0.058333333333333