10 0.22447916666667 0.5412037037037 0.04375 0.049074074074074
10 0.27421875 0.51435185185185 0.0390625 0.05462962962963
10 0.23854166666667 0.63055555555556 0.034375 0.059259259259259
10 0.21276041666667 0.58657407407407 0.028645833333333 0.041666666666667
10 0.37838541666667 0.63935185185185 0.0265625 0.043518518518519
10 0.25598958333333 0.48611111111111 0.027604166666667 0.040740740740741
10 0.53072916666667 0.325 0.026041666666667 0.037037037037037
10 0.32369791666667 0.6037037037037 0.024479166666667 0.038888888888889
10 0.45625 0.48101851851852 0.026041666666667 0.036111111111111
10 0.48098958333333 0.40787037037037 0.021354166666667 0.039814814814815
10 0.27447916666667 0.6212962962963 0.022916666666667 0.033333333333333
10 0.55442708333333 0.25277777777778 0.022395833333333 0.031481481481481
10 0.17395833333333 0.64490740740741 0.020833333333333 0.030555555555556
10 0.15052083333333 0.62685185185185 0.019791666666667 0.02962962962963
10 0.34088541666667 0.57222222222222 0.018229166666667 0.02962962962963
10 0.12239583333333 0.61805555555556 0.017708333333333 0.028703703703704
10 0.41744791666667 0.53981481481481 0.0171875 0.025925925925926
10 0.403125 0.58935185185185 0.015625 0.026851851851852
10 0.56848958333333 0.3037037037037 0.016145833333333 0.024074074074074
10 0.32864583333333 0.51898148148148 0.016666666666667 0.023148148148148
10 0.13802083333333 0.65787037037037 0.014583333333333 0.025
10 0.48151041666667 0.38009259259259 0.0140625 0.025
10 0.27317708333333 0.58981481481481 0.015104166666667 0.024074074074074
10 0.079947916666667 0.64675925925926 0.0140625 0.023148148148148
10 0.52447916666667 0.42037037037037 0.014583333333333 0.022222222222222
10 0.27161458333333 0.66481481481481 0.0140625 0.022222222222222
10 0.25286458333333 0.4212962962963 0.0140625 0.022222222222222
10 0.27213541666667 0.45185185185185 0.015104166666667 0.02037037037037
10 0.21901041666667 0.50601851851852 0.0140625 0.021296296296296
10 0.51223958333333 0.37731481481481 0.0140625 0.019444444444444
10 0.57369791666667 0.10509259259259 0.013020833333333 0.019444444444444
45 0.55364583333333 0.061111111111111 0.013541666666667 0.018518518518519
10 0.3875 0.55185185185185 0.0125 0.018518518518519
10 0.17239583333333 0.55 0.0125 0.018518518518519
10 0.17135416666667 0.61296296296296 0.0125 0.018518518518519
10 0.14765625 0.55138888888889 0.013020833333333 0.017592592592593
10 0.40963541666667 0.56666666666667 0.0109375 0.018518518518519
10 0.45260416666667 0.57314814814815 0.011458333333333 0.014814814814815
10 0.22421875 0.5412037037037 0.041145833333333 0.049074074074074
10 0.23802083333333 0.62962962962963 0.034375 0.059259259259259
10 0.27291666666667 0.51388888888889 0.0375 0.051851851851852
10 0.21276041666667 0.5875 0.030729166666667 0.043518518518519
10 0.25651041666667 0.48564814814815 0.0296875 0.041666666666667
10 0.45546875 0.47916666666667 0.0296875 0.043518518518519
10 0.378125 0.63981481481481 0.026041666666667 0.044444444444444
10 0.48098958333333 0.40601851851852 0.0265625 0.043518518518519
10 0.53020833333333 0.32592592592593 0.028125 0.037037037037037
10 0.32317708333333 0.60185185185185 0.0265625 0.038888888888889
10 0.27552083333333 0.6212962962963 0.025 0.035185185185185
10 0.5546875 0.25277777777778 0.022916666666667 0.033333333333333
10 0.3484375 0.63888888888889 0.019791666666667 0.033333333333333
10 0.34088541666667 0.57222222222222 0.0203125 0.031481481481481
10 0.17291666666667 0.64537037037037 0.019791666666667 0.02962962962963
10 0.12239583333333 0.61805555555556 0.01875 0.030555555555556
10 0.40260416666667 0.58981481481481 0.017708333333333 0.027777777777778
10 0.41744791666667 0.53888888888889 0.018229166666667 0.025925925925926
10 0.27239583333333 0.45231481481481 0.016666666666667 0.025
10 0.56848958333333 0.3037037037037 0.0171875 0.024074074074074
10 0.15078125 0.62777777777778 0.015104166666667 0.025925925925926
10 0.48151041666667 0.38009259259259 0.015104166666667 0.025
10 0.13802083333333 0.65740740740741 0.015625 0.024074074074074
10 0.271875 0.66435185185185 0.015625 0.023148148148148
10 0.5125 0.37824074074074 0.015625 0.023148148148148
10 0.25390625 0.42037037037037 0.016145833333333 0.022222222222222
10 0.32890625 0.51851851851852 0.016145833333333 0.022222222222222
10 0.079166666666667 0.6462962962963 0.014583333333333 0.024074074074074
10 0.21927083333333 0.50601851851852 0.013541666666667 0.021296296296296
10 0.52395833333333 0.41944444444444 0.015625 0.02037037037037
10 0.38723958333333 0.55185185185185 0.0140625 0.02037037037037
10 0.55364583333333 0.061574074074074 0.014583333333333 0.019444444444444
10 0.43958333333333 0.45462962962963 0.013541666666667 0.018518518518519
10 0.17213541666667 0.55 0.013020833333333 0.018518518518519
10 0.17109375 0.61296296296296 0.013020833333333 0.018518518518519
10 0.14791666666667 0.55185185185185 0.0125 0.018518518518519
10 0.40911458333333 0.56666666666667 0.011979166666667 0.018518518518519
10 0.57291666666667 0.10509259259259 0.0125 0.017592592592593
10 0.45234375 0.57361111111111 0.011979166666667 0.017592592592593