10 0.358203125 0.92708333333333 0.09609375 0.13194444444444
10 0.574609375 0.39652777777778 0.36015625 0.54305555555556
10 0.093359375 0.066666666666667 0.14453125 0.13333333333333
10 0.45703125 0.97916666666667 0.06875 0.038888888888889
10 0.80703125 0.11736111111111 0.08125 0.12083333333333
10 0.2078125 0.54861111111111 0.1140625 0.17222222222222
10 0.532421875 0.025694444444444 0.08203125 0.051388888888889
10 0.197265625 0.32013888888889 0.20234375 0.2375
10 0.415234375 0.45 0.07578125 0.1
10 0.7921875 0.22777777777778 0.0828125 0.12222222222222
10 0.614453125 0.1 0.09296875 0.14166666666667