10 0.403515625 0.40347222222222 0.04453125 0.056944444444444
10 0.842578125 0.65972222222222 0.04140625 0.052777777777778
10 0.610546875 0.53611111111111 0.08515625 0.094444444444444
10 0.57890625 0.4625 0.0484375 0.058333333333333
10 0.678125 0.53333333333333 0.04375 0.058333333333333
10 0.76875 0.74861111111111 0.0453125 0.052777777777778
10 0.57578125 0.9125 0.05625 0.063888888888889
10 0.476171875 0.33819444444444 0.04296875 0.056944444444444
10 0.853125 0.60625 0.04375 0.054166666666667
10 0.632421875 0.63333333333333 0.04765625 0.052777777777778
10 0.596484375 0.67916666666667 0.04453125 0.055555555555556
10 0.739453125 0.55277777777778 0.04765625 0.058333333333333
10 0.610546875 0.46944444444444 0.04921875 0.058333333333333
10 0.710546875 0.65138888888889 0.04296875 0.05
10 0.683984375 0.92638888888889 0.04921875 0.061111111111111
10 0.647265625 0.49236111111111 0.04296875 0.048611111111111
10 0.803515625 0.59930555555556 0.05390625 0.081944444444444
10 0.817578125 0.35625 0.04140625 0.056944444444444
10 0.61484375 0.98263888888889 0.0453125 0.031944444444444
10 0.6421875 0.69097222222222 0.0609375 0.068055555555556
10 0.808984375 0.51875 0.04453125 0.054166666666667
10 0.638671875 0.92430555555556 0.04296875 0.056944444444444
10 0.205078125 0.88541666666667 0.04453125 0.0625
10 0.48828125 0.48958333333333 0.0453125 0.0625
10 0.4796875 0.60208333333333 0.078125 0.098611111111111
10 0.2640625 0.33125 0.0390625 0.054166666666667
10 0.333984375 0.34027777777778 0.03515625 0.044444444444444
10 0.655859375 0.75486111111111 0.08515625 0.11527777777778
10 0.75859375 0.64791666666667 0.0484375 0.056944444444444
10 0.2890625 0.42986111111111 0.0375 0.054166666666667
10 0.497265625 0.37291666666667 0.04140625 0.059722222222222