11 0.597265625 0.90555555555556 0.07265625 0.11944444444444
11 0.387109375 0.46597222222222 0.06328125 0.10694444444444
11 0.348828125 0.89652777777778 0.06484375 0.10138888888889
11 0.443359375 0.039583333333333 0.06171875 0.079166666666667
11 0.668359375 0.21111111111111 0.05078125 0.075
11 0.285546875 0.63125 0.05390625 0.084722222222222
11 0.488671875 0.18333333333333 0.04765625 0.077777777777778
11 0.269921875 0.072916666666667 0.04921875 0.073611111111111
11 0.6875 0.11805555555556 0.0453125 0.077777777777778
11 0.68125 0.76111111111111 0.0421875 0.069444444444444
11 0.384375 0.27847222222222 0.0453125 0.070833333333333
11 0.31328125 0.50416666666667 0.04375 0.066666666666667
11 0.278125 0.17777777777778 0.04375 0.066666666666667
11 0.462109375 0.23125 0.03515625 0.048611111111111