10 0.91510416666667 0.37916666666667 0.171875 0.2287037037037
10 0.42161458333333 0.35787037037037 0.24427083333333 0.26388888888889
10 0.89583333333333 0.31759259259259 0.095833333333333 0.12592592592593
10 0.02109375 0.32638888888889 0.0421875 0.10648148148148
10 0.74479166666667 0.44259259259259 0.115625 0.14444444444444
10 0.13072916666667 0.29166666666667 0.091666666666667 0.11111111111111
10 0.96484375 0.16805555555556 0.071354166666667 0.19537037037037
10 0.61796875 0.3337962962963 0.084895833333333 0.10092592592593
10 0.78697916666667 0.33703703703704 0.094791666666667 0.12777777777778
10 0.21588541666667 0.42592592592593 0.19322916666667 0.22962962962963
10 0.7078125 0.29166666666667 0.067708333333333 0.085185185185185
10 0.08984375 0.3712962962963 0.1515625 0.19814814814815