10 0.40546875 0.32430555555556 0.340625 0.55694444444444
10 0.669921875 0.36458333333333 0.05546875 0.079166666666667
10 0.78515625 0.22847222222222 0.396875 0.45416666666667
10 0.660546875 0.26944444444444 0.05390625 0.080555555555556
10 0.848046875 0.43263888888889 0.05546875 0.073611111111111
10 0.834375 0.54444444444444 0.05 0.072222222222222
10 0.77734375 0.46111111111111 0.0453125 0.063888888888889
10 0.86015625 0.44444444444444 0.0375 0.052777777777778
10 0.718359375 0.53194444444444 0.04296875 0.061111111111111
10 0.887109375 0.49861111111111 0.03671875 0.05
10 0.74296875 0.59722222222222 0.0359375 0.052777777777778
10 0.8078125 0.48333333333333 0.0359375 0.05
10 0.6890625 0.45486111111111 0.0359375 0.048611111111111
10 0.821875 0.57291666666667 0.0359375 0.048611111111111
10 0.7890625 0.50902777777778 0.0359375 0.045833333333333
10 0.66875 0.42569444444444 0.0328125 0.045833333333333
10 0.7328125 0.44375 0.0328125 0.043055555555556
10 0.74375 0.46875 0.0328125 0.043055555555556
10 0.834375 0.47569444444444 0.0296875 0.043055555555556
10 0.742578125 0.54583333333333 0.03203125 0.041666666666667
10 0.808984375 0.42777777777778 0.02890625 0.041666666666667
10 0.728515625 0.67638888888889 0.02890625 0.038888888888889
10 0.8796875 0.475 0.028125 0.038888888888889
10 0.8921875 0.3625 0.0265625 0.038888888888889
10 0.646875 0.40625 0.0265625 0.0375
10 0.80546875 0.44861111111111 0.028125 0.036111111111111
10 0.629296875 0.32638888888889 0.02578125 0.036111111111111
10 0.75390625 0.57083333333333 0.0234375 0.030555555555556
10 0.72265625 0.49305555555556 0.0234375 0.030555555555556