10 0.4 0.40324074074074 0.25416666666667 0.29537037037037
10 0.48463541666667 0.35 0.2609375 0.32592592592593
10 0.93072916666667 0.36944444444444 0.140625 0.18888888888889
10 0.10130208333333 0.35925925925926 0.18802083333333 0.24814814814815
10 0.067708333333333 0.40138888888889 0.13541666666667 0.1712962962963
10 0.80755208333333 0.325 0.1328125 0.15925925925926
10 0.759375 0.42916666666667 0.11979166666667 0.1712962962963
10 0.221875 0.37314814814815 0.12291666666667 0.12962962962963
10 0.76796875 0.33194444444444 0.093229166666667 0.13240740740741
10 0.6484375 0.31018518518519 0.10729166666667 0.13888888888889
10 0.60286458333333 0.46018518518519 0.0703125 0.10555555555556
10 0.96354166666667 0.1625 0.071875 0.17314814814815
10 0.73307291666667 0.26666666666667 0.065104166666667 0.090740740740741
10 0.97890625 0.4912037037037 0.040104166666667 0.084259259259259