10 0.85208333333333 0.80277777777778 0.085416666666667 0.14444444444444
10 0.34973958333333 0.97361111111111 0.059895833333333 0.052777777777778
10 0.70885416666667 0.44907407407407 0.039583333333333 0.062962962962963
10 0.86614583333333 0.48333333333333 0.073958333333333 0.12037037037037
10 0.51536458333333 0.43148148148148 0.0390625 0.059259259259259
10 0.97213541666667 0.72592592592593 0.038020833333333 0.053703703703704
10 0.57578125 0.45185185185185 0.034895833333333 0.055555555555556
10 0.98671875 0.58703703703704 0.025520833333333 0.072222222222222
10 0.23411458333333 0.29166666666667 0.031770833333333 0.053703703703704
10 0.58151041666667 0.22175925925926 0.0328125 0.050925925925926
10 0.8203125 0.36481481481481 0.033333333333333 0.05
10 0.55729166666667 0.77546296296296 0.036458333333333 0.043518518518519
10 0.86536458333333 0.53287037037037 0.0328125 0.047222222222222
10 0.81953125 0.24768518518519 0.031770833333333 0.049074074074074
10 0.70442708333333 0.49398148148148 0.031770833333333 0.047222222222222
10 0.92057291666667 0.4462962962963 0.031770833333333 0.046296296296296
10 0.79557291666667 0.3912037037037 0.0296875 0.047222222222222
10 0.44401041666667 0.69444444444444 0.030729166666667 0.042592592592593
10 0.48489583333333 0.52592592592593 0.030208333333333 0.042592592592593
10 0.77942708333333 0.15787037037037 0.027604166666667 0.043518518518519
10 0.43046875 0.74583333333333 0.027604166666667 0.043518518518519
10 0.59895833333333 0.31018518518519 0.029166666666667 0.044444444444444
10 0.55546875 0.87222222222222 0.0296875 0.038888888888889
10 0.53697916666667 0.55416666666667 0.028125 0.039814814814815
10 0.55286458333333 0.91574074074074 0.028645833333333 0.038888888888889
10 0.47734375 0.81203703703704 0.028645833333333 0.038888888888889
10 0.76510416666667 0.57962962962963 0.028125 0.038888888888889
10 0.59583333333333 0.93240740740741 0.028125 0.038888888888889
10 0.53567708333333 0.48657407407407 0.027604166666667 0.037962962962963
10 0.51536458333333 0.87916666666667 0.028645833333333 0.036111111111111
10 0.525 0.60231481481481 0.028125 0.036111111111111
10 0.73671875 0.74490740740741 0.0265625 0.037962962962963
10 0.609375 0.84814814814815 0.027083333333333 0.037037037037037
10 0.58307291666667 0.81203703703704 0.0265625 0.037037037037037
10 0.44921875 0.79351851851852 0.0265625 0.037037037037037
10 0.095052083333333 0.64212962962963 0.025520833333333 0.037962962962963
10 0.30182291666667 0.88009259259259 0.0265625 0.036111111111111
10 0.52213541666667 0.73009259259259 0.0265625 0.036111111111111
10 0.48125 0.79351851851852 0.026041666666667 0.035185185185185
10 0.49296875 0.72638888888889 0.031770833333333 0.028703703703704
10 0.52708333333333 0.39212962962963 0.025 0.036111111111111
10 0.496875 0.63333333333333 0.023958333333333 0.037037037037037
10 0.29479166666667 0.90740740740741 0.026041666666667 0.033333333333333
10 0.4953125 0.25694444444444 0.023958333333333 0.036111111111111
10 0.69583333333333 0.59398148148148 0.023958333333333 0.034259259259259
10 0.088020833333333 0.84675925925926 0.023958333333333 0.034259259259259
10 0.43151041666667 0.90462962962963 0.024479166666667 0.033333333333333
10 0.50390625 0.71898148148148 0.024479166666667 0.032407407407407
10 0.27109375 0.81574074074074 0.0234375 0.033333333333333
10 0.46041666666667 0.88009259259259 0.023958333333333 0.032407407407407
10 0.56510416666667 0.54907407407407 0.022916666666667 0.033333333333333
10 0.33932291666667 0.82268518518519 0.0234375 0.030555555555556
10 0.51302083333333 0.77731481481481 0.022916666666667 0.030555555555556
10 0.51666666666667 0.55509259259259 0.021875 0.030555555555556
10 0.41119791666667 0.77453703703704 0.021354166666667 0.030555555555556
10 0.24635416666667 0.69722222222222 0.021875 0.02962962962963
10 0.496875 0.69074074074074 0.021875 0.02962962962963
10 0.43020833333333 0.81296296296296 0.021875 0.02962962962963
10 0.52890625 0.82731481481481 0.022395833333333 0.028703703703704
10 0.57526041666667 0.59351851851852 0.021354166666667 0.02962962962963
10 0.42239583333333 0.88564814814815 0.021875 0.028703703703704
10 0.49010416666667 0.55740740740741 0.020833333333333 0.02962962962963
10 0.52083333333333 0.51157407407407 0.020833333333333 0.028703703703704
10 0.48098958333333 0.73240740740741 0.021354166666667 0.027777777777778
10 0.39635416666667 0.89074074074074 0.020833333333333 0.027777777777778
10 0.44635416666667 0.77962962962963 0.020833333333333 0.027777777777778
10 0.27109375 0.60324074074074 0.019270833333333 0.028703703703704
10 0.5375 0.53472222222222 0.019791666666667 0.026851851851852
10 0.52786458333333 0.67222222222222 0.0203125 0.025925925925926
10 0.52786458333333 0.62083333333333 0.019270833333333 0.026851851851852
10 0.49427083333333 0.80277777777778 0.019791666666667 0.025925925925926
10 0.51901041666667 0.89768518518519 0.0203125 0.025
10 0.3953125 0.8537037037037 0.01875 0.025925925925926
10 0.42135416666667 0.86203703703704 0.019791666666667 0.024074074074074
10 0.31328125 0.44907407407407 0.018229166666667 0.024074074074074
10 0.48932291666667 0.43009259259259 0.016145833333333 0.025
10 0.53255208333333 0.44953703703704 0.016145833333333 0.023148148148148