10 0.77109375 0.21944444444444 0.2765625 0.43888888888889
10 0.35390625 0.32986111111111 0.2765625 0.39583333333333
10 0.605078125 0.15833333333333 0.16953125 0.23055555555556
10 0.20859375 0.18958333333333 0.171875 0.24583333333333
10 0.262109375 0.093055555555556 0.18046875 0.18611111111111
10 0.7453125 0.49722222222222 0.134375 0.2
10 0.951953125 0.50277777777778 0.09609375 0.23888888888889
10 0.59375 0.44652777777778 0.1265625 0.18472222222222
10 0.930078125 0.098611111111111 0.13984375 0.19722222222222
10 0.95546875 0.3625 0.0890625 0.24722222222222
10 0.929296875 0.65972222222222 0.11953125 0.17222222222222
10 0.453515625 0.055555555555556 0.14921875 0.11111111111111
10 0.498828125 0.46180555555556 0.09296875 0.17083333333333