10 0.063802083333333 0.15787037037037 0.12760416666667 0.18796296296296
10 0.4609375 0.74537037037037 0.075 0.10185185185185
10 0.409375 0.37175925925926 0.092708333333333 0.11944444444444
10 0.15963541666667 0.30601851851852 0.063020833333333 0.080555555555556
10 0.49505208333333 0.25 0.0703125 0.074074074074074
10 0.04609375 0.7625 0.0359375 0.047222222222222
10 0.37630208333333 0.50833333333333 0.065104166666667 0.083333333333333
10 0.22578125 0.27083333333333 0.061979166666667 0.073148148148148
10 0.67890625 0.93981481481481 0.058854166666667 0.07037037037037
10 0.67708333333333 0.22083333333333 0.077083333333333 0.075
10 0.69192708333333 0.086574074074074 0.0921875 0.089814814814815
10 0.029166666666667 0.14722222222222 0.05625 0.092592592592593
10 0.32369791666667 0.41481481481481 0.0390625 0.048148148148148
10 0.68125 0.43333333333333 0.061458333333333 0.096296296296296
10 0.453125 0.43657407407407 0.042708333333333 0.049074074074074
10 0.42161458333333 0.034259259259259 0.0671875 0.066666666666667
10 0.33125 0.93055555555556 0.084375 0.12222222222222
10 0.18958333333333 0.25648148148148 0.045833333333333 0.057407407407407
10 0.73958333333333 0.42731481481481 0.033333333333333 0.041666666666667
10 0.56067708333333 0.041666666666667 0.049479166666667 0.051851851851852
10 0.16848958333333 0.094444444444444 0.043229166666667 0.055555555555556
10 0.8203125 0.1962962962963 0.048958333333333 0.051851851851852
10 0.11666666666667 0.65925925925926 0.040625 0.053703703703704
10 0.51432291666667 0.24212962962963 0.0953125 0.10462962962963
10 0.40885416666667 0.11342592592593 0.098958333333333 0.13425925925926
10 0.21223958333333 0.77546296296296 0.044270833333333 0.05462962962963
10 0.74661458333333 0.12592592592593 0.0515625 0.053703703703704
10 0.82942708333333 0.49259259259259 0.043229166666667 0.053703703703704
10 0.98880208333333 0.73842592592593 0.021354166666667 0.062037037037037
10 0.77526041666667 0.24074074074074 0.053645833333333 0.061111111111111
10 0.72890625 0.37175925925926 0.043229166666667 0.05462962962963
10 0.2546875 0.19953703703704 0.073958333333333 0.084259259259259
10 0.63567708333333 0.19027777777778 0.0421875 0.047222222222222
10 0.39088541666667 0.20555555555556 0.043229166666667 0.046296296296296
10 0.47057291666667 0.67916666666667 0.0359375 0.047222222222222
10 0.12526041666667 0.73055555555556 0.041145833333333 0.05
10 0.97630208333333 0.83981481481481 0.043229166666667 0.07037037037037
10 0.953125 0.13148148148148 0.052083333333333 0.055555555555556
10 0.46666666666667 0.036574074074074 0.048958333333333 0.056481481481481
10 0.41875 0.33611111111111 0.048958333333333 0.057407407407407
10 0.070572916666667 0.093518518518519 0.038020833333333 0.05
10 0.57552083333333 0.22314814814815 0.04375 0.053703703703704
10 0.79270833333333 0.31435185185185 0.047916666666667 0.052777777777778
10 0.23359375 0.67453703703704 0.038020833333333 0.049074074074074
10 0.23151041666667 0.14861111111111 0.0421875 0.052777777777778
10 0.41171875 0.13611111111111 0.063020833333333 0.072222222222222
10 0.066145833333333 0.45462962962963 0.038541666666667 0.048148148148148
10 0.018229166666667 0.52314814814815 0.033333333333333 0.057407407407407
10 0.27213541666667 0.53981481481481 0.043229166666667 0.055555555555556
10 0.98854166666667 0.52268518518519 0.021875 0.065740740740741
10 0.34661458333333 0.25648148148148 0.080729166666667 0.12222222222222
10 0.92916666666667 0.017592592592593 0.044791666666667 0.033333333333333
10 0.66588541666667 0.63240740740741 0.046354166666667 0.055555555555556
10 0.84427083333333 0.73287037037037 0.039583333333333 0.049074074074074
10 0.94791666666667 0.36712962962963 0.060416666666667 0.076851851851852
10 0.041145833333333 0.90092592592593 0.072916666666667 0.07037037037037
10 0.78541666666667 0.48935185185185 0.0375 0.047222222222222
10 0.34192708333333 0.29953703703704 0.049479166666667 0.060185185185185
10 0.78359375 0.41296296296296 0.038020833333333 0.048148148148148
10 0.30598958333333 0.3662037037037 0.041145833333333 0.04537037037037
10 0.087239583333333 0.50046296296296 0.043229166666667 0.05462962962963
10 0.011197916666667 0.022685185185185 0.021354166666667 0.04537037037037
10 0.840625 0.41712962962963 0.038541666666667 0.04537037037037
10 0.059114583333333 0.90601851851852 0.0453125 0.056481481481481
10 0.65364583333333 0.27037037037037 0.15833333333333 0.1962962962963
10 0.64427083333333 0.78009259259259 0.0625 0.076851851851852
10 0.59635416666667 0.37731481481481 0.045833333333333 0.056481481481481
10 0.85598958333333 0.31018518518519 0.040104166666667 0.044444444444444
10 0.95 0.34907407407407 0.091666666666667 0.11666666666667
10 0.88151041666667 0.46527777777778 0.040104166666667 0.052777777777778