11 0.67421875 0.071296296296296 0.027604166666667 0.042592592592593
11 0.25703125 0.31990740740741 0.0265625 0.037962962962963
11 0.27135416666667 0.37777777777778 0.026041666666667 0.038888888888889
11 0.64453125 0.32731481481481 0.030729166666667 0.047222222222222
11 0.6171875 0.27777777777778 0.030208333333333 0.046296296296296
11 0.26875 0.51111111111111 0.028125 0.037037037037037
11 0.62369791666667 0.84814814814815 0.047395833333333 0.068518518518519
11 0.69921875 0.45231481481481 0.027604166666667 0.039814814814815
11 0.75755208333333 0.13657407407407 0.034895833333333 0.052777777777778
11 0.61380208333333 0.32453703703704 0.034895833333333 0.056481481481481
11 0.63515625 0.44444444444444 0.0484375 0.075925925925926
11 0.653125 0.29027777777778 0.039583333333333 0.060185185185185
11 0.66927083333333 0.60185185185185 0.052083333333333 0.072222222222222
11 0.61328125 0.69907407407407 0.0296875 0.038888888888889
11 0.70234375 0.80740740740741 0.096354166666667 0.15
11 0.74791666666667 0.60324074074074 0.027083333333333 0.037962962962963
11 0.67473958333333 0.47037037037037 0.031770833333333 0.05
11 0.74817708333333 0.25277777777778 0.034895833333333 0.051851851851852
11 0.57708333333333 0.073148148148148 0.028125 0.042592592592593
11 0.61692708333333 0.027314814814815 0.0296875 0.043518518518519
11 0.54427083333333 0.32407407407407 0.029166666666667 0.044444444444444
11 0.53671875 0.4212962962963 0.034895833333333 0.051851851851852
11 0.60989583333333 0.52453703703704 0.047916666666667 0.065740740740741
11 0.66614583333333 0.3625 0.021875 0.032407407407407
11 0.77630208333333 0.56990740740741 0.027604166666667 0.039814814814815
11 0.5625 0.30462962962963 0.020833333333333 0.031481481481481
11 0.59583333333333 0.32453703703704 0.03125 0.047222222222222
11 0.53307291666667 0.37546296296296 0.022395833333333 0.034259259259259
11 0.51822916666667 0.54861111111111 0.034375 0.049074074074074
11 0.67421875 0.22916666666667 0.044270833333333 0.065740740740741
11 0.66223958333333 0.42175925925926 0.0234375 0.034259259259259
11 0.628125 0.22083333333333 0.026041666666667 0.039814814814815
11 0.61458333333333 0.11203703703704 0.026041666666667 0.040740740740741
11 0.64010416666667 0.3962962962963 0.027083333333333 0.042592592592593
11 0.43645833333333 0.3787037037037 0.027083333333333 0.038888888888889
11 0.95963541666667 0.046296296296296 0.080729166666667 0.092592592592593
11 0.32395833333333 0.2212962962963 0.025 0.037037037037037
11 0.64947916666667 0.38101851851852 0.029166666666667 0.04537037037037
11 0.44270833333333 0.43888888888889 0.028125 0.040740740740741
11 0.57395833333333 0.10092592592593 0.029166666666667 0.046296296296296
11 0.65989583333333 0.48101851851852 0.028125 0.041666666666667
11 0.76119791666667 0.44444444444444 0.0296875 0.042592592592593
11 0.62682291666667 0.4837962962963 0.030729166666667 0.047222222222222
11 0.7140625 0.25648148148148 0.036458333333333 0.053703703703704
11 0.51666666666667 0.3375 0.03125 0.039814814814815
11 0.5703125 0.34722222222222 0.03125 0.053703703703704
11 0.59505208333333 0.26064814814815 0.031770833333333 0.049074074074074
11 0.73567708333333 0.084259259259259 0.027604166666667 0.040740740740741
11 0.32291666666667 0.42407407407407 0.029166666666667 0.042592592592593
11 0.65208333333333 0.062037037037037 0.029166666666667 0.046296296296296
11 0.5796875 0.22037037037037 0.027083333333333 0.042592592592593
11 0.49583333333333 0.50185185185185 0.032291666666667 0.044444444444444
11 0.38203125 0.64259259259259 0.036979166666667 0.048148148148148
11 0.30729166666667 0.53703703703704 0.035416666666667 0.048148148148148
11 0.56979166666667 0.044444444444444 0.027083333333333 0.044444444444444
11 0.28880208333333 0.55509259259259 0.033854166666667 0.043518518518519
11 0.66432291666667 0.26296296296296 0.031770833333333 0.048148148148148
11 0.59140625 0.28657407407407 0.0296875 0.04537037037037
11 0.71822916666667 0.33240740740741 0.121875 0.19259259259259
11 0.65078125 0.15 0.033854166666667 0.053703703703704