10 0.85 0.48055555555556 0.021875 0.030555555555556
10 0.9171875 0.63194444444444 0.025 0.033333333333333
10 0.644140625 0.26111111111111 0.02890625 0.041666666666667
10 0.901953125 0.55694444444444 0.02578125 0.033333333333333
10 0.50390625 0.52222222222222 0.3171875 0.68055555555556
10 0.878515625 0.60694444444444 0.02109375 0.027777777777778
10 0.81640625 0.50347222222222 0.0171875 0.023611111111111
10 0.659765625 0.47152777777778 0.02109375 0.029166666666667
10 0.809375 0.48194444444444 0.0171875 0.025
10 0.753125 0.46736111111111 0.0296875 0.040277777777778
10 0.76953125 0.42638888888889 0.0203125 0.027777777777778
10 0.898828125 0.74236111111111 0.02578125 0.034722222222222
10 0.85546875 0.60277777777778 0.0203125 0.025
10 0.775390625 0.29652777777778 0.44609375 0.58472222222222
10 0.869921875 0.65069444444444 0.02109375 0.029166666666667
10 0.675 0.37222222222222 0.0296875 0.036111111111111