33 0.522265625 0.5875 0.13671875 0.19444444444444
33 0.64296875 0.42777777777778 0.2046875 0.34166666666667
33 0.269921875 0.38402777777778 0.14140625 0.26805555555556
33 0.9125 0.70069444444444 0.1375 0.1625
10 0.266015625 0.32430555555556 0.12109375 0.14583333333333
33 0.51953125 0.57222222222222 0.128125 0.21388888888889
33 0.521875 0.58819444444444 0.1265625 0.20138888888889
33 0.640234375 0.47430555555556 0.17109375 0.2375
33 0.25546875 0.37916666666667 0.1125 0.25555555555556
33 0.91640625 0.70069444444444 0.1421875 0.16805555555556
33 0.891796875 0.49652777777778 0.09609375 0.15972222222222
33 0.484765625 0.39791666666667 0.06171875 0.17083333333333
33 0.053515625 0.27916666666667 0.07578125 0.075