11 0.7 0.10277777777778 0.035416666666667 0.048148148148148
11 0.58515625 0.79722222222222 0.13385416666667 0.16481481481481
11 0.54114583333333 0.31481481481481 0.057291666666667 0.068518518518519
11 0.35989583333333 0.5125 0.035416666666667 0.043518518518519
11 0.64322916666667 0.5662037037037 0.032291666666667 0.043518518518519
11 0.35494791666667 0.39259259259259 0.041145833333333 0.061111111111111
11 0.75416666666667 0.76944444444444 0.13541666666667 0.10185185185185
11 0.11848958333333 0.015277777777778 0.030729166666667 0.030555555555556
11 0.3828125 0.43981481481481 0.039583333333333 0.055555555555556
11 0.27265625 0.60925925925926 0.0328125 0.040740740740741
11 0.66328125 0.47731481481481 0.044270833333333 0.056481481481481
11 0.31223958333333 0.60694444444444 0.043229166666667 0.050925925925926
11 0.34973958333333 0.25185185185185 0.033854166666667 0.053703703703704
11 0.69869791666667 0.6087962962963 0.0359375 0.039814814814815
11 0.63515625 0.10509259259259 0.041145833333333 0.05462962962963
11 0.37578125 0.35601851851852 0.0515625 0.071296296296296
11 0.074479166666667 0.83333333333333 0.12916666666667 0.12037037037037
11 0.38619791666667 0.2662037037037 0.0328125 0.049074074074074
11 0.50989583333333 0.35509259259259 0.033333333333333 0.049074074074074
11 0.37447916666667 0.54861111111111 0.10520833333333 0.14351851851852
11 0.21614583333333 0.28703703703704 0.032291666666667 0.05
11 0.16744791666667 0.25509259259259 0.033854166666667 0.050925925925926
11 0.10208333333333 0.088888888888889 0.035416666666667 0.059259259259259
11 0.51380208333333 0.025462962962963 0.040104166666667 0.050925925925926
11 0.72786458333333 0.76574074074074 0.065104166666667 0.087037037037037
11 0.42239583333333 0.38981481481481 0.03125 0.044444444444444
11 0.40755208333333 0.8337962962963 0.0390625 0.039814814814815
11 0.90338541666667 0.91851851851852 0.036979166666667 0.042592592592593
11 0.80078125 0.77175925925926 0.080729166666667 0.097222222222222
11 0.20989583333333 0.33564814814815 0.034375 0.050925925925926
11 0.68072916666667 0.27638888888889 0.038541666666667 0.050925925925926
11 0.78411458333333 0.55416666666667 0.036979166666667 0.049074074074074
11 0.34088541666667 0.16481481481481 0.036979166666667 0.059259259259259
11 0.15963541666667 0.40787037037037 0.0328125 0.058333333333333
11 0.82447916666667 0.63240740740741 0.052083333333333 0.066666666666667
11 0.1421875 0.63518518518519 0.036458333333333 0.051851851851852
11 0.62682291666667 0.38796296296296 0.033854166666667 0.044444444444444
11 0.11770833333333 0.91203703703704 0.038541666666667 0.044444444444444
11 0.069010416666667 0.78611111111111 0.034895833333333 0.040740740740741
11 0.47864583333333 0.10324074074074 0.039583333333333 0.056481481481481
11 0.0953125 0.43425925925926 0.033333333333333 0.05
11 0.22578125 0.41759259259259 0.031770833333333 0.042592592592593
11 0.5734375 0.25231481481481 0.033333333333333 0.047222222222222
11 0.64479166666667 0.16203703703704 0.036458333333333 0.05
11 0.69375 0.54583333333333 0.03125 0.036111111111111
11 0.5328125 0.034259259259259 0.0375 0.05
11 0.45989583333333 0.055555555555556 0.032291666666667 0.048148148148148
11 0.57708333333333 0.023611111111111 0.045833333333333 0.047222222222222
11 0.39557291666667 0.11666666666667 0.033854166666667 0.051851851851852
11 0.49505208333333 0.20324074074074 0.031770833333333 0.047222222222222
11 0.80598958333333 0.030555555555556 0.043229166666667 0.057407407407407
11 0.37005208333333 0.053703703703704 0.061979166666667 0.098148148148148
11 0.10598958333333 0.8337962962963 0.040104166666667 0.043518518518519
11 0.46119791666667 0.32916666666667 0.0328125 0.047222222222222
11 0.61588541666667 0.2 0.052604166666667 0.07037037037037
11 0.43359375 0.78564814814815 0.10364583333333 0.11759259259259
11 0.55260416666667 0.5625 0.079166666666667 0.097222222222222
11 0.42057291666667 0.054166666666667 0.030729166666667 0.04537037037037
11 0.28333333333333 0.27685185185185 0.05 0.074074074074074
11 0.8375 0.73148148148148 0.04375 0.051851851851852
11 0.14114583333333 0.17314814814815 0.072916666666667 0.10740740740741
11 0.67421875 0.38148148148148 0.1046875 0.11296296296296
11 0.77447916666667 0.46574074074074 0.040625 0.040740740740741
11 0.14322916666667 0.48796296296296 0.080208333333333 0.11111111111111
11 0.59661458333333 0.072222222222222 0.056770833333333 0.074074074074074
11 0.28697916666667 0.45972222222222 0.061458333333333 0.086111111111111
11 0.018229166666667 0.033796296296296 0.029166666666667 0.052777777777778
11 0.740625 0.6037037037037 0.033333333333333 0.038888888888889
11 0.08984375 0.54768518518519 0.033854166666667 0.049074074074074
11 0.42109375 0.13009259259259 0.036979166666667 0.056481481481481
11 0.13671875 0.475 0.047395833333333 0.064814814814815
11 0.89765625 0.84861111111111 0.043229166666667 0.050925925925926
11 0.62708333333333 0.34537037037037 0.036458333333333 0.051851851851852
11 0.73541666666667 0.28333333333333 0.035416666666667 0.046296296296296
11 0.72734375 0.4875 0.030729166666667 0.043518518518519
11 0.75364583333333 0.35 0.035416666666667 0.042592592592593