10 0.7765625 0.77962962962963 0.16666666666667 0.21111111111111
10 0.71510416666667 0.1537037037037 0.05625 0.083333333333333
10 0.69479166666667 0.16805555555556 0.077083333333333 0.11574074074074
10 0.74375 0.79675925925926 0.092708333333333 0.14722222222222
10 0.52005208333333 0.70324074074074 0.050520833333333 0.065740740740741
10 0.54296875 0.5537037037037 0.0484375 0.062962962962963
10 0.95598958333333 0.54583333333333 0.044270833333333 0.058333333333333
10 0.45234375 0.52546296296296 0.0484375 0.062037037037037
10 0.83802083333333 0.3037037037037 0.040625 0.061111111111111
10 0.4140625 0.83194444444444 0.046875 0.062037037037037
10 0.853125 0.091203703703704 0.039583333333333 0.060185185185185
10 0.78098958333333 0.024074074074074 0.049479166666667 0.048148148148148
10 0.56692708333333 0.93935185185185 0.043229166666667 0.056481481481481
10 0.55416666666667 0.62546296296296 0.040625 0.060185185185185
10 0.63203125 0.024074074074074 0.0484375 0.048148148148148
10 0.83020833333333 0.47916666666667 0.042708333333333 0.05462962962963
10 0.92708333333333 0.29490740740741 0.0375 0.05462962962963
10 0.77786458333333 0.093055555555556 0.0390625 0.05462962962963
10 0.728125 0.14351851851852 0.036458333333333 0.055555555555556
10 0.32604166666667 0.84490740740741 0.0375 0.049074074074074
10 0.40260416666667 0.051388888888889 0.033333333333333 0.058333333333333
10 0.25078125 0.65277777777778 0.0359375 0.048148148148148
10 0.5328125 0.85555555555556 0.033333333333333 0.044444444444444
10 0.030208333333333 0.67083333333333 0.034375 0.043518518518519
10 0.52630208333333 0.47037037037037 0.0328125 0.044444444444444
10 0.63151041666667 0.81898148148148 0.0328125 0.04537037037037
10 0.59479166666667 0.93981481481481 0.033333333333333 0.044444444444444
10 0.434375 0.69305555555556 0.033333333333333 0.043518518518519
10 0.63255208333333 0.5662037037037 0.031770833333333 0.043518518518519
10 0.98932291666667 0.48611111111111 0.021354166666667 0.066666666666667
10 0.98645833333333 0.084259259259259 0.026041666666667 0.055555555555556
10 0.53880208333333 0.30787037037037 0.028645833333333 0.049074074074074
10 0.51744791666667 0.46157407407407 0.030729166666667 0.043518518518519
10 0.5375 0.62453703703704 0.03125 0.043518518518519
10 0.51119791666667 0.94074074074074 0.0328125 0.040740740740741
10 0.72578125 0.41666666666667 0.030729166666667 0.042592592592593
10 0.71901041666667 0.27592592592593 0.0296875 0.044444444444444
10 0.55703125 0.2375 0.030729166666667 0.041666666666667
10 0.57890625 0.68935185185185 0.031770833333333 0.039814814814815
10 0.51692708333333 0.33333333333333 0.0296875 0.040740740740741
10 0.77786458333333 0.20601851851852 0.028645833333333 0.041666666666667
10 0.61848958333333 0.52361111111111 0.0296875 0.039814814814815
10 0.50598958333333 0.57175925925926 0.0296875 0.039814814814815
10 0.56692708333333 0.50972222222222 0.0296875 0.039814814814815
10 0.24375 0.6875 0.030208333333333 0.037962962962963
10 0.55260416666667 0.70324074074074 0.030208333333333 0.037962962962963
10 0.59296875 0.27546296296296 0.028645833333333 0.039814814814815
10 0.39609375 0.58240740740741 0.028645833333333 0.038888888888889
10 0.11015625 0.6375 0.028645833333333 0.037962962962963
10 0.30442708333333 0.60925925925926 0.028645833333333 0.038888888888889
10 0.56432291666667 0.45972222222222 0.027604166666667 0.039814814814815
10 0.52916666666667 0.72361111111111 0.029166666666667 0.037962962962963
10 0.54114583333333 0.51203703703704 0.029166666666667 0.037037037037037
10 0.49322916666667 0.6412037037037 0.028125 0.037962962962963
10 0.39505208333333 0.68703703703704 0.028645833333333 0.037037037037037
10 0.46302083333333 0.71712962962963 0.029166666666667 0.036111111111111
10 0.59583333333333 0.48287037037037 0.027083333333333 0.037962962962963
10 0.60182291666667 0.35046296296296 0.027604166666667 0.037962962962963
10 0.60520833333333 0.7087962962963 0.028125 0.036111111111111
10 0.53723958333333 0.48148148148148 0.027604166666667 0.037037037037037
10 0.49557291666667 0.49768518518519 0.027604166666667 0.036111111111111
10 0.56223958333333 0.48009259259259 0.0265625 0.036111111111111
10 0.57291666666667 0.31064814814815 0.025 0.037962962962963
10 0.19739583333333 0.50972222222222 0.027083333333333 0.036111111111111
10 0.53541666666667 0.58842592592593 0.027083333333333 0.034259259259259
10 0.55286458333333 0.29212962962963 0.024479166666667 0.036111111111111
10 0.47239583333333 0.42824074074074 0.025 0.034259259259259
10 0.8921875 0.012037037037037 0.035416666666667 0.024074074074074
10 0.57265625 0.29675925925926 0.024479166666667 0.034259259259259
10 0.515625 0.51157407407407 0.025 0.032407407407407
10 0.59921875 0.67453703703704 0.024479166666667 0.032407407407407
10 0.62083333333333 0.85092592592593 0.023958333333333 0.031481481481481
10 0.49036458333333 0.19953703703704 0.024479166666667 0.032407407407407
10 0.546875 0.39398148148148 0.022916666666667 0.032407407407407
10 0.42682291666667 0.62453703703704 0.0234375 0.030555555555556
10 0.45651041666667 0.62916666666667 0.0234375 0.030555555555556
10 0.21171875 0.45555555555556 0.022395833333333 0.031481481481481
10 0.60416666666667 0.59814814814815 0.022916666666667 0.02962962962963
10 0.5484375 0.23148148148148 0.021875 0.031481481481481
10 0.58932291666667 0.41944444444444 0.022395833333333 0.02962962962963
10 0.575 0.32314814814815 0.021875 0.02962962962963
10 0.60989583333333 0.32962962962963 0.021875 0.02962962962963
10 0.58072916666667 0.19907407407407 0.020833333333333 0.02962962962963
10 0.48463541666667 0.51898148148148 0.021354166666667 0.026851851851852
10 0.28828125 0.33194444444444 0.018229166666667 0.026851851851852