10 0.89114583333333 0.9625 0.025 0.032407407407407
10 0.97994791666667 0.7875 0.0265625 0.036111111111111
33 0.94036458333333 0.77268518518519 0.077604166666667 0.12685185185185
33 0.42890625 0.8412037037037 0.097395833333333 0.11574074074074
33 0.92760416666667 0.62268518518519 0.072916666666667 0.10648148148148
10 0.97109375 0.94212962962963 0.0265625 0.034259259259259
10 0.91614583333333 0.94444444444444 0.040625 0.05
33 0.14036458333333 0.097685185185185 0.056770833333333 0.084259259259259
10 0.88463541666667 0.94351851851852 0.0359375 0.051851851851852
10 0.69947916666667 0.8162037037037 0.029166666666667 0.034259259259259
33 0.28385416666667 0.36527777777778 0.021875 0.04537037037037
33 0.415625 0.25601851851852 0.075 0.15092592592593
33 0.40104166666667 0.66574074074074 0.05625 0.085185185185185
33 0.34661458333333 0.28194444444444 0.021354166666667 0.041666666666667
10 0.95442708333333 0.83472222222222 0.028645833333333 0.039814814814815
33 0.47604166666667 0.96064814814815 0.065625 0.078703703703704
33 0.36927083333333 0.92638888888889 0.080208333333333 0.086111111111111
33 0.85833333333333 0.35092592592593 0.073958333333333 0.098148148148148
10 0.70078125 0.90277777777778 0.025520833333333 0.033333333333333
33 0.340625 0.91990740740741 0.069791666666667 0.080555555555556
33 0.51848958333333 0.46296296296296 0.058854166666667 0.075925925925926
33 0.525 0.21435185185185 0.084375 0.10092592592593
33 0.38880208333333 0.51296296296296 0.091145833333333 0.081481481481481
33 0.20598958333333 0.36666666666667 0.0796875 0.1
33 0.21666666666667 0.48888888888889 0.11875 0.13888888888889
33 0.92994791666667 0.46111111111111 0.086979166666667 0.11666666666667