33 0.551171875 0.79097222222222 0.15546875 0.4125
33 0.711328125 0.50069444444444 0.13671875 0.2375
33 0.187890625 0.75763888888889 0.37421875 0.48194444444444
33 0.773046875 0.29236111111111 0.25234375 0.28472222222222
33 0.47265625 0.34722222222222 0.321875 0.475
33 0.06171875 0.64305555555556 0.1234375 0.43611111111111
33 0.184765625 0.76666666666667 0.31953125 0.46111111111111
33 0.48359375 0.47638888888889 0.253125 0.36944444444444
10 0.468359375 0.26597222222222 0.28828125 0.35694444444444
33 0.058203125 0.64722222222222 0.11640625 0.48055555555556
33 0.608203125 0.25972222222222 0.13046875 0.23611111111111
33 0.55234375 0.80069444444444 0.1375 0.39861111111111
10 0.21796875 0.32847222222222 0.11875 0.14027777777778
33 0.6875 0.575 0.0484375 0.088888888888889
33 0.711328125 0.46736111111111 0.08671875 0.1375