10 0.20546875 0.47685185185185 0.083854166666667 0.13888888888889
10 0.18229166666667 0.68425925925926 0.034375 0.055555555555556
10 0.47239583333333 0.018981481481481 0.035416666666667 0.037962962962963
10 0.56380208333333 0.5587962962963 0.084895833333333 0.10648148148148
10 0.37161458333333 0.20925925925926 0.0296875 0.053703703703704
10 0.33072916666667 0.022222222222222 0.035416666666667 0.044444444444444
10 0.61796875 0.77407407407407 0.031770833333333 0.042592592592593
10 0.62057291666667 0.62962962962963 0.066145833333333 0.081481481481481
10 0.067447916666667 0.23472222222222 0.0328125 0.050925925925926
10 0.68307291666667 0.46435185185185 0.074479166666667 0.097222222222222
10 0.22942708333333 0.1287037037037 0.046354166666667 0.072222222222222
10 0.28697916666667 0.056018518518519 0.044791666666667 0.082407407407407
10 0.63333333333333 0.225 0.03125 0.048148148148148
10 0.8546875 0.71435185185185 0.04375 0.052777777777778
10 0.52421875 0.37824074074074 0.052604166666667 0.080555555555556
10 0.34296875 0.32453703703704 0.056770833333333 0.087962962962963
10 0.603125 0.48425925925926 0.03125 0.044444444444444
10 0.16197916666667 0.57777777777778 0.072916666666667 0.090740740740741
10 0.24036458333333 0.25925925925926 0.0296875 0.05
10 0.49166666666667 0.11759259259259 0.036458333333333 0.051851851851852
10 0.34869791666667 0.17731481481481 0.0390625 0.056481481481481
10 0.40677083333333 0.59027777777778 0.06875 0.10092592592593
10 0.49036458333333 0.013888888888889 0.031770833333333 0.027777777777778
10 0.42109375 0.0125 0.030729166666667 0.025
10 0.12395833333333 0.21296296296296 0.03125 0.05
10 0.13463541666667 0.18518518518519 0.031770833333333 0.05
10 0.55130208333333 0.11944444444444 0.0328125 0.046296296296296
10 0.59322916666667 0.04212962962963 0.029166666666667 0.043518518518519
10 0.33463541666667 0.29861111111111 0.030729166666667 0.04537037037037
10 0.58046875 0.22824074074074 0.027604166666667 0.041666666666667
10 0.3390625 0.13842592592593 0.03125 0.047222222222222
10 0.58932291666667 0.37962962962963 0.078645833333333 0.088888888888889
10 0.70625 0.59722222222222 0.089583333333333 0.1
10 0.6796875 0.29398148148148 0.026041666666667 0.037962962962963
10 0.40859375 0.17962962962963 0.0328125 0.05
10 0.184375 0.2037037037037 0.032291666666667 0.05
10 0.31979166666667 0.19027777777778 0.027083333333333 0.043518518518519
10 0.50885416666667 0.19259259259259 0.030208333333333 0.040740740740741
10 0.085416666666667 0.35555555555556 0.03125 0.05
10 0.51119791666667 0.038425925925926 0.034895833333333 0.05462962962963
10 0.39244791666667 0.27407407407407 0.036979166666667 0.055555555555556
10 0.64791666666667 0.27083333333333 0.028125 0.041666666666667
10 0.6421875 0.49259259259259 0.03125 0.044444444444444
10 0.78984375 0.71527777777778 0.031770833333333 0.041666666666667
10 0.25208333333333 0.37731481481481 0.027083333333333 0.041666666666667
10 0.54453125 0.050462962962963 0.027604166666667 0.039814814814815
10 0.44401041666667 0.041203703703704 0.038020833333333 0.062037037037037
10 0.40026041666667 0.096759259259259 0.038020833333333 0.062037037037037
10 0.71510416666667 0.36296296296296 0.029166666666667 0.038888888888889
10 0.51953125 0.16018518518519 0.036979166666667 0.048148148148148
10 0.57734375 0.20138888888889 0.028645833333333 0.041666666666667
10 0.153125 0.25648148148148 0.030208333333333 0.046296296296296
10 0.36744791666667 0.024074074074074 0.027604166666667 0.037037037037037
10 0.3625 0.10694444444444 0.033333333333333 0.049074074074074
10 0.36614583333333 0.41990740740741 0.032291666666667 0.04537037037037
10 0.23072916666667 0.53611111111111 0.030208333333333 0.038888888888889
10 0.45989583333333 0.21527777777778 0.026041666666667 0.036111111111111
10 0.69869791666667 0.47546296296296 0.0515625 0.067592592592593
10 0.39427083333333 0.018981481481481 0.029166666666667 0.037962962962963
10 0.78463541666667 0.81666666666667 0.0359375 0.051851851851852