10 0.912109375 0.58402777777778 0.18046875 0.29027777777778
10 0.691015625 0.10416666666667 0.19140625 0.20833333333333
10 0.38984375 0.30138888888889 0.171875 0.20833333333333
10 0.7609375 0.21458333333333 0.1578125 0.20972222222222
10 0.19140625 0.11597222222222 0.128125 0.19861111111111
10 0.34921875 0.082638888888889 0.15 0.16527777777778
10 0.650390625 0.88819444444444 0.12890625 0.17638888888889
10 0.87421875 0.26597222222222 0.125 0.15972222222222
10 0.959765625 0.81180555555556 0.08046875 0.19027777777778
10 0.41796875 0.55555555555556 0.0984375 0.13333333333333
10 0.278515625 0.81944444444444 0.08984375 0.13333333333333
10 0.93125 0.37569444444444 0.0953125 0.12361111111111
10 0.490625 0.31180555555556 0.0921875 0.13194444444444
10 0.601171875 0.064583333333333 0.08671875 0.12083333333333
10 0.463671875 0.40347222222222 0.08359375 0.11805555555556
10 0.358203125 0.55972222222222 0.08203125 0.11666666666667
10 0.353515625 0.66041666666667 0.07578125 0.12083333333333
10 0.678515625 0.93263888888889 0.07890625 0.11527777777778
10 0.75546875 0.52708333333333 0.0765625 0.1125
10 0.65546875 0.24305555555556 0.0796875 0.10555555555556
10 0.863671875 0.425 0.07578125 0.10833333333333
10 0.534375 0.55416666666667 0.078125 0.10277777777778
10 0.33984375 0.36111111111111 0.071875 0.10833333333333
10 0.56953125 0.87569444444444 0.0703125 0.10416666666667
10 0.5953125 0.35277777777778 0.0703125 0.1
10 0.21328125 0.88125 0.0671875 0.10416666666667
10 0.1609375 0.64027777777778 0.06875 0.1
10 0.74921875 0.32569444444444 0.06875 0.095833333333333
10 0.83359375 0.83541666666667 0.0703125 0.093055555555556
10 0.301171875 0.94652777777778 0.06171875 0.095833333333333
10 0.4953125 0.93958333333333 0.0625 0.090277777777778
10 0.5828125 0.92708333333333 0.0671875 0.095833333333333
10 0.57109375 0.75069444444444 0.0625 0.0875
10 0.492578125 0.64930555555556 0.06015625 0.090277777777778
10 0.776953125 0.72638888888889 0.06484375 0.083333333333333
10 0.4328125 0.91666666666667 0.059375 0.086111111111111
10 0.849609375 0.71041666666667 0.06328125 0.084722222222222
10 0.83046875 0.57986111111111 0.0625 0.084722222222222
10 0.734375 0.38680555555556 0.0578125 0.0875
10 0.476171875 0.76597222222222 0.05859375 0.081944444444444
10 0.528515625 0.67986111111111 0.05546875 0.076388888888889
10 0.7015625 0.60902777777778 0.0578125 0.070833333333333
10 0.0703125 0.33888888888889 0.05 0.066666666666667
10 0.618359375 0.97361111111111 0.07578125 0.052777777777778
10 0.273046875 0.96458333333333 0.04921875 0.065277777777778
10 0.985546875 0.50138888888889 0.02734375 0.075