10 0.20130208333333 0.42546296296296 0.21927083333333 0.2287037037037
10 0.41588541666667 0.34537037037037 0.33177083333333 0.38703703703704
10 0.11197916666667 0.33796296296296 0.19270833333333 0.21666666666667
10 0.92552083333333 0.32314814814815 0.14583333333333 0.22037037037037
10 0.57447916666667 0.39537037037037 0.14583333333333 0.19259259259259
10 0.78151041666667 0.3962962962963 0.12239583333333 0.18333333333333
10 0.051302083333333 0.35740740740741 0.10260416666667 0.20185185185185
10 0.24661458333333 0.34351851851852 0.10989583333333 0.12777777777778
10 0.15729166666667 0.27361111111111 0.096875 0.11944444444444
10 0.8515625 0.29259259259259 0.09375 0.1462962962963
10 0.65703125 0.29074074074074 0.083854166666667 0.12962962962963
10 0.9453125 0.24537037037037 0.073958333333333 0.12222222222222
10 0.615625 0.4212962962963 0.075 0.11296296296296
10 0.5859375 0.24675925925926 0.078125 0.1212962962963
10 0.03046875 0.32638888888889 0.0609375 0.1212962962963
10 0.67369791666667 0.45648148148148 0.068229166666667 0.10740740740741
10 0.73098958333333 0.21990740740741 0.0640625 0.10092592592593
10 0.98229166666667 0.44444444444444 0.034375 0.087037037037037