11 0.833203125 0.47777777777778 0.02890625 0.038888888888889
11 0.82890625 0.41805555555556 0.0359375 0.05
11 0.8640625 0.48611111111111 0.0453125 0.058333333333333
11 0.809375 0.22430555555556 0.3421875 0.44861111111111
11 0.73828125 0.62361111111111 0.0375 0.044444444444444
11 0.697265625 0.6125 0.04609375 0.055555555555556
11 0.61953125 0.33472222222222 0.0359375 0.05
11 0.689453125 0.50763888888889 0.03359375 0.045833333333333
11 0.390625 0.33888888888889 0.290625 0.53333333333333
11 0.8625 0.525 0.03125 0.041666666666667
11 0.906640625 0.44583333333333 0.03046875 0.041666666666667
11 0.695703125 0.73541666666667 0.03359375 0.0375
11 0.2921875 0.14444444444444 0.03125 0.044444444444444
11 0.851953125 0.45972222222222 0.03046875 0.041666666666667
11 0.825 0.55208333333333 0.0390625 0.051388888888889
11 0.83046875 0.43402777777778 0.03125 0.045833333333333