10 0.521484375 0.30763888888889 0.04921875 0.0625
10 0.577734375 0.35 0.03984375 0.052777777777778
10 0.58515625 0.13402777777778 0.034375 0.051388888888889
6 0.396875 0.10138888888889 0.0328125 0.041666666666667
10 0.5 0.19722222222222 0.0359375 0.052777777777778
6 0.367578125 0.2 0.04765625 0.077777777777778
6 0.269140625 0.070833333333333 0.03984375 0.05
6 0.3203125 0.19375 0.034375 0.048611111111111
6 0.3359375 0.082638888888889 0.0390625 0.051388888888889
6 0.425390625 0.15069444444444 0.04140625 0.059722222222222
6 0.244140625 0.20972222222222 0.04921875 0.066666666666667
10 0.320703125 0.27638888888889 0.03046875 0.036111111111111
6 0.3515625 0.29027777777778 0.0375 0.052777777777778
6 0.233203125 0.025694444444444 0.03828125 0.051388888888889
10 0.52890625 0.25902777777778 0.034375 0.051388888888889
10 0.4234375 0.27638888888889 0.0359375 0.055555555555556
10 0.609375 0.30555555555556 0.0375 0.061111111111111
10 0.369921875 0.19375 0.04140625 0.068055555555556
10 0.3140625 0.49583333333333 0.05 0.069444444444444
10 0.522265625 0.30833333333333 0.04296875 0.063888888888889
10 0.244921875 0.21041666666667 0.03828125 0.065277777777778
10 0.360546875 0.21388888888889 0.03828125 0.063888888888889
10 0.636328125 0.52430555555556 0.03828125 0.059722222222222
10 0.425390625 0.14861111111111 0.03671875 0.061111111111111
10 0.61015625 0.30416666666667 0.034375 0.058333333333333
10 0.269140625 0.070833333333333 0.03359375 0.058333333333333
10 0.351171875 0.29097222222222 0.03515625 0.054166666666667
10 0.52890625 0.25902777777778 0.0328125 0.054166666666667
10 0.335546875 0.081944444444444 0.03203125 0.052777777777778
10 0.580078125 0.35 0.03359375 0.05
10 0.42421875 0.27638888888889 0.03125 0.052777777777778
10 0.320703125 0.19236111111111 0.03203125 0.051388888888889
10 0.58515625 0.13611111111111 0.0328125 0.05
10 0.499609375 0.19791666666667 0.03046875 0.051388888888889
10 0.234375 0.024305555555556 0.0296875 0.048611111111111
10 0.322265625 0.40833333333333 0.02890625 0.047222222222222
10 0.396875 0.10138888888889 0.0296875 0.044444444444444
10 0.272265625 0.36527777777778 0.02890625 0.044444444444444
10 0.22578125 0.15416666666667 0.01875 0.044444444444444
10 0.32109375 0.27708333333333 0.025 0.0375