11 0.13489583333333 0.92638888888889 0.26979166666667 0.14722222222222
11 0.77890625 0.85740740740741 0.075520833333333 0.1037037037037
11 0.8125 0.76203703703704 0.073958333333333 0.087037037037037
11 0.73671875 0.42268518518519 0.0703125 0.11018518518519
11 0.2359375 0.15555555555556 0.039583333333333 0.062962962962963
11 0.52734375 0.51481481481481 0.043229166666667 0.068518518518519
11 0.75208333333333 0.32361111111111 0.04375 0.062037037037037
11 0.54010416666667 0.87083333333333 0.039583333333333 0.060185185185185
11 0.98125 0.65740740740741 0.036458333333333 0.061111111111111
11 0.58333333333333 0.33333333333333 0.0375 0.057407407407407
11 0.60104166666667 0.10509259259259 0.036458333333333 0.05462962962963
11 0.64244791666667 0.37592592592593 0.036979166666667 0.053703703703704
11 0.94166666666667 0.7375 0.0375 0.052777777777778
11 0.82708333333333 0.11157407407407 0.034375 0.056481481481481
11 0.82421875 0.51574074074074 0.0359375 0.051851851851852
11 0.53255208333333 0.83194444444444 0.034895833333333 0.050925925925926
11 0.82135416666667 0.31481481481481 0.035416666666667 0.05
11 0.90729166666667 0.51990740740741 0.034375 0.050925925925926
11 0.84557291666667 0.37314814814815 0.033854166666667 0.05
11 0.5078125 0.68472222222222 0.033333333333333 0.047222222222222
11 0.48098958333333 0.78425925925926 0.030729166666667 0.046296296296296
11 0.5265625 0.56944444444444 0.032291666666667 0.042592592592593
11 0.89791666666667 0.2162037037037 0.03125 0.04537037037037
11 0.590625 0.81111111111111 0.030208333333333 0.044444444444444
11 0.71354166666667 0.66203703703704 0.030208333333333 0.042592592592593
11 0.47760416666667 0.68333333333333 0.030208333333333 0.042592592592593
11 0.42916666666667 0.27037037037037 0.029166666666667 0.042592592592593
11 0.34609375 0.16018518518519 0.028645833333333 0.042592592592593
11 0.49010416666667 0.77916666666667 0.03125 0.039814814814815
11 0.71901041666667 0.48842592592593 0.028645833333333 0.041666666666667
11 0.41276041666667 0.7375 0.0296875 0.039814814814815
11 0.45286458333333 0.36851851851852 0.028645833333333 0.040740740740741
11 0.53880208333333 0.75138888888889 0.027604166666667 0.039814814814815
11 0.42057291666667 0.72916666666667 0.027604166666667 0.039814814814815
11 0.55625 0.52777777777778 0.028125 0.038888888888889
11 0.45651041666667 0.78657407407407 0.0265625 0.039814814814815
11 0.7234375 0.52175925925926 0.027083333333333 0.039814814814815
11 0.51848958333333 0.90138888888889 0.027604166666667 0.037962962962963
11 0.45364583333333 0.69675925925926 0.028125 0.036111111111111
11 0.55442708333333 0.17731481481481 0.0265625 0.037962962962963
11 0.066145833333333 0.8462962962963 0.027083333333333 0.037037037037037
11 0.38697916666667 0.36805555555556 0.026041666666667 0.037962962962963
11 0.011979166666667 0.76018518518519 0.022916666666667 0.042592592592593
11 0.44453125 0.65416666666667 0.025520833333333 0.037962962962963
11 0.26354166666667 0.8662037037037 0.026041666666667 0.036111111111111
11 0.47578125 0.90925925925926 0.0265625 0.035185185185185
11 0.48645833333333 0.98657407407407 0.034375 0.026851851851852
11 0.50546875 0.90787037037037 0.0265625 0.034259259259259
11 0.51770833333333 0.83611111111111 0.026041666666667 0.035185185185185
11 0.23776041666667 0.875 0.025520833333333 0.035185185185185
11 0.51432291666667 0.8 0.025520833333333 0.035185185185185
11 0.56692708333333 0.86944444444444 0.024479166666667 0.035185185185185
11 0.26848958333333 0.82175925925926 0.024479166666667 0.034259259259259
11 0.57239583333333 0.73796296296296 0.025 0.033333333333333
11 0.56145833333333 0.89814814814815 0.023958333333333 0.033333333333333
11 0.534375 0.61574074074074 0.023958333333333 0.033333333333333
11 0.50572916666667 0.47638888888889 0.022916666666667 0.034259259259259
11 0.19270833333333 0.7162037037037 0.023958333333333 0.032407407407407
11 0.58020833333333 0.76064814814815 0.023958333333333 0.032407407407407
11 0.42005208333333 0.87777777777778 0.024479166666667 0.031481481481481
11 0.48046875 0.82916666666667 0.0234375 0.032407407407407
11 0.4546875 0.88981481481481 0.023958333333333 0.031481481481481
11 0.4015625 0.74861111111111 0.023958333333333 0.030555555555556
11 0.37682291666667 0.8837962962963 0.024479166666667 0.030555555555556
11 0.53411458333333 0.44027777777778 0.0234375 0.030555555555556
11 0.53125 0.63148148148148 0.021875 0.031481481481481
11 0.48411458333333 0.7037037037037 0.022395833333333 0.02962962962963
11 0.58880208333333 0.5662037037037 0.022395833333333 0.032407407407407
11 0.21197916666667 0.62083333333333 0.020833333333333 0.028703703703704
11 0.55338541666667 0.78935185185185 0.019270833333333 0.026851851851852
11 0.47682291666667 0.42268518518519 0.0203125 0.028703703703704
11 0.48020833333333 0.53472222222222 0.020833333333333 0.030555555555556
11 0.51067708333333 0.6 0.0203125 0.027777777777778
11 0.35625 0.78101851851852 0.020833333333333 0.026851851851852
11 0.41015625 0.8462962962963 0.019270833333333 0.025925925925926
11 0.42994791666667 0.70462962962963 0.019270833333333 0.025925925925926
11 0.38984375 0.84537037037037 0.019270833333333 0.025925925925926
11 0.27786458333333 0.49398148148148 0.0171875 0.025
11 0.45078125 0.74305555555556 0.018229166666667 0.025