10 0.7953125 0.17777777777778 0.034375 0.05
10 0.54296875 0.56527777777778 0.034895833333333 0.065740740740741
10 0.71770833333333 0.89444444444444 0.10208333333333 0.13518518518519
10 0.52447916666667 0.53981481481481 0.05625 0.044444444444444
10 0.6296875 0.080092592592593 0.033333333333333 0.047222222222222
10 0.93307291666667 0.06712962962963 0.040104166666667 0.062037037037037
10 0.47942708333333 0.51388888888889 0.047395833333333 0.051851851851852
10 0.93932291666667 0.17361111111111 0.0703125 0.086111111111111
10 0.58854166666667 0.11342592592593 0.033333333333333 0.047222222222222
10 0.61979166666667 0.89351851851852 0.044791666666667 0.055555555555556
10 0.72135416666667 0.35694444444444 0.033333333333333 0.049074074074074
10 0.54635416666667 0.60972222222222 0.041666666666667 0.052777777777778
10 0.61640625 0.50324074074074 0.038020833333333 0.056481481481481
10 0.621875 0.38842592592593 0.044791666666667 0.062037037037037
10 0.675 0.71759259259259 0.035416666666667 0.046296296296296
10 0.67291666666667 0.24768518518519 0.033333333333333 0.047222222222222
10 0.78203125 0.46388888888889 0.11614583333333 0.17407407407407