11 0.82890625 0.75509259259259 0.066145833333333 0.089814814814815
11 0.32291666666667 0.15787037037037 0.042708333333333 0.067592592592593
11 0.22578125 0.34027777777778 0.044270833333333 0.062037037037037
11 0.098958333333333 0.26388888888889 0.044791666666667 0.057407407407407
11 0.53203125 0.35092592592593 0.040104166666667 0.061111111111111
11 0.17630208333333 0.15787037037037 0.0453125 0.052777777777778
11 0.24739583333333 0.19814814814815 0.040625 0.055555555555556
11 0.33203125 0.22083333333333 0.0421875 0.052777777777778
11 0.3765625 0.19537037037037 0.039583333333333 0.055555555555556
11 0.075260416666667 0.21759259259259 0.040104166666667 0.05
11 0.52890625 0.51111111111111 0.046354166666667 0.064814814814815
11 0.61927083333333 0.5375 0.052083333333333 0.078703703703704
11 0.87682291666667 0.57592592592593 0.036979166666667 0.053703703703704
11 0.16822916666667 0.2537037037037 0.063541666666667 0.042592592592593
11 0.090625 0.17222222222222 0.036458333333333 0.053703703703704
11 0.41796875 0.35648148148148 0.033854166666667 0.051851851851852
11 0.75390625 0.62083333333333 0.034895833333333 0.049074074074074
11 0.0328125 0.2712962962963 0.0375 0.044444444444444
11 0.21901041666667 0.54166666666667 0.031770833333333 0.051851851851852
11 0.28541666666667 0.24444444444444 0.035416666666667 0.048148148148148
11 0.097395833333333 0.38842592592593 0.033333333333333 0.049074074074074