10 0.739453125 0.47152777777778 0.02265625 0.029166666666667
10 0.634375 0.58263888888889 0.0203125 0.026388888888889
10 0.69140625 0.41458333333333 0.021875 0.029166666666667
10 0.805078125 0.49652777777778 0.02421875 0.031944444444444
10 0.84453125 0.65972222222222 0.0234375 0.030555555555556
10 0.8609375 0.85486111111111 0.0234375 0.031944444444444
10 0.8515625 0.74375 0.028125 0.0375
10 0.66875 0.45902777777778 0.0203125 0.026388888888889
10 0.798046875 0.57708333333333 0.02109375 0.031944444444444
10 0.722265625 0.48055555555556 0.02265625 0.027777777777778
10 0.84140625 0.11111111111111 0.3234375 0.22222222222222
10 0.793359375 0.54722222222222 0.02265625 0.030555555555556
10 0.764453125 0.33402777777778 0.41484375 0.62083333333333
10 0.8625 0.68472222222222 0.01875 0.025
10 0.6765625 0.36666666666667 0.034375 0.044444444444444
10 0.745703125 0.55 0.02109375 0.027777777777778
10 0.851171875 0.60138888888889 0.02890625 0.038888888888889
10 0.7578125 0.52638888888889 0.028125 0.041666666666667
10 0.878515625 0.70555555555556 0.02265625 0.030555555555556