10 0.63359375 0.47916666666667 0.040625 0.061111111111111
10 0.418359375 0.19027777777778 0.04921875 0.086111111111111
10 0.241015625 0.21944444444444 0.03203125 0.080555555555556
10 0.271875 0.24652777777778 0.034375 0.070833333333333
10 0.241015625 0.29722222222222 0.03515625 0.05
10 0.2609375 0.0625 0.0296875 0.055555555555556
10 0.57890625 0.28958333333333 0.0328125 0.051388888888889
10 0.259765625 0.29930555555556 0.03359375 0.048611111111111
10 0.315234375 0.38819444444444 0.03359375 0.048611111111111
10 0.32265625 0.15486111111111 0.0296875 0.054166666666667
10 0.334375 0.20625 0.03125 0.048611111111111
10 0.612109375 0.25972222222222 0.03046875 0.044444444444444
10 0.57421875 0.19305555555556 0.0296875 0.044444444444444
10 0.4546875 0.072916666666667 0.0265625 0.045833333333333
10 0.571484375 0.079861111111111 0.02734375 0.043055555555556
10 0.266796875 0.1 0.02578125 0.044444444444444
10 0.351953125 0.097916666666667 0.02578125 0.043055555555556
10 0.403125 0.10069444444444 0.0265625 0.040277777777778
10 0.416796875 0.29930555555556 0.02578125 0.040277777777778
10 0.35859375 0.27847222222222 0.0203125 0.031944444444444