10 0.642578125 0.55277777777778 0.02578125 0.036111111111111
10 0.858203125 0.67222222222222 0.02265625 0.030555555555556
10 0.742578125 0.47222222222222 0.02109375 0.025
10 0.68125 0.42708333333333 0.025 0.031944444444444
10 0.8515625 0.66388888888889 0.0296875 0.036111111111111
10 0.748828125 0.50069444444444 0.02421875 0.031944444444444
10 0.66015625 0.45 0.01875 0.025
10 0.882421875 0.70138888888889 0.02734375 0.036111111111111
10 0.706640625 0.39305555555556 0.02421875 0.027777777777778
10 0.859765625 0.83125 0.02109375 0.029166666666667
10 0.800390625 0.55833333333333 0.03046875 0.044444444444444
10 0.86953125 0.61180555555556 0.0265625 0.0375
10 0.844921875 0.65902777777778 0.02109375 0.026388888888889
10 0.721484375 0.45347222222222 0.02265625 0.029166666666667
10 0.665234375 0.40208333333333 0.03203125 0.040277777777778
10 0.4609375 0.49305555555556 0.340625 0.73611111111111
10 0.853515625 0.72013888888889 0.02265625 0.031944444444444
10 0.752734375 0.54583333333333 0.02265625 0.030555555555556
10 0.7578125 0.32986111111111 0.4359375 0.63472222222222