10 0.50078125 0.83518518518519 0.0578125 0.090740740740741
10 0.840625 0.64351851851852 0.05625 0.077777777777778
10 0.50390625 0.27546296296296 0.031770833333333 0.047222222222222
10 0.42890625 0.66481481481481 0.033854166666667 0.05
10 0.72760416666667 0.5412037037037 0.03125 0.04537037037037
10 0.40703125 0.89444444444444 0.030729166666667 0.040740740740741
10 0.38645833333333 0.75046296296296 0.028125 0.041666666666667
10 0.17317708333333 0.75231481481481 0.027604166666667 0.041666666666667
10 0.71536458333333 0.82361111111111 0.028645833333333 0.037962962962963
10 0.77708333333333 0.71157407407407 0.027083333333333 0.036111111111111
10 0.22760416666667 0.40416666666667 0.025 0.037962962962963
10 0.61796875 0.4087962962963 0.024479166666667 0.037962962962963
10 0.78671875 0.58888888888889 0.024479166666667 0.037037037037037
10 0.39322916666667 0.97175925925926 0.025 0.034259259259259
10 0.64192708333333 0.25601851851852 0.0234375 0.036111111111111
10 0.20026041666667 0.92824074074074 0.0234375 0.036111111111111
10 0.66380208333333 0.47731481481481 0.0234375 0.036111111111111
10 0.2890625 0.68425925925926 0.023958333333333 0.035185185185185
10 0.59348958333333 0.82407407407407 0.024479166666667 0.033333333333333
10 0.68984375 0.74814814814815 0.024479166666667 0.033333333333333
10 0.7953125 0.66574074074074 0.023958333333333 0.033333333333333
10 0.47604166666667 0.59768518518519 0.023958333333333 0.032407407407407
10 0.31927083333333 0.84768518518519 0.022916666666667 0.034259259259259
10 0.77734375 0.54444444444444 0.022395833333333 0.033333333333333
10 0.49322916666667 0.96759259259259 0.025 0.02962962962963
10 0.68125 0.60740740740741 0.022916666666667 0.031481481481481
10 0.58020833333333 0.4912037037037 0.021875 0.032407407407407
10 0.29869791666667 0.98425925925926 0.0234375 0.02962962962963
10 0.38723958333333 0.7162037037037 0.022395833333333 0.030555555555556
10 0.92942708333333 0.48842592592593 0.0203125 0.032407407407407
10 0.48958333333333 0.9287037037037 0.021875 0.02962962962963
10 0.48307291666667 0.96990740740741 0.022395833333333 0.028703703703704
10 0.89817708333333 0.21898148148148 0.019270833333333 0.032407407407407
10 0.31770833333333 0.73287037037037 0.020833333333333 0.028703703703704
10 0.70520833333333 0.38472222222222 0.019791666666667 0.030555555555556
10 0.94973958333333 0.43888888888889 0.0203125 0.031481481481481
10 0.58880208333333 0.94074074074074 0.021354166666667 0.027777777777778
10 0.40885416666667 0.86111111111111 0.019791666666667 0.027777777777778
10 0.30625 0.73148148148148 0.020833333333333 0.025925925925926
10 0.55859375 0.6837962962963 0.0203125 0.026851851851852
10 0.8 0.21435185185185 0.01875 0.028703703703704
10 0.87864583333333 0.18333333333333 0.01875 0.027777777777778
10 0.70833333333333 0.34814814814815 0.01875 0.027777777777778
10 0.32265625 0.67777777777778 0.018229166666667 0.027777777777778
10 0.77916666666667 0.22824074074074 0.01875 0.026851851851852
10 0.85442708333333 0.66018518518519 0.019270833333333 0.025925925925926
10 0.41744791666667 0.58333333333333 0.018229166666667 0.025925925925926
10 0.73723958333333 0.60555555555556 0.018229166666667 0.025925925925926
10 0.32864583333333 0.64444444444444 0.01875 0.024074074074074
10 0.3484375 0.97222222222222 0.01875 0.024074074074074
10 0.33333333333333 0.78564814814815 0.017708333333333 0.025
10 0.721875 0.5912037037037 0.017708333333333 0.025
10 0.34713541666667 0.74768518518519 0.0171875 0.025
10 0.26171875 0.91712962962963 0.0171875 0.025
10 0.28802083333333 0.92314814814815 0.017708333333333 0.024074074074074
10 0.48541666666667 0.68333333333333 0.017708333333333 0.024074074074074
10 0.34947916666667 0.90601851851852 0.017708333333333 0.023148148148148
10 0.26770833333333 0.83888888888889 0.017708333333333 0.024074074074074
10 0.44375 0.50092592592593 0.015625 0.025925925925926
10 0.28255208333333 0.98148148148148 0.018229166666667 0.022222222222222
10 0.3734375 0.69907407407407 0.016666666666667 0.024074074074074
10 0.32942708333333 0.99212962962963 0.022395833333333 0.017592592592593
10 0.33098958333333 0.92314814814815 0.016145833333333 0.022222222222222
10 0.31614583333333 0.87453703703704 0.016666666666667 0.023148148148148
10 0.52239583333333 0.58333333333333 0.015625 0.022222222222222
10 0.52265625 0.53703703703704 0.015104166666667 0.022222222222222
10 0.34817708333333 0.62962962962963 0.015104166666667 0.022222222222222
10 0.40364583333333 0.65925925925926 0.014583333333333 0.02037037037037
10 0.37682291666667 0.55416666666667 0.015104166666667 0.021296296296296
10 0.25494791666667 0.83518518518519 0.0140625 0.02037037037037
10 0.34244791666667 0.93935185185185 0.015104166666667 0.021296296296296
10 0.40729166666667 0.53148148148148 0.014583333333333 0.02037037037037
10 0.43020833333333 0.53657407407407 0.014583333333333 0.019444444444444
10 0.54114583333333 0.45555555555556 0.013541666666667 0.02037037037037
10 0.45026041666667 0.43657407407407 0.0140625 0.019444444444444
10 0.34921875 0.57916666666667 0.0140625 0.019444444444444
10 0.36432291666667 0.5162037037037 0.013020833333333 0.019444444444444
10 0.43125 0.48703703703704 0.013541666666667 0.018518518518519
10 0.43307291666667 0.55833333333333 0.013020833333333 0.018518518518519
10 0.46302083333333 0.51944444444444 0.0125 0.018518518518519
10 0.39114583333333 0.49953703703704 0.011458333333333 0.015740740740741
10 0.29817708333333 0.82222222222222 0.011979166666667 0.016666666666667
10 0.27005208333333 0.77175925925926 0.013020833333333 0.017592592592593
10 0.55885416666667 0.42685185185185 0.0125 0.018518518518519