10 0.3890625 0.19305555555556 0.040625 0.061111111111111
10 0.602734375 0.27222222222222 0.03515625 0.05
10 0.629296875 0.59513888888889 0.04453125 0.070833333333333
10 0.340234375 0.16388888888889 0.04140625 0.072222222222222
10 0.31640625 0.35486111111111 0.0328125 0.054166666666667
10 0.53671875 0.18888888888889 0.040625 0.058333333333333
10 0.32890625 0.43055555555556 0.034375 0.05
10 0.253125 0.028472222222222 0.0375 0.056944444444444
10 0.493359375 0.29236111111111 0.05703125 0.095833333333333
10 0.444921875 0.35208333333333 0.04921875 0.076388888888889
10 0.235546875 0.13680555555556 0.03828125 0.065277777777778
10 0.337890625 0.975 0.04140625 0.047222222222222
10 0.290625 0.17222222222222 0.040625 0.058333333333333
10 0.2515625 0.13819444444444 0.0578125 0.079166666666667
10 0.238671875 0.21388888888889 0.03046875 0.05
10 0.264453125 0.086805555555556 0.04921875 0.073611111111111
10 0.484375 0.17986111111111 0.034375 0.048611111111111
10 0.3625 0.14305555555556 0.0453125 0.077777777777778