11 0.33776041666667 0.18981481481481 0.0234375 0.031481481481481
11 0.23567708333333 0.31157407407407 0.028645833333333 0.037962962962963
11 0.40182291666667 0.37824074074074 0.0328125 0.041666666666667
11 0.38541666666667 0.2587962962963 0.027083333333333 0.036111111111111
11 0.30520833333333 0.63703703703704 0.033333333333333 0.033333333333333
11 0.28515625 0.26018518518519 0.028645833333333 0.040740740740741
11 0.32552083333333 0.37731481481481 0.038541666666667 0.058333333333333
11 0.83984375 0.67731481481481 0.0328125 0.039814814814815
11 0.27942708333333 0.5087962962963 0.025520833333333 0.032407407407407
11 0.34635416666667 0.25555555555556 0.040625 0.057407407407407
11 0.48203125 0.65833333333333 0.027604166666667 0.037037037037037
11 0.65963541666667 0.55 0.021354166666667 0.02962962962963
11 0.20416666666667 0.31157407407407 0.040625 0.060185185185185
11 0.3625 0.44675925925926 0.048958333333333 0.052777777777778
11 0.24453125 0.65277777777778 0.041145833333333 0.038888888888889
11 0.41197916666667 0.30092592592593 0.030208333333333 0.038888888888889
11 0.43229166666667 0.19768518518519 0.028125 0.037962962962963
11 0.19713541666667 0.41574074074074 0.028645833333333 0.035185185185185