10 0.840234375 0.64791666666667 0.03984375 0.056944444444444
10 0.397265625 0.39861111111111 0.04921875 0.063888888888889
10 0.60078125 0.6875 0.046875 0.058333333333333
10 0.756640625 0.64236111111111 0.05234375 0.065277777777778
10 0.73359375 0.53611111111111 0.04375 0.058333333333333
10 0.802734375 0.51666666666667 0.04609375 0.063888888888889
10 0.2609375 0.325 0.040625 0.055555555555556
10 0.62265625 0.97916666666667 0.040625 0.038888888888889
10 0.765234375 0.75208333333333 0.04921875 0.0625
10 0.496875 0.48680555555556 0.046875 0.065277777777778
10 0.61796875 0.58819444444444 0.059375 0.070833333333333
10 0.637109375 0.65347222222222 0.08046875 0.11527777777778
10 0.659765625 0.90972222222222 0.06171875 0.072222222222222
10 0.28515625 0.40555555555556 0.0375 0.055555555555556
10 0.853125 0.59722222222222 0.0453125 0.061111111111111
10 0.64921875 0.73819444444444 0.09375 0.12083333333333
10 0.8171875 0.35138888888889 0.040625 0.058333333333333
10 0.574609375 0.44861111111111 0.04453125 0.061111111111111
10 0.671484375 0.51875 0.04453125 0.0625
10 0.48203125 0.34444444444444 0.06875 0.11666666666667
10 0.616015625 0.50069444444444 0.12734375 0.18194444444444
10 0.4828125 0.58333333333333 0.065625 0.11666666666667
10 0.581640625 0.89652777777778 0.04296875 0.051388888888889
10 0.717578125 0.64305555555556 0.04296875 0.055555555555556
10 0.20546875 0.86111111111111 0.0546875 0.069444444444444
10 0.80625 0.58472222222222 0.059375 0.083333333333333
10 0.305859375 0.32291666666667 0.03828125 0.051388888888889