10 0.303515625 0.067361111111111 0.08203125 0.13194444444444
10 0.23828125 0.30277777777778 0.0453125 0.091666666666667
33 0.504296875 0.17361111111111 0.09921875 0.19166666666667
10 0.24609375 0.029166666666667 0.0625 0.058333333333333
10 0.501171875 0.175 0.09921875 0.20277777777778
10 0.33203125 0.36458333333333 0.0828125 0.14583333333333
10 0.3703125 0.83472222222222 0.0875 0.14444444444444
10 0.3046875 0.068055555555556 0.0828125 0.13611111111111
10 0.23828125 0.30208333333333 0.04375 0.098611111111111
10 0.246875 0.027777777777778 0.0625 0.055555555555556
10 0.77421875 0.53333333333333 0.0203125 0.088888888888889