10 0.844921875 0.42361111111111 0.03671875 0.05
10 0.66953125 0.48680555555556 0.05 0.0625
10 0.740625 0.68611111111111 0.0546875 0.069444444444444
10 0.8046875 0.23819444444444 0.3109375 0.47638888888889
10 0.621875 0.30347222222222 0.046875 0.059722222222222
10 0.372265625 0.38680555555556 0.28671875 0.52361111111111
10 0.768359375 0.55972222222222 0.05234375 0.066666666666667
10 0.682421875 0.64722222222222 0.03671875 0.047222222222222
10 0.80625 0.57083333333333 0.0546875 0.063888888888889
10 0.7046875 0.53958333333333 0.04375 0.056944444444444
10 0.716796875 0.61597222222222 0.04765625 0.054166666666667
10 0.6109375 0.38055555555556 0.034375 0.05