10 0.77057291666667 0.67638888888889 0.0234375 0.036111111111111
10 0.7609375 0.39444444444444 0.021875 0.033333333333333
10 0.43307291666667 0.65277777777778 0.024479166666667 0.035185185185185
10 0.40416666666667 0.31111111111111 0.021875 0.031481481481481
10 0.39635416666667 0.68981481481481 0.022916666666667 0.031481481481481
10 0.58463541666667 0.6 0.024479166666667 0.038888888888889
10 0.85911458333333 0.77314814814815 0.0234375 0.035185185185185
10 0.70078125 0.79259259259259 0.0234375 0.033333333333333
10 0.58020833333333 0.33518518518519 0.020833333333333 0.031481481481481
10 0.26041666666667 0.6662037037037 0.021875 0.030555555555556
10 0.058072916666667 0.27731481481481 0.0328125 0.050925925925926
10 0.81041666666667 0.8787037037037 0.029166666666667 0.037037037037037
10 0.82682291666667 0.22453703703704 0.0234375 0.034259259259259
10 0.020572916666667 0.67268518518519 0.0234375 0.030555555555556
10 0.48359375 0.77638888888889 0.031770833333333 0.043518518518519
10 0.57994791666667 0.6087962962963 0.021354166666667 0.032407407407407
10 0.22630208333333 0.69861111111111 0.0546875 0.084259259259259