11 0.748046875 0.70972222222222 0.05078125 0.063888888888889
11 0.705078125 0.24444444444444 0.05703125 0.080555555555556
11 0.809765625 0.24027777777778 0.31953125 0.48055555555556
11 0.6828125 0.56666666666667 0.03125 0.041666666666667
11 0.828125 0.525 0.0359375 0.044444444444444
11 0.93515625 0.52013888888889 0.0328125 0.040277777777778
11 0.725 0.56736111111111 0.034375 0.045833333333333
11 0.678515625 0.65486111111111 0.03671875 0.045833333333333
11 0.809375 0.57083333333333 0.05 0.069444444444444
11 0.85234375 0.59791666666667 0.040625 0.054166666666667
11 0.5921875 0.29305555555556 0.0296875 0.041666666666667
11 0.84140625 0.49652777777778 0.0359375 0.045833333333333
11 0.768359375 0.59166666666667 0.05078125 0.069444444444444
11 0.725390625 0.68333333333333 0.03515625 0.05
11 0.723828125 0.63472222222222 0.04453125 0.052777777777778
11 0.594140625 0.37222222222222 0.03359375 0.047222222222222
11 0.7703125 0.68958333333333 0.034375 0.048611111111111
11 0.275390625 0.19305555555556 0.03671875 0.052777777777778
11 0.359765625 0.42777777777778 0.29296875 0.54444444444444
11 0.651171875 0.53680555555556 0.04296875 0.059722222222222
11 0.64453125 0.24236111111111 0.053125 0.073611111111111
11 0.682421875 0.71111111111111 0.03671875 0.047222222222222