10 0.57942708333333 0.24537037037037 0.034895833333333 0.046296296296296
10 0.16640625 0.67731481481481 0.0234375 0.034259259259259
10 0.19869791666667 0.60972222222222 0.034895833333333 0.05462962962963
10 0.49661458333333 0.42731481481481 0.075520833333333 0.093518518518519
10 0.31536458333333 0.46666666666667 0.0609375 0.074074074074074
10 0.15859375 0.64398148148148 0.022395833333333 0.028703703703704
10 0.28463541666667 0.59861111111111 0.018229166666667 0.023148148148148
10 0.234375 0.54074074074074 0.016666666666667 0.024074074074074
10 0.25416666666667 0.61203703703704 0.023958333333333 0.027777777777778
10 0.38619791666667 0.59675925925926 0.0203125 0.026851851851852
10 0.2859375 0.43194444444444 0.061458333333333 0.082407407407407