10 0.685546875 0.084722222222222 0.27421875 0.15833333333333
10 0.498046875 0.65277777777778 0.25078125 0.32222222222222
10 0.23671875 0.27430555555556 0.1703125 0.1875
10 0.148828125 0.45902777777778 0.13359375 0.20138888888889
10 0.95 0.14930555555556 0.0984375 0.12916666666667
10 0.37734375 0.46527777777778 0.1171875 0.15277777777778
33 0.0640625 0.60902777777778 0.128125 0.33194444444444
10 0.23515625 0.71875 0.0921875 0.10138888888889
10 0.394921875 0.69166666666667 0.04609375 0.052777777777778
10 0.228125 0.53472222222222 0.053125 0.069444444444444
33 0.066015625 0.61458333333333 0.13203125 0.35972222222222
33 0.498828125 0.65347222222222 0.23671875 0.30972222222222
10 0.686328125 0.084722222222222 0.26953125 0.15833333333333
10 0.23515625 0.27430555555556 0.1546875 0.18472222222222
10 0.14921875 0.46319444444444 0.1296875 0.19583333333333
10 0.377734375 0.46666666666667 0.11171875 0.14722222222222
10 0.235546875 0.71944444444444 0.09296875 0.1
10 0.95078125 0.14791666666667 0.0953125 0.12638888888889
10 0.228125 0.53333333333333 0.05 0.066666666666667
10 0.39453125 0.69236111111111 0.0453125 0.054166666666667
10 0.355078125 0.74097222222222 0.02578125 0.031944444444444