11 0.71875 0.24444444444444 0.16041666666667 0.20185185185185
11 0.35364583333333 0.2537037037037 0.06875 0.083333333333333
11 0.80755208333333 0.21990740740741 0.052604166666667 0.071296296296296
11 0.9203125 0.18333333333333 0.052083333333333 0.075925925925926
11 0.29114583333333 0.49444444444444 0.11041666666667 0.12962962962963
11 0.090625 0.053703703703704 0.15520833333333 0.10740740740741
11 0.59713541666667 0.29259259259259 0.0578125 0.077777777777778
11 0.79765625 0.12962962962963 0.1328125 0.17222222222222
11 0.39296875 0.48611111111111 0.086979166666667 0.1
11 0.24583333333333 0.074537037037037 0.115625 0.13425925925926
11 0.92395833333333 0.33657407407407 0.059375 0.082407407407407
11 0.45260416666667 0.28518518518519 0.063541666666667 0.081481481481481
11 0.41614583333333 0.055555555555556 0.080208333333333 0.1037037037037
11 0.60208333333333 0.068055555555556 0.077083333333333 0.10092592592593
11 0.940625 0.45046296296296 0.048958333333333 0.069444444444444
11 0.9796875 0.50231481481481 0.041666666666667 0.091666666666667
11 0.47838541666667 0.11157407407407 0.068229166666667 0.10648148148148
11 0.40703125 0.15833333333333 0.083854166666667 0.12222222222222
11 0.35208333333333 0.48981481481481 0.15520833333333 0.12407407407407
11 0.028125 0.25925925925926 0.05625 0.088888888888889
11 0.78151041666667 0.51388888888889 0.044270833333333 0.061111111111111
11 0.10416666666667 0.22685185185185 0.060416666666667 0.074074074074074
11 0.69791666666667 0.055092592592593 0.083333333333333 0.10648148148148
11 0.70885416666667 0.38518518518519 0.11458333333333 0.12777777777778
11 0.11432291666667 0.30833333333333 0.093229166666667 0.098148148148148
11 0.04140625 0.16018518518519 0.066145833333333 0.088888888888889
11 0.86171875 0.4337962962963 0.11822916666667 0.16203703703704
11 0.21536458333333 0.38796296296296 0.12447916666667 0.16111111111111
11 0.62682291666667 0.45833333333333 0.13489583333333 0.18333333333333
11 0.98229166666667 0.29305555555556 0.035416666666667 0.10833333333333
11 0.78307291666667 0.14814814814815 0.0859375 0.11666666666667
11 0.503125 0.31759259259259 0.97708333333333 0.61666666666667
11 0.54895833333333 0.49768518518519 0.25625 0.25833333333333
11 0.715625 0.24444444444444 0.14166666666667 0.19259259259259
11 0.62109375 0.4587962962963 0.13697916666667 0.15833333333333
11 0.86171875 0.43472222222222 0.11302083333333 0.1712962962963
11 0.5046875 0.59074074074074 0.125 0.13703703703704
11 0.70598958333333 0.3875 0.12239583333333 0.12685185185185
11 0.24583333333333 0.073148148148148 0.10833333333333 0.13518518518519
11 0.29140625 0.49907407407407 0.1109375 0.13148148148148
11 0.8046875 0.12222222222222 0.090625 0.1462962962963
11 0.09921875 0.051388888888889 0.13072916666667 0.099074074074074
11 0.3890625 0.2662037037037 0.13854166666667 0.078703703703704
11 0.40729166666667 0.15787037037037 0.086458333333333 0.125
11 0.20989583333333 0.37222222222222 0.092708333333333 0.11296296296296
11 0.39348958333333 0.48564814814815 0.093229166666667 0.10462962962963
11 0.22760416666667 0.4212962962963 0.0875 0.1
11 0.61510416666667 0.43842592592593 0.088541666666667 0.10092592592593
11 0.69609375 0.056018518518519 0.078645833333333 0.10648148148148
11 0.41354166666667 0.056944444444444 0.073958333333333 0.10833333333333
11 0.52317708333333 0.42037037037037 0.0984375 0.088888888888889
11 0.47760416666667 0.11111111111111 0.072916666666667 0.10740740740741
11 0.78307291666667 0.14814814814815 0.072395833333333 0.10740740740741
11 0.60234375 0.068981481481481 0.071354166666667 0.10092592592593
11 0.55911458333333 0.14305555555556 0.074479166666667 0.093518518518519
11 0.11979166666667 0.30740740740741 0.077083333333333 0.088888888888889
11 0.68697916666667 0.38148148148148 0.075 0.090740740740741
11 0.27473958333333 0.31805555555556 0.0765625 0.082407407407407
11 0.35364583333333 0.25324074074074 0.067708333333333 0.082407407407407
11 0.44453125 0.52222222222222 0.072395833333333 0.074074074074074
11 0.12421875 0.40972222222222 0.066145833333333 0.082407407407407
11 0.0421875 0.16018518518519 0.059375 0.085185185185185
11 0.45390625 0.28518518518519 0.066145833333333 0.072222222222222
11 0.92369791666667 0.33472222222222 0.053645833333333 0.084259259259259
11 0.59739583333333 0.29074074074074 0.060416666666667 0.072222222222222
11 0.10442708333333 0.22685185185185 0.055729166666667 0.072222222222222
11 0.653125 0.32314814814815 0.058333333333333 0.074074074074074
11 0.028385416666667 0.26435185185185 0.0546875 0.073148148148148
11 0.80755208333333 0.21898148148148 0.0515625 0.075
11 0.51588541666667 0.32824074074074 0.058854166666667 0.067592592592593
11 0.92005208333333 0.18425925925926 0.050520833333333 0.074074074074074
11 0.98333333333333 0.29027777777778 0.033333333333333 0.10648148148148
11 0.98072916666667 0.50185185185185 0.039583333333333 0.094444444444444
11 0.93958333333333 0.44814814814815 0.045833333333333 0.077777777777778
11 0.78203125 0.51574074074074 0.0515625 0.066666666666667
11 0.22473958333333 0.22361111111111 0.0515625 0.067592592592593
11 0.871875 0.55694444444444 0.046875 0.071296296296296
11 0.56354166666667 0.56666666666667 0.046875 0.053703703703704
11 0.8359375 0.59074074074074 0.047916666666667 0.066666666666667
11 0.76875 0.24166666666667 0.045833333333333 0.064814814814815
11 0.010677083333333 0.066666666666667 0.019270833333333 0.07962962962963
11 0.0088541666666667 0.16203703703704 0.017708333333333 0.051851851851852