10 0.44635416666667 0.70925925925926 0.015625 0.02037037037037
10 0.7453125 0.34166666666667 0.021875 0.033333333333333
10 0.94765625 0.52777777777778 0.0234375 0.033333333333333
10 0.53151041666667 0.81712962962963 0.0171875 0.023148148148148
10 0.63645833333333 0.54212962962963 0.026041666666667 0.036111111111111
10 0.69973958333333 0.64259259259259 0.0234375 0.035185185185185
10 0.69244791666667 0.32592592592593 0.031770833333333 0.048148148148148
10 0.66588541666667 0.41712962962963 0.030729166666667 0.041666666666667
10 0.28020833333333 0.60555555555556 0.027083333333333 0.035185185185185
10 0.98151041666667 0.48888888888889 0.024479166666667 0.033333333333333
10 0.70494791666667 0.475 0.024479166666667 0.035185185185185
10 0.46510416666667 0.66157407407407 0.016666666666667 0.021296296296296
10 0.36770833333333 0.98055555555556 0.019791666666667 0.022222222222222
10 0.49114583333333 0.75046296296296 0.035416666666667 0.050925925925926
10 0.55651041666667 0.55509259259259 0.013020833333333 0.017592592592593
10 0.79479166666667 0.71157407407407 0.027083333333333 0.037962962962963
10 0.38697916666667 0.79907407407407 0.016666666666667 0.022222222222222
10 0.9140625 0.27407407407407 0.020833333333333 0.02962962962963
10 0.39427083333333 0.85833333333333 0.017708333333333 0.024074074074074
10 0.5734375 0.53101851851852 0.015625 0.021296296296296
10 0.84973958333333 0.015277777777778 0.024479166666667 0.030555555555556
10 0.48151041666667 0.67453703703704 0.018229166666667 0.023148148148148
10 0.54166666666667 0.62916666666667 0.01875 0.025
10 0.71796875 0.77777777777778 0.025520833333333 0.033333333333333
10 0.275 0.86157407407407 0.025 0.034259259259259
10 0.41953125 0.65138888888889 0.0203125 0.025
10 0.5953125 0.90277777777778 0.028125 0.038888888888889
10 0.38541666666667 0.98842592592593 0.016666666666667 0.019444444444444
10 0.3734375 0.84861111111111 0.020833333333333 0.025
10 0.41614583333333 0.90138888888889 0.017708333333333 0.023148148148148
10 0.41510416666667 0.70555555555556 0.015625 0.02037037037037
10 0.88958333333333 0.69444444444444 0.051041666666667 0.07962962962963
10 0.45364583333333 0.76111111111111 0.017708333333333 0.022222222222222
10 0.38307291666667 0.96296296296296 0.021354166666667 0.027777777777778
10 0.61223958333333 0.83518518518519 0.019270833333333 0.027777777777778
10 0.2625 0.95 0.035416666666667 0.046296296296296
10 0.425 0.72916666666667 0.016666666666667 0.021296296296296
10 0.75260416666667 0.71111111111111 0.025 0.033333333333333
10 0.50833333333333 0.41898148148148 0.014583333333333 0.019444444444444
10 0.46875 0.74166666666667 0.021875 0.033333333333333
10 0.43619791666667 0.67962962962963 0.016145833333333 0.02037037037037
10 0.475 0.70416666666667 0.025 0.034259259259259
10 0.44635416666667 0.73564814814815 0.014583333333333 0.019444444444444
10 0.38723958333333 0.75740740740741 0.0171875 0.024074074074074
10 0.49401041666667 0.63657407407407 0.0140625 0.017592592592593
10 0.82760416666667 0.25601851851852 0.026041666666667 0.037962962962963
10 0.8921875 0.72453703703704 0.020833333333333 0.030555555555556
10 0.58880208333333 0.96666666666667 0.047395833333333 0.057407407407407
10 0.77942708333333 0.79351851851852 0.025520833333333 0.037037037037037
10 0.78463541666667 0.575 0.0265625 0.037037037037037
10 0.77161458333333 0.29814814814815 0.0203125 0.02962962962963
10 0.60625 0.36712962962963 0.039583333333333 0.056481481481481
10 0.47161458333333 0.56990740740741 0.0171875 0.021296296296296
10 0.45260416666667 0.85462962962963 0.030208333333333 0.042592592592593
10 0.33619791666667 0.91342592592593 0.025520833333333 0.032407407407407
10 0.41119791666667 0.87175925925926 0.019270833333333 0.025
10 0.39348958333333 0.65046296296296 0.0171875 0.021296296296296
10 0.39583333333333 0.69537037037037 0.014583333333333 0.018518518518519
10 0.7265625 0.42175925925926 0.021875 0.030555555555556
10 0.72630208333333 0.88472222222222 0.027604166666667 0.037962962962963
10 0.88932291666667 0.22175925925926 0.0234375 0.034259259259259
10 0.37473958333333 0.88148148148148 0.0171875 0.024074074074074
10 0.53307291666667 0.69351851851852 0.019270833333333 0.025925925925926
10 0.36510416666667 0.80972222222222 0.021875 0.028703703703704
10 0.796875 0.6662037037037 0.039583333333333 0.062037037037037
10 0.34453125 0.98888888888889 0.025520833333333 0.025925925925926
10 0.44192708333333 0.97962962962963 0.025520833333333 0.033333333333333