11 0.53411458333333 0.65092592592593 0.052604166666667 0.066666666666667
11 0.53776041666667 0.5287037037037 0.044270833333333 0.066666666666667
11 0.5859375 0.54027777777778 0.046875 0.060185185185185
11 0.4796875 0.36527777777778 0.045833333333333 0.056481481481481
11 0.31484375 0.15925925925926 0.043229166666667 0.059259259259259
11 0.3359375 0.21527777777778 0.053125 0.047222222222222
11 0.30651041666667 0.24351851851852 0.0484375 0.05
11 0.42265625 0.3837962962963 0.041145833333333 0.05462962962963
11 0.5921875 0.73009259259259 0.041666666666667 0.060185185185185
11 0.56197916666667 0.60462962962963 0.040625 0.053703703703704
11 0.31953125 0.40925925925926 0.038020833333333 0.057407407407407
11 0.25286458333333 0.60416666666667 0.041145833333333 0.058333333333333
11 0.40729166666667 0.39583333333333 0.038541666666667 0.056481481481481
11 0.14375 0.33518518518519 0.036458333333333 0.057407407407407
11 0.22369791666667 0.66203703703704 0.036979166666667 0.055555555555556
11 0.25260416666667 0.38518518518519 0.036458333333333 0.057407407407407
11 0.040364583333333 0.043055555555556 0.036979166666667 0.05462962962963
11 0.353125 0.20462962962963 0.036458333333333 0.053703703703704
11 0.39348958333333 0.66064814814815 0.034895833333333 0.052777777777778
11 0.48020833333333 0.10787037037037 0.036458333333333 0.052777777777778
11 0.56015625 0.44351851851852 0.0359375 0.05
11 0.63619791666667 0.61435185185185 0.036979166666667 0.050925925925926
11 0.64557291666667 0.71157407407407 0.036979166666667 0.049074074074074
11 0.01953125 0.033333333333333 0.034895833333333 0.05
11 0.2671875 0.13657407407407 0.035416666666667 0.049074074074074
11 0.271875 0.29305555555556 0.035416666666667 0.049074074074074
11 0.33828125 0.32731481481481 0.033854166666667 0.049074074074074
11 0.11223958333333 0.10185185185185 0.033854166666667 0.048148148148148
11 0.21380208333333 0.19027777777778 0.033854166666667 0.050925925925926
11 0.75859375 0.86990740740741 0.0359375 0.04537037037037
11 0.25104166666667 0.53472222222222 0.033333333333333 0.049074074074074
11 0.40494791666667 0.20416666666667 0.034895833333333 0.049074074074074
11 0.8609375 0.84351851851852 0.036458333333333 0.044444444444444
11 0.39713541666667 0.25833333333333 0.033854166666667 0.046296296296296
11 0.26979166666667 0.62268518518519 0.033333333333333 0.047222222222222
11 0.22526041666667 0.76851851851852 0.033854166666667 0.048148148148148
11 0.07421875 0.38287037037037 0.033854166666667 0.047222222222222
11 0.66328125 0.62083333333333 0.0328125 0.047222222222222
11 0.4390625 0.70046296296296 0.032291666666667 0.04537037037037
11 0.5859375 0.41342592592593 0.032291666666667 0.04537037037037
11 0.60963541666667 0.89212962962963 0.033854166666667 0.04537037037037
11 0.11822916666667 0.059259259259259 0.033333333333333 0.046296296296296
11 0.11822916666667 0.13194444444444 0.03125 0.049074074074074
11 0.015364583333333 0.10277777777778 0.030729166666667 0.05
11 0.32265625 0.22083333333333 0.031770833333333 0.04537037037037
11 0.5375 0.37638888888889 0.03125 0.04537037037037
11 0.24817708333333 0.19444444444444 0.031770833333333 0.044444444444444
11 0.33203125 0.29675925925926 0.031770833333333 0.04537037037037
11 0.44557291666667 0.12824074074074 0.0296875 0.047222222222222
11 0.52552083333333 0.29259259259259 0.03125 0.044444444444444
11 0.075 0.43888888888889 0.03125 0.044444444444444
11 0.19635416666667 0.26342592592593 0.03125 0.043518518518519
11 0.17291666666667 0.39768518518519 0.030208333333333 0.04537037037037
11 0.063802083333333 0.13657407407407 0.0296875 0.04537037037037
11 0.44114583333333 0.11527777777778 0.03125 0.043518518518519
11 0.7765625 0.81805555555556 0.032291666666667 0.041666666666667
11 0.35234375 0.4962962962963 0.0296875 0.044444444444444
11 0.50598958333333 0.49861111111111 0.030729166666667 0.043518518518519
11 0.55078125 0.42546296296296 0.030729166666667 0.043518518518519
11 0.61744791666667 0.4337962962963 0.0296875 0.043518518518519
11 0.49791666666667 0.2625 0.030208333333333 0.043518518518519
11 0.39661458333333 0.15277777777778 0.031770833333333 0.040740740740741
11 0.43958333333333 0.23240740740741 0.029166666666667 0.042592592592593
11 0.23567708333333 0.46435185185185 0.028645833333333 0.043518518518519
11 0.37369791666667 0.325 0.030729166666667 0.042592592592593
11 0.48645833333333 0.031944444444444 0.028125 0.041666666666667
11 0.29192708333333 0.24722222222222 0.028645833333333 0.040740740740741
11 0.22239583333333 0.19768518518519 0.029166666666667 0.041666666666667
11 0.5953125 0.10694444444444 0.028125 0.043518518518519
11 0.47005208333333 0.30740740740741 0.0296875 0.040740740740741
11 0.38671875 0.20046296296296 0.028645833333333 0.041666666666667
11 0.19817708333333 0.49166666666667 0.0296875 0.038888888888889
11 0.30598958333333 0.26574074074074 0.027604166666667 0.040740740740741
11 0.5328125 0.23333333333333 0.028125 0.040740740740741
11 0.546875 0.53564814814815 0.029166666666667 0.039814814814815
11 0.66796875 0.4962962962963 0.028645833333333 0.038888888888889
11 0.60572916666667 0.65648148148148 0.029166666666667 0.038888888888889
11 0.32864583333333 0.1375 0.027083333333333 0.039814814814815
11 0.45807291666667 0.24861111111111 0.028645833333333 0.037962962962963
11 0.41614583333333 0.11805555555556 0.027083333333333 0.039814814814815
11 0.20364583333333 0.17685185185185 0.028125 0.038888888888889
11 0.60989583333333 0.42314814814815 0.027083333333333 0.038888888888889
11 0.57604166666667 0.48333333333333 0.028125 0.037037037037037
11 0.30963541666667 0.37824074074074 0.027604166666667 0.036111111111111
11 0.13671875 0.1587962962963 0.0265625 0.037962962962963
11 0.15416666666667 0.087037037037037 0.026041666666667 0.038888888888889
11 0.38463541666667 0.10740740740741 0.027604166666667 0.037037037037037
11 0.22421875 0.081944444444444 0.027604166666667 0.036111111111111
11 0.090625 0.096296296296296 0.026041666666667 0.037037037037037
11 0.68385416666667 0.70277777777778 0.028125 0.035185185185185
11 0.45026041666667 0.13935185185185 0.0265625 0.036111111111111
11 0.23255208333333 0.3212962962963 0.025520833333333 0.037037037037037
11 0.20104166666667 0.33287037037037 0.026041666666667 0.037962962962963
11 0.44635416666667 0.30833333333333 0.026041666666667 0.035185185185185
11 0.52604166666667 0.58333333333333 0.026041666666667 0.035185185185185
11 0.20598958333333 0.5587962962963 0.025520833333333 0.036111111111111
11 0.42213541666667 0.22916666666667 0.025520833333333 0.034259259259259
11 0.41953125 0.18240740740741 0.024479166666667 0.031481481481481
11 0.3015625 0.12638888888889 0.022916666666667 0.032407407407407
11 0.4375 0.19953703703704 0.023958333333333 0.030555555555556