10 0.47890625 0.35833333333333 0.34635416666667 0.38703703703704
10 0.10364583333333 0.35648148148148 0.20729166666667 0.27592592592593
10 0.19166666666667 0.44675925925926 0.22395833333333 0.23425925925926
10 0.36458333333333 0.38287037037037 0.19166666666667 0.23611111111111
10 0.92421875 0.34490740740741 0.15364583333333 0.22685185185185
10 0.56692708333333 0.41481481481481 0.1421875 0.17962962962963
10 0.78046875 0.42268518518519 0.12552083333333 0.18055555555556
10 0.64296875 0.29074074074074 0.12447916666667 0.15555555555556
10 0.83958333333333 0.28425925925926 0.10625 0.14814814814815
10 0.76588541666667 0.31759259259259 0.0953125 0.13148148148148
10 0.23567708333333 0.36574074074074 0.099479166666667 0.11481481481481
10 0.97395833333333 0.1962962962963 0.053125 0.18518518518519
10 0.020052083333333 0.34490740740741 0.040104166666667 0.10648148148148
10 0.73671875 0.2462962962963 0.071354166666667 0.1
10 0.98098958333333 0.47175925925926 0.0359375 0.089814814814815