10 0.55286458333333 0.56898148148148 0.025520833333333 0.034259259259259
10 0.38411458333333 0.69675925925926 0.030729166666667 0.037962962962963
10 0.41015625 0.75 0.025520833333333 0.033333333333333
10 0.61822916666667 0.70185185185185 0.028125 0.038888888888889
10 0.53854166666667 0.43472222222222 0.036458333333333 0.050925925925926
10 0.71536458333333 0.41712962962963 0.028645833333333 0.039814814814815
10 0.52369791666667 0.50740740740741 0.024479166666667 0.031481481481481
10 0.55833333333333 0.43009259259259 0.028125 0.036111111111111
10 0.50625 0.84074074074074 0.059375 0.072222222222222
10 0.76197916666667 0.18148148148148 0.041666666666667 0.062962962962963
10 0.39401041666667 0.97268518518519 0.040104166666667 0.050925925925926
10 0.4203125 0.22592592592593 0.033333333333333 0.046296296296296
10 0.28619791666667 0.75 0.041145833333333 0.044444444444444
10 0.51770833333333 0.46712962962963 0.025 0.032407407407407
10 0.55442708333333 0.65046296296296 0.036979166666667 0.04537037037037
10 0.25598958333333 0.76481481481481 0.031770833333333 0.042592592592593
10 0.59921875 0.043518518518519 0.034895833333333 0.055555555555556
10 0.42630208333333 0.64351851851852 0.025520833333333 0.033333333333333
10 0.68098958333333 0.28287037037037 0.0390625 0.056481481481481
10 0.46302083333333 0.82685185185185 0.029166666666667 0.037037037037037
10 0.5390625 0.60046296296296 0.029166666666667 0.036111111111111
10 0.95963541666667 0.17962962962963 0.034895833333333 0.051851851851852
10 0.91119791666667 0.43796296296296 0.041145833333333 0.059259259259259
10 0.7125 0.55416666666667 0.032291666666667 0.043518518518519
10 0.018229166666667 0.74166666666667 0.030208333333333 0.044444444444444
10 0.58645833333333 0.82268518518519 0.028125 0.036111111111111
10 0.5359375 0.46342592592593 0.022916666666667 0.030555555555556
10 0.47135416666667 0.64583333333333 0.022916666666667 0.028703703703704
10 0.84895833333333 0.17962962962963 0.035416666666667 0.05
10 0.49375 0.45324074074074 0.026041666666667 0.034259259259259
10 0.98098958333333 0.5912037037037 0.038020833333333 0.062037037037037
10 0.42890625 0.80277777777778 0.0296875 0.038888888888889
10 0.4734375 0.61296296296296 0.028125 0.035185185185185
10 0.48541666666667 0.6912037037037 0.032291666666667 0.041666666666667
10 0.2359375 0.7962962962963 0.029166666666667 0.038888888888889
10 0.603125 0.97407407407407 0.025 0.031481481481481
10 0.70026041666667 0.31481481481481 0.069270833333333 0.10185185185185
10 0.29401041666667 0.74074074074074 0.030729166666667 0.040740740740741
10 0.31484375 0.96759259259259 0.033854166666667 0.046296296296296
10 0.54557291666667 0.76064814814815 0.043229166666667 0.056481481481481
10 0.8453125 0.93333333333333 0.115625 0.12962962962963
10 0.75364583333333 0.36388888888889 0.028125 0.038888888888889
10 0.95286458333333 0.66296296296296 0.038020833333333 0.055555555555556
10 0.5875 0.71712962962963 0.022916666666667 0.030555555555556
10 0.53697916666667 0.8212962962963 0.029166666666667 0.037037037037037
10 0.5890625 0.44861111111111 0.01875 0.025
10 0.85078125 0.25648148148148 0.0390625 0.053703703703704
10 0.52291666666667 0.73101851851852 0.025 0.030555555555556
10 0.088802083333333 0.75972222222222 0.0296875 0.037962962962963
10 0.1921875 0.62824074074074 0.027083333333333 0.034259259259259
10 0.515625 0.69490740740741 0.044791666666667 0.058333333333333
10 0.41953125 0.12731481481481 0.031770833333333 0.04537037037037
10 0.56302083333333 0.80740740740741 0.028125 0.033333333333333
10 0.48776041666667 0.75648148148148 0.027604166666667 0.037037037037037
10 0.53619791666667 0.38148148148148 0.030729166666667 0.037037037037037
10 0.60260416666667 0.66388888888889 0.030208333333333 0.040740740740741
10 0.61171875 0.1912037037037 0.040104166666667 0.060185185185185
10 0.58567708333333 0.7912037037037 0.024479166666667 0.032407407407407
10 0.90234375 0.0097222222222222 0.031770833333333 0.019444444444444
10 0.43776041666667 0.62222222222222 0.027604166666667 0.033333333333333
10 0.76744791666667 0.28240740740741 0.033854166666667 0.048148148148148
10 0.51119791666667 0.58703703703704 0.0296875 0.037037037037037
10 0.43802083333333 0.75787037037037 0.026041666666667 0.034259259259259
10 0.45703125 0.55555555555556 0.025520833333333 0.033333333333333
10 0.59375 0.4787037037037 0.027083333333333 0.037037037037037
10 0.44088541666667 0.6462962962963 0.0296875 0.038888888888889
10 0.52526041666667 0.37777777777778 0.022395833333333 0.031481481481481
10 0.28333333333333 0.43657407407407 0.022916666666667 0.030555555555556
10 0.54635416666667 0.38611111111111 0.028125 0.037037037037037
10 0.82760416666667 0.43101851851852 0.039583333333333 0.058333333333333
10 0.6109375 0.9462962962963 0.03125 0.042592592592593
10 0.81848958333333 0.64398148148148 0.063020833333333 0.075
10 0.4828125 0.32546296296296 0.020833333333333 0.028703703703704
10 0.3859375 0.80648148148148 0.030208333333333 0.038888888888889
10 0.24114583333333 0.78194444444444 0.03125 0.043518518518519
10 0.20963541666667 0.5587962962963 0.025520833333333 0.032407407407407
10 0.35442708333333 0.18425925925926 0.0328125 0.048148148148148
10 0.55651041666667 0.34074074074074 0.0234375 0.031481481481481
10 0.56380208333333 0.54027777777778 0.0234375 0.028703703703704
10 0.50911458333333 0.61574074074074 0.038020833333333 0.044444444444444
10 0.75755208333333 0.86064814814815 0.071354166666667 0.10092592592593
10 0.53671875 0.70231481481481 0.030729166666667 0.039814814814815
10 0.5796875 0.41296296296296 0.027083333333333 0.037037037037037
10 0.52265625 0.96944444444444 0.0296875 0.037037037037037
10 0.5859375 0.62592592592593 0.028125 0.037037037037037