11 0.22369791666667 0.38611111111111 0.093229166666667 0.10740740740741
11 0.40520833333333 0.51296296296296 0.076041666666667 0.090740740740741
11 0.66328125 0.52962962962963 0.059895833333333 0.077777777777778
11 0.125 0.35555555555556 0.071875 0.1037037037037
11 0.94166666666667 0.17407407407407 0.057291666666667 0.077777777777778
11 0.026822916666667 0.30462962962963 0.053645833333333 0.088888888888889
11 0.49817708333333 0.72777777777778 0.17552083333333 0.26111111111111
11 0.82734375 0.15277777777778 0.061979166666667 0.083333333333333
11 0.14348958333333 0.049074074074074 0.11822916666667 0.098148148148148
11 0.87291666666667 0.76435185185185 0.064583333333333 0.093518518518519
11 0.68229166666667 0.013888888888889 0.053125 0.027777777777778
11 0.77994791666667 0.38194444444444 0.046354166666667 0.069444444444444
11 0.875 0.39953703703704 0.065625 0.093518518518519
11 0.81223958333333 0.23842592592593 0.056770833333333 0.082407407407407
11 0.3375 0.23472222222222 0.041666666666667 0.052777777777778
11 0.29114583333333 0.044907407407407 0.064583333333333 0.087962962962963
11 0.30130208333333 0.52175925925926 0.084895833333333 0.097222222222222
11 0.07890625 0.027314814814815 0.0546875 0.05462962962963
11 0.84088541666667 0.58981481481481 0.046354166666667 0.066666666666667
11 0.24557291666667 0.11111111111111 0.0515625 0.074074074074074
11 0.16953125 0.43148148148148 0.053645833333333 0.072222222222222
11 0.61510416666667 0.64351851851852 0.051041666666667 0.062962962962963
11 0.49010416666667 0.39907407407407 0.05625 0.077777777777778
11 0.28411458333333 0.23101851851852 0.055729166666667 0.067592592592593
11 0.26953125 0.7462962962963 0.072395833333333 0.087037037037037
11 0.9234375 0.32685185185185 0.082291666666667 0.10925925925926
11 0.42916666666667 0.20509259259259 0.052083333333333 0.071296296296296
11 0.01953125 0.053703703703704 0.0390625 0.094444444444444
11 0.14895833333333 0.30833333333333 0.045833333333333 0.062962962962963
11 0.65260416666667 0.19212962962963 0.076041666666667 0.10833333333333
11 0.57135416666667 0.28240740740741 0.11145833333333 0.12222222222222
11 0.95911458333333 0.48333333333333 0.055729166666667 0.07962962962963
11 0.058333333333333 0.15185185185185 0.048958333333333 0.07037037037037
11 0.17369791666667 0.26527777777778 0.049479166666667 0.067592592592593
11 0.28203125 0.38518518518519 0.065104166666667 0.088888888888889
11 0.73359375 0.29675925925926 0.12864583333333 0.16203703703704
11 0.56744791666667 0.056944444444444 0.0734375 0.11203703703704
11 0.69427083333333 0.1462962962963 0.06875 0.1
11 0.45572916666667 0.27037037037037 0.057291666666667 0.07037037037037
11 0.64166666666667 0.43240740740741 0.08125 0.094444444444444
11 0.37239583333333 0.26851851851852 0.055208333333333 0.07037037037037
11 0.25885416666667 0.35046296296296 0.071875 0.10092592592593
11 0.81510416666667 0.12175925925926 0.11041666666667 0.16203703703704
11 0.40520833333333 0.083796296296296 0.11770833333333 0.16759259259259
11 0.65364583333333 0.41388888888889 0.11041666666667 0.15740740740741