10 0.6453125 0.67916666666667 0.08125 0.091666666666667
10 0.85625 0.25416666666667 0.065625 0.088888888888889
10 0.687890625 0.024305555555556 0.05703125 0.048611111111111
10 0.16640625 0.63819444444444 0.0921875 0.14027777777778
10 0.46015625 0.88263888888889 0.0765625 0.098611111111111
10 0.42734375 0.25555555555556 0.08125 0.11944444444444
10 0.86171875 0.13958333333333 0.0578125 0.084722222222222
10 0.30703125 0.11180555555556 0.0828125 0.1125
10 0.522265625 0.93055555555556 0.13046875 0.13888888888889
10 0.771484375 0.65833333333333 0.10859375 0.12222222222222
10 0.746875 0.50833333333333 0.196875 0.21388888888889
10 0.4859375 0.90625 0.1265625 0.14027777777778
10 0.541015625 0.24930555555556 0.08203125 0.12638888888889
10 0.67578125 0.69166666666667 0.134375 0.13333333333333
10 0.726171875 0.33541666666667 0.17421875 0.21527777777778
10 0.716015625 0.13888888888889 0.16640625 0.19444444444444