11 0.4296875 0.325 0.3109375 0.55555555555556
11 0.730859375 0.625 0.02578125 0.036111111111111
11 0.632421875 0.31597222222222 0.02578125 0.0375
11 0.80234375 0.48125 0.0296875 0.040277777777778
11 0.83984375 0.47916666666667 0.03125 0.044444444444444
11 0.72578125 0.52847222222222 0.03125 0.040277777777778
11 0.876953125 0.48263888888889 0.03203125 0.045833333333333
11 0.85703125 0.55486111111111 0.03125 0.045833333333333
11 0.670703125 0.36388888888889 0.02890625 0.041666666666667
11 0.8453125 0.59652777777778 0.028125 0.040277777777778
11 0.859375 0.50416666666667 0.028125 0.038888888888889
11 0.89921875 0.52013888888889 0.0328125 0.043055555555556
11 0.820703125 0.51458333333333 0.04453125 0.0625
11 0.738671875 0.48819444444444 0.03515625 0.048611111111111
11 0.7203125 0.55902777777778 0.025 0.034722222222222