11 0.10677083333333 0.21666666666667 0.12604166666667 0.15925925925926
11 0.50625 0.71435185185185 0.070833333333333 0.089814814814815
11 0.57786458333333 0.1912037037037 0.047395833333333 0.069444444444444
11 0.25651041666667 0.7337962962963 0.066145833333333 0.09537037037037
11 0.79453125 0.44444444444444 0.071354166666667 0.11111111111111
11 0.6375 0.39351851851852 0.04375 0.061111111111111
11 0.59453125 0.2337962962963 0.021354166666667 0.034259259259259
11 0.36744791666667 0.54814814814815 0.056770833333333 0.077777777777778
11 0.52630208333333 0.9462962962963 0.0515625 0.07962962962963
11 0.55572916666667 0.53611111111111 0.048958333333333 0.064814814814815
11 0.2078125 0.79768518518519 0.0375 0.052777777777778
11 0.38567708333333 0.85138888888889 0.074479166666667 0.11574074074074
11 0.55078125 0.90925925925926 0.0390625 0.053703703703704
11 0.53541666666667 0.055555555555556 0.11354166666667 0.1037037037037
11 0.57421875 0.016203703703704 0.0546875 0.032407407407407
11 0.56770833333333 0.36990740740741 0.046875 0.069444444444444
11 0.63046875 0.63842592592593 0.041145833333333 0.060185185185185
11 0.5359375 0.04212962962963 0.051041666666667 0.071296296296296
11 0.31796875 0.81712962962963 0.0421875 0.067592592592593
11 0.5 0.20416666666667 0.058333333333333 0.086111111111111
11 0.4890625 0.58055555555556 0.096875 0.14074074074074
11 0.80052083333333 0.32037037037037 0.06875 0.1
11 0.29895833333333 0.72175925925926 0.038541666666667 0.056481481481481
11 0.625 0.25138888888889 0.044791666666667 0.065740740740741
11 0.63411458333333 0.69305555555556 0.038020833333333 0.056481481481481
11 0.56171875 0.28981481481481 0.0984375 0.13703703703704
11 0.53177083333333 0.59722222222222 0.038541666666667 0.053703703703704
11 0.81354166666667 0.56851851851852 0.051041666666667 0.077777777777778
11 0.59166666666667 0.067592592592593 0.076041666666667 0.12407407407407
11 0.2421875 0.79814814814815 0.038541666666667 0.057407407407407
11 0.51380208333333 0.38981481481481 0.056770833333333 0.087037037037037
11 0.48046875 0.91296296296296 0.040104166666667 0.055555555555556
11 0.48723958333333 0.18055555555556 0.0765625 0.12592592592593
11 0.43385416666667 0.87407407407407 0.089583333333333 0.12962962962963
11 0.68229166666667 0.57268518518519 0.079166666666667 0.10648148148148
11 0.50286458333333 0.055092592592593 0.063020833333333 0.086111111111111
11 0.725 0.75972222222222 0.036458333333333 0.052777777777778
11 0.98776041666667 0.043055555555556 0.025520833333333 0.078703703703704
11 0.65364583333333 0.33935185185185 0.052083333333333 0.075
11 0.76276041666667 0.14166666666667 0.083854166666667 0.11851851851852
11 0.91067708333333 0.18055555555556 0.0734375 0.10925925925926
11 0.39817708333333 0.68703703703704 0.028645833333333 0.042592592592593
11 0.49713541666667 0.84537037037037 0.040104166666667 0.061111111111111
11 0.35026041666667 0.93796296296296 0.0359375 0.05
11 0.31067708333333 0.77222222222222 0.040104166666667 0.057407407407407
11 0.72526041666667 0.59861111111111 0.038020833333333 0.05462962962963
11 0.47239583333333 0.78101851851852 0.070833333333333 0.11203703703704
11 0.40234375 0.83287037037037 0.052604166666667 0.071296296296296
11 0.31614583333333 0.93333333333333 0.032291666666667 0.048148148148148
11 0.52473958333333 0.65462962962963 0.0609375 0.092592592592593
11 0.63645833333333 0.53611111111111 0.05625 0.083333333333333