11 0.58697916666667 0.065740740740741 0.015625 0.02037037037037
11 0.58932291666667 0.24259259259259 0.0328125 0.038888888888889
11 0.2125 0.46805555555556 0.014583333333333 0.023148148148148
11 0.12760416666667 0.67638888888889 0.014583333333333 0.019444444444444
11 0.56927083333333 0.36759259259259 0.020833333333333 0.031481481481481
11 0.57161458333333 0.30555555555556 0.016145833333333 0.02037037037037
11 0.18619791666667 0.6 0.015104166666667 0.02037037037037
11 0.17291666666667 0.70416666666667 0.013541666666667 0.019444444444444
11 0.55052083333333 0.26574074074074 0.013541666666667 0.016666666666667
11 0.59296875 0.018055555555556 0.018229166666667 0.021296296296296
11 0.515625 0.41666666666667 0.078125 0.098148148148148
11 0.16953125 0.66203703703704 0.0265625 0.035185185185185
11 0.3109375 0.44583333333333 0.083333333333333 0.11203703703704
11 0.29973958333333 0.43148148148148 0.052604166666667 0.072222222222222
11 0.2625 0.6162037037037 0.027083333333333 0.043518518518519
11 0.53177083333333 0.34444444444444 0.014583333333333 0.02037037037037
11 0.50338541666667 0.42731481481481 0.050520833333333 0.069444444444444