11 0.59791666666667 0.2912037037037 0.044791666666667 0.063888888888889
11 0.51223958333333 0.24953703703704 0.0359375 0.049074074074074
11 0.38307291666667 0.054166666666667 0.0359375 0.047222222222222
11 0.85078125 0.33842592592593 0.033854166666667 0.047222222222222
11 0.080208333333333 0.14814814814815 0.03125 0.044444444444444
11 0.21119791666667 0.23287037037037 0.0328125 0.047222222222222
11 0.25260416666667 0.19490740740741 0.03125 0.043518518518519
11 0.36770833333333 0.090277777777778 0.033333333333333 0.041666666666667
11 0.15078125 0.060185185185185 0.031770833333333 0.042592592592593
11 0.26744791666667 0.2962962962963 0.0296875 0.042592592592593
11 0.52578125 0.19398148148148 0.0296875 0.039814814814815
11 0.79505208333333 0.49166666666667 0.030729166666667 0.040740740740741
11 0.61666666666667 0.41203703703704 0.029166666666667 0.038888888888889
11 0.72630208333333 0.31388888888889 0.028645833333333 0.042592592592593
11 0.25182291666667 0.058796296296296 0.0296875 0.037962962962963
11 0.45182291666667 0.11481481481481 0.0296875 0.040740740740741
11 0.08515625 0.099074074074074 0.028645833333333 0.038888888888889
11 0.22578125 0.053703703703704 0.0296875 0.037037037037037
11 0.19114583333333 0.11712962962963 0.028125 0.037962962962963
11 0.30885416666667 0.10787037037037 0.027083333333333 0.039814814814815
11 0.56770833333333 0.31712962962963 0.028125 0.037962962962963
11 0.44973958333333 0.24861111111111 0.027604166666667 0.037962962962963
11 0.20677083333333 0.089814814814815 0.028125 0.037037037037037
11 0.12578125 0.10925925925926 0.0265625 0.037037037037037
11 0.33958333333333 0.076388888888889 0.026041666666667 0.036111111111111
11 0.53723958333333 0.22962962962963 0.0265625 0.035185185185185
11 0.24479166666667 0.13703703703704 0.027083333333333 0.035185185185185
11 0.35234375 0.2375 0.025520833333333 0.036111111111111
11 0.46744791666667 0.097222222222222 0.027604166666667 0.033333333333333
11 0.59635416666667 0.16342592592593 0.026041666666667 0.034259259259259
11 0.40390625 0.099074074074074 0.025520833333333 0.033333333333333
11 0.56901041666667 0.29722222222222 0.024479166666667 0.033333333333333
11 0.49036458333333 0.175 0.024479166666667 0.033333333333333
11 0.12083333333333 0.027314814814815 0.026041666666667 0.034259259259259
11 0.1640625 0.080555555555556 0.025 0.031481481481481
11 0.29817708333333 0.065740740740741 0.024479166666667 0.031481481481481
11 0.44791666666667 0.090277777777778 0.022916666666667 0.034259259259259
11 0.23203125 0.012037037037037 0.030729166666667 0.024074074074074
11 0.72786458333333 0.36296296296296 0.0234375 0.031481481481481
11 0.35625 0.035648148148148 0.023958333333333 0.030555555555556
11 0.40078125 0.075 0.024479166666667 0.02962962962963
11 0.23776041666667 0.10046296296296 0.022395833333333 0.030555555555556
11 0.19479166666667 0.036574074074074 0.022916666666667 0.028703703703704
11 0.4875 0.13101851851852 0.022916666666667 0.028703703703704
11 0.64583333333333 0.24305555555556 0.020833333333333 0.028703703703704
11 0.51328125 0.28842592592593 0.021354166666667 0.028703703703704
11 0.47942708333333 0.22824074074074 0.0203125 0.025