10 0.76953125 0.33541666666667 0.4578125 0.65694444444444
10 0.4734375 0.44652777777778 0.3734375 0.55416666666667
10 0.822265625 0.14166666666667 0.35234375 0.28333333333333
10 0.9140625 0.11111111111111 0.1703125 0.21944444444444
10 0.64375 0.42847222222222 0.0359375 0.059722222222222
10 0.800390625 0.54722222222222 0.03203125 0.047222222222222
10 0.669140625 0.39305555555556 0.02734375 0.036111111111111
10 0.883203125 0.69791666666667 0.02421875 0.031944444444444
10 0.832421875 0.49722222222222 0.02578125 0.033333333333333
10 0.844921875 0.66111111111111 0.02421875 0.030555555555556
10 0.727734375 0.44166666666667 0.02421875 0.033333333333333
10 0.696875 0.36597222222222 0.0265625 0.034722222222222
10 0.875 0.60625 0.025 0.031944444444444
10 0.665234375 0.34722222222222 0.02421875 0.030555555555556
10 0.684375 0.42291666666667 0.021875 0.031944444444444
10 0.64375 0.54722222222222 0.021875 0.030555555555556
10 0.75390625 0.53888888888889 0.021875 0.030555555555556
10 0.97890625 0.12916666666667 0.0234375 0.027777777777778
10 0.828125 0.52430555555556 0.021875 0.029166666666667
10 0.859375 0.67013888888889 0.021875 0.029166666666667
10 0.754296875 0.49375 0.02109375 0.029166666666667
10 0.665625 0.44930555555556 0.0203125 0.029166666666667
10 0.86640625 0.82777777777778 0.021875 0.027777777777778
10 0.744921875 0.46180555555556 0.02109375 0.026388888888889
10 0.7109375 0.38888888888889 0.021875 0.027777777777778
10 0.734765625 0.54930555555556 0.01953125 0.026388888888889
10 0.855078125 0.70486111111111 0.01953125 0.026388888888889