10 0.1984375 0.04375 0.078125 0.0875
10 0.642578125 0.54166666666667 0.07734375 0.097222222222222
10 0.74609375 0.18958333333333 0.05625 0.081944444444444
10 0.59765625 0.14097222222222 0.059375 0.0875
10 0.26796875 0.18125 0.06875 0.093055555555556
10 0.226953125 0.57152777777778 0.07421875 0.10694444444444
10 0.85859375 0.3125 0.065625 0.10833333333333
10 0.376953125 0.18055555555556 0.06953125 0.1
10 0.44921875 0.28125 0.0734375 0.10416666666667
10 0.5703125 0.28958333333333 0.0578125 0.084722222222222
10 0.491796875 0.03125 0.06328125 0.0625
10 0.649609375 0.68541666666667 0.07421875 0.076388888888889
10 0.766015625 0.54027777777778 0.15546875 0.17777777777778
10 0.75 0.66388888888889 0.06875 0.097222222222222
10 0.735546875 0.37986111111111 0.13046875 0.15972222222222
10 0.875390625 0.35416666666667 0.05390625 0.077777777777778
10 0.6046875 0.80902777777778 0.0578125 0.076388888888889
10 0.6921875 0.28125 0.221875 0.3125
10 0.723828125 0.8625 0.10859375 0.13055555555556
10 0.503515625 0.091666666666667 0.06796875 0.10277777777778