11 0.65234375 0.47777777777778 0.046875 0.061111111111111
11 0.733203125 0.63472222222222 0.04609375 0.058333333333333
11 0.54921875 0.80902777777778 0.0375 0.054166666666667
11 0.563671875 0.75972222222222 0.04296875 0.063888888888889
11 0.914453125 0.79097222222222 0.03359375 0.040277777777778
11 0.5390625 0.67916666666667 0.04375 0.061111111111111
11 0.400390625 0.24236111111111 0.03984375 0.073611111111111
11 0.6234375 0.57847222222222 0.053125 0.070833333333333
11 0.6515625 0.66944444444444 0.0515625 0.069444444444444
11 0.674609375 0.70208333333333 0.05390625 0.068055555555556
11 0.229296875 0.93541666666667 0.06171875 0.10694444444444
11 0.563671875 0.31180555555556 0.04453125 0.073611111111111
11 0.678515625 0.54166666666667 0.04140625 0.055555555555556
11 0.512890625 0.081944444444444 0.06015625 0.1
11 0.55390625 0.16527777777778 0.0859375 0.12222222222222
11 0.949609375 0.075694444444444 0.03515625 0.051388888888889
11 0.622265625 0.81180555555556 0.04296875 0.059722222222222
11 0.6 0.71111111111111 0.053125 0.075
11 0.398828125 0.094444444444444 0.06953125 0.10833333333333
11 0.421875 0.028472222222222 0.0515625 0.056944444444444
11 0.648046875 0.42847222222222 0.08359375 0.1125
11 0.63671875 0.63333333333333 0.0421875 0.055555555555556
11 0.6078125 0.77013888888889 0.0421875 0.059722222222222
11 0.630078125 0.77013888888889 0.04140625 0.059722222222222
11 0.58671875 0.31388888888889 0.046875 0.077777777777778
11 0.82734375 0.33263888888889 0.35625 0.64305555555556
11 0.28359375 0.72152777777778 0.3390625 0.51527777777778
11 0.36953125 0.35833333333333 0.053125 0.083333333333333
11 0.578125 0.67222222222222 0.046875 0.063888888888889
11 0.37890625 0.14166666666667 0.04375 0.075
11 0.97265625 0.20972222222222 0.034375 0.05
11 0.56015625 0.61041666666667 0.0796875 0.10138888888889
11 0.47734375 0.070138888888889 0.0484375 0.079166666666667
11 0.59765625 0.54305555555556 0.040625 0.058333333333333
11 0.6734375 0.50069444444444 0.04375 0.059722222222222
11 0.41484375 0.37291666666667 0.04375 0.068055555555556
11 0.660546875 0.62361111111111 0.06796875 0.083333333333333
11 0.4359375 0.3 0.0515625 0.083333333333333
11 0.614453125 0.7 0.03984375 0.055555555555556
11 0.644921875 0.73263888888889 0.05703125 0.076388888888889
11 0.974609375 0.1 0.03359375 0.05
11 0.4484375 0.38888888888889 0.0375 0.058333333333333