11 0.60052083333333 0.84027777777778 0.046875 0.080555555555556
11 0.5453125 0.72824074074074 0.033333333333333 0.049074074074074
11 0.56822916666667 0.96851851851852 0.032291666666667 0.048148148148148
11 0.86927083333333 0.63842592592593 0.030208333333333 0.041666666666667
11 0.92447916666667 0.96574074074074 0.029166666666667 0.040740740740741
11 0.5015625 0.80324074074074 0.027083333333333 0.037962962962963
11 0.31875 0.70787037037037 0.026041666666667 0.037962962962963
11 0.64114583333333 0.31851851851852 0.025 0.038888888888889
11 0.85677083333333 0.95833333333333 0.026041666666667 0.037037037037037
11 0.7828125 0.36481481481481 0.025 0.037037037037037
11 0.95885416666667 0.73101851851852 0.026041666666667 0.036111111111111
11 0.56223958333333 0.97777777777778 0.024479166666667 0.037037037037037
11 0.64296875 0.053703703703704 0.022395833333333 0.037037037037037
11 0.14505208333333 0.80509259259259 0.0234375 0.036111111111111
11 0.86796875 0.78240740740741 0.022395833333333 0.037037037037037
11 0.49140625 0.66018518518519 0.0234375 0.033333333333333
11 0.64140625 0.67685185185185 0.0234375 0.033333333333333
11 0.82682291666667 0.66574074074074 0.0234375 0.035185185185185
11 0.72994791666667 0.5912037037037 0.022395833333333 0.032407407407407
11 0.94921875 0.83657407407407 0.022395833333333 0.032407407407407
11 0.5 0.65925925925926 0.025 0.027777777777778
11 0.5171875 0.98333333333333 0.022916666666667 0.02962962962963
11 0.36276041666667 0.89444444444444 0.0203125 0.033333333333333
11 0.77604166666667 0.95555555555556 0.020833333333333 0.031481481481481
11 0.91796875 0.7125 0.021354166666667 0.030555555555556
11 0.765625 0.56666666666667 0.020833333333333 0.02962962962963
11 0.92526041666667 0.67314814814815 0.0203125 0.02962962962963
11 0.46640625 0.35046296296296 0.0203125 0.028703703703704
11 0.4359375 0.93981481481481 0.020833333333333 0.027777777777778
11 0.56614583333333 0.89027777777778 0.019791666666667 0.028703703703704
11 0.86145833333333 0.52361111111111 0.01875 0.026851851851852
11 0.74713541666667 0.71898148148148 0.019270833333333 0.026851851851852
11 0.99375 0.81712962962963 0.0125 0.039814814814815
11 0.88359375 0.52407407407407 0.018229166666667 0.025925925925926
11 0.47369791666667 0.9337962962963 0.0171875 0.026851851851852
11 0.99322916666667 0.4 0.013541666666667 0.033333333333333
11 0.98828125 0.34861111111111 0.0171875 0.025
11 0.61041666666667 0.53148148148148 0.016666666666667 0.024074074074074
11 0.4390625 0.89490740740741 0.016666666666667 0.023148148148148
11 0.453125 0.70509259259259 0.016666666666667 0.023148148148148
11 0.5296875 0.74768518518519 0.016666666666667 0.023148148148148
11 0.44817708333333 0.94861111111111 0.016145833333333 0.023148148148148
11 0.48828125 0.68796296296296 0.015104166666667 0.024074074074074
11 0.47942708333333 0.91203703703704 0.015104166666667 0.024074074074074
11 0.70859375 0.67685185185185 0.016145833333333 0.022222222222222
11 0.46276041666667 0.9087962962963 0.016145833333333 0.021296296296296
11 0.459375 0.73055555555556 0.015625 0.022222222222222
11 0.40963541666667 0.92824074074074 0.015104166666667 0.021296296296296
11 0.44583333333333 0.98888888888889 0.015625 0.02037037037037
11 0.39088541666667 0.92685185185185 0.015104166666667 0.02037037037037
11 0.71822916666667 0.4962962962963 0.014583333333333 0.02037037037037
11 0.4421875 0.73333333333333 0.014583333333333 0.02037037037037
11 0.63385416666667 0.74351851851852 0.014583333333333 0.02037037037037
11 0.47994791666667 0.75324074074074 0.015104166666667 0.019444444444444
11 0.59375 0.60046296296296 0.013541666666667 0.021296296296296
11 0.69895833333333 0.63935185185185 0.013541666666667 0.021296296296296
11 0.62786458333333 0.56481481481481 0.0140625 0.02037037037037
11 0.46692708333333 0.67314814814815 0.0140625 0.02037037037037
11 0.56354166666667 0.71435185185185 0.014583333333333 0.019444444444444
11 0.50703125 0.59305555555556 0.0140625 0.019444444444444
11 0.40625 0.76898148148148 0.013541666666667 0.019444444444444
11 0.58958333333333 0.62731481481481 0.013541666666667 0.019444444444444
11 0.54401041666667 0.57175925925926 0.013020833333333 0.019444444444444
11 0.50963541666667 0.6587962962963 0.013020833333333 0.019444444444444
11 0.53125 0.53333333333333 0.013541666666667 0.018518518518519
11 0.46927083333333 0.75833333333333 0.013541666666667 0.018518518518519
11 0.57708333333333 0.63611111111111 0.013541666666667 0.018518518518519
11 0.59401041666667 0.49722222222222 0.013020833333333 0.018518518518519
11 0.42317708333333 0.8287037037037 0.013020833333333 0.018518518518519
11 0.58203125 0.55185185185185 0.013020833333333 0.018518518518519
11 0.58072916666667 0.57222222222222 0.0125 0.018518518518519
11 0.43333333333333 0.85833333333333 0.0125 0.018518518518519
11 0.62265625 0.4625 0.013020833333333 0.017592592592593
11 0.71510416666667 0.52731481481481 0.0125 0.017592592592593
11 0.52864583333333 0.63287037037037 0.0125 0.017592592592593
11 0.56588541666667 0.55231481481481 0.011979166666667 0.017592592592593
11 0.403125 0.80925925925926 0.0125 0.016666666666667
11 0.67265625 0.3537037037037 0.011979166666667 0.016666666666667
11 0.55208333333333 0.51018518518519 0.011458333333333 0.016666666666667
11 0.378125 0.84166666666667 0.011458333333333 0.016666666666667
11 0.37578125 0.81805555555556 0.011979166666667 0.015740740740741
11 0.57734375 0.65972222222222 0.0109375 0.015740740740741