11 0.88098958333333 0.80648148148148 0.046354166666667 0.072222222222222
11 0.021614583333333 0.060185185185185 0.0421875 0.12037037037037
11 0.4546875 0.26388888888889 0.048958333333333 0.074074074074074
11 0.12447916666667 0.38287037037037 0.04375 0.065740740740741
11 0.63776041666667 0.1662037037037 0.071354166666667 0.11944444444444
11 0.234375 0.36898148148148 0.09375 0.13055555555556
11 0.76822916666667 0.3 0.064583333333333 0.098148148148148
11 0.95130208333333 0.1625 0.050520833333333 0.080555555555556
11 0.78541666666667 0.06712962962963 0.058333333333333 0.097222222222222
11 0.69140625 0.24861111111111 0.10052083333333 0.14907407407407
11 0.18020833333333 0.24490740740741 0.048958333333333 0.075
11 0.26354166666667 0.36527777777778 0.078125 0.10277777777778
11 0.84869791666667 0.85416666666667 0.0484375 0.071296296296296
11 0.84557291666667 0.14490740740741 0.058854166666667 0.089814814814815
11 0.14921875 0.33425925925926 0.044270833333333 0.072222222222222
11 0.40729166666667 0.51805555555556 0.057291666666667 0.082407407407407
11 0.3703125 0.25833333333333 0.051041666666667 0.085185185185185
11 0.43203125 0.1912037037037 0.0453125 0.076851851851852
11 0.72057291666667 0.53842592592593 0.0484375 0.067592592592593
11 0.57369791666667 0.043518518518519 0.063020833333333 0.087037037037037
11 0.83307291666667 0.23148148148148 0.050520833333333 0.077777777777778
11 0.28307291666667 0.73240740740741 0.074479166666667 0.088888888888889
11 0.18125 0.43611111111111 0.048958333333333 0.074074074074074
11 0.17395833333333 0.04537037037037 0.069791666666667 0.090740740740741
11 0.6609375 0.19583333333333 0.10416666666667 0.16203703703704
11 0.062760416666667 0.13055555555556 0.0484375 0.077777777777778
11 0.9265625 0.3037037037037 0.069791666666667 0.11111111111111
11 0.67395833333333 0.095833333333333 0.059375 0.097222222222222
11 0.51979166666667 0.83703703703704 0.103125 0.12037037037037
11 0.28385416666667 0.36527777777778 0.048958333333333 0.076851851851852
11 0.57473958333333 0.26018518518519 0.041145833333333 0.07962962962963
11 0.8484375 0.61527777777778 0.046875 0.071296296296296
11 0.78776041666667 0.40185185185185 0.049479166666667 0.081481481481481
11 0.62447916666667 0.66064814814815 0.040625 0.052777777777778
11 0.65494791666667 0.34675925925926 0.0515625 0.086111111111111
11 0.63177083333333 0.44398148148148 0.059375 0.089814814814815
11 0.29765625 0.22037037037037 0.049479166666667 0.07037037037037
11 0.67239583333333 0.53148148148148 0.061458333333333 0.083333333333333
11 0.29583333333333 0.03287037037037 0.069791666666667 0.065740740740741
11 0.10651041666667 0.028703703703704 0.074479166666667 0.057407407407407
11 0.03203125 0.82638888888889 0.0359375 0.043518518518519
11 0.16145833333333 0.31018518518519 0.047916666666667 0.074074074074074
11 0.88645833333333 0.37314814814815 0.060416666666667 0.1037037037037
11 0.40260416666667 0.075 0.085416666666667 0.15
11 0.30833333333333 0.52037037037037 0.073958333333333 0.098148148148148
11 0.97135416666667 0.48472222222222 0.048958333333333 0.071296296296296
11 0.24661458333333 0.085648148148148 0.0453125 0.075
11 0.049479166666667 0.2875 0.098958333333333 0.14907407407407