8 0.360546875 0.66180555555556 0.40546875 0.6875
8 0.687890625 0.38263888888889 0.10703125 0.19027777777778
8 0.355078125 0.05 0.10234375 0.1
8 0.58203125 0.28541666666667 0.0921875 0.1625
8 0.705078125 0.91111111111111 0.09609375 0.16388888888889
8 0.692578125 0.58888888888889 0.18984375 0.33611111111111
8 0.625 0.16944444444444 0.1140625 0.22222222222222
8 0.5484375 0.64791666666667 0.109375 0.20694444444444
10 0.39296875 0.64652777777778 0.5140625 0.69583333333333
10 0.69375 0.52986111111111 0.234375 0.5375
10 0.609375 0.20763888888889 0.1703125 0.3375
10 0.54765625 0.64722222222222 0.13125 0.21666666666667
10 0.68984375 0.37986111111111 0.1171875 0.19583333333333
10 0.70234375 0.90972222222222 0.121875 0.16944444444444
10 0.583984375 0.28125 0.10234375 0.16527777777778
10 0.35546875 0.053472222222222 0.1171875 0.10416666666667