19 0.6015625 0.58888888888889 0.014583333333333 0.016666666666667
19 0.6453125 0.40509259259259 0.013541666666667 0.015740740740741
19 0.64036458333333 0.65277777777778 0.015104166666667 0.014814814814815
19 0.57317708333333 0.66851851851852 0.0171875 0.018518518518519
19 0.515625 0.79953703703704 0.014583333333333 0.013888888888889
19 0.66119791666667 0.65925925925926 0.0171875 0.016666666666667
19 0.49739583333333 0.73009259259259 0.014583333333333 0.013888888888889
19 0.33098958333333 0.24212962962963 0.0265625 0.034259259259259
19 0.50286458333333 0.52731481481481 0.024479166666667 0.025
19 0.50260416666667 0.6587962962963 0.020833333333333 0.021296296296296
19 0.62421875 0.61342592592593 0.019270833333333 0.021296296296296
19 0.63203125 0.54675925925926 0.015104166666667 0.019444444444444
19 0.46171875 0.7462962962963 0.013020833333333 0.014814814814815
19 0.55078125 0.56851851851852 0.016145833333333 0.018518518518519
19 0.49947916666667 0.69398148148148 0.015625 0.015740740740741
19 0.57890625 0.48796296296296 0.013020833333333 0.014814814814815
19 0.52630208333333 0.61018518518519 0.016145833333333 0.016666666666667
19 0.5140625 0.76574074074074 0.01875 0.022222222222222
19 0.5421875 0.5912037037037 0.014583333333333 0.015740740740741
19 0.50520833333333 0.62546296296296 0.015625 0.017592592592593
19 0.63802083333333 0.70740740740741 0.016666666666667 0.016666666666667
19 0.55052083333333 0.17453703703704 0.014583333333333 0.013888888888889
19 0.60416666666667 0.25972222222222 0.013541666666667 0.015740740740741
19 0.52994791666667 0.19027777777778 0.0140625 0.015740740740741
19 0.62057291666667 0.70601851851852 0.0140625 0.013888888888889
19 0.61223958333333 0.75787037037037 0.015104166666667 0.015740740740741
10 0.33515625 0.91342592592593 0.024479166666667 0.034259259259259
10 0.33151041666667 0.2412037037037 0.027604166666667 0.036111111111111
10 0.22786458333333 0.76990740740741 0.42447916666667 0.44722222222222