10 0.594140625 0.28611111111111 0.04453125 0.063888888888889
10 0.576953125 0.0375 0.09453125 0.075
10 0.405859375 0.26527777777778 0.06328125 0.11111111111111
10 0.61953125 0.86180555555556 0.0375 0.090277777777778
10 0.383203125 0.77152777777778 0.04765625 0.090277777777778
10 0.313671875 0.28819444444444 0.07109375 0.084722222222222
10 0.766015625 0.099305555555556 0.03515625 0.0875
10 0.262890625 0.15902777777778 0.05078125 0.12361111111111
10 0.58671875 0.59722222222222 0.05625 0.088888888888889
10 0.355078125 0.54583333333333 0.04609375 0.1
10 0.463671875 0.21944444444444 0.04140625 0.069444444444444
10 0.619140625 0.13472222222222 0.06640625 0.10833333333333
10 0.284765625 0.022916666666667 0.04921875 0.045833333333333