11 0.32669789227166 0.41875 0.13583138173302 0.10833333333333
11 0.20784543325527 0.384375 0.076112412177986 0.064583333333333
11 0.29215456674473 0.41770833333333 0.071428571428571 0.064583333333333
11 0.56967213114754 0.25520833333333 0.073770491803279 0.060416666666667
11 0.54625292740047 0.24583333333333 0.069086651053864 0.0625
11 0.46838407494145 0.076041666666667 0.070257611241218 0.060416666666667
11 0.23185011709602 0.077083333333333 0.065573770491803 0.054166666666667
11 0.074941451990632 0.28020833333333 0.067915690866511 0.052083333333333
11 0.43618266978923 0.38541666666667 0.06440281030445 0.054166666666667
11 0.3559718969555 0.184375 0.058548009367682 0.052083333333333
11 0.48009367681499 0.30729166666667 0.058548009367682 0.052083333333333
11 0.20433255269321 0.28541666666667 0.062060889929742 0.05
11 0.26932084309133 0.36145833333333 0.05152224824356 0.04375
11 0.05152224824356 0.31979166666667 0.049180327868852 0.039583333333333
11 0.46077283372365 0.015625 0.059718969555035 0.03125