10 0.8875 0.19212962962963 0.057291666666667 0.093518518518519
10 0.30026041666667 0.92685185185185 0.030729166666667 0.046296296296296
10 0.82005208333333 0.5375 0.058854166666667 0.089814814814815
10 0.27578125 0.91759259259259 0.038020833333333 0.055555555555556
10 0.45052083333333 0.37222222222222 0.076041666666667 0.088888888888889
10 0.56354166666667 0.40462962962963 0.034375 0.05
10 0.45234375 0.63333333333333 0.1046875 0.16481481481481
10 0.21145833333333 0.82453703703704 0.03125 0.043518518518519
10 0.52578125 0.94861111111111 0.0390625 0.056481481481481
10 0.24479166666667 0.98472222222222 0.03125 0.030555555555556
10 0.46015625 0.26203703703704 0.055729166666667 0.072222222222222
10 0.47942708333333 0.49444444444444 0.036979166666667 0.053703703703704
10 0.24505208333333 0.099537037037037 0.0828125 0.13425925925926
10 0.90234375 0.44444444444444 0.1046875 0.12592592592593
10 0.634375 0.33796296296296 0.042708333333333 0.066666666666667
10 0.061197916666667 0.63333333333333 0.031770833333333 0.044444444444444
10 0.53411458333333 0.48518518518519 0.071354166666667 0.11296296296296
10 0.5546875 0.72592592592593 0.045833333333333 0.061111111111111
10 0.61692708333333 0.79537037037037 0.0328125 0.048148148148148
10 0.47109375 0.93657407407407 0.056770833333333 0.082407407407407
10 0.61953125 0.68009259259259 0.050520833333333 0.067592592592593
10 0.44661458333333 0.88194444444444 0.0546875 0.073148148148148
10 0.4421875 0.83101851851852 0.053125 0.076851851851852
10 0.57864583333333 0.76111111111111 0.05625 0.087037037037037
10 0.65546875 0.22638888888889 0.0703125 0.099074074074074
10 0.40729166666667 0.35555555555556 0.05625 0.07962962962963
10 0.48567708333333 0.21666666666667 0.1015625 0.15
10 0.29140625 0.94583333333333 0.040104166666667 0.060185185185185
10 0.75338541666667 0.087037037037037 0.053645833333333 0.077777777777778
10 0.69088541666667 0.69768518518519 0.044270833333333 0.063888888888889
10 0.58046875 0.2162037037037 0.056770833333333 0.093518518518519
10 0.49401041666667 0.98240740740741 0.052604166666667 0.038888888888889
10 0.61354166666667 0.21990740740741 0.10208333333333 0.097222222222222
10 0.42109375 0.57592592592593 0.0484375 0.072222222222222
10 0.615625 0.43796296296296 0.067708333333333 0.10555555555556
10 0.22239583333333 0.8712962962963 0.033333333333333 0.048148148148148
10 0.34270833333333 0.97638888888889 0.040625 0.047222222222222
10 0.78567708333333 0.044444444444444 0.1203125 0.088888888888889
10 0.46197916666667 0.56851851851852 0.057291666666667 0.090740740740741
10 0.56822916666667 0.6162037037037 0.047916666666667 0.067592592592593
10 0.65963541666667 0.74444444444444 0.033854166666667 0.048148148148148
10 0.61822916666667 0.60324074074074 0.047916666666667 0.065740740740741
10 0.1609375 0.81574074074074 0.0375 0.051851851851852
10 0.528125 0.022222222222222 0.053125 0.044444444444444
10 0.82239583333333 0.32083333333333 0.053125 0.082407407407407
10 0.31901041666667 0.79259259259259 0.058854166666667 0.087037037037037
10 0.38958333333333 0.76666666666667 0.059375 0.096296296296296
10 0.52994791666667 0.76574074074074 0.034895833333333 0.05
10 0.54765625 0.059259259259259 0.040104166666667 0.057407407407407