10 0.772265625 0.97361111111111 0.06328125 0.05
10 0.30234375 0.87569444444444 0.0640625 0.079166666666667
10 0.847265625 0.19166666666667 0.14296875 0.15277777777778
10 0.55390625 0.70625 0.0578125 0.076388888888889
10 0.48671875 0.58541666666667 0.0609375 0.081944444444444
10 0.942578125 0.10486111111111 0.11015625 0.14861111111111
10 0.820703125 0.80277777777778 0.05703125 0.077777777777778
10 0.80234375 0.525 0.0640625 0.080555555555556
10 0.576171875 0.32152777777778 0.07109375 0.093055555555556
10 0.15078125 0.059722222222222 0.165625 0.11944444444444
10 0.60859375 0.95833333333333 0.103125 0.083333333333333
10 0.89609375 0.54097222222222 0.2 0.29305555555556
10 0.430078125 0.85833333333333 0.05703125 0.077777777777778
10 0.43359375 0.36180555555556 0.0859375 0.11805555555556
10 0.380859375 0.25625 0.14765625 0.17916666666667
10 0.688671875 0.56875 0.06484375 0.081944444444444
10 0.333984375 0.61319444444444 0.07421875 0.093055555555556
10 0.465234375 0.28194444444444 0.09453125 0.12777777777778
10 0.58359375 0.024305555555556 0.0671875 0.045833333333333
10 0.71953125 0.19236111111111 0.1546875 0.17361111111111
10 0.741015625 0.27430555555556 0.07109375 0.0875
10 0.190625 0.82847222222222 0.06875 0.090277777777778
10 0.055078125 0.16805555555556 0.10859375 0.16388888888889
10 0.51875 0.64513888888889 0.053125 0.070833333333333
10 0.8578125 0.37986111111111 0.0734375 0.090277777777778
10 0.363671875 0.50208333333333 0.16484375 0.1625
10 0.290625 0.21458333333333 0.0859375 0.10972222222222
10 0.328515625 0.96944444444444 0.10703125 0.061111111111111
10 0.93359375 0.32569444444444 0.0953125 0.1125
10 0.328125 0.49236111111111 0.0953125 0.11805555555556
10 0.722265625 0.34444444444444 0.06640625 0.083333333333333
10 0.84375 0.68125 0.0640625 0.0875
10 0.974609375 0.10625 0.05234375 0.12916666666667
10 0.637109375 0.20277777777778 0.08203125 0.10833333333333
10 0.51640625 0.50625 0.0921875 0.10694444444444
10 0.458984375 0.71388888888889 0.05546875 0.069444444444444
10 0.64296875 0.84027777777778 0.140625 0.175
10 0.6640625 0.074305555555556 0.2453125 0.14861111111111
10 0.433984375 0.10555555555556 0.13203125 0.21111111111111
10 0.126171875 0.59513888888889 0.06796875 0.0875
10 0.475390625 0.88402777777778 0.05390625 0.068055555555556
10 0.74375 0.089583333333333 0.1171875 0.1375
10 0.338671875 0.024305555555556 0.08984375 0.048611111111111
10 0.24375 0.75555555555556 0.096875 0.125
10 0.568359375 0.84375 0.09921875 0.1375
10 0.952734375 0.84652777777778 0.09609375 0.17916666666667