11 0.830859375 0.35069444444444 0.33984375 0.6875
11 0.246875 0.73472222222222 0.3609375 0.51388888888889
11 0.2125 0.9375 0.321875 0.12222222222222
11 0.6 0.64791666666667 0.0859375 0.12916666666667
11 0.5328125 0.65277777777778 0.075 0.14444444444444
11 0.65078125 0.52361111111111 0.065625 0.14166666666667
11 0.594921875 0.74236111111111 0.07421875 0.098611111111111
11 0.346484375 0.20138888888889 0.07265625 0.11111111111111
11 0.540625 0.27152777777778 0.071875 0.10138888888889
11 0.50859375 0.61111111111111 0.0796875 0.088888888888889
11 0.58203125 0.55069444444444 0.06875 0.10138888888889
11 0.546484375 0.68263888888889 0.07265625 0.090277777777778
11 0.409765625 0.47569444444444 0.06640625 0.090277777777778
11 0.637109375 0.49722222222222 0.06171875 0.094444444444444
11 0.28359375 0.15208333333333 0.0625 0.093055555555556
11 0.460546875 0.54791666666667 0.06484375 0.0875
11 0.316796875 0.13680555555556 0.06328125 0.090277777777778
11 0.253125 0.375 0.0609375 0.088888888888889
11 0.686328125 0.61666666666667 0.06484375 0.086111111111111
11 0.58359375 0.76597222222222 0.0640625 0.0875
11 0.6734375 0.56111111111111 0.0640625 0.080555555555556
11 0.614453125 0.48402777777778 0.06328125 0.079166666666667
11 0.537890625 0.59930555555556 0.06171875 0.079166666666667
11 0.54296875 0.73472222222222 0.0640625 0.075
11 0.40859375 0.19097222222222 0.0546875 0.081944444444444
11 0.3984375 0.27847222222222 0.0609375 0.079166666666667
11 0.34296875 0.082638888888889 0.05625 0.079166666666667
11 0.49921875 0.21736111111111 0.0515625 0.076388888888889
11 0.36796875 0.25208333333333 0.05 0.073611111111111
11 0.322265625 0.036111111111111 0.04921875 0.072222222222222
11 0.33359375 0.21527777777778 0.046875 0.075
11 0.62734375 0.38125 0.0453125 0.079166666666667
11 0.628515625 0.71805555555556 0.05078125 0.066666666666667
11 0.63984375 0.40069444444444 0.046875 0.070833333333333
11 0.646875 0.69097222222222 0.0484375 0.068055555555556
11 0.525390625 0.79722222222222 0.04921875 0.066666666666667
11 0.428125 0.23402777777778 0.04375 0.065277777777778
11 0.45625 0.23125 0.0453125 0.065277777777778
11 0.558203125 0.58541666666667 0.04609375 0.0625
11 0.51171875 0.56527777777778 0.0484375 0.055555555555556
11 0.387890625 0.37847222222222 0.04140625 0.0625
11 0.97421875 0.64513888888889 0.0421875 0.0625
11 0.5078125 0.67222222222222 0.0421875 0.061111111111111
11 0.62734375 0.58125 0.0421875 0.059722222222222
11 0.487109375 0.60069444444444 0.04296875 0.059722222222222
11 0.41015625 0.42569444444444 0.040625 0.056944444444444
11 0.5953125 0.47083333333333 0.040625 0.061111111111111
11 0.609765625 0.36597222222222 0.03984375 0.056944444444444
11 0.574609375 0.34097222222222 0.03828125 0.056944444444444
11 0.92890625 0.87361111111111 0.034375 0.047222222222222
11 0.496484375 0.5625 0.03828125 0.05
11 0.412109375 0.017361111111111 0.04921875 0.034722222222222
11 0.432421875 0.021527777777778 0.04921875 0.043055555555556
11 0.301171875 0.58611111111111 0.02578125 0.036111111111111
11 0.1453125 0.9875 0.028125 0.025