11 0.260546875 0.22222222222222 0.04765625 0.077777777777778
11 0.581640625 0.27569444444444 0.04453125 0.076388888888889
11 0.416796875 0.18888888888889 0.03515625 0.063888888888889
11 0.2703125 0.040277777777778 0.04375 0.069444444444444
11 0.2484375 0.075694444444444 0.034375 0.059722222222222
11 0.2765625 0.28611111111111 0.03125 0.061111111111111
11 0.639453125 0.47222222222222 0.03515625 0.05
11 0.26171875 0.28402777777778 0.0359375 0.054166666666667
11 0.312890625 0.13541666666667 0.03203125 0.054166666666667
11 0.300390625 0.24791666666667 0.03046875 0.051388888888889
11 0.24921875 0.28819444444444 0.03125 0.051388888888889
11 0.28359375 0.090972222222222 0.028125 0.048611111111111
11 0.240234375 0.17569444444444 0.03046875 0.048611111111111
11 0.54921875 0.060416666666667 0.028125 0.045833333333333
11 0.566015625 0.14166666666667 0.02890625 0.044444444444444
11 0.3578125 0.19166666666667 0.028125 0.044444444444444
11 0.35625 0.091666666666667 0.025 0.044444444444444
11 0.250390625 0.34722222222222 0.02578125 0.041666666666667
11 0.38671875 0.10277777777778 0.0265625 0.041666666666667
11 0.394140625 0.28333333333333 0.02578125 0.041666666666667
11 0.444921875 0.041666666666667 0.02578125 0.038888888888889
11 0.28203125 0.30069444444444 0.0234375 0.0375