11 0.22265625 0.56990740740741 0.0484375 0.075
11 0.34036458333333 0.40462962962963 0.0515625 0.072222222222222
11 0.19322916666667 0.64490740740741 0.03125 0.067592592592593
11 0.52552083333333 0.36666666666667 0.038541666666667 0.059259259259259
11 0.31354166666667 0.3587962962963 0.033333333333333 0.047222222222222
11 0.28541666666667 0.56898148148148 0.027083333333333 0.043518518518519
11 0.55885416666667 0.35555555555556 0.026041666666667 0.038888888888889
11 0.61744791666667 0.17824074074074 0.025520833333333 0.037962962962963
11 0.55520833333333 0.31851851851852 0.026041666666667 0.037037037037037
11 0.45651041666667 0.42083333333333 0.0265625 0.036111111111111
11 0.4765625 0.4537037037037 0.01875 0.031481481481481
11 0.55755208333333 0.26759259259259 0.025520833333333 0.033333333333333
11 0.45 0.50648148148148 0.022916666666667 0.035185185185185
11 0.39296875 0.39074074074074 0.018229166666667 0.031481481481481
11 0.26927083333333 0.52592592592593 0.01875 0.025925925925926
11 0.59817708333333 0.30277777777778 0.0140625 0.024074074074074
11 0.42057291666667 0.53981481481481 0.015104166666667 0.022222222222222
11 0.56770833333333 0.19953703703704 0.015625 0.021296296296296
11 0.60911458333333 0.0083333333333333 0.019270833333333 0.016666666666667
11 0.26901041666667 0.47546296296296 0.0140625 0.021296296296296
11 0.25520833333333 0.49814814814815 0.014583333333333 0.02037037037037
11 0.59609375 0.25 0.013020833333333 0.022222222222222
11 0.2359375 0.41712962962963 0.0125 0.019444444444444
11 0.1546875 0.65648148148148 0.0125 0.018518518518519
11 0.47708333333333 0.525 0.0125 0.018518518518519