11 0.38697916666667 0.34675925925926 0.21041666666667 0.27314814814815
11 0.5171875 0.33194444444444 0.18958333333333 0.24537037037037
11 0.89296875 0.35694444444444 0.1671875 0.23055555555556
11 0.19140625 0.40972222222222 0.1828125 0.22685185185185
11 0.083333333333333 0.38564814814815 0.16666666666667 0.21759259259259
11 0.4734375 0.43240740740741 0.13854166666667 0.16851851851852
11 0.7390625 0.44027777777778 0.12395833333333 0.17685185185185
11 0.27916666666667 0.33611111111111 0.125 0.16111111111111
11 0.69791666666667 0.32592592592593 0.091666666666667 0.16666666666667
11 0.043229166666667 0.3875 0.086458333333333 0.16944444444444
11 0.79010416666667 0.3787037037037 0.12291666666667 0.15
11 0.10989583333333 0.28240740740741 0.10520833333333 0.12777777777778
11 0.96666666666667 0.16064814814815 0.065625 0.1787037037037
11 0.29088541666667 0.42824074074074 0.0984375 0.11759259259259
11 0.60651041666667 0.33240740740741 0.084895833333333 0.12777777777778
11 0.35130208333333 0.4537037037037 0.094270833333333 0.11851851851852
11 0.58541666666667 0.46435185185185 0.075 0.10648148148148
11 0.4609375 0.14814814814815 0.064583333333333 0.088888888888889
11 0.7078125 0.28333333333333 0.063541666666667 0.088888888888889
11 0.696875 0.36064814814815 0.059375 0.087962962962963