11 0.67317708333333 0.59722222222222 0.0359375 0.046296296296296
11 0.06953125 0.32361111111111 0.028645833333333 0.043518518518519
11 0.11536458333333 0.26712962962963 0.0640625 0.10092592592593
11 0.67161458333333 0.75324074074074 0.044270833333333 0.069444444444444
11 0.040885416666667 0.2662037037037 0.0484375 0.065740740740741
11 0.55911458333333 0.57037037037037 0.046354166666667 0.062962962962963
11 0.28098958333333 0.24814814814815 0.041145833333333 0.062962962962963
11 0.10859375 0.2787037037037 0.043229166666667 0.062962962962963
11 0.19661458333333 0.39953703703704 0.061979166666667 0.037962962962963
11 0.89479166666667 0.88842592592593 0.042708333333333 0.060185185185185
11 0.22734375 0.21759259259259 0.0421875 0.055555555555556
11 0.11666666666667 0.25092592592593 0.040625 0.057407407407407
11 0.371875 0.2537037037037 0.039583333333333 0.055555555555556
11 0.30520833333333 0.38009259259259 0.040625 0.056481481481481
11 0.565625 0.40324074074074 0.038541666666667 0.056481481481481
11 0.36041666666667 0.20740740740741 0.039583333333333 0.053703703703704
11 0.26171875 0.4037037037037 0.038020833333333 0.051851851851852
11 0.41302083333333 0.25231481481481 0.034375 0.052777777777778
11 0.92838541666667 0.65046296296296 0.034895833333333 0.052777777777778
11 0.38463541666667 0.17361111111111 0.033854166666667 0.05462962962963
11 0.80572916666667 0.68888888888889 0.034375 0.051851851851852
11 0.31354166666667 0.42453703703704 0.034375 0.049074074074074
11 0.19296875 0.31527777777778 0.0328125 0.052777777777778
11 0.453125 0.40416666666667 0.035416666666667 0.047222222222222
11 0.41614583333333 0.19675925925926 0.033333333333333 0.047222222222222
11 0.57526041666667 0.47777777777778 0.033854166666667 0.048148148148148
11 0.41328125 0.4 0.031770833333333 0.046296296296296
11 0.50390625 0.45648148148148 0.031770833333333 0.048148148148148
11 0.41796875 0.35092592592593 0.033854166666667 0.046296296296296
11 0.35677083333333 0.44444444444444 0.03125 0.046296296296296
11 0.59713541666667 0.525 0.0328125 0.042592592592593
11 0.27447916666667 0.56157407407407 0.028125 0.049074074074074
11 0.48619791666667 0.60648148148148 0.0296875 0.046296296296296
11 0.215625 0.21990740740741 0.030208333333333 0.04537037037037
11 0.32005208333333 0.28055555555556 0.031770833333333 0.042592592592593
11 0.039583333333333 0.34259259259259 0.029166666666667 0.046296296296296
11 0.35182291666667 0.28564814814815 0.030729166666667 0.043518518518519
11 0.58020833333333 0.49074074074074 0.030208333333333 0.044444444444444