11 0.58046875 0.67361111111111 0.028125 0.038888888888889
11 0.603515625 0.61180555555556 0.02421875 0.031944444444444
11 0.598046875 0.50208333333333 0.02421875 0.031944444444444
11 0.568359375 0.54513888888889 0.02890625 0.034722222222222
11 0.561328125 0.67986111111111 0.02578125 0.034722222222222
11 0.61640625 0.74375 0.0265625 0.034722222222222
11 0.59765625 0.69930555555556 0.0234375 0.029166666666667
11 0.55234375 0.43263888888889 0.028125 0.0375
11 0.524609375 0.60555555555556 0.02265625 0.025
11 0.5984375 0.87430555555556 0.028125 0.0375
11 0.590625 0.59097222222222 0.0203125 0.023611111111111
11 0.53515625 0.60972222222222 0.021875 0.030555555555556
11 0.64375 0.83541666666667 0.0328125 0.040277777777778
11 0.53046875 0.56805555555556 0.025 0.033333333333333
11 0.5578125 0.58055555555556 0.0234375 0.030555555555556
11 0.527734375 0.63402777777778 0.02734375 0.034722222222222
11 0.637109375 0.72222222222222 0.02890625 0.036111111111111
11 0.55859375 0.29861111111111 0.025 0.033333333333333
11 0.623046875 0.35138888888889 0.02578125 0.033333333333333
11 0.556640625 0.47361111111111 0.03203125 0.038888888888889
11 0.61796875 0.41527777777778 0.025 0.033333333333333
11 0.554296875 0.52708333333333 0.02734375 0.034722222222222