11 0.62109375 0.92638888888889 0.084375 0.11944444444444
11 0.60703125 0.78888888888889 0.075 0.097222222222222
11 0.55703125 0.79861111111111 0.0703125 0.1
11 0.675 0.27083333333333 0.071875 0.097222222222222
11 0.62109375 0.66736111111111 0.06875 0.093055555555556
11 0.765625 0.18888888888889 0.065625 0.097222222222222
11 0.70703125 0.40833333333333 0.0625 0.094444444444444
11 0.593359375 0.29444444444444 0.05859375 0.094444444444444
11 0.927734375 0.32986111111111 0.05703125 0.076388888888889
11 0.580859375 0.38263888888889 0.05390625 0.079166666666667
11 0.550390625 0.69861111111111 0.05390625 0.077777777777778
11 0.32578125 0.77430555555556 0.05 0.081944444444444
11 0.948046875 0.57986111111111 0.05078125 0.076388888888889
11 0.9625 0.70902777777778 0.05 0.076388888888889
11 0.474609375 0.48819444444444 0.04921875 0.076388888888889
11 0.359765625 0.94375 0.05390625 0.068055555555556
11 0.28046875 0.37986111111111 0.0515625 0.068055555555556
11 0.623828125 0.78194444444444 0.04609375 0.075
11 0.57109375 0.64513888888889 0.05 0.065277777777778
11 0.89140625 0.94652777777778 0.04375 0.065277777777778
11 0.7515625 0.32569444444444 0.0453125 0.0625
11 0.5390625 0.66597222222222 0.046875 0.059722222222222
11 0.349609375 0.50694444444444 0.04609375 0.058333333333333
11 0.543359375 0.52986111111111 0.04609375 0.059722222222222
11 0.480859375 0.61180555555556 0.04453125 0.0625
11 0.117578125 0.96180555555556 0.04453125 0.059722222222222
11 0.59765625 0.71319444444444 0.04375 0.059722222222222
11 0.91171875 0.84027777777778 0.040625 0.061111111111111
11 0.416015625 0.25833333333333 0.04296875 0.058333333333333
11 0.407421875 0.77638888888889 0.03984375 0.063888888888889
11 0.19609375 0.94027777777778 0.0421875 0.058333333333333
11 0.79296875 0.34097222222222 0.040625 0.059722222222222
11 0.502734375 0.31388888888889 0.04140625 0.058333333333333
11 0.44296875 0.90486111111111 0.040625 0.059722222222222
11 0.796484375 0.57152777777778 0.03984375 0.059722222222222
11 0.87890625 0.91875 0.04375 0.054166666666667
11 0.466015625 0.63055555555556 0.04453125 0.055555555555556
11 0.90390625 0.70763888888889 0.0375 0.059722222222222
11 0.73046875 0.67222222222222 0.0359375 0.061111111111111
11 0.6703125 0.84444444444444 0.0375 0.058333333333333
11 0.879296875 0.73611111111111 0.03671875 0.058333333333333
11 0.369921875 0.31527777777778 0.03828125 0.055555555555556
11 0.818359375 0.73402777777778 0.03671875 0.056944444444444
11 0.683984375 0.33194444444444 0.03828125 0.055555555555556
11 0.947265625 0.86319444444444 0.03671875 0.054166666666667
11 0.766015625 0.38472222222222 0.03671875 0.055555555555556
11 0.439453125 0.45 0.03828125 0.052777777777778
11 0.82734375 0.55138888888889 0.0359375 0.055555555555556
11 0.50390625 0.43333333333333 0.0390625 0.05
11 0.864453125 0.85555555555556 0.03671875 0.052777777777778
11 0.215234375 0.43611111111111 0.03671875 0.052777777777778
11 0.820703125 0.82152777777778 0.03671875 0.051388888888889
11 0.604296875 0.45625 0.03515625 0.054166666666667
11 0.698046875 0.87916666666667 0.03828125 0.05
11 0.773046875 0.63333333333333 0.03515625 0.052777777777778
11 0.64375 0.3375 0.034375 0.052777777777778
11 0.2890625 0.32222222222222 0.0359375 0.05
11 0.431640625 0.66736111111111 0.03671875 0.048611111111111
11 0.365234375 0.26458333333333 0.03359375 0.051388888888889
11 0.312109375 0.36458333333333 0.03359375 0.051388888888889
11 0.295703125 0.47847222222222 0.03515625 0.048611111111111
11 0.765625 0.76527777777778 0.0359375 0.047222222222222
11 0.672265625 0.7 0.03359375 0.05
11 0.48359375 0.54097222222222 0.0359375 0.045833333333333
11 0.54609375 0.3875 0.034375 0.047222222222222
11 0.2484375 0.45555555555556 0.034375 0.047222222222222
11 0.366796875 0.70486111111111 0.03515625 0.045833333333333
11 0.658203125 0.83125 0.03515625 0.045833333333333
11 0.726171875 0.34305555555556 0.03359375 0.047222222222222
11 0.150390625 0.74166666666667 0.03359375 0.047222222222222
11 0.558984375 0.92847222222222 0.03203125 0.048611111111111
11 0.89453125 0.87638888888889 0.0328125 0.047222222222222
11 0.24609375 0.62777777777778 0.0328125 0.047222222222222
11 0.978515625 0.019444444444444 0.03984375 0.038888888888889
11 0.393359375 0.85902777777778 0.03359375 0.045833333333333
11 0.9796875 0.73819444444444 0.03125 0.048611111111111
11 0.14453125 0.64513888888889 0.0328125 0.045833333333333
11 0.65859375 0.97708333333333 0.0375 0.040277777777778
11 0.5703125 0.88888888888889 0.03125 0.047222222222222
11 0.529296875 0.47708333333333 0.03203125 0.045833333333333
11 0.839453125 0.85833333333333 0.03046875 0.047222222222222
11 0.650390625 0.52013888888889 0.03203125 0.045833333333333
11 0.18203125 0.79513888888889 0.0328125 0.043055555555556
11 0.66875 0.90138888888889 0.03125 0.044444444444444
11 0.234765625 0.40972222222222 0.03203125 0.044444444444444
11 0.59375 0.61180555555556 0.0328125 0.043055555555556
11 0.63046875 0.85555555555556 0.03125 0.044444444444444
11 0.509765625 0.68125 0.03203125 0.043055555555556
11 0.513671875 0.5625 0.03203125 0.041666666666667
11 0.26484375 0.29930555555556 0.03125 0.043055555555556
11 0.64453125 0.45625 0.0296875 0.043055555555556
11 0.676953125 0.64791666666667 0.03046875 0.043055555555556
11 0.63046875 0.54375 0.0296875 0.043055555555556
11 0.506640625 0.85347222222222 0.02890625 0.040277777777778
11 0.4828125 0.12152777777778 0.028125 0.043055555555556
11 0.4328125 0.87152777777778 0.0296875 0.043055555555556
11 0.4296875 0.59375 0.028125 0.040277777777778
11 0.990234375 0.65555555555556 0.01796875 0.055555555555556
11 0.179296875 0.90416666666667 0.02734375 0.036111111111111
11 0.196875 0.83958333333333 0.025 0.034722222222222