10 0.775390625 0.5 0.02734375 0.033333333333333
10 0.84765625 0.65972222222222 0.01875 0.025
10 0.744921875 0.56597222222222 0.02265625 0.029166666666667
10 0.46640625 0.46041666666667 0.3859375 0.60694444444444
10 0.74375 0.47986111111111 0.0234375 0.029166666666667
10 0.7203125 0.47291666666667 0.0234375 0.029166666666667
10 0.75546875 0.32986111111111 0.4328125 0.62638888888889
10 0.756640625 0.54791666666667 0.02265625 0.029166666666667
10 0.6515625 0.32361111111111 0.0234375 0.030555555555556
10 0.855859375 0.84375 0.02265625 0.034722222222222
10 0.63359375 0.56597222222222 0.0265625 0.034722222222222
10 0.858984375 0.61111111111111 0.02421875 0.033333333333333
10 0.66640625 0.36527777777778 0.021875 0.027777777777778
10 0.751171875 0.51666666666667 0.02578125 0.030555555555556
10 0.695703125 0.40277777777778 0.02421875 0.030555555555556
10 0.8484375 0.73958333333333 0.0265625 0.034722222222222
10 0.8796875 0.70763888888889 0.025 0.0375
10 0.659375 0.45416666666667 0.01875 0.025
10 0.859765625 0.675 0.02109375 0.027777777777778
10 0.677734375 0.4375 0.02109375 0.027777777777778
10 0.83984375 0.11666666666667 0.315625 0.23333333333333