10 0.772265625 0.45486111111111 0.04296875 0.048611111111111
10 0.740625 0.35138888888889 0.0421875 0.05
10 0.617578125 0.30347222222222 0.03828125 0.043055555555556
10 0.696484375 0.2125 0.04453125 0.052777777777778
10 0.576171875 0.52708333333333 0.06640625 0.081944444444444
10 0.7125 0.76319444444444 0.05 0.065277777777778
10 0.26015625 0.33888888888889 0.0328125 0.041666666666667
10 0.631640625 0.18055555555556 0.03984375 0.05
10 0.8 0.62847222222222 0.040625 0.051388888888889
10 0.665234375 0.68541666666667 0.03671875 0.043055555555556
10 0.605859375 0.56597222222222 0.03984375 0.043055555555556
10 0.81953125 0.64722222222222 0.034375 0.041666666666667
10 0.416796875 0.67152777777778 0.01953125 0.020833333333333
10 0.63359375 0.62986111111111 0.0453125 0.048611111111111
10 0.395703125 0.65347222222222 0.02890625 0.034722222222222
10 0.933984375 0.60347222222222 0.03515625 0.043055555555556
10 0.699609375 0.49652777777778 0.04765625 0.048611111111111
10 0.73046875 0.47291666666667 0.0359375 0.040277777777778
10 0.635546875 0.82638888888889 0.03984375 0.047222222222222
10 0.733984375 0.57083333333333 0.06328125 0.069444444444444
10 0.755078125 0.72430555555556 0.03359375 0.0375
10 0.746875 0.53125 0.071875 0.079166666666667
10 0.713671875 0.67430555555556 0.03828125 0.043055555555556
10 0.33125 0.61388888888889 0.1765625 0.725
10 0.85390625 0.070138888888889 0.046875 0.054166666666667
10 0.4125 0.70138888888889 0.025 0.025
10 0.628125 0.71805555555556 0.0390625 0.044444444444444
10 0.958203125 0.015277777777778 0.03984375 0.030555555555556
10 0.653125 0.63680555555556 0.0359375 0.040277777777778
10 0.78203125 0.12083333333333 0.0265625 0.027777777777778
10 0.701171875 0.41527777777778 0.04140625 0.047222222222222
10 0.760546875 0.68819444444444 0.03984375 0.045833333333333
10 0.89609375 0.022222222222222 0.0328125 0.036111111111111
10 0.611328125 0.49930555555556 0.06171875 0.073611111111111
10 0.69609375 0.72152777777778 0.0609375 0.073611111111111
10 0.840625 0.26944444444444 0.1859375 0.425
10 0.66640625 0.35138888888889 0.0265625 0.027777777777778
10 0.4 0.68055555555556 0.021875 0.022222222222222
10 0.52578125 0.33958333333333 0.046875 0.054166666666667
10 0.54140625 0.30763888888889 0.028125 0.034722222222222
10 0.7390625 0.74166666666667 0.0421875 0.047222222222222
10 0.698046875 0.55416666666667 0.05390625 0.061111111111111
10 0.757421875 0.54930555555556 0.05234375 0.059722222222222
10 0.7328125 0.43333333333333 0.0296875 0.036111111111111
10 0.73984375 0.49861111111111 0.034375 0.038888888888889
10 0.944140625 0.077083333333333 0.03046875 0.0375
10 0.553125 0.14652777777778 0.040625 0.045833333333333
10 0.650390625 0.26180555555556 0.04453125 0.051388888888889
10 0.75859375 0.37638888888889 0.0234375 0.027777777777778
10 0.80546875 0.093055555555556 0.025 0.027777777777778
10 0.51953125 0.29583333333333 0.0328125 0.038888888888889
10 0.6890625 0.59166666666667 0.034375 0.036111111111111
10 0.31953125 0.74166666666667 0.0328125 0.036111111111111
10 0.722265625 0.31319444444444 0.04921875 0.059722222222222
10 0.70703125 0.63402777777778 0.046875 0.051388888888889
10 0.65078125 0.33125 0.040625 0.048611111111111
10 0.70078125 0.46319444444444 0.0640625 0.073611111111111
10 0.55234375 0.36597222222222 0.0390625 0.043055555555556
10 0.7734375 0.62013888888889 0.0390625 0.045833333333333
10 0.742578125 0.24583333333333 0.04765625 0.058333333333333
10 0.743359375 0.63541666666667 0.04296875 0.051388888888889
10 0.60859375 0.60555555555556 0.0171875 0.019444444444444
10 0.53359375 0.22708333333333 0.0515625 0.068055555555556
10 0.550390625 0.40555555555556 0.05078125 0.058333333333333
10 0.907421875 0.37222222222222 0.03046875 0.036111111111111
10 0.679296875 0.32222222222222 0.04296875 0.047222222222222
10 0.64453125 0.75069444444444 0.034375 0.043055555555556
10 0.5359375 0.16527777777778 0.040625 0.047222222222222
10 0.7046875 0.34375 0.0359375 0.043055555555556
10 0.60390625 0.16111111111111 0.0515625 0.063888888888889
10 0.77734375 0.088194444444444 0.03125 0.034722222222222
10 0.85703125 0.022916666666667 0.03125 0.0375