10 0.39427083333333 0.81435185185185 0.013541666666667 0.021296296296296
10 0.53541666666667 0.73842592592593 0.038541666666667 0.058333333333333
10 0.31432291666667 0.71666666666667 0.0234375 0.035185185185185
10 0.82161458333333 0.68148148148148 0.022395833333333 0.035185185185185
10 0.49739583333333 0.65925925925926 0.029166666666667 0.038888888888889
10 0.53229166666667 0.53935185185185 0.014583333333333 0.019444444444444
10 0.4328125 0.90185185185185 0.016666666666667 0.025925925925926
10 0.4015625 0.77685185185185 0.0125 0.018518518518519
10 0.48958333333333 0.69398148148148 0.016666666666667 0.026851851851852
10 0.49296875 0.81018518518519 0.025520833333333 0.037037037037037
10 0.60807291666667 0.53472222222222 0.016145833333333 0.023148148148148
10 0.5828125 0.56018518518519 0.013541666666667 0.018518518518519
10 0.57239583333333 0.64675925925926 0.0125 0.019444444444444
10 0.71328125 0.50416666666667 0.0140625 0.019444444444444
10 0.99088541666667 0.4212962962963 0.0171875 0.033333333333333
10 0.57083333333333 0.88194444444444 0.020833333333333 0.028703703703704
10 0.43723958333333 0.9412037037037 0.021354166666667 0.034259259259259
10 0.59270833333333 0.4962962962963 0.013541666666667 0.02037037037037
10 0.43828125 0.95648148148148 0.0171875 0.025925925925926
10 0.42630208333333 0.8662037037037 0.0171875 0.026851851851852
10 0.58177083333333 0.57916666666667 0.013541666666667 0.019444444444444
10 0.88151041666667 0.53657407407407 0.019270833333333 0.028703703703704
10 0.43723958333333 0.73703703703704 0.013020833333333 0.018518518518519
10 0.76067708333333 0.57685185185185 0.024479166666667 0.037037037037037
10 0.63385416666667 0.071759259259259 0.023958333333333 0.037962962962963
10 0.6703125 0.36157407407407 0.013541666666667 0.019444444444444
10 0.94296875 0.84027777777778 0.024479166666667 0.037962962962963
10 0.71171875 0.53564814814815 0.011979166666667 0.017592592592593
10 0.4015625 0.9337962962963 0.014583333333333 0.023148148148148
10 0.72630208333333 0.5962962962963 0.021354166666667 0.033333333333333
10 0.62942708333333 0.57083333333333 0.0140625 0.021296296296296
10 0.69895833333333 0.64953703703704 0.014583333333333 0.021296296296296
10 0.4625 0.91666666666667 0.01875 0.025925925925926
10 0.86901041666667 0.79861111111111 0.022395833333333 0.036111111111111
10 0.91953125 0.71805555555556 0.022395833333333 0.034259259259259
10 0.51354166666667 0.9875 0.025 0.025
10 0.43567708333333 0.99259259259259 0.0203125 0.014814814814815
10 0.46536458333333 0.67685185185185 0.013020833333333 0.018518518518519
10 0.3625 0.90138888888889 0.022916666666667 0.036111111111111
10 0.41770833333333 0.83564814814815 0.017708333333333 0.026851851851852
10 0.45 0.70925925925926 0.015625 0.024074074074074
10 0.74895833333333 0.72222222222222 0.020833333333333 0.02962962962963
10 0.77447916666667 0.375 0.023958333333333 0.037037037037037
10 0.50651041666667 0.6 0.016145833333333 0.022222222222222
10 0.371875 0.82083333333333 0.014583333333333 0.021296296296296
10 0.62135416666667 0.4662037037037 0.013541666666667 0.019444444444444
10 0.63255208333333 0.31944444444444 0.024479166666667 0.038888888888889
10 0.553125 0.51342592592593 0.013541666666667 0.019444444444444
10 0.56822916666667 0.98240740740741 0.028125 0.02962962962963
10 0.5921875 0.60462962962963 0.014583333333333 0.022222222222222
10 0.77916666666667 0.96944444444444 0.025 0.035185185185185
10 0.85390625 0.53981481481481 0.0203125 0.031481481481481
10 0.86484375 0.53796296296296 0.046354166666667 0.027777777777778
10 0.85729166666667 0.64166666666667 0.027083333333333 0.042592592592593
10 0.14479166666667 0.81342592592593 0.023958333333333 0.037962962962963
10 0.71145833333333 0.68935185185185 0.014583333333333 0.021296296296296
10 0.85442708333333 0.98287037037037 0.0265625 0.032407407407407
10 0.47083333333333 0.35046296296296 0.021875 0.030555555555556
10 0.6328125 0.74861111111111 0.016666666666667 0.023148148148148
10 0.63984375 0.68425925925926 0.024479166666667 0.035185185185185
10 0.37057291666667 0.85046296296296 0.0109375 0.017592592592593
10 0.92630208333333 0.67361111111111 0.022395833333333 0.034259259259259
10 0.47421875 0.9537037037037 0.018229166666667 0.027777777777778
10 0.59140625 0.63472222222222 0.015104166666667 0.021296296296296
10 0.9890625 0.83287037037037 0.020833333333333 0.076851851851852
10 0.3828125 0.93796296296296 0.015625 0.022222222222222
10 0.92890625 0.97037037037037 0.025520833333333 0.038888888888889
10 0.56614583333333 0.55740740740741 0.011458333333333 0.016666666666667
10 0.59088541666667 0.84074074074074 0.0453125 0.075925925925926
10 0.97994791666667 0.36157407407407 0.018229166666667 0.028703703703704
10 0.95494791666667 0.74537037037037 0.021354166666667 0.033333333333333
10 0.53255208333333 0.75046296296296 0.025520833333333 0.036111111111111