10 0.32760416666667 0.44722222222222 0.084375 0.096296296296296
10 0.29817708333333 0.41527777777778 0.022395833333333 0.028703703703704
10 0.44505208333333 0.46712962962963 0.0171875 0.021296296296296
10 0.55286458333333 0.25787037037037 0.015104166666667 0.019444444444444
10 0.52473958333333 0.40740740740741 0.0734375 0.10185185185185
10 0.50833333333333 0.42037037037037 0.045833333333333 0.059259259259259
10 0.59817708333333 0.2375 0.0296875 0.041666666666667
10 0.59322916666667 0.058333333333333 0.015625 0.02037037037037
10 0.27005208333333 0.61805555555556 0.025520833333333 0.036111111111111
10 0.29296875 0.58333333333333 0.0234375 0.025925925925926
10 0.13697916666667 0.6837962962963 0.014583333333333 0.019444444444444
10 0.22005208333333 0.46851851851852 0.015104166666667 0.02037037037037
10 0.17708333333333 0.66759259259259 0.028125 0.042592592592593
10 0.17864583333333 0.70509259259259 0.014583333333333 0.019444444444444
10 0.59661458333333 0.015740740740741 0.015104166666667 0.018518518518519
10 0.57708333333333 0.36342592592593 0.017708333333333 0.023148148148148