11 0.808203125 0.62291666666667 0.03515625 0.040277777777778
11 0.630859375 0.15347222222222 0.05703125 0.081944444444444
11 0.703515625 0.5875 0.03984375 0.05
11 0.651953125 0.61388888888889 0.03828125 0.047222222222222
11 0.756640625 0.55208333333333 0.07421875 0.084722222222222
11 0.66796875 0.62916666666667 0.03125 0.038888888888889
11 0.551171875 0.16736111111111 0.03671875 0.056944444444444
11 0.669140625 0.67569444444444 0.03203125 0.040277777777778
11 0.725 0.74166666666667 0.0484375 0.05
11 0.78828125 0.59652777777778 0.0375 0.045833333333333
11 0.7515625 0.50625 0.0546875 0.070833333333333
11 0.727734375 0.30972222222222 0.04296875 0.066666666666667
11 0.622265625 0.19652777777778 0.03671875 0.056944444444444
11 0.75546875 0.62777777777778 0.059375 0.069444444444444
11 0.625390625 0.31111111111111 0.04453125 0.066666666666667
11 0.937890625 0.575 0.04140625 0.05
11 0.661328125 0.82152777777778 0.04296875 0.048611111111111
11 0.392578125 0.27569444444444 0.02265625 0.034722222222222
11 0.534765625 0.30902777777778 0.03515625 0.054166666666667
11 0.33828125 0.51736111111111 0.29375 0.52916666666667
11 0.6484375 0.18472222222222 0.034375 0.052777777777778
11 0.659375 0.74513888888889 0.0421875 0.048611111111111
11 0.662890625 0.28194444444444 0.04296875 0.063888888888889
11 0.940234375 0.053472222222222 0.03046875 0.043055555555556
11 0.54140625 0.35138888888889 0.046875 0.072222222222222
11 0.710546875 0.71388888888889 0.05234375 0.058333333333333
11 0.7515625 0.72152777777778 0.0390625 0.043055555555556
11 0.8125 0.59583333333333 0.040625 0.047222222222222
11 0.563671875 0.40763888888889 0.04609375 0.073611111111111
11 0.557421875 0.23819444444444 0.04453125 0.068055555555556
11 0.26640625 0.31041666666667 0.0328125 0.048611111111111
11 0.69921875 0.67708333333333 0.0390625 0.048611111111111
11 0.618359375 0.57708333333333 0.03515625 0.045833333333333
11 0.721484375 0.34722222222222 0.03984375 0.058333333333333
11 0.783203125 0.67986111111111 0.03828125 0.045833333333333
11 0.737890625 0.47430555555556 0.03515625 0.048611111111111
11 0.759375 0.35 0.046875 0.066666666666667
11 0.837890625 0.21180555555556 0.30859375 0.42361111111111
11 0.646484375 0.70138888888889 0.03984375 0.047222222222222
11 0.7703125 0.69652777777778 0.0375 0.043055555555556
11 0.53515625 0.21875 0.0328125 0.051388888888889
11 0.761328125 0.24236111111111 0.04921875 0.073611111111111
11 0.57734375 0.16597222222222 0.034375 0.054166666666667
11 0.908203125 0.34375 0.02578125 0.034722222222222
11 0.71171875 0.54027777777778 0.05 0.063888888888889
11 0.710546875 0.21736111111111 0.04765625 0.070833333333333
11 0.84140625 0.63263888888889 0.0390625 0.043055555555556