11 0.778125 0.28263888888889 0.4421875 0.55972222222222
11 0.93125 0.61180555555556 0.025 0.031944444444444
11 0.918359375 0.51458333333333 0.02265625 0.029166666666667
11 0.7953125 0.40694444444444 0.0203125 0.027777777777778
11 0.869140625 0.61388888888889 0.02109375 0.027777777777778
11 0.883203125 0.58125 0.02265625 0.029166666666667
11 0.921875 0.70347222222222 0.0234375 0.031944444444444
11 0.923828125 0.073611111111111 0.15078125 0.14722222222222
11 0.8546875 0.56458333333333 0.021875 0.029166666666667
11 0.755078125 0.34722222222222 0.02734375 0.033333333333333
11 0.809765625 0.45902777777778 0.02890625 0.034722222222222
11 0.770703125 0.38819444444444 0.02421875 0.031944444444444
11 0.748828125 0.43680555555556 0.03046875 0.0375