10 0.790234375 0.26944444444444 0.41015625 0.53888888888889
10 0.421875 0.28819444444444 0.3375 0.54027777777778
10 0.863671875 0.40416666666667 0.04296875 0.058333333333333
10 0.73828125 0.48958333333333 0.040625 0.056944444444444
10 0.89609375 0.51458333333333 0.0375 0.051388888888889
10 0.80390625 0.49097222222222 0.0375 0.051388888888889
10 0.869921875 0.44097222222222 0.03515625 0.051388888888889
10 0.685546875 0.3875 0.03828125 0.047222222222222
10 0.811328125 0.44166666666667 0.03515625 0.05
10 0.85546875 0.49027777777778 0.034375 0.047222222222222
10 0.705859375 0.46111111111111 0.03515625 0.047222222222222
10 0.8296875 0.51458333333333 0.034375 0.045833333333333
10 0.83984375 0.58819444444444 0.0328125 0.043055555555556
10 0.8546875 0.54097222222222 0.0328125 0.043055555555556
10 0.73125 0.38819444444444 0.0328125 0.043055555555556
10 0.876171875 0.47361111111111 0.03359375 0.041666666666667
10 0.83828125 0.47291666666667 0.03125 0.043055555555556
10 0.713671875 0.41041666666667 0.03203125 0.040277777777778
10 0.694140625 0.32083333333333 0.03046875 0.041666666666667
10 0.815234375 0.525 0.03203125 0.038888888888889
10 0.633203125 0.32083333333333 0.02890625 0.041666666666667
10 0.70546875 0.49930555555556 0.0296875 0.040277777777778
10 0.67265625 0.25972222222222 0.0296875 0.038888888888889
10 0.66875 0.23472222222222 0.0296875 0.038888888888889
10 0.898046875 0.31597222222222 0.03046875 0.0375
10 0.668359375 0.35416666666667 0.03046875 0.038888888888889
10 0.732421875 0.63125 0.02578125 0.034722222222222
10 0.657421875 0.27152777777778 0.02578125 0.034722222222222
10 0.729296875 0.56041666666667 0.02578125 0.031944444444444
10 0.7296875 0.52777777777778 0.0265625 0.033333333333333