11 0.794140625 0.22361111111111 0.19765625 0.24722222222222
11 0.160546875 0.88402777777778 0.21328125 0.23472222222222
11 0.721484375 0.86805555555556 0.16484375 0.21388888888889
11 0.308203125 0.32569444444444 0.14921875 0.18472222222222
11 0.651171875 0.44375 0.13828125 0.18472222222222
11 0.470703125 0.24722222222222 0.14140625 0.20277777777778
11 0.06328125 0.19583333333333 0.1234375 0.2
11 0.61796875 0.25763888888889 0.13125 0.17361111111111
11 0.465234375 0.66875 0.12890625 0.1625
11 0.94453125 0.17361111111111 0.109375 0.18611111111111
11 0.290234375 0.12152777777778 0.13359375 0.15416666666667
11 0.66015625 0.30069444444444 0.1234375 0.15416666666667
11 0.53203125 0.070833333333333 0.1171875 0.14166666666667
11 0.6859375 0.096527777777778 0.1109375 0.15416666666667
11 0.223046875 0.11666666666667 0.11171875 0.14444444444444
11 0.3984375 0.94097222222222 0.121875 0.11527777777778
11 0.8203125 0.69166666666667 0.1140625 0.13333333333333
11 0.666015625 0.78333333333333 0.10703125 0.13055555555556
11 0.71875 0.47986111111111 0.0984375 0.13194444444444
11 0.85 0.83611111111111 0.1015625 0.125
11 0.570703125 0.60763888888889 0.09609375 0.12361111111111
11 0.160546875 0.81388888888889 0.09453125 0.12222222222222
11 0.6453125 0.54861111111111 0.0921875 0.125
11 0.53671875 0.95347222222222 0.121875 0.093055555555556
11 0.3484375 0.39583333333333 0.0921875 0.11666666666667
11 0.72109375 0.36666666666667 0.090625 0.11666666666667
11 0.616015625 0.95555555555556 0.11171875 0.088888888888889
11 0.907421875 0.50347222222222 0.08203125 0.10416666666667
11 0.4640625 0.86875 0.084375 0.10972222222222
11 0.601171875 0.71319444444444 0.08203125 0.098611111111111
11 0.96953125 0.89583333333333 0.059375 0.13611111111111
11 0.334375 0.65 0.0734375 0.097222222222222
11 0.783984375 0.95625 0.08359375 0.084722222222222
11 0.905859375 0.79305555555556 0.07421875 0.094444444444444
11 0.89765625 0.73194444444444 0.0734375 0.094444444444444
11 0.8671875 0.92638888888889 0.075 0.091666666666667
11 0.046484375 0.77986111111111 0.07265625 0.093055555555556
11 0.956640625 0.95972222222222 0.07578125 0.086111111111111
11 0.97578125 0.75486111111111 0.0484375 0.1125
11 0.804296875 0.91875 0.06484375 0.081944444444444