10 0.5480093676815 0.48333333333333 0.37939110070258 0.37916666666667
10 0.47658079625293 0.18333333333333 0.060889929742389 0.054166666666667
10 0.29508196721311 0.20625 0.037470725995316 0.0375
10 0.42974238875878 0.125 0.035128805620609 0.033333333333333
10 0.24882903981265 0.13541666666667 0.036299765807963 0.0375
10 0.44028103044496 0.05625 0.044496487119438 0.041666666666667
10 0.16042154566745 0.12708333333333 0.05152224824356 0.05
10 0.4824355971897 0.073958333333333 0.023419203747073 0.022916666666667
10 0.49297423887588 0.12708333333333 0.037470725995316 0.0375
10 0.52400468384075 0.16458333333333 0.043325526932084 0.041666666666667
10 0.45140515222482 0.10625 0.040983606557377 0.0375
10 0.40515222482436 0.10625 0.039812646370023 0.0375
10 0.36182669789227 0.047916666666667 0.046838407494145 0.05