11 0.1109375 0.094444444444444 0.079166666666667 0.057407407407407
11 0.60026041666667 0.40740740740741 0.0546875 0.077777777777778
11 0.51432291666667 0.21574074074074 0.049479166666667 0.061111111111111
11 0.088020833333333 0.09537037037037 0.042708333333333 0.068518518518519
11 0.36875 0.050925925925926 0.047916666666667 0.059259259259259
11 0.25989583333333 0.19768518518519 0.035416666666667 0.076851851851852
11 0.25260416666667 0.31851851851852 0.038541666666667 0.061111111111111
11 0.39010416666667 0.17546296296296 0.040625 0.056481481481481
11 0.2125 0.35925925925926 0.035416666666667 0.061111111111111
11 0.8046875 0.60601851851852 0.039583333333333 0.050925925925926
11 0.51458333333333 0.36666666666667 0.036458333333333 0.053703703703704
11 0.2359375 0.053703703703704 0.036458333333333 0.053703703703704
11 0.32526041666667 0.064814814814815 0.036979166666667 0.048148148148148
11 0.15 0.022685185185185 0.038541666666667 0.04537037037037
11 0.27838541666667 0.084259259259259 0.033854166666667 0.048148148148148
11 0.13645833333333 0.095833333333333 0.034375 0.047222222222222
11 0.575 0.40787037037037 0.03125 0.050925925925926
11 0.25390625 0.17824074074074 0.031770833333333 0.049074074074074
11 0.2640625 0.21712962962963 0.032291666666667 0.049074074074074
11 0.1296875 0.23796296296296 0.03125 0.048148148148148
11 0.45651041666667 0.23287037037037 0.0296875 0.047222222222222
11 0.85625 0.44444444444444 0.03125 0.044444444444444
11 0.08046875 0.047222222222222 0.031770833333333 0.042592592592593
11 0.23307291666667 0.13055555555556 0.0296875 0.044444444444444
11 0.54140625 0.34166666666667 0.028645833333333 0.042592592592593
11 0.0859375 0.22407407407407 0.029166666666667 0.042592592592593
11 0.19817708333333 0.23703703703704 0.027604166666667 0.042592592592593
11 0.2453125 0.069444444444444 0.030208333333333 0.038888888888889
11 0.73255208333333 0.47731481481481 0.028645833333333 0.039814814814815
11 0.15234375 0.17777777777778 0.027604166666667 0.040740740740741
11 0.19869791666667 0.16111111111111 0.027604166666667 0.040740740740741
11 0.52447916666667 0.32083333333333 0.022916666666667 0.049074074074074
11 0.17786458333333 0.084722222222222 0.027604166666667 0.039814814814815
11 0.22369791666667 0.049537037037037 0.028645833333333 0.037962962962963
11 0.45234375 0.36481481481481 0.0265625 0.040740740740741
11 0.22708333333333 0.11157407407407 0.028125 0.037962962962963
11 0.60104166666667 0.26574074074074 0.026041666666667 0.040740740740741
11 0.16614583333333 0.20277777777778 0.026041666666667 0.040740740740741
11 0.32473958333333 0.07962962962963 0.028645833333333 0.037037037037037
11 0.07890625 0.27361111111111 0.0265625 0.039814814814815
11 0.51901041666667 0.39907407407407 0.025520833333333 0.040740740740741
11 0.24869791666667 0.26851851851852 0.0265625 0.038888888888889
11 0.37239583333333 0.20509259259259 0.027083333333333 0.037962962962963
11 0.26953125 0.42546296296296 0.024479166666667 0.041666666666667
11 0.62291666666667 0.52685185185185 0.026041666666667 0.038888888888889
11 0.34270833333333 0.19537037037037 0.026041666666667 0.038888888888889
11 0.034375 0.081944444444444 0.027083333333333 0.036111111111111
11 0.1265625 0.15601851851852 0.025 0.037962962962963
11 0.30963541666667 0.23101851851852 0.025520833333333 0.037962962962963
11 0.240625 0.23009259259259 0.025 0.037962962962963
11 0.2109375 0.20416666666667 0.025 0.037962962962963
11 0.26458333333333 0.14861111111111 0.025 0.037962962962963
11 0.013541666666667 0.052314814814815 0.026041666666667 0.036111111111111
11 0.72916666666667 0.42546296296296 0.026041666666667 0.036111111111111
11 0.40833333333333 0.21203703703704 0.025 0.037037037037037
11 0.45130208333333 0.20787037037037 0.025520833333333 0.036111111111111
11 0.49322916666667 0.28842592592593 0.023958333333333 0.037962962962963
11 0.35364583333333 0.35138888888889 0.023958333333333 0.037962962962963
11 0.4890625 0.23564814814815 0.025 0.036111111111111
11 0.30234375 0.18333333333333 0.0234375 0.035185185185185
11 0.079166666666667 0.016203703703704 0.027083333333333 0.032407407407407
11 0.3609375 0.21111111111111 0.025 0.035185185185185
11 0.30130208333333 0.080555555555556 0.025520833333333 0.035185185185185
11 0.52890625 0.30694444444444 0.0234375 0.034259259259259
11 0.31484375 0.015740740740741 0.0296875 0.02962962962963
11 0.23984375 0.0375 0.025520833333333 0.034259259259259
11 0.19166666666667 0.18888888888889 0.017708333333333 0.02962962962963
11 0.18489583333333 0.019907407407407 0.022916666666667 0.030555555555556
11 0.099479166666667 0.032407407407407 0.022916666666667 0.02962962962963
11 0.35963541666667 0.15277777777778 0.024479166666667 0.035185185185185
11 0.25598958333333 0.066666666666667 0.025520833333333 0.033333333333333
11 0.18255208333333 0.011111111111111 0.0234375 0.022222222222222
11 0.33671875 0.0097222222222222 0.025520833333333 0.019444444444444
11 0.65 0.34907407407407 0.023958333333333 0.035185185185185
11 0.32213541666667 0.05462962962963 0.025520833333333 0.033333333333333
11 0.48229166666667 0.33657407407407 0.017708333333333 0.026851851851852
11 0.47083333333333 0.21203703703704 0.023958333333333 0.035185185185185
11 0.39244791666667 0.15694444444444 0.024479166666667 0.034259259259259
11 0.22786458333333 0.17268518518519 0.0234375 0.034259259259259
11 0.51953125 0.3337962962963 0.022395833333333 0.034259259259259
11 0.34140625 0.068055555555556 0.0234375 0.032407407407407
11 0.00859375 0.11388888888889 0.0171875 0.042592592592593