11 0.77447916666667 0.34861111111111 0.032291666666667 0.052777777777778
11 0.35286458333333 0.875 0.028645833333333 0.038888888888889
11 0.66067708333333 0.45046296296296 0.053645833333333 0.075
11 0.33463541666667 0.63703703703704 0.031770833333333 0.046296296296296
11 0.58203125 0.98240740740741 0.0328125 0.033333333333333
11 0.41614583333333 0.97037037037037 0.034375 0.048148148148148
11 0.75182291666667 0.46157407407407 0.028645833333333 0.041666666666667
11 0.84921875 0.71296296296296 0.0296875 0.042592592592593
11 0.50520833333333 0.62916666666667 0.040625 0.062037037037037
11 0.275 0.91944444444444 0.032291666666667 0.048148148148148
11 0.91458333333333 0.79398148148148 0.05625 0.084259259259259
11 0.27239583333333 0.48564814814815 0.028125 0.039814814814815
11 0.82604166666667 0.79259259259259 0.036458333333333 0.053703703703704
11 0.71588541666667 0.45231481481481 0.0296875 0.041666666666667
11 0.67916666666667 0.69305555555556 0.059375 0.041666666666667
11 0.71067708333333 0.77175925925926 0.036979166666667 0.047222222222222