10 0.825 0.32777777777778 0.371875 0.60277777777778
10 0.587109375 0.23125 0.05078125 0.068055555555556
10 0.648046875 0.83819444444444 0.04921875 0.059722222222222
10 0.912890625 0.75277777777778 0.04296875 0.05
10 0.42734375 0.095833333333333 0.053125 0.069444444444444
10 0.578125 0.17430555555556 0.05 0.068055555555556
10 0.5828125 0.28541666666667 0.053125 0.070833333333333
10 0.5671875 0.70555555555556 0.04375 0.058333333333333
10 0.51484375 0.55833333333333 0.0484375 0.063888888888889
10 0.498828125 0.086805555555556 0.04921875 0.065277777777778
10 0.30390625 0.71111111111111 0.353125 0.56666666666667
10 0.699609375 0.46944444444444 0.04140625 0.05
10 0.549609375 0.099305555555556 0.07578125 0.095833333333333
10 0.64375 0.7625 0.0578125 0.066666666666667
10 0.629296875 0.72152777777778 0.05546875 0.065277777777778
10 0.620703125 0.30972222222222 0.04609375 0.063888888888889
10 0.709375 0.73541666666667 0.0515625 0.065277777777778
10 0.706640625 0.60833333333333 0.05234375 0.061111111111111
10 0.58828125 0.68125 0.053125 0.065277777777778
10 0.680859375 0.72708333333333 0.06640625 0.079166666666667
10 0.42265625 0.37638888888889 0.065625 0.083333333333333
10 0.58515625 0.75486111111111 0.0421875 0.054166666666667
10 0.475390625 0.12361111111111 0.04765625 0.061111111111111
10 0.565234375 0.79791666666667 0.04453125 0.056944444444444
10 0.958984375 0.54513888888889 0.03515625 0.040277777777778
10 0.616796875 0.17847222222222 0.07421875 0.10138888888889
10 0.2359375 0.87638888888889 0.090625 0.13055555555556
10 0.755078125 0.63680555555556 0.05078125 0.056944444444444
10 0.57734375 0.12777777777778 0.0484375 0.063888888888889
10 0.52578125 0.27361111111111 0.046875 0.061111111111111