10 0.35260416666667 0.7662037037037 0.080208333333333 0.13611111111111
10 0.5828125 0.8537037037037 0.079166666666667 0.13333333333333
10 0.32473958333333 0.91018518518519 0.0546875 0.094444444444444
10 0.20234375 0.44305555555556 0.078645833333333 0.13981481481481
10 0.26536458333333 0.56157407407407 0.056770833333333 0.097222222222222
10 0.21666666666667 0.13657407407407 0.10104166666667 0.16574074074074
10 0.75052083333333 0.73981481481481 0.071875 0.11481481481481
10 0.30911458333333 0.77037037037037 0.15260416666667 0.26111111111111
10 0.18932291666667 0.85833333333333 0.038020833333333 0.059259259259259
10 0.42630208333333 0.54166666666667 0.17135416666667 0.24074074074074
10 0.68098958333333 0.037962962962963 0.1234375 0.075925925925926
10 0.59583333333333 0.95046296296296 0.055208333333333 0.093518518518519
10 0.49713541666667 0.11712962962963 0.0859375 0.15092592592593
10 0.48619791666667 0.86388888888889 0.066145833333333 0.11481481481481
10 0.52213541666667 0.76481481481481 0.091145833333333 0.1537037037037
10 0.45234375 0.9412037037037 0.066145833333333 0.11203703703704
10 0.64739583333333 0.79814814814815 0.051041666666667 0.07962962962963
10 0.27291666666667 0.91898148148148 0.134375 0.16203703703704
10 0.43567708333333 0.68425925925926 0.0734375 0.11851851851852
10 0.38255208333333 0.95046296296296 0.075520833333333 0.10833333333333
10 0.26927083333333 0.73287037037037 0.12604166666667 0.21388888888889
10 0.46848958333333 0.04212962962963 0.071354166666667 0.082407407407407
10 0.24869791666667 0.6837962962963 0.084895833333333 0.12685185185185
10 0.53020833333333 0.24768518518519 0.14375 0.20277777777778
10 0.83828125 0.81805555555556 0.10572916666667 0.17685185185185
10 0.48854166666667 0.49305555555556 0.26458333333333 0.35462962962963
10 0.59348958333333 0.089814814814815 0.11614583333333 0.17962962962963
10 0.46484375 0.36990740740741 0.078645833333333 0.13611111111111
10 0.17916666666667 0.9412037037037 0.0875 0.11018518518519