10 0.90182291666667 0.20555555555556 0.0703125 0.10925925925926
10 0.68411458333333 0.14537037037037 0.097395833333333 0.12592592592593
10 0.79036458333333 0.42592592592593 0.1015625 0.11666666666667
10 0.56901041666667 0.20694444444444 0.1109375 0.14537037037037
10 0.55026041666667 0.65462962962963 0.10885416666667 0.14074074074074
10 0.071354166666667 0.45509259259259 0.084375 0.097222222222222
10 0.71223958333333 0.37222222222222 0.0984375 0.12777777777778
10 0.2625 0.35231481481481 0.076041666666667 0.10092592592593
10 0.45052083333333 0.072685185185185 0.079166666666667 0.1287037037037
10 0.66302083333333 0.068518518518519 0.070833333333333 0.10555555555556
10 0.74895833333333 0.23935185185185 0.073958333333333 0.13981481481481
10 0.50416666666667 0.89027777777778 0.15520833333333 0.19907407407407
10 0.840625 0.15833333333333 0.065625 0.1037037037037
10 0.67161458333333 0.1 0.096354166666667 0.17222222222222