10 0.50833333333333 0.53796296296296 0.029166666666667 0.037037037037037
10 0.81432291666667 0.80972222222222 0.086979166666667 0.13055555555556
10 0.27890625 0.85509259259259 0.028645833333333 0.037962962962963
10 0.71822916666667 0.70138888888889 0.027083333333333 0.037962962962963
10 0.61276041666667 0.40972222222222 0.031770833333333 0.047222222222222
10 0.32526041666667 0.9837962962963 0.049479166666667 0.034259259259259
10 0.56197916666667 0.75972222222222 0.028125 0.037962962962963
10 0.83567708333333 0.53101851851852 0.0328125 0.049074074074074
10 0.84088541666667 0.37222222222222 0.036979166666667 0.053703703703704
10 0.78854166666667 0.44953703703704 0.070833333333333 0.10648148148148
10 0.94869791666667 0.74861111111111 0.0359375 0.047222222222222
10 0.53541666666667 0.86574074074074 0.038541666666667 0.048148148148148
10 0.77083333333333 0.13518518518519 0.029166666666667 0.044444444444444
10 0.81380208333333 0.33240740740741 0.030729166666667 0.044444444444444
10 0.86223958333333 0.23194444444444 0.030729166666667 0.047222222222222
10 0.69401041666667 0.52962962962963 0.0265625 0.038888888888889
10 0.98671875 0.63842592592593 0.0265625 0.071296296296296
10 0.54036458333333 0.37175925925926 0.041145833333333 0.056481481481481
10 0.72161458333333 0.43888888888889 0.0328125 0.048148148148148
10 0.034635416666667 0.6712962962963 0.0296875 0.044444444444444
10 0.90963541666667 0.47916666666667 0.033854166666667 0.049074074074074
10 0.52291666666667 0.58472222222222 0.033333333333333 0.043518518518519
10 0.41328125 0.71805555555556 0.0328125 0.039814814814815
10 0.74739583333333 0.53564814814815 0.029166666666667 0.041666666666667
10 0.4296875 0.87592592592593 0.028125 0.037037037037037
10 0.50520833333333 0.87824074074074 0.038541666666667 0.052777777777778
10 0.259375 0.86435185185185 0.027083333333333 0.037962962962963
10 0.25260416666667 0.79675925925926 0.028125 0.037962962962963
10 0.45416666666667 0.69768518518519 0.028125 0.036111111111111
10 0.72552083333333 0.37638888888889 0.040625 0.056481481481481
10 0.4125 0.8662037037037 0.028125 0.036111111111111
10 0.59270833333333 0.16157407407407 0.032291666666667 0.049074074074074
10 0.22864583333333 0.21157407407407 0.033333333333333 0.05462962962963
10 0.47786458333333 0.41944444444444 0.0328125 0.042592592592593