10 0.084114583333333 0.65509259259259 0.0234375 0.034259259259259
10 0.17630208333333 0.64537037037037 0.0203125 0.027777777777778
10 0.53177083333333 0.32916666666667 0.034375 0.04537037037037
10 0.12786458333333 0.62453703703704 0.024479166666667 0.034259259259259
10 0.55703125 0.2537037037037 0.022395833333333 0.02962962962963
10 0.3796875 0.6375 0.023958333333333 0.037962962962963
10 0.14895833333333 0.55509259259259 0.014583333333333 0.019444444444444
10 0.57395833333333 0.10509259259259 0.015625 0.021296296296296
10 0.51432291666667 0.37962962962963 0.015104166666667 0.02037037037037
10 0.22109375 0.51018518518519 0.016145833333333 0.022222222222222
10 0.13984375 0.66018518518519 0.016145833333333 0.024074074074074
10 0.35130208333333 0.64444444444444 0.0203125 0.033333333333333
10 0.24036458333333 0.63657407407407 0.0265625 0.036111111111111
10 0.55755208333333 0.055555555555556 0.011979166666667 0.014814814814815
10 0.21953125 0.54861111111111 0.019270833333333 0.025
10 0.215625 0.58240740740741 0.028125 0.038888888888889
10 0.52708333333333 0.41481481481481 0.015625 0.022222222222222
10 0.4578125 0.47916666666667 0.029166666666667 0.041666666666667
10 0.56927083333333 0.3037037037037 0.013541666666667 0.018518518518519
10 0.38932291666667 0.55277777777778 0.0140625 0.018518518518519
10 0.27317708333333 0.66574074074074 0.025520833333333 0.037037037037037
10 0.45494791666667 0.575 0.013020833333333 0.016666666666667