11 0.40105386416862 0.20520833333333 0.059718969555035 0.08125
11 0.59660421545667 0.153125 0.059718969555035 0.085416666666667
11 0.31733021077283 0.28958333333333 0.065573770491803 0.070833333333333
11 0.40046838407494 0.1375 0.058548009367682 0.079166666666667
11 0.3963700234192 0.24895833333333 0.052693208430913 0.072916666666667
11 0.82552693208431 0.11666666666667 0.05152224824356 0.079166666666667
11 0.66334894613583 0.109375 0.045667447306792 0.077083333333333
11 0.5 0.0375 0.046838407494145 0.0625
11 0.5 0.13229166666667 0.046838407494145 0.064583333333333
11 0.87177985948478 0.190625 0.043325526932084 0.072916666666667
11 0.54332552693208 0.085416666666667 0.046838407494145 0.0625
11 0.77751756440281 0.035416666666667 0.042154566744731 0.066666666666667
11 0.653981264637 0.085416666666667 0.040983606557377 0.066666666666667
11 0.85538641686183 0.044791666666667 0.03864168618267 0.064583333333333