10 0.60182291666667 0.042592592592593 0.0390625 0.061111111111111
10 0.3421875 0.39953703703704 0.04375 0.065740740740741
10 0.43958333333333 0.77175925925926 0.046875 0.050925925925926
10 0.375 0.58888888888889 0.13541666666667 0.21296296296296
10 0.073177083333333 0.55925925925926 0.0390625 0.055555555555556
10 0.12421875 0.18935185185185 0.0609375 0.10648148148148
10 0.47890625 0.073148148148148 0.0421875 0.07037037037037
10 0.13802083333333 0.71898148148148 0.11145833333333 0.15462962962963
10 0.80078125 0.54583333333333 0.059895833333333 0.076851851851852
10 0.1 0.083796296296296 0.039583333333333 0.056481481481481
10 0.6359375 0.061111111111111 0.039583333333333 0.057407407407407
10 0.37395833333333 0.37824074074074 0.11979166666667 0.13981481481481
10 0.50833333333333 0.34490740740741 0.038541666666667 0.056481481481481
10 0.38776041666667 0.87175925925926 0.0484375 0.047222222222222
10 0.10625 0.48101851851852 0.11041666666667 0.13240740740741
10 0.63385416666667 0.39027777777778 0.063541666666667 0.080555555555556
10 0.084895833333333 0.47037037037037 0.064583333333333 0.087037037037037
10 0.0703125 0.88611111111111 0.13854166666667 0.16851851851852
10 0.38567708333333 0.25601851851852 0.040104166666667 0.067592592592593
10 0.35052083333333 0.26944444444444 0.0375 0.059259259259259
10 0.72890625 0.76342592592593 0.0640625 0.082407407407407
10 0.63307291666667 0.34861111111111 0.041145833333333 0.056481481481481
10 0.64140625 0.17962962962963 0.0484375 0.062962962962963
10 0.40859375 0.036111111111111 0.049479166666667 0.068518518518519
10 0.3765625 0.64027777777778 0.064583333333333 0.080555555555556
10 0.26744791666667 0.27777777777778 0.059895833333333 0.088888888888889
10 0.28020833333333 0.67268518518519 0.05 0.056481481481481
10 0.58463541666667 0.82731481481481 0.15260416666667 0.17685185185185
10 0.7546875 0.28148148148148 0.044791666666667 0.061111111111111
10 0.14088541666667 0.50046296296296 0.040104166666667 0.060185185185185
10 0.53203125 0.32037037037037 0.043229166666667 0.059259259259259
10 0.27682291666667 0.4625 0.065104166666667 0.097222222222222