10 0.80598958333333 0.87638888888889 0.1328125 0.19351851851852
10 0.73411458333333 0.84212962962963 0.0828125 0.11759259259259
10 0.97682291666667 0.55092592592593 0.046354166666667 0.068518518518519
10 0.809375 0.57407407407407 0.055208333333333 0.062962962962963
10 0.52239583333333 0.6375 0.048958333333333 0.062037037037037
10 0.68385416666667 0.24861111111111 0.073958333333333 0.1212962962963
10 0.60625 0.11435185185185 0.04375 0.067592592592593
10 0.503125 0.78611111111111 0.061458333333333 0.074074074074074
10 0.39192708333333 0.91527777777778 0.047395833333333 0.060185185185185
10 0.75442708333333 0.11157407407407 0.044270833333333 0.065740740740741
10 0.81614583333333 0.37731481481481 0.042708333333333 0.063888888888889
10 0.43125 0.5912037037037 0.044791666666667 0.056481481481481
10 0.30885416666667 0.91898148148148 0.042708333333333 0.052777777777778
10 0.93984375 0.61527777777778 0.043229166666667 0.060185185185185
10 0.9015625 0.38009259259259 0.038541666666667 0.056481481481481
10 0.83645833333333 0.1875 0.0375 0.052777777777778
10 0.53854166666667 0.70277777777778 0.041666666666667 0.053703703703704
10 0.45026041666667 0.78287037037037 0.0390625 0.049074074074074
10 0.54973958333333 0.59027777777778 0.038020833333333 0.049074074074074
10 0.75807291666667 0.20138888888889 0.0359375 0.050925925925926
10 0.33098958333333 0.094907407407407 0.033854166666667 0.052777777777778
10 0.96015625 0.14583333333333 0.033854166666667 0.052777777777778
10 0.51276041666667 0.65509259259259 0.034895833333333 0.047222222222222
10 0.85208333333333 0.10462962962963 0.033333333333333 0.05
10 0.39583333333333 0.15138888888889 0.032291666666667 0.050925925925926
10 0.228125 0.75092592592593 0.036458333333333 0.044444444444444
10 0.40989583333333 0.045833333333333 0.032291666666667 0.049074074074074
10 0.37708333333333 0.75925925925926 0.035416666666667 0.044444444444444
10 0.53125 0.7712962962963 0.035416666666667 0.044444444444444
10 0.51510416666667 0.57037037037037 0.035416666666667 0.044444444444444
10 0.50130208333333 0.53333333333333 0.034895833333333 0.044444444444444
10 0.42109375 0.75972222222222 0.034895833333333 0.043518518518519
10 0.52864583333333 0.37777777777778 0.03125 0.048148148148148
10 0.23958333333333 0.71990740740741 0.034375 0.043518518518519
10 0.28697916666667 0.68842592592593 0.034375 0.041666666666667
10 0.70338541666667 0.35740740740741 0.031770833333333 0.044444444444444
10 0.70494791666667 0.49722222222222 0.031770833333333 0.044444444444444
10 0.60963541666667 0.89444444444444 0.031770833333333 0.044444444444444
10 0.57838541666667 0.56574074074074 0.031770833333333 0.042592592592593
10 0.5375 0.55046296296296 0.032291666666667 0.041666666666667
10 0.515625 0.92592592592593 0.032291666666667 0.040740740740741
10 0.4796875 0.71203703703704 0.03125 0.040740740740741
10 0.58385416666667 0.77638888888889 0.032291666666667 0.039814814814815
10 0.45182291666667 0.50324074074074 0.031770833333333 0.039814814814815
10 0.47161458333333 0.56574074074074 0.030729166666667 0.040740740740741
10 0.54791666666667 0.52453703703704 0.03125 0.039814814814815
10 0.084895833333333 0.71111111111111 0.03125 0.038888888888889
10 0.18020833333333 0.57916666666667 0.030208333333333 0.039814814814815
10 0.37890625 0.65092592592593 0.030729166666667 0.038888888888889
10 0.012760416666667 0.71944444444444 0.025520833333333 0.046296296296296
10 0.59765625 0.60462962962963 0.0296875 0.038888888888889
10 0.48359375 0.64166666666667 0.0296875 0.038888888888889
10 0.55911458333333 0.76018518518519 0.030729166666667 0.037037037037037
10 0.61354166666667 0.64537037037037 0.029166666666667 0.038888888888889
10 0.57421875 0.35324074074074 0.0265625 0.039814814814815
10 0.5171875 0.68703703703704 0.030208333333333 0.037037037037037
10 0.75208333333333 0.29537037037037 0.027083333333333 0.038888888888889
10 0.5328125 0.32037037037037 0.028125 0.037037037037037
10 0.40572916666667 0.7 0.028125 0.035185185185185
10 0.58125 0.74444444444444 0.027083333333333 0.035185185185185
10 0.58411458333333 0.42453703703704 0.025520833333333 0.036111111111111
10 0.5546875 0.37731481481481 0.025 0.037962962962963
10 0.19661458333333 0.51805555555556 0.025520833333333 0.034259259259259
10 0.5984375 0.925 0.026041666666667 0.033333333333333
10 0.43567708333333 0.7037037037037 0.0265625 0.031481481481481
10 0.49661458333333 0.57453703703704 0.025520833333333 0.032407407407407
10 0.56380208333333 0.49027777777778 0.0234375 0.034259259259259
10 0.55182291666667 0.39259259259259 0.022395833333333 0.035185185185185
10 0.521875 0.46296296296296 0.022916666666667 0.033333333333333
10 0.5046875 0.41111111111111 0.022916666666667 0.033333333333333
10 0.58541666666667 0.66759259259259 0.023958333333333 0.031481481481481
10 0.52395833333333 0.31898148148148 0.022916666666667 0.032407407407407
10 0.49010416666667 0.40555555555556 0.020833333333333 0.031481481481481
10 0.47109375 0.27314814814815 0.021354166666667 0.02962962962963
10 0.46536458333333 0.59444444444444 0.022395833333333 0.027777777777778
10 0.55494791666667 0.28148148148148 0.0203125 0.02962962962963
10 0.52395833333333 0.40416666666667 0.019791666666667 0.026851851851852
10 0.27161458333333 0.39398148148148 0.018229166666667 0.026851851851852
10 0.58567708333333 0.39953703703704 0.018229166666667 0.026851851851852
10 0.54557291666667 0.99166666666667 0.0265625 0.016666666666667