8 0.91953125 0.24259259259259 0.11822916666667 0.1537037037037
8 0.76953125 0.081944444444444 0.083854166666667 0.15277777777778
8 0.62942708333333 0.71759259259259 0.13489583333333 0.20555555555556
8 0.26666666666667 0.87546296296296 0.17916666666667 0.24537037037037
8 0.59348958333333 0.93472222222222 0.1859375 0.13055555555556
8 0.54921875 0.78935185185185 0.0953125 0.13240740740741
8 0.52838541666667 0.017592592592593 0.0703125 0.035185185185185
10 0.58854166666667 0.93518518518519 0.17395833333333 0.12962962962963
10 0.63072916666667 0.7212962962963 0.12916666666667 0.20925925925926
10 0.91666666666667 0.24583333333333 0.12708333333333 0.16574074074074
10 0.76770833333333 0.082407407407407 0.092708333333333 0.1537037037037
10 0.54791666666667 0.78888888888889 0.10208333333333 0.14074074074074
10 0.4921875 0.68240740740741 0.096875 0.13703703703704
10 0.53020833333333 0.017592592592593 0.086458333333333 0.035185185185185