11 0.719140625 0.32708333333333 0.12109375 0.15138888888889
11 0.861328125 0.36041666666667 0.04453125 0.076388888888889
11 0.61328125 0.21944444444444 0.10625 0.17222222222222
11 0.762109375 0.79375 0.07109375 0.10416666666667
11 0.402734375 0.31805555555556 0.05546875 0.088888888888889
11 0.737890625 0.83125 0.08671875 0.15416666666667
11 0.800390625 0.079861111111111 0.04609375 0.081944444444444
11 0.75703125 0.24166666666667 0.0484375 0.077777777777778
11 0.56796875 0.29722222222222 0.0546875 0.086111111111111
11 0.6375 0.4625 0.090625 0.11666666666667
11 0.615625 0.80138888888889 0.0515625 0.075
11 0.64609375 0.30486111111111 0.05625 0.079166666666667
11 0.7625 0.94236111111111 0.05625 0.079166666666667
11 0.390234375 0.040277777777778 0.05546875 0.080555555555556
11 0.643359375 0.74375 0.04296875 0.065277777777778
11 0.53984375 0.33680555555556 0.0515625 0.079166666666667
11 0.7375 0.65625 0.090625 0.12638888888889
11 0.74765625 0.52430555555556 0.16875 0.19305555555556
11 0.7328125 0.82291666666667 0.0578125 0.090277777777778
11 0.2171875 0.063888888888889 0.078125 0.12222222222222
11 0.71328125 0.88680555555556 0.0515625 0.073611111111111
11 0.899609375 0.42291666666667 0.04609375 0.076388888888889
11 0.226953125 0.59236111111111 0.05859375 0.098611111111111
11 0.508203125 0.13888888888889 0.08046875 0.12222222222222
11 0.181640625 0.17777777777778 0.05078125 0.083333333333333
11 0.330859375 0.25208333333333 0.09296875 0.11527777777778