10 0.34739583333333 0.76759259259259 0.010416666666667 0.014814814814815
10 0.62005208333333 0.64768518518519 0.022395833333333 0.034259259259259
10 0.51640625 0.57175925925926 0.011979166666667 0.015740740740741
10 0.34609375 0.74861111111111 0.019270833333333 0.039814814814815
10 0.47864583333333 0.74212962962963 0.017708333333333 0.028703703703704
10 0.42630208333333 0.66481481481481 0.0140625 0.018518518518519
10 0.7640625 0.34861111111111 0.023958333333333 0.036111111111111
10 0.45494791666667 0.40694444444444 0.018229166666667 0.025
10 0.82526041666667 0.78981481481481 0.025520833333333 0.037037037037037
10 0.584375 0.51898148148148 0.010416666666667 0.013888888888889
10 0.56848958333333 0.53564814814815 0.0140625 0.017592592592593
10 0.73411458333333 0.37962962962963 0.016145833333333 0.024074074074074
10 0.45651041666667 0.54259259259259 0.0140625 0.018518518518519
10 0.75598958333333 0.11527777777778 0.0140625 0.019444444444444
10 0.31666666666667 0.92175925925926 0.014583333333333 0.017592592592593
10 0.64973958333333 0.54583333333333 0.0109375 0.013888888888889
10 0.53932291666667 0.53518518518519 0.011979166666667 0.014814814814815
10 0.30651041666667 0.82685185185185 0.011979166666667 0.014814814814815
10 0.81015625 0.22685185185185 0.024479166666667 0.033333333333333
10 0.48932291666667 0.26666666666667 0.021354166666667 0.031481481481481
10 0.44609375 0.57314814814815 0.0140625 0.016666666666667
10 0.64088541666667 0.73796296296296 0.0140625 0.018518518518519
10 0.571875 0.82175925925926 0.016666666666667 0.023148148148148
10 0.076041666666667 0.33425925925926 0.0375 0.057407407407407
10 0.43046875 0.7912037037037 0.013020833333333 0.017592592592593
10 0.87109375 0.96111111111111 0.018229166666667 0.025925925925926
10 0.39635416666667 0.6662037037037 0.0125 0.015740740740741
10 0.64114583333333 0.69166666666667 0.023958333333333 0.035185185185185
10 0.51119791666667 0.52824074074074 0.0140625 0.019444444444444
10 0.36822916666667 0.69166666666667 0.013541666666667 0.016666666666667
10 0.5015625 0.5537037037037 0.013541666666667 0.016666666666667
10 0.5203125 0.6037037037037 0.019791666666667 0.025925925925926
10 0.44348958333333 0.98148148148148 0.016145833333333 0.018518518518519
10 0.21588541666667 0.72314814814815 0.027604166666667 0.037037037037037
10 0.31744791666667 0.87361111111111 0.0171875 0.023148148148148
10 0.81145833333333 0.99212962962963 0.020833333333333 0.015740740740741
10 0.69427083333333 0.66851851851852 0.015625 0.022222222222222
10 0.26041666666667 0.87685185185185 0.014583333333333 0.016666666666667
10 0.41901041666667 0.84074074074074 0.0296875 0.046296296296296
10 0.80052083333333 0.84953703703704 0.019791666666667 0.030555555555556
10 0.75989583333333 0.9912037037037 0.026041666666667 0.019444444444444
10 0.4796875 0.73287037037037 0.020833333333333 0.023148148148148
10 0.95208333333333 0.67037037037037 0.01875 0.02962962962963
10 0.51614583333333 0.75046296296296 0.014583333333333 0.017592592592593
10 0.50625 0.6875 0.0125 0.017592592592593
10 0.82135416666667 0.57592592592593 0.015625 0.024074074074074
10 0.90364583333333 0.70138888888889 0.017708333333333 0.025
10 0.35260416666667 0.82777777777778 0.0125 0.016666666666667
10 0.4546875 0.60925925925926 0.0125 0.016666666666667
10 0.11067708333333 0.95324074074074 0.081770833333333 0.09537037037037
10 0.87135416666667 0.69490740740741 0.019791666666667 0.028703703703704
10 0.61744791666667 0.76805555555556 0.015104166666667 0.021296296296296
10 0.9171875 0.82268518518519 0.021875 0.030555555555556
10 0.38177083333333 0.72361111111111 0.013541666666667 0.017592592592593
10 0.51875 0.72731481481481 0.014583333333333 0.017592592592593
10 0.69869791666667 0.71111111111111 0.0203125 0.031481481481481
10 0.55442708333333 0.64768518518519 0.021354166666667 0.032407407407407
10 0.29270833333333 0.9712962962963 0.016666666666667 0.02037037037037
10 0.47890625 0.78564814814815 0.016145833333333 0.021296296296296
10 0.33515625 0.33240740740741 0.022395833333333 0.037037037037037
10 0.75104166666667 0.26527777777778 0.013541666666667 0.019444444444444
10 0.53932291666667 0.59027777777778 0.016145833333333 0.019444444444444
10 0.653125 0.97824074074074 0.020833333333333 0.026851851851852
10 0.63671875 0.5787037037037 0.011979166666667 0.016666666666667
10 0.5765625 0.57037037037037 0.0125 0.014814814814815
10 0.95286458333333 0.64166666666667 0.019270833333333 0.02962962962963
10 0.59479166666667 0.48472222222222 0.0125 0.015740740740741
10 0.27734375 0.88425925925926 0.0140625 0.018518518518519
10 0.7296875 0.99212962962963 0.01875 0.015740740740741
10 0.48203125 0.74953703703704 0.0140625 0.017592592592593
10 0.45833333333333 0.76898148148148 0.011458333333333 0.015740740740741
10 0.828125 0.64953703703704 0.014583333333333 0.021296296296296
10 0.34322916666667 0.7375 0.030208333333333 0.043518518518519
10 0.4703125 0.98425925925926 0.025 0.027777777777778
10 0.67526041666667 0.56018518518519 0.0203125 0.025925925925926
10 0.80572916666667 0.8587962962963 0.028125 0.043518518518519
10 0.40729166666667 0.59768518518519 0.011458333333333 0.013888888888889
10 0.49140625 0.7212962962963 0.019270833333333 0.024074074074074
10 0.68645833333333 0.80833333333333 0.013541666666667 0.018518518518519
10 0.45598958333333 0.73981481481481 0.016145833333333 0.02037037037037
10 0.6765625 0.91851851851852 0.023958333333333 0.033333333333333
10 0.55807291666667 0.47777777777778 0.013020833333333 0.016666666666667
10 0.72838541666667 0.64351851851852 0.0234375 0.031481481481481
10 0.53958333333333 0.76805555555556 0.017708333333333 0.019444444444444
10 0.51484375 0.64212962962963 0.0140625 0.017592592592593
10 0.7859375 0.34675925925926 0.015625 0.021296296296296
10 0.54947916666667 0.7375 0.0125 0.015740740740741
10 0.09765625 0.79583333333333 0.021354166666667 0.028703703703704