10 0.53046875 0.46666666666667 0.321875 0.5
10 0.727734375 0.41458333333333 0.52578125 0.6875
10 0.855859375 0.31111111111111 0.20078125 0.23055555555556
10 0.71875 0.051388888888889 0.028125 0.038888888888889
10 0.961328125 0.34236111111111 0.03046875 0.043055555555556
10 0.8171875 0.78888888888889 0.025 0.036111111111111
10 0.78203125 0.05 0.0265625 0.036111111111111
10 0.680859375 0.076388888888889 0.03046875 0.041666666666667
10 0.73046875 0.60972222222222 0.025 0.036111111111111
10 0.66640625 0.10416666666667 0.0234375 0.030555555555556
10 0.9921875 0.67777777777778 0.015625 0.038888888888889
10 0.8265625 0.71527777777778 0.0203125 0.027777777777778