11 0.38046875 0.34236111111111 0.2984375 0.51527777777778
11 0.81796875 0.22638888888889 0.325 0.45277777777778
11 0.287890625 0.1625 0.04296875 0.080555555555556
11 0.685546875 0.28611111111111 0.05859375 0.080555555555556
11 0.72109375 0.59791666666667 0.0484375 0.070833333333333
11 0.648828125 0.39444444444444 0.04921875 0.066666666666667
11 0.75546875 0.29375 0.0390625 0.065277777777778
11 0.725 0.3 0.040625 0.061111111111111
11 0.85703125 0.4625 0.040625 0.066666666666667
11 0.72265625 0.53680555555556 0.040625 0.059722222222222
11 0.837109375 0.49444444444444 0.04296875 0.052777777777778
11 0.637109375 0.26041666666667 0.03671875 0.054166666666667
11 0.81953125 0.4 0.0359375 0.052777777777778
11 0.6859375 0.5 0.0359375 0.047222222222222
11 0.759765625 0.65486111111111 0.03515625 0.048611111111111
11 0.695703125 0.64097222222222 0.03671875 0.051388888888889
11 0.731640625 0.64444444444444 0.03359375 0.047222222222222
11 0.628515625 0.29722222222222 0.03203125 0.047222222222222
11 0.78359375 0.39861111111111 0.0328125 0.044444444444444
11 0.81875 0.56527777777778 0.0328125 0.047222222222222
11 0.854296875 0.55 0.03203125 0.047222222222222
11 0.817578125 0.53680555555556 0.03046875 0.043055555555556
11 0.755859375 0.34444444444444 0.02890625 0.041666666666667
11 0.68359375 0.62291666666667 0.0296875 0.040277777777778
11 0.721875 0.26527777777778 0.028125 0.041666666666667
11 0.7515625 0.68402777777778 0.0296875 0.040277777777778
11 0.778125 0.54861111111111 0.0296875 0.038888888888889
11 0.827734375 0.44861111111111 0.02734375 0.038888888888889
11 0.6859375 0.76111111111111 0.028125 0.033333333333333
11 0.615234375 0.35069444444444 0.02890625 0.040277777777778
11 0.90703125 0.47361111111111 0.0265625 0.038888888888889