10 0.27578125 0.6625 0.021354166666667 0.030555555555556
10 0.5734375 0.10138888888889 0.0125 0.017592592592593
10 0.13515625 0.63287037037037 0.019270833333333 0.025
10 0.39635416666667 0.54351851851852 0.014583333333333 0.022222222222222
10 0.41927083333333 0.55740740740741 0.054166666666667 0.094444444444444
10 0.24114583333333 0.63101851851852 0.040625 0.060185185185185
10 0.45442708333333 0.56944444444444 0.013020833333333 0.018518518518519
10 0.57578125 0.29953703703704 0.016145833333333 0.019444444444444
10 0.45364583333333 0.4412037037037 0.03125 0.04537037037037
10 0.094791666666667 0.66574074074074 0.016666666666667 0.024074074074074
10 0.38619791666667 0.63333333333333 0.025520833333333 0.037037037037037
10 0.35026041666667 0.56064814814815 0.025520833333333 0.037962962962963
10 0.35651041666667 0.64398148148148 0.015104166666667 0.021296296296296
10 0.14921875 0.66990740740741 0.019270833333333 0.025
10 0.15442708333333 0.57222222222222 0.019270833333333 0.02962962962963
10 0.52682291666667 0.39351851851852 0.0296875 0.046296296296296