8 0.82473958333333 0.10416666666667 0.091145833333333 0.15648148148148
8 0.53125 0.31342592592593 0.078125 0.11759259259259
10 0.5734375 0.98101851851852 0.0625 0.037962962962963
10 0.44114583333333 0.73981481481481 0.0875 0.12037037037037
8 0.18098958333333 0.80462962962963 0.10052083333333 0.13333333333333
8 0.25703125 0.4087962962963 0.1328125 0.25462962962963
10 0.73333333333333 0.85648148148148 0.21041666666667 0.27592592592593
8 0.39427083333333 0.11342592592593 0.092708333333333 0.11944444444444
8 0.26640625 0.075925925925926 0.096354166666667 0.14444444444444
8 0.70416666666667 0.31111111111111 0.088541666666667 0.12777777777778
8 0.52578125 0.49861111111111 0.14010416666667 0.18240740740741
10 0.52213541666667 0.79953703703704 0.1140625 0.18240740740741
10 0.18723958333333 0.8037037037037 0.12135416666667 0.17037037037037
10 0.25338541666667 0.36759259259259 0.1171875 0.20925925925926
10 0.74661458333333 0.86388888888889 0.15989583333333 0.25925925925926
10 0.10859375 0.6462962962963 0.10364583333333 0.16666666666667
10 0.82213541666667 0.10231481481481 0.0984375 0.1712962962963
10 0.44114583333333 0.74166666666667 0.103125 0.15555555555556
10 0.27291666666667 0.080092592592593 0.1 0.16018518518519
10 0.6953125 0.55648148148148 0.096875 0.1462962962963
10 0.70625 0.31111111111111 0.09375 0.1537037037037
10 0.84453125 0.44212962962963 0.0984375 0.13055555555556
10 0.55729166666667 0.52731481481481 0.092708333333333 0.13796296296296
10 0.60052083333333 0.43333333333333 0.089583333333333 0.14259259259259
10 0.39713541666667 0.11203703703704 0.0953125 0.13333333333333
10 0.50182291666667 0.48240740740741 0.086979166666667 0.14444444444444
10 0.53229166666667 0.31342592592593 0.083333333333333 0.13981481481481
10 0.69166666666667 0.78194444444444 0.091666666666667 0.125
10 0.57369791666667 0.97592592592593 0.075520833333333 0.046296296296296