8 0.81744791666667 0.82824074074074 0.025520833333333 0.037962962962963
8 0.57135416666667 0.77592592592593 0.041666666666667 0.057407407407407
8 0.20286458333333 0.36666666666667 0.0515625 0.066666666666667
8 0.14947916666667 0.35185185185185 0.03125 0.042592592592593
8 0.14322916666667 0.44212962962963 0.045833333333333 0.071296296296296
8 0.37447916666667 0.52314814814815 0.034375 0.044444444444444
8 0.97526041666667 0.70509259259259 0.0296875 0.039814814814815
8 0.88151041666667 0.70833333333333 0.028645833333333 0.035185185185185
8 0.30234375 0.36388888888889 0.0390625 0.057407407407407
8 0.26770833333333 0.78194444444444 0.034375 0.041666666666667
8 0.55390625 0.61666666666667 0.033854166666667 0.044444444444444
8 0.60260416666667 0.73148148148148 0.040625 0.053703703703704
8 0.34296875 0.22592592592593 0.036979166666667 0.046296296296296
8 0.17838541666667 0.33101851851852 0.031770833333333 0.043518518518519
8 0.22213541666667 0.64768518518519 0.0296875 0.041666666666667
8 0.4359375 0.77546296296296 0.057291666666667 0.073148148148148
8 0.20651041666667 0.49814814814815 0.038020833333333 0.05
8 0.90677083333333 0.61203703703704 0.028125 0.035185185185185
8 0.353125 0.10925925925926 0.039583333333333 0.059259259259259
8 0.29609375 0.58287037037037 0.025520833333333 0.032407407407407
8 0.70651041666667 0.56990740740741 0.0296875 0.039814814814815
8 0.25416666666667 0.18935185185185 0.065625 0.082407407407407
8 0.20833333333333 0.4375 0.04375 0.05462962962963
8 0.575 0.04537037037037 0.1125 0.090740740740741
8 0.30833333333333 0.3087962962963 0.042708333333333 0.05462962962963
8 0.25572916666667 0.71296296296296 0.038541666666667 0.051851851851852
8 0.38958333333333 0.18425925925926 0.034375 0.046296296296296
10 0.35390625 0.11064814814815 0.038020833333333 0.058333333333333
10 0.30885416666667 0.30972222222222 0.044791666666667 0.05462962962963
10 0.25390625 0.18935185185185 0.0609375 0.082407407407407
10 0.97630208333333 0.70509259259259 0.031770833333333 0.041666666666667
10 0.70572916666667 0.56990740740741 0.028125 0.039814814814815
10 0.38932291666667 0.18472222222222 0.033854166666667 0.04537037037037
10 0.16197916666667 0.53287037037037 0.03125 0.034259259259259
10 0.90598958333333 0.61203703703704 0.028645833333333 0.035185185185185