10 0.6109375 0.59861111111111 0.10625 0.17222222222222
10 0.612890625 0.89375 0.04296875 0.054166666666667
10 0.60390625 0.52152777777778 0.084375 0.15972222222222
10 0.791015625 0.63611111111111 0.05234375 0.080555555555556
10 0.5171875 0.38888888888889 0.075 0.072222222222222
10 0.661328125 0.69444444444444 0.03828125 0.05
10 0.805859375 0.53611111111111 0.04921875 0.063888888888889
10 0.389453125 0.41458333333333 0.06328125 0.095833333333333
10 0.286328125 0.34444444444444 0.04140625 0.055555555555556
10 0.5328125 0.39791666666667 0.0453125 0.059722222222222
10 0.5796875 0.66527777777778 0.046875 0.058333333333333
10 0.78515625 0.75486111111111 0.0390625 0.051388888888889
10 0.7140625 0.91458333333333 0.0421875 0.054166666666667
10 0.84921875 0.67638888888889 0.04375 0.061111111111111
10 0.67109375 0.79027777777778 0.1140625 0.14444444444444
10 0.598828125 0.48680555555556 0.07265625 0.081944444444444
10 0.620703125 0.97986111111111 0.03515625 0.0375
10 0.64453125 0.52777777777778 0.0421875 0.055555555555556
10 0.8234375 0.38611111111111 0.0375 0.052777777777778
10 0.680078125 0.55486111111111 0.04296875 0.056944444444444
10 0.703515625 0.67083333333333 0.03984375 0.05
10 0.21640625 0.92222222222222 0.0546875 0.072222222222222
10 0.856640625 0.63888888888889 0.05078125 0.077777777777778
10 0.478125 0.51805555555556 0.0453125 0.063888888888889
10 0.571484375 0.93541666666667 0.04765625 0.056944444444444
10 0.496875 0.37916666666667 0.0453125 0.061111111111111
10 0.752734375 0.58125 0.04453125 0.056944444444444
10 0.758203125 0.68611111111111 0.04921875 0.063888888888889
10 0.29921875 0.4625 0.0390625 0.055555555555556
10 0.628125 0.94652777777778 0.0375 0.048611111111111
10 0.5109375 0.61805555555556 0.0484375 0.066666666666667
10 0.459765625 0.63888888888889 0.04765625 0.063888888888889