10 0.7171875 0.070833333333333 0.071875 0.10277777777778
10 0.430078125 0.20763888888889 0.18515625 0.20694444444444
10 0.754296875 0.93055555555556 0.09765625 0.12222222222222
10 0.168359375 0.25486111111111 0.05859375 0.070833333333333
10 0.575 0.13958333333333 0.078125 0.12361111111111
10 0.5109375 0.25555555555556 0.0609375 0.091666666666667
10 0.259765625 0.29444444444444 0.12734375 0.14166666666667
10 0.25625 0.75763888888889 0.0953125 0.10694444444444
10 0.273046875 0.12638888888889 0.28515625 0.25277777777778
10 0.437890625 0.11875 0.05703125 0.076388888888889
10 0.497265625 0.05 0.08828125 0.094444444444444
10 0.683203125 0.21388888888889 0.06796875 0.10277777777778
10 0.6375 0.10625 0.1984375 0.2125