10 0.82317708333333 0.48657407407407 0.0140625 0.021296296296296
10 0.45755208333333 0.70277777777778 0.0140625 0.018518518518519
10 0.32161458333333 0.76990740740741 0.015104166666667 0.017592592592593
10 0.0067708333333333 0.90277777777778 0.013541666666667 0.048148148148148
10 0.36640625 0.74444444444444 0.013020833333333 0.016666666666667
10 0.69921875 0.72314814814815 0.021354166666667 0.031481481481481
10 0.33854166666667 0.76111111111111 0.014583333333333 0.018518518518519
10 0.57057291666667 0.65277777777778 0.013020833333333 0.018518518518519
10 0.84791666666667 0.52638888888889 0.016666666666667 0.025
10 0.48567708333333 0.6125 0.016145833333333 0.021296296296296
10 0.39635416666667 0.76805555555556 0.015625 0.019444444444444
10 0.44765625 0.67083333333333 0.016145833333333 0.021296296296296
10 0.60286458333333 0.86157407407407 0.0140625 0.019444444444444
10 0.83984375 0.23472222222222 0.024479166666667 0.037962962962963
10 0.44479166666667 0.84768518518519 0.015625 0.021296296296296
10 0.51328125 0.86018518518519 0.0171875 0.022222222222222
10 0.2390625 0.97083333333333 0.026041666666667 0.036111111111111
10 0.35442708333333 0.84490740740741 0.019270833333333 0.028703703703704
10 0.15052083333333 0.82407407407407 0.029166666666667 0.038888888888889
10 0.4046875 0.66111111111111 0.017708333333333 0.022222222222222
10 0.96041666666667 0.79305555555556 0.021875 0.032407407407407
10 0.77864583333333 0.97777777777778 0.025 0.035185185185185
10 0.36979166666667 0.83796296296296 0.017708333333333 0.02037037037037
10 0.064322916666667 0.55925925925926 0.065104166666667 0.096296296296296
10 0.58958333333333 0.68888888888889 0.022916666666667 0.031481481481481
10 0.65078125 0.8337962962963 0.021354166666667 0.030555555555556
10 0.88046875 0.81666666666667 0.021354166666667 0.033333333333333
10 0.62083333333333 0.76388888888889 0.025 0.035185185185185
10 0.59947916666667 0.58935185185185 0.026041666666667 0.037962962962963
10 0.49557291666667 0.91342592592593 0.0171875 0.021296296296296
10 0.99296875 0.76296296296296 0.013020833333333 0.035185185185185
10 0.2625 0.88333333333333 0.015625 0.02037037037037
10 0.80546875 0.92638888888889 0.0203125 0.030555555555556
10 0.40729166666667 0.86111111111111 0.01875 0.024074074074074
10 0.38489583333333 0.79953703703704 0.014583333333333 0.019444444444444
10 0.4703125 0.79351851851852 0.014583333333333 0.018518518518519
10 0.61328125 0.82962962962963 0.016145833333333 0.022222222222222
10 0.81328125 0.83518518518519 0.018229166666667 0.027777777777778
10 0.46875 0.6912037037037 0.014583333333333 0.019444444444444
10 0.51354166666667 0.56944444444444 0.015625 0.02037037037037
10 0.54895833333333 0.52592592592593 0.011458333333333 0.014814814814815
10 0.42552083333333 0.84675925925926 0.014583333333333 0.019444444444444
10 0.42447916666667 0.68564814814815 0.022916666666667 0.030555555555556
10 0.51171875 0.67361111111111 0.0171875 0.021296296296296
10 0.84635416666667 0.95509259259259 0.020833333333333 0.032407407407407
10 0.38333333333333 0.94305555555556 0.033333333333333 0.041666666666667
10 0.31328125 0.7875 0.013020833333333 0.017592592592593
10 0.75963541666667 0.69212962962963 0.0203125 0.028703703703704
10 0.57109375 0.61851851851852 0.013020833333333 0.018518518518519
10 0.809375 0.2587962962963 0.015625 0.023148148148148
10 0.76979166666667 0.52222222222222 0.016666666666667 0.024074074074074
10 0.25364583333333 0.94814814814815 0.016666666666667 0.022222222222222
10 0.43020833333333 0.75925925925926 0.014583333333333 0.018518518518519
10 0.22057291666667 0.93148148148148 0.016145833333333 0.02037037037037
10 0.52005208333333 0.75138888888889 0.021354166666667 0.028703703703704
10 0.42994791666667 0.22314814814815 0.021354166666667 0.033333333333333
10 0.57395833333333 0.79583333333333 0.014583333333333 0.019444444444444
10 0.43619791666667 0.58564814814815 0.0140625 0.017592592592593
10 0.81015625 0.68240740740741 0.0203125 0.02962962962963
10 0.4078125 0.39953703703704 0.032291666666667 0.041666666666667
10 0.48125 0.57824074074074 0.0125 0.017592592592593
10 0.325 0.85092592592593 0.03125 0.040740740740741
10 0.34453125 0.94675925925926 0.0265625 0.034259259259259
10 0.6125 0.72638888888889 0.021875 0.032407407407407
10 0.37734375 0.68888888888889 0.0140625 0.016666666666667
10 0.35703125 0.97777777777778 0.025520833333333 0.033333333333333
10 0.92213541666667 0.96018518518519 0.018229166666667 0.027777777777778
10 0.7875 0.78287037037037 0.01875 0.028703703703704
10 0.90911458333333 0.35416666666667 0.0265625 0.037962962962963