10 0.6875 0.48194444444444 0.026041666666667 0.036111111111111
10 0.31588541666667 0.41481481481481 0.027604166666667 0.038888888888889
10 0.23567708333333 0.5412037037037 0.0328125 0.041666666666667
10 0.8078125 0.72731481481481 0.029166666666667 0.039814814814815
10 0.27864583333333 0.48703703703704 0.029166666666667 0.048148148148148
10 0.12239583333333 0.57916666666667 0.032291666666667 0.047222222222222
10 0.56380208333333 0.52777777777778 0.031770833333333 0.044444444444444
10 0.23515625 0.4537037037037 0.028645833333333 0.040740740740741
10 0.42838541666667 0.42361111111111 0.0265625 0.036111111111111
10 0.60104166666667 0.59444444444444 0.030208333333333 0.042592592592593
10 0.24348958333333 0.68101851851852 0.0234375 0.032407407407407
10 0.13854166666667 0.27685185185185 0.026041666666667 0.042592592592593
10 0.48255208333333 0.69166666666667 0.028645833333333 0.042592592592593
10 0.18098958333333 0.44814814814815 0.0453125 0.066666666666667
10 0.434375 0.36851851851852 0.021875 0.031481481481481
10 0.67395833333333 0.65972222222222 0.027083333333333 0.037962962962963
10 0.528125 0.50601851851852 0.038541666666667 0.052777777777778
10 0.60598958333333 0.43009259259259 0.036979166666667 0.047222222222222
10 0.39375 0.21481481481481 0.038541666666667 0.053703703703704
10 0.42239583333333 0.27592592592593 0.053125 0.075925925925926
10 0.27994791666667 0.58472222222222 0.052604166666667 0.087962962962963
10 0.25729166666667 0.19398148148148 0.029166666666667 0.041666666666667
10 0.57109375 0.61111111111111 0.022395833333333 0.031481481481481
10 0.55885416666667 0.43796296296296 0.026041666666667 0.037037037037037
10 0.30260416666667 0.23842592592593 0.035416666666667 0.052777777777778
10 0.13072916666667 0.49907407407407 0.030208333333333 0.044444444444444
10 0.33177083333333 0.24722222222222 0.030208333333333 0.033333333333333
10 0.24427083333333 0.23842592592593 0.029166666666667 0.049074074074074
10 0.325 0.6287037037037 0.026041666666667 0.038888888888889
10 0.47526041666667 0.40925925925926 0.030729166666667 0.046296296296296
10 0.34817708333333 0.41111111111111 0.0296875 0.044444444444444
10 0.44973958333333 0.40509259259259 0.0296875 0.039814814814815
10 0.13802083333333 0.20925925925926 0.033333333333333 0.044444444444444
10 0.11979166666667 0.25092592592593 0.0375 0.055555555555556
10 0.27317708333333 0.35740740740741 0.027604166666667 0.038888888888889
10 0.6265625 0.6912037037037 0.040625 0.067592592592593
10 0.59401041666667 0.43472222222222 0.0546875 0.063888888888889
10 0.43567708333333 0.62268518518519 0.030729166666667 0.041666666666667
10 0.37916666666667 0.28472222222222 0.026041666666667 0.036111111111111
10 0.22369791666667 0.325 0.030729166666667 0.044444444444444
10 0.27864583333333 0.38796296296296 0.025 0.037037037037037
10 0.56041666666667 0.5712962962963 0.025 0.033333333333333
10 0.47109375 0.32268518518519 0.027604166666667 0.037962962962963
10 0.56770833333333 0.61990740740741 0.0375 0.05462962962963
10 0.56848958333333 0.13564814814815 0.031770833333333 0.043518518518519
10 0.34661458333333 0.31342592592593 0.0234375 0.034259259259259
10 0.62291666666667 0.55138888888889 0.028125 0.036111111111111
10 0.50364583333333 0.34768518518519 0.026041666666667 0.036111111111111
10 0.46067708333333 0.093981481481481 0.0265625 0.039814814814815
10 0.5953125 0.51666666666667 0.032291666666667 0.044444444444444
10 0.4265625 0.19768518518519 0.023958333333333 0.036111111111111
10 0.32734375 0.36527777777778 0.0296875 0.039814814814815
10 0.29010416666667 0.68888888888889 0.023958333333333 0.040740740740741
10 0.45442708333333 0.36759259259259 0.022395833333333 0.033333333333333
10 0.49348958333333 0.31435185185185 0.044270833333333 0.039814814814815
10 0.45755208333333 0.18055555555556 0.0328125 0.046296296296296
10 0.53697916666667 0.41574074074074 0.030208333333333 0.044444444444444
10 0.81953125 0.81296296296296 0.034895833333333 0.040740740740741
10 0.4796875 0.42962962962963 0.027083333333333 0.037037037037037
10 0.40885416666667 0.32777777777778 0.023958333333333 0.033333333333333
10 0.50833333333333 0.30972222222222 0.027083333333333 0.037962962962963
10 0.25963541666667 0.40925925925926 0.025520833333333 0.038888888888889
10 0.37630208333333 0.37175925925926 0.027604166666667 0.039814814814815
10 0.39401041666667 0.27731481481481 0.028645833333333 0.041666666666667
10 0.71432291666667 0.66157407407407 0.0328125 0.052777777777778
10 0.31536458333333 0.35740740740741 0.030729166666667 0.038888888888889
10 0.93046875 0.77175925925926 0.033854166666667 0.047222222222222
10 0.40130208333333 0.22407407407407 0.025520833333333 0.037037037037037
10 0.22708333333333 0.22083333333333 0.029166666666667 0.047222222222222
10 0.67994791666667 0.58935185185185 0.025520833333333 0.037962962962963
10 0.35234375 0.28703703703704 0.025520833333333 0.035185185185185
10 0.32942708333333 0.27268518518519 0.022395833333333 0.032407407407407
10 0.39192708333333 0.3087962962963 0.019270833333333 0.026851851851852
10 0.40234375 0.27453703703704 0.047395833333333 0.060185185185185
10 0.23802083333333 0.39861111111111 0.026041666666667 0.037962962962963
10 0.27838541666667 0.43518518518519 0.024479166666667 0.033333333333333
10 0.24401041666667 0.28703703703704 0.0234375 0.035185185185185
10 0.41901041666667 0.17083333333333 0.024479166666667 0.036111111111111
10 0.37526041666667 0.50277777777778 0.027604166666667 0.038888888888889
10 0.078385416666667 0.30787037037037 0.028645833333333 0.041666666666667
10 0.35963541666667 0.27268518518519 0.021354166666667 0.030555555555556
10 0.30911458333333 0.30833333333333 0.027604166666667 0.040740740740741
10 0.37552083333333 0.20833333333333 0.030208333333333 0.040740740740741
10 0.28645833333333 0.30787037037037 0.028125 0.043518518518519
10 0.046614583333333 0.29305555555556 0.030729166666667 0.041666666666667
10 0.05078125 0.22546296296296 0.041145833333333 0.05462962962963
10 0.16223958333333 0.25 0.025520833333333 0.042592592592593
10 0.3375 0.43981481481481 0.027083333333333 0.037037037037037
10 0.64791666666667 0.6087962962963 0.028125 0.039814814814815