10 0.629296875 0.87083333333333 0.03984375 0.05
10 0.7390625 0.70902777777778 0.0421875 0.054166666666667
10 0.577734375 0.58333333333333 0.03515625 0.05
10 0.784375 0.76944444444444 0.06875 0.094444444444444
10 0.630078125 0.93680555555556 0.04296875 0.054166666666667
10 0.478125 0.84444444444444 0.0484375 0.058333333333333
10 0.79453125 0.45833333333333 0.03125 0.041666666666667
10 0.603515625 0.65625 0.03984375 0.051388888888889
10 0.69375 0.96041666666667 0.04375 0.056944444444444
10 0.627734375 0.77847222222222 0.04296875 0.054166666666667
10 0.5890625 0.75208333333333 0.0515625 0.0625
10 0.535546875 0.63611111111111 0.03828125 0.05
10 0.662109375 0.68541666666667 0.03984375 0.051388888888889
10 0.653515625 0.61875 0.06171875 0.073611111111111
10 0.62578125 0.51388888888889 0.0421875 0.058333333333333
10 0.80390625 0.59583333333333 0.04375 0.058333333333333
10 0.49609375 0.70625 0.0375 0.051388888888889
10 0.684375 0.75 0.071875 0.086111111111111
10 0.45546875 0.69583333333333 0.0328125 0.047222222222222
10 0.637890625 0.74652777777778 0.03515625 0.045833333333333
10 0.699609375 0.90138888888889 0.08515625 0.11388888888889
10 0.81875 0.83194444444444 0.0328125 0.047222222222222
10 0.690625 0.91875 0.0515625 0.073611111111111
10 0.656640625 0.71388888888889 0.03359375 0.044444444444444
10 0.706640625 0.69583333333333 0.03671875 0.047222222222222
10 0.455078125 0.61805555555556 0.04140625 0.052777777777778