11 0.48802083333333 0.32083333333333 0.278125 0.30833333333333
11 0.24713541666667 0.45324074074074 0.2359375 0.24166666666667
11 0.39765625 0.1337962962963 0.15885416666667 0.19722222222222
11 0.10286458333333 0.099537037037037 0.1609375 0.18981481481481
11 0.38203125 0.33425925925926 0.16614583333333 0.17592592592593
11 0.18333333333333 0.40092592592593 0.13958333333333 0.17777777777778
11 0.10338541666667 0.36435185185185 0.14635416666667 0.175
11 0.87161458333333 0.375 0.1296875 0.1962962962963
11 0.57526041666667 0.49814814814815 0.13697916666667 0.17962962962963
11 0.27135416666667 0.43888888888889 0.13854166666667 0.16296296296296
11 0.74140625 0.37824074074074 0.1234375 0.16944444444444
11 0.51276041666667 0.45509259259259 0.11614583333333 0.14166666666667
11 0.19765625 0.5 0.14010416666667 0.14444444444444
11 0.60494791666667 0.34583333333333 0.061979166666667 0.080555555555556
11 0.91328125 0.060648148148148 0.1640625 0.1212962962963
11 0.2703125 0.17083333333333 0.125 0.15277777777778
11 0.41145833333333 0.24953703703704 0.109375 0.13240740740741
11 0.76302083333333 0.23657407407407 0.098958333333333 0.15833333333333
11 0.74401041666667 0.18055555555556 0.1046875 0.13518518518519
11 0.55442708333333 0.27083333333333 0.094270833333333 0.12314814814815
11 0.82083333333333 0.25694444444444 0.0875 0.125
11 0.61927083333333 0.21018518518519 0.084375 0.12222222222222
11 0.74114583333333 0.10648148148148 0.08125 0.12407407407407
11 0.084895833333333 0.3287037037037 0.085416666666667 0.10555555555556
11 0.090364583333333 0.13425925925926 0.0828125 0.098148148148148
11 0.032552083333333 0.19398148148148 0.065104166666667 0.11759259259259
11 0.96484375 0.33055555555556 0.0640625 0.10555555555556
11 0.76901041666667 0.26388888888889 0.069270833333333 0.094444444444444
11 0.67239583333333 0.27175925925926 0.063541666666667 0.097222222222222
11 0.22057291666667 0.19444444444444 0.068229166666667 0.085185185185185
11 0.028645833333333 0.3087962962963 0.057291666666667 0.10277777777778
11 0.2265625 0.27083333333333 0.064583333333333 0.076851851851852
11 0.099739583333333 0.25416666666667 0.068229166666667 0.080555555555556
11 0.91276041666667 0.25 0.053645833333333 0.07962962962963
11 0.87317708333333 0.48055555555556 0.050520833333333 0.074074074074074
11 0.290625 0.23101851851852 0.05625 0.065740740740741