11 0.7015625 0.46458333333333 0.5 0.69305555555556
11 0.477734375 0.53888888888889 0.35546875 0.56388888888889
11 0.84921875 0.33958333333333 0.24375 0.23194444444444
11 0.694140625 0.65763888888889 0.02421875 0.0375
11 0.696875 0.077777777777778 0.025 0.036111111111111
11 0.73125 0.13888888888889 0.025 0.033333333333333
11 0.74375 0.094444444444444 0.0234375 0.033333333333333
11 0.777734375 0.84444444444444 0.02265625 0.033333333333333
11 0.6046875 0.50833333333333 0.0234375 0.030555555555556
11 0.8046875 0.80416666666667 0.021875 0.030555555555556
11 0.71640625 0.70347222222222 0.021875 0.029166666666667
11 0.606640625 0.53888888888889 0.02265625 0.027777777777778
11 0.784765625 0.69513888888889 0.02109375 0.029166666666667
11 0.759765625 0.70486111111111 0.01953125 0.026388888888889