11 0.50703125 0.41342592592593 0.0453125 0.086111111111111
11 0.30182291666667 0.47731481481481 0.0515625 0.065740740740741
11 0.27864583333333 0.43287037037037 0.051041666666667 0.065740740740741
11 0.25859375 0.52268518518519 0.040104166666667 0.058333333333333
11 0.15442708333333 0.63657407407407 0.040104166666667 0.056481481481481
11 0.34947916666667 0.60833333333333 0.036458333333333 0.059259259259259
11 0.24947916666667 0.61851851851852 0.035416666666667 0.05
11 0.33411458333333 0.56157407407407 0.0296875 0.043518518518519
11 0.25494791666667 0.51388888888889 0.028645833333333 0.035185185185185
11 0.23203125 0.56296296296296 0.028645833333333 0.044444444444444
11 0.16067708333333 0.65694444444444 0.027604166666667 0.039814814814815
11 0.54635416666667 0.32453703703704 0.027083333333333 0.036111111111111
11 0.46770833333333 0.42546296296296 0.026041666666667 0.036111111111111
11 0.4265625 0.57037037037037 0.023958333333333 0.037037037037037
11 0.53385416666667 0.375 0.023958333333333 0.031481481481481
11 0.28984375 0.59953703703704 0.024479166666667 0.030555555555556
11 0.56979166666667 0.23935185185185 0.023958333333333 0.030555555555556
11 0.48697916666667 0.46157407407407 0.021875 0.032407407407407
11 0.39270833333333 0.60833333333333 0.023958333333333 0.025925925925926
11 0.1953125 0.62824074074074 0.01875 0.030555555555556
11 0.43385416666667 0.5412037037037 0.01875 0.026851851851852
11 0.40338541666667 0.5162037037037 0.018229166666667 0.025
11 0.38619791666667 0.61111111111111 0.0171875 0.024074074074074
11 0.42942708333333 0.5 0.016145833333333 0.024074074074074
11 0.17161458333333 0.57777777777778 0.016145833333333 0.024074074074074
11 0.57838541666667 0.074537037037037 0.016145833333333 0.023148148148148
11 0.40182291666667 0.6037037037037 0.016145833333333 0.022222222222222
11 0.58229166666667 0.2712962962963 0.015625 0.022222222222222
11 0.19036458333333 0.49675925925926 0.016145833333333 0.021296296296296
11 0.45390625 0.5537037037037 0.015104166666667 0.022222222222222
11 0.159375 0.66296296296296 0.015625 0.022222222222222
11 0.28125 0.63194444444444 0.014583333333333 0.021296296296296
11 0.36901041666667 0.52638888888889 0.0140625 0.021296296296296
11 0.29296875 0.5537037037037 0.0140625 0.02037037037037
11 0.35234375 0.47962962962963 0.0140625 0.018518518518519
11 0.10651041666667 0.66990740740741 0.013020833333333 0.019444444444444
11 0.25989583333333 0.5662037037037 0.0125 0.017592592592593
11 0.57057291666667 0.018981481481481 0.013020833333333 0.015740740740741