8 0.92526041666667 0.78287037037037 0.13489583333333 0.22314814814815
19 0.24348958333333 0.54907407407407 0.10260416666667 0.12777777777778
19 0.18619791666667 0.72777777777778 0.0765625 0.092592592592593
19 0.50364583333333 0.61435185185185 0.06875 0.09537037037037
19 0.41276041666667 0.78518518518519 0.11927083333333 0.12407407407407
8 0.90625 0.35972222222222 0.080208333333333 0.11574074074074
19 0.31536458333333 0.61157407407407 0.0953125 0.11759259259259
19 0.49192708333333 0.275 0.063020833333333 0.092592592592593
8 0.81458333333333 0.68101851851852 0.11145833333333 0.14351851851852
19 0.4390625 0.50833333333333 0.061458333333333 0.077777777777778
19 0.15130208333333 0.73148148148148 0.11614583333333 0.11111111111111
8 0.64453125 0.052777777777778 0.0640625 0.096296296296296
8 0.95494791666667 0.2037037037037 0.058854166666667 0.081481481481481
19 0.41223958333333 0.65416666666667 0.080729166666667 0.10092592592593
19 0.45182291666667 0.37685185185185 0.0828125 0.12222222222222
33 0.68828125 0.64259259259259 0.14427083333333 0.17777777777778
10 0.90833333333333 0.72175925925926 0.070833333333333 0.10092592592593
10 0.90364583333333 0.36574074074074 0.086458333333333 0.12407407407407
10 0.84401041666667 0.66203703703704 0.0640625 0.1037037037037
10 0.95078125 0.20601851851852 0.058854166666667 0.086111111111111
33 0.81536458333333 0.056944444444444 0.061979166666667 0.093518518518519
10 0.97317708333333 0.34212962962963 0.0515625 0.087962962962963
10 0.97682291666667 0.1962962962963 0.044270833333333 0.083333333333333
10 0.80130208333333 0.2287037037037 0.050520833333333 0.075925925925926
10 0.92161458333333 0.31712962962963 0.0453125 0.069444444444444
33 0.083333333333333 0.068055555555556 0.16354166666667 0.13425925925926
33 0.20625 0.046759259259259 0.077083333333333 0.089814814814815
33 0.32317708333333 0.13518518518519 0.033854166666667 0.10555555555556
33 0.53854166666667 0.34398148148148 0.2375 0.23240740740741
33 0.84609375 0.93333333333333 0.086979166666667 0.13148148148148
33 0.92786458333333 0.8037037037037 0.14114583333333 0.15185185185185
33 0.1578125 0.69027777777778 0.12395833333333 0.18055555555556
33 0.3921875 0.66481481481481 0.36145833333333 0.37407407407407
33 0.60182291666667 0.95462962962963 0.10364583333333 0.088888888888889
33 0.70963541666667 0.75231481481481 0.1015625 0.21759259259259
33 0.84661458333333 0.52453703703704 0.0859375 0.14351851851852
33 0.75520833333333 0.41064814814815 0.13125 0.14722222222222
33 0.64661458333333 0.54490740740741 0.19322916666667 0.15833333333333
33 0.4265625 0.04537037037037 0.09375 0.083333333333333
33 0.57057291666667 0.17824074074074 0.0578125 0.13425925925926
33 0.65026041666667 0.12407407407407 0.0453125 0.044444444444444
33 0.7390625 0.17361111111111 0.048958333333333 0.082407407407407
10 0.59947916666667 0.045833333333333 0.146875 0.089814814814815
33 0.12421875 0.42731481481481 0.059895833333333 0.080555555555556
33 0.80911458333333 0.67546296296296 0.078645833333333 0.13240740740741