11 0.950390625 0.072222222222222 0.09609375 0.12777777777778
11 0.85078125 0.76041666666667 0.121875 0.19861111111111
11 0.778125 0.38125 0.09375 0.12916666666667
11 0.701953125 0.41388888888889 0.08671875 0.11666666666667
11 0.523046875 0.50902777777778 0.08515625 0.1125
11 0.776953125 0.61875 0.08359375 0.11805555555556
11 0.541796875 0.31388888888889 0.08203125 0.11388888888889
11 0.415234375 0.3875 0.07890625 0.097222222222222
11 0.859765625 0.55416666666667 0.07890625 0.094444444444444
11 0.65625 0.55902777777778 0.0703125 0.10138888888889
11 0.775 0.21111111111111 0.071875 0.1
11 0.73125 0.53055555555556 0.06875 0.10555555555556
11 0.3703125 0.82847222222222 0.06875 0.0875
11 0.97578125 0.42638888888889 0.0484375 0.12222222222222
11 0.844140625 0.043055555555556 0.06484375 0.086111111111111
11 0.578515625 0.088194444444444 0.05859375 0.0875
11 0.605078125 0.42986111111111 0.06015625 0.084722222222222
11 0.6625 0.36111111111111 0.059375 0.088888888888889
11 0.94609375 0.46875 0.0625 0.084722222222222
11 0.809765625 0.11805555555556 0.06171875 0.086111111111111
11 0.503515625 0.65902777777778 0.05703125 0.0875
11 0.631640625 0.75208333333333 0.05703125 0.0875
11 0.40859375 0.067361111111111 0.059375 0.081944444444444
11 0.70859375 0.30486111111111 0.0546875 0.084722222222222
11 0.7625 0.45972222222222 0.05625 0.083333333333333
11 0.69765625 0.50902777777778 0.05625 0.081944444444444
11 0.462109375 0.57152777777778 0.05234375 0.0875
11 0.899609375 0.49375 0.05546875 0.081944444444444
11 0.516015625 0.032638888888889 0.06953125 0.065277777777778
11 0.89296875 0.13125 0.05625 0.079166666666667
11 0.915625 0.60277777777778 0.05 0.086111111111111
11 0.238671875 0.87013888888889 0.05234375 0.079166666666667
11 0.146875 0.27777777777778 0.05 0.080555555555556
11 0.846875 0.67222222222222 0.053125 0.072222222222222
11 0.551171875 0.82291666666667 0.05234375 0.070833333333333
11 0.684375 0.56736111111111 0.0515625 0.070833333333333
11 0.638671875 0.6125 0.05078125 0.072222222222222
11 0.818359375 0.55069444444444 0.05078125 0.070833333333333
11 0.413671875 0.46527777777778 0.04921875 0.072222222222222
11 0.08671875 0.77222222222222 0.0484375 0.072222222222222
11 0.334765625 0.42708333333333 0.04921875 0.070833333333333
11 0.702734375 0.94930555555556 0.05078125 0.068055555555556
11 0.5578125 0.37291666666667 0.046875 0.068055555555556
11 0.234765625 0.73680555555556 0.04921875 0.070833333333333
11 0.71484375 0.72569444444444 0.046875 0.065277777777778
11 0.7515625 0.67222222222222 0.046875 0.063888888888889
11 0.59140625 0.63958333333333 0.0421875 0.0625
11 0.013671875 0.057638888888889 0.02734375 0.10416666666667
11 0.015625 0.29444444444444 0.03125 0.088888888888889
11 0.5140625 0.60763888888889 0.0421875 0.0625
11 0.504296875 0.72083333333333 0.04296875 0.061111111111111
11 0.01953125 0.80347222222222 0.0375 0.065277777777778
11 0.745703125 0.81111111111111 0.03984375 0.058333333333333
11 0.44765625 0.975 0.0453125 0.05
11 0.93671875 0.022916666666667 0.0484375 0.045833333333333
11 0.412109375 0.6625 0.03671875 0.055555555555556
11 0.546484375 0.94444444444444 0.03828125 0.052777777777778
11 0.77421875 0.7625 0.0375 0.052777777777778