10 0.0578125 0.37777777777778 0.059375 0.075
10 0.10078125 0.40138888888889 0.0578125 0.069444444444444
10 0.3828125 0.48402777777778 0.0578125 0.070833333333333
10 0.131640625 0.38263888888889 0.07421875 0.090277777777778
10 0.268359375 0.031944444444444 0.06328125 0.063888888888889
10 0.111328125 0.33541666666667 0.08359375 0.10138888888889
10 0.15078125 0.44375 0.11875 0.12083333333333
10 0.379296875 0.19375 0.05078125 0.076388888888889
10 0.218359375 0.38125 0.05234375 0.0625
10 0.03828125 0.42291666666667 0.0546875 0.065277777777778
10 0.34453125 0.50972222222222 0.0546875 0.063888888888889
10 0.020703125 0.36527777777778 0.04140625 0.086111111111111
10 0.044921875 0.071527777777778 0.07578125 0.095833333333333
10 0.1953125 0.35833333333333 0.0546875 0.063888888888889
10 0.1484375 0.095833333333333 0.0578125 0.077777777777778
10 0.378125 0.44513888888889 0.11875 0.15694444444444
10 0.382421875 0.11736111111111 0.07109375 0.095833333333333
10 0.4203125 0.49652777777778 0.0453125 0.054166666666667