10 0.693359375 0.45347222222222 0.03203125 0.043055555555556
10 0.776953125 0.49444444444444 0.02890625 0.038888888888889
10 0.631640625 0.43333333333333 0.03203125 0.041666666666667
10 0.90703125 0.42083333333333 0.03125 0.041666666666667
10 0.8015625 0.22569444444444 0.321875 0.45138888888889
10 0.816796875 0.48125 0.03203125 0.040277777777778
10 0.650390625 0.24444444444444 0.03828125 0.052777777777778
10 0.65546875 0.50277777777778 0.03125 0.038888888888889
10 0.837890625 0.43333333333333 0.04453125 0.055555555555556
10 0.793359375 0.51944444444444 0.02890625 0.038888888888889
10 0.8234375 0.51111111111111 0.040625 0.055555555555556
10 0.826953125 0.56180555555556 0.03671875 0.045833333333333
10 0.650390625 0.46388888888889 0.03359375 0.041666666666667
10 0.63046875 0.32708333333333 0.0296875 0.043055555555556
10 0.6796875 0.48472222222222 0.03125 0.041666666666667
10 0.389453125 0.34027777777778 0.28359375 0.51944444444444
10 0.787890625 0.54513888888889 0.03828125 0.051388888888889