10 0.25078125 0.11319444444444 0.065625 0.084722222222222
10 0.674609375 0.52291666666667 0.11640625 0.14027777777778
10 0.587109375 0.45763888888889 0.05859375 0.076388888888889
10 0.73203125 0.61666666666667 0.10625 0.12222222222222
10 0.233984375 0.088888888888889 0.10546875 0.15555555555556
10 0.6359375 0.25069444444444 0.0859375 0.090277777777778
10 0.379296875 0.38055555555556 0.08828125 0.10833333333333
10 0.592578125 0.31319444444444 0.11640625 0.15416666666667
10 0.66640625 0.34652777777778 0.10625 0.10972222222222
10 0.70390625 0.80694444444444 0.0859375 0.11666666666667
10 0.2484375 0.64444444444444 0.065625 0.091666666666667