19 0.46276041666667 0.14305555555556 0.015104166666667 0.017592592592593
36 0.17135416666667 0.78657407407407 0.34270833333333 0.43055555555556
19 0.46927083333333 0.80787037037037 0.0125 0.013888888888889
10 0.26458333333333 0.3287037037037 0.044791666666667 0.051851851851852
19 0.40729166666667 0.33425925925926 0.019791666666667 0.024074074074074
14 0.26302083333333 0.96944444444444 0.026041666666667 0.037037037037037
10 0.18385416666667 0.78888888888889 0.36770833333333 0.42407407407407
10 0.26354166666667 0.97037037037037 0.028125 0.035185185185185
10 0.19661458333333 0.78194444444444 0.3859375 0.43240740740741
10 0.26458333333333 0.32685185185185 0.04375 0.048148148148148
10 0.26380208333333 0.96944444444444 0.0296875 0.037037037037037
33 0.96119791666667 0.26111111111111 0.0703125 0.11666666666667
10 0.18984375 0.78333333333333 0.3796875 0.43148148148148
10 0.26484375 0.32731481481481 0.043229166666667 0.049074074074074
10 0.30052083333333 0.41481481481481 0.014583333333333 0.016666666666667
10 0.2640625 0.96990740740741 0.028125 0.037962962962963