11 0.55625 0.24513888888889 0.0328125 0.048611111111111
11 0.35078125 0.50347222222222 0.2859375 0.56805555555556
11 0.675390625 0.81736111111111 0.03828125 0.051388888888889
11 0.746484375 0.32083333333333 0.04140625 0.055555555555556
11 0.76796875 0.24166666666667 0.0453125 0.055555555555556
11 0.606640625 0.46041666666667 0.03984375 0.048611111111111
11 0.65546875 0.17291666666667 0.059375 0.076388888888889
11 0.80078125 0.45972222222222 0.0375 0.05
11 0.27734375 0.28055555555556 0.028125 0.033333333333333
11 0.58125 0.4125 0.0484375 0.058333333333333
11 0.668359375 0.7375 0.03671875 0.041666666666667
11 0.812109375 0.57013888888889 0.04765625 0.059722222222222
11 0.5953125 0.17430555555556 0.046875 0.068055555555556
11 0.941015625 0.54305555555556 0.03359375 0.038888888888889
11 0.741796875 0.61805555555556 0.05546875 0.066666666666667
11 0.674609375 0.28263888888889 0.04296875 0.0625
11 0.7328125 0.22916666666667 0.040625 0.058333333333333
11 0.65 0.57430555555556 0.034375 0.045833333333333
11 0.7015625 0.65833333333333 0.04375 0.05
11 0.824609375 0.2375 0.28828125 0.475
11 0.728125 0.71597222222222 0.059375 0.068055555555556
11 0.802734375 0.64722222222222 0.03984375 0.044444444444444
11 0.85234375 0.61111111111111 0.0375 0.047222222222222
11 0.559765625 0.32152777777778 0.03046875 0.040277777777778
11 0.766796875 0.71736111111111 0.03671875 0.045833333333333
11 0.659375 0.69236111111111 0.0390625 0.051388888888889
11 0.75234375 0.43194444444444 0.0375 0.05