10 0.934375 0.092361111111111 0.13125 0.18472222222222
10 0.740625 0.44375 0.0328125 0.043055555555556
10 0.792578125 0.48888888888889 0.02734375 0.036111111111111
10 0.779296875 0.29513888888889 0.44296875 0.5875
10 0.691796875 0.39027777777778 0.02265625 0.027777777777778
10 0.930078125 0.63263888888889 0.02734375 0.034722222222222
10 0.769921875 0.40833333333333 0.02734375 0.036111111111111
10 0.91875 0.73263888888889 0.025 0.031944444444444
10 0.840234375 0.58263888888889 0.01640625 0.020833333333333
10 0.878125 0.60347222222222 0.0171875 0.023611111111111
10 0.717578125 0.015277777777778 0.02890625 0.030555555555556
10 0.866796875 0.62013888888889 0.02265625 0.029166666666667