6 0.555859375 0.41805555555556 0.03203125 0.036111111111111
6 0.6375 0.91597222222222 0.0328125 0.040277777777778
6 0.62109375 0.61805555555556 0.034375 0.05
6 0.726953125 0.81944444444444 0.03515625 0.047222222222222
10 0.5375 0.59722222222222 0.0421875 0.05
6 0.713671875 0.84791666666667 0.03046875 0.0375
10 0.70625 0.73958333333333 0.0328125 0.045833333333333
10 0.6671875 0.35208333333333 0.0328125 0.040277777777778
6 0.629296875 0.75555555555556 0.03046875 0.038888888888889
10 0.664453125 0.43263888888889 0.03671875 0.040277777777778
6 0.67578125 0.60902777777778 0.0359375 0.040277777777778
6 0.587109375 0.65486111111111 0.03359375 0.040277777777778
10 0.394140625 0.97569444444444 0.03828125 0.040277777777778
6 0.58515625 0.69930555555556 0.0375 0.043055555555556
10 0.5375 0.59722222222222 0.040625 0.058333333333333
10 0.61875 0.61388888888889 0.034375 0.052777777777778
10 0.7265625 0.81944444444444 0.0359375 0.047222222222222
10 0.39375 0.97569444444444 0.0375 0.048611111111111
10 0.70546875 0.74097222222222 0.0328125 0.048611111111111
10 0.711328125 0.84930555555556 0.03671875 0.043055555555556
10 0.58515625 0.69791666666667 0.034375 0.045833333333333
10 0.557421875 0.42013888888889 0.03515625 0.043055555555556
10 0.667578125 0.35277777777778 0.03359375 0.044444444444444
10 0.676171875 0.60972222222222 0.03359375 0.044444444444444
10 0.66484375 0.43333333333333 0.0328125 0.044444444444444
10 0.580859375 0.64375 0.03203125 0.045833333333333
10 0.637109375 0.91666666666667 0.03203125 0.044444444444444
10 0.629296875 0.75555555555556 0.03046875 0.044444444444444
10 0.603125 0.59513888888889 0.03125 0.040277777777778
10 0.631640625 0.82986111111111 0.03046875 0.040277777777778
10 0.559765625 0.3875 0.03046875 0.038888888888889
10 0.56953125 0.42638888888889 0.03125 0.038888888888889
10 0.591796875 0.50763888888889 0.02890625 0.040277777777778
10 0.57734375 0.7625 0.0296875 0.038888888888889
10 0.590625 0.59791666666667 0.028125 0.040277777777778
10 0.648828125 0.65347222222222 0.02890625 0.040277777777778
10 0.5671875 0.47569444444444 0.028125 0.040277777777778
10 0.651953125 0.7125 0.02890625 0.038888888888889
10 0.587109375 0.65416666666667 0.02890625 0.038888888888889
10 0.587890625 0.5375 0.02734375 0.038888888888889
10 0.594140625 0.90902777777778 0.02734375 0.040277777777778
10 0.666796875 0.86527777777778 0.02890625 0.036111111111111
10 0.680078125 0.74236111111111 0.02734375 0.0375
10 0.65703125 0.73819444444444 0.0265625 0.0375
10 0.724609375 0.98680555555556 0.03671875 0.026388888888889
10 0.604296875 0.5625 0.02578125 0.036111111111111
10 0.708984375 0.87569444444444 0.02578125 0.034722222222222
10 0.658203125 0.75625 0.02578125 0.034722222222222
10 0.633203125 0.53958333333333 0.02421875 0.034722222222222
10 0.612109375 0.70694444444444 0.02421875 0.033333333333333
10 0.5671875 0.57083333333333 0.0234375 0.033333333333333
10 0.640625 0.69583333333333 0.0234375 0.033333333333333