10 0.54140625 0.8875 0.10572916666667 0.14537037037037
10 0.95442708333333 0.59861111111111 0.091145833333333 0.15277777777778
10 0.71875 0.11712962962963 0.082291666666667 0.14537037037037
10 0.82369791666667 0.82037037037037 0.061979166666667 0.092592592592593
10 0.72239583333333 0.07962962962963 0.038541666666667 0.057407407407407
10 0.83515625 0.40092592592593 0.041145833333333 0.068518518518519
10 0.33411458333333 0.5337962962963 0.047395833333333 0.063888888888889
10 0.90260416666667 0.46388888888889 0.036458333333333 0.057407407407407
10 0.63619791666667 0.57222222222222 0.038020833333333 0.053703703703704
10 0.68098958333333 0.51481481481481 0.0390625 0.048148148148148
10 0.38359375 0.46851851851852 0.033854166666667 0.051851851851852
10 0.79375 0.47962962962963 0.030208333333333 0.046296296296296
10 0.71927083333333 0.38240740740741 0.029166666666667 0.044444444444444
10 0.85026041666667 0.44814814814815 0.0328125 0.046296296296296
10 0.08984375 0.71851851851852 0.0296875 0.038888888888889
10 0.62526041666667 0.49583333333333 0.028645833333333 0.039814814814815
10 0.28203125 0.35185185185185 0.027604166666667 0.038888888888889
10 0.82265625 0.30833333333333 0.027604166666667 0.038888888888889
10 0.5265625 0.42037037037037 0.028125 0.038888888888889
10 0.99192708333333 0.097685185185185 0.016145833333333 0.065740740740741
10 0.31171875 0.93240740740741 0.0296875 0.035185185185185
10 0.52421875 0.2337962962963 0.0265625 0.039814814814815
10 0.590625 0.88472222222222 0.027083333333333 0.037962962962963
10 0.49583333333333 0.78935185185185 0.028125 0.036111111111111
10 0.53723958333333 0.7537037037037 0.025520833333333 0.040740740740741
10 0.42109375 0.72453703703704 0.027604166666667 0.036111111111111
10 0.38463541666667 0.81898148148148 0.027604166666667 0.036111111111111
10 0.48854166666667 0.7962962962963 0.029166666666667 0.033333333333333
10 0.50364583333333 0.64953703703704 0.021875 0.04537037037037
10 0.496875 0.7537037037037 0.027083333333333 0.035185185185185
10 0.72239583333333 0.34212962962963 0.025 0.037962962962963
10 0.59479166666667 0.77361111111111 0.026041666666667 0.036111111111111
10 0.459375 0.73287037037037 0.027083333333333 0.034259259259259
10 0.44453125 0.76574074074074 0.027604166666667 0.033333333333333
10 0.54401041666667 0.80509259259259 0.0265625 0.034259259259259
10 0.74921875 0.675 0.025520833333333 0.035185185185185
10 0.74114583333333 0.77685185185185 0.025 0.035185185185185
10 0.25130208333333 0.76342592592593 0.025520833333333 0.034259259259259
10 0.25390625 0.79953703703704 0.025520833333333 0.034259259259259
10 0.70859375 0.28333333333333 0.0234375 0.037037037037037
10 0.36484375 0.77731481481481 0.0265625 0.032407407407407
10 0.36796875 0.84490740740741 0.025520833333333 0.032407407407407
10 0.47864583333333 0.53796296296296 0.022916666666667 0.033333333333333
10 0.51328125 0.74259259259259 0.025520833333333 0.031481481481481
10 0.25989583333333 0.52638888888889 0.022916666666667 0.032407407407407
10 0.50416666666667 0.94490740740741 0.023958333333333 0.030555555555556
10 0.51171875 0.89537037037037 0.0234375 0.031481481481481
10 0.58229166666667 0.52685185185185 0.022916666666667 0.031481481481481
10 0.475 0.76342592592593 0.023958333333333 0.028703703703704
10 0.62578125 0.63425925925926 0.0234375 0.02962962962963
10 0.42682291666667 0.6162037037037 0.022395833333333 0.030555555555556
10 0.51822916666667 0.66018518518519 0.022916666666667 0.02962962962963
10 0.29661458333333 0.67824074074074 0.022395833333333 0.028703703703704
10 0.35546875 0.80694444444444 0.022395833333333 0.028703703703704
10 0.471875 0.73611111111111 0.022916666666667 0.027777777777778
10 0.50130208333333 0.63333333333333 0.0203125 0.02962962962963
10 0.42109375 0.75185185185185 0.021354166666667 0.027777777777778
10 0.31328125 0.75138888888889 0.021354166666667 0.026851851851852
10 0.48046875 0.80185185185185 0.021354166666667 0.027777777777778
10 0.54453125 0.56203703703704 0.0203125 0.027777777777778
10 0.31354166666667 0.52638888888889 0.020833333333333 0.026851851851852
10 0.40807291666667 0.57175925925926 0.0203125 0.026851851851852
10 0.48489583333333 0.71666666666667 0.020833333333333 0.025925925925926
10 0.62083333333333 0.010185185185185 0.026041666666667 0.02037037037037
10 0.11302083333333 0.66203703703704 0.019791666666667 0.025925925925926
10 0.4734375 0.64537037037037 0.019791666666667 0.025925925925926
10 0.48385416666667 0.54444444444444 0.019791666666667 0.025925925925926
10 0.99427083333333 0.12592592592593 0.011458333333333 0.044444444444444
10 0.51484375 0.55185185185185 0.019270833333333 0.025925925925926
10 0.51927083333333 0.59351851851852 0.01875 0.025925925925926
10 0.47916666666667 0.6037037037037 0.01875 0.025925925925926
10 0.39765625 0.6587962962963 0.019270833333333 0.025
10 0.53671875 0.94351851851852 0.019270833333333 0.024074074074074
10 0.37760416666667 0.44212962962963 0.01875 0.025
10 0.43098958333333 0.68240740740741 0.019270833333333 0.024074074074074
10 0.51302083333333 0.47037037037037 0.017708333333333 0.025925925925926
10 0.4875 0.43564814814815 0.017708333333333 0.025
10 0.403125 0.29583333333333 0.016666666666667 0.025
10 0.52005208333333 0.36018518518519 0.0171875 0.024074074074074
10 0.44895833333333 0.54953703703704 0.017708333333333 0.023148148148148
10 0.47057291666667 0.52824074074074 0.0171875 0.023148148148148
10 0.39375 0.78055555555556 0.017708333333333 0.022222222222222
10 0.4875 0.67268518518519 0.015625 0.021296296296296
10 0.53151041666667 0.38287037037037 0.015104166666667 0.021296296296296
10 0.459375 0.60324074074074 0.014583333333333 0.019444444444444