11 0.91119791666667 0.38240740740741 0.17760416666667 0.21851851851852
11 0.41119791666667 0.38564814814815 0.25052083333333 0.30462962962963
11 0.14010416666667 0.30416666666667 0.092708333333333 0.11018518518519
11 0.23046875 0.42546296296296 0.16614583333333 0.21574074074074
11 0.98020833333333 0.51851851851852 0.036458333333333 0.083333333333333
11 0.73307291666667 0.29444444444444 0.063020833333333 0.085185185185185
11 0.10234375 0.36851851851852 0.19010416666667 0.23703703703704
11 0.65026041666667 0.32916666666667 0.094270833333333 0.11574074074074
11 0.03828125 0.40972222222222 0.0765625 0.1212962962963
11 0.53723958333333 0.40324074074074 0.15052083333333 0.21574074074074
11 0.97916666666667 0.16805555555556 0.042708333333333 0.13981481481481
11 0.57369791666667 0.30092592592593 0.088020833333333 0.11296296296296
11 0.75286458333333 0.41435185185185 0.14427083333333 0.19722222222222