19 0.31223628691983 0.02896725440806 0.17721518987342 0.057934508816121
19 0.071729957805907 0.60327455919395 0.13502109704641 0.093198992443325
19 0.28902953586498 0.9735516372796 0.16455696202532 0.052896725440806
19 0.73206751054852 0.68387909319899 0.20675105485232 0.10831234256927
19 0.4746835443038 0.78463476070529 0.22362869198312 0.13350125944584
19 0.85654008438819 0.8904282115869 0.20253164556962 0.1183879093199
19 0.59282700421941 0.56171284634761 0.47679324894515 0.27707808564232
19 0.4789029535865 0.23047858942065 0.12236286919831 0.068010075566751
19 0.37974683544304 0.34005037783375 0.11814345991561 0.070528967254408
19 0.88396624472574 0.55541561712846 0.15611814345992 0.093198992443325
19 0.94936708860759 0.28337531486146 0.10126582278481 0.10831234256927
19 0.30801687763713 0.42821158690176 0.14345991561181 0.090680100755668
19 0.55907172995781 0.62846347607053 0.23206751054852 0.14861460957179
19 0.91139240506329 0.12846347607053 0.11814345991561 0.075566750629723
19 0.59493670886076 0.41561712846348 0.14345991561181 0.075566750629723
19 0.031645569620253 0.29093198992443 0.063291139240506 0.08816120906801
19 0.30590717299578 0.63979848866499 0.18987341772152 0.11083123425693