19 0.84116331096197 0.88533333333333 0.14765100671141 0.090666666666667
19 0.28747203579418 0.97266666666667 0.14988814317673 0.049333333333333
19 0.47091722595078 0.782 0.20357941834452 0.12666666666667
19 0.31208053691275 0.022 0.14093959731544 0.044
19 0.07158836689038 0.602 0.13870246085011 0.094666666666667
19 0.29977628635347 0.64 0.17002237136465 0.104
19 0.029082774049217 0.29333333333333 0.058165548098434 0.088
19 0.96308724832215 0.28666666666667 0.073825503355705 0.088
19 0.47539149888143 0.23 0.11856823266219 0.070666666666667
19 0.73713646532438 0.68733333333333 0.17225950782998 0.1
19 0.37024608501119 0.33666666666667 0.10961968680089 0.062666666666667
19 0.88478747203579 0.556 0.13646532438479 0.082666666666667
19 0.90156599552573 0.12733333333333 0.10738255033557 0.065333333333333
19 0.58836689038031 0.41533333333333 0.11185682326622 0.065333333333333
19 0.30089485458613 0.428 0.14093959731544 0.088