19 0.31985294117647 0.576171875 0.10294117647059 0.05078125
19 0.48713235294118 0.7919921875 0.047794117647059 0.025390625
19 0.78492647058824 0.8603515625 0.0625 0.037109375
19 0.57169117647059 0.7578125 0.077205882352941 0.046875
19 0.12683823529412 0.650390625 0.1875 0.09765625
19 0.69852941176471 0.5537109375 0.073529411764706 0.044921875
19 0.09375 0.7470703125 0.069852941176471 0.037109375
19 0.25919117647059 0.4853515625 0.10661764705882 0.056640625
19 0.59742647058824 0.4072265625 0.069852941176471 0.041015625
19 0.023897058823529 0.6064453125 0.047794117647059 0.041015625
19 0.63970588235294 0.2666015625 0.11029411764706 0.060546875
19 0.42463235294118 0.615234375 0.15808823529412 0.08203125
19 0.27757352941176 0.7763671875 0.091911764705882 0.052734375
19 0.47242647058824 0.15625 0.12867647058824 0.0703125
19 0.12867647058824 0.4384765625 0.11764705882353 0.068359375
19 0.59375 0.560546875 0.084558823529412 0.046875
19 0.17279411764706 0.7939453125 0.088235294117647 0.048828125
19 0.025735294117647 0.3955078125 0.051470588235294 0.048828125
19 0.17647058823529 0.4970703125 0.080882352941176 0.044921875
19 0.35661764705882 0.5908203125 0.14705882352941 0.068359375
19 0.59558823529412 0.4951171875 0.073529411764706 0.041015625
19 0.59191176470588 0.3330078125 0.14705882352941 0.080078125
19 0.22610294117647 0.5615234375 0.069852941176471 0.037109375
19 0.71507352941176 0.7255859375 0.084558823529412 0.048828125
19 0.29044117647059 0.8330078125 0.073529411764706 0.041015625
19 0.49264705882353 0.7353515625 0.066176470588235 0.037109375
19 0.50551470588235 0.5263671875 0.10661764705882 0.052734375
19 0.78676470588235 0.2734375 0.18382352941176 0.1015625
19 0.77389705882353 0.4501953125 0.10661764705882 0.060546875
19 0.44301470588235 0.671875 0.091911764705882 0.0546875