8 0.5035 0.46358792184725 0.097 0.18827708703375
8 0.368 0.067495559502664 0.078 0.13499111900533
8 0.3665 0.68561278863233 0.031 0.049733570159858
8 0.4995 0.84103019538188 0.019 0.030195381882771
8 0.506 0.61545293072824 0.026 0.040852575488455
8 0.6875 0.31705150976909 0.067 0.13321492007105
8 0.528 0.55861456483126 0.026 0.044404973357016
8 0.8535 0.37833037300178 0.213 0.42628774422735
8 0.2575 0.55683836589698 0.023 0.033747779751332
8 0.306 0.11811722912966 0.098 0.14031971580817
8 0.8225 0.64831261101243 0.029 0.053285968028419
8 0.808 0.66873889875666 0.062 0.101243339254
8 0.0685 0.85790408525755 0.029 0.046181172291297
8 0.125 0.47868561278863 0.148 0.37122557726465
8 0.5195 0.85701598579041 0.019 0.02664298401421
8 0.29 0.57637655417407 0.044 0.079928952042629
8 0.5715 0.73001776198934 0.027 0.042628774422735
8 0.757 0.58259325044405 0.076 0.15985790408526
8 0.227 0.43250444049734 0.046 0.090586145648313
8 0.958 0.63854351687389 0.024 0.040852575488455
8 0.516 0.56660746003552 0.042 0.063943161634103
8 0.533 0.69804618117229 0.016 0.024866785079929
8 0.87 0.56749555950266 0.084 0.19715808170515
8 0.741 0.74600355239787 0.014 0.017761989342806
8 0.4695 0.86145648312611 0.035 0.063943161634103
8 0.762 0.68738898756661 0.022 0.031971580817052
8 0.525 0.21225577264654 0.058 0.11190053285968
8 0.49 0.57282415630551 0.04 0.072824156305506
8 0.663 0.10834813499112 0.118 0.21669626998224
8 0.753 0.62255772646536 0.048 0.094138543516874
8 0.2815 0.14564831261101 0.073 0.15275310834813
8 0.4935 0.47513321492007 0.049 0.090586145648313
8 0.929 0.37388987566607 0.142 0.45648312611012
8 0.888 0.62699822380107 0.028 0.042628774422735
8 0.4125 0.68916518650089 0.021 0.031971580817052
8 0.3705 0.52664298401421 0.047 0.090586145648313
8 0.448 0.81349911190053 0.016 0.024866785079929
8 0.782 0.65541740674956 0.082 0.12788632326821
8 0.551 0.64653641207815 0.024 0.049733570159858
8 0.2365 0.2113676731794 0.053 0.10301953818828
8 0.5025 0.73889875666075 0.023 0.035523978685613
8 0.701 0.49023090586146 0.062 0.12078152753108
8 0.0935 0.8809946714032 0.031 0.053285968028419
8 0.872 0.58703374777975 0.05 0.094138543516874
8 0.7525 0.56749555950266 0.045 0.101243339254
8 0.2375 0.64031971580817 0.023 0.037300177619893
8 0.388 0.60746003552398 0.05 0.095914742451155
8 0.128 0.73712255772647 0.026 0.039076376554174
8 0.5755 0.73801065719361 0.041 0.065719360568384
8 0.4555 0.30284191829485 0.153 0.36767317939609
8 0.2985 0.66163410301954 0.015 0.023090586145648
8 0.5745 0.66607460035524 0.017 0.024866785079929