19 0.14433962264151 0.88679245283019 0.050943396226415 0.049056603773585
19 0.20566037735849 0.69716981132075 0.060377358490566 0.066037735849057
19 0.20094339622642 0.54150943396226 0.066037735849057 0.060377358490566
19 0.43301886792453 0.48207547169811 0.084905660377358 0.077358490566038
19 0.72641509433962 0.20849056603774 0.11320754716981 0.1
19 0.18679245283019 0.78490566037736 0.037735849056604 0.033962264150943
19 0.20377358490566 0.81792452830189 0.037735849056604 0.039622641509434
19 0.28962264150943 0.57452830188679 0.069811320754717 0.062264150943396
19 0.25471698113208 0.7188679245283 0.056603773584906 0.052830188679245
19 0.28207547169811 0.65660377358491 0.084905660377358 0.075471698113208
19 0.54716981132075 0.27358490566038 0.079245283018868 0.079245283018868
19 0.34150943396226 0.50754716981132 0.064150943396226 0.056603773584906
19 0.23867924528302 0.80754716981132 0.062264150943396 0.056603773584906
19 0.31981132075472 0.6877358490566 0.077358490566038 0.077358490566038
19 0.33679245283019 0.70566037735849 0.077358490566038 0.060377358490566
19 0.14905660377358 0.7622641509434 0.056603773584906 0.052830188679245
19 0.33018867924528 0.29245283018868 0.10943396226415 0.10188679245283
19 0.16981132075472 0.82264150943396 0.037735849056604 0.041509433962264
19 0.48301886792453 0.57075471698113 0.071698113207547 0.069811320754717
19 0.58490566037736 0.49905660377358 0.094339622641509 0.092452830188679
19 0.51603773584906 0.18396226415094 0.077358490566038 0.069811320754717
19 0.31698113207547 0.77169811320755 0.071698113207547 0.060377358490566
19 0.40943396226415 0.62452830188679 0.075471698113208 0.071698113207547
19 0.22169811320755 0.85849056603774 0.039622641509434 0.041509433962264
19 0.69433962264151 0.40566037735849 0.13584905660377 0.12830188679245
19 0.44245283018868 0.37830188679245 0.09622641509434 0.10377358490566