19 0.80196078431373 0.37878787878788 0.31764705882353 0.39393939393939
20 0.49411764705882 0.16414141414141 0.094117647058824 0.13636363636364
20 0.76470588235294 0.060606060606061 0.094117647058824 0.12121212121212
20 0.65490196078431 0.12373737373737 0.086274509803922 0.11616161616162
20 0.3156862745098 0.22474747474747 0.090196078431373 0.11616161616162
20 0.5 0.73484848484848 0.082352941176471 0.11616161616162
20 0.61176470588235 0.8510101010101 0.086274509803922 0.11616161616162
20 0.40392156862745 0.36111111111111 0.086274509803922 0.10606060606061
20 0.45686274509804 0.52525252525253 0.074509803921569 0.11111111111111
20 0.47254901960784 0.63888888888889 0.074509803921569 0.085858585858586
20 0.48627450980392 0.31313131313131 0.062745098039216 0.090909090909091
20 0.71764705882353 0.97474747474747 0.07843137254902 0.04040404040404