19 0.008 0.36295180722892 0.016 0.030120481927711
19 0.719 0.61144578313253 0.016 0.024096385542169
19 0.537 0.52560240963855 0.032 0.048192771084337
19 0.53 0.50903614457831 0.028 0.039156626506024
19 0.9295 0.79367469879518 0.021 0.030120481927711
19 0.5635 0.54292168674699 0.029 0.04066265060241
19 0.408 0.50451807228916 0.024 0.036144578313253
19 0.317 0.43599397590361 0.032 0.052710843373494
19 0.9685 0.84487951807229 0.015 0.021084337349398
19 0.1395 0.27710843373494 0.033 0.051204819277108
19 0.66 0.44051204819277 0.028 0.046686746987952
19 0.23 0.33960843373494 0.02 0.028614457831325
19 0.6285 0.74472891566265 0.021 0.031626506024096
19 0.6415 0.61521084337349 0.027 0.043674698795181
19 0.203 0.39683734939759 0.018 0.028614457831325
19 0.478 0.51280120481928 0.03 0.052710843373494
19 0.2985 0.21310240963855 0.019 0.025602409638554
19 0.2005 0.31927710843373 0.019 0.030120481927711
19 0.6145 0.48042168674699 0.027 0.039156626506024
19 0.6045 0.7078313253012 0.033 0.060240963855422
19 0.9145 0.89307228915663 0.023 0.030120481927711
19 0.9705 0.79066265060241 0.033 0.05421686746988
19 0.892 0.75753012048193 0.02 0.02710843373494
19 0.4085 0.67319277108434 0.033 0.060240963855422
19 0.0765 0.18448795180723 0.017 0.025602409638554
19 0.2185 0.31626506024096 0.021 0.030120481927711
19 0.5755 0.45933734939759 0.019 0.02710843373494
19 0.0195 0.29743975903614 0.029 0.04066265060241
19 0.8195 0.69503012048193 0.027 0.049698795180723
19 0.75 0.65963855421687 0.02 0.033132530120482
19 0.9535 0.66189759036145 0.013 0.019578313253012
19 0.8575 0.55798192771084 0.021 0.031626506024096
19 0.4955 0.55873493975904 0.025 0.036144578313253
19 0.306 0.3546686746988 0.028 0.037650602409639
19 0.697 0.60240963855422 0.02 0.030120481927711
19 0.787 0.77786144578313 0.022 0.031626506024096
19 0.8495 0.76430722891566 0.019 0.028614457831325
19 0.71 0.75150602409639 0.028 0.045180722891566
19 0.3115 0.48192771084337 0.025 0.039156626506024
19 0.936 0.87876506024096 0.026 0.04066265060241
19 0.854 0.63177710843373 0.024 0.031626506024096
19 0.841 0.61746987951807 0.018 0.02710843373494
19 0.54 0.6355421686747 0.03 0.045180722891566
19 0.416 0.69503012048193 0.026 0.037650602409639
19 0.134 0.21611445783133 0.018 0.028614457831325
19 0.7655 0.74548192771084 0.023 0.036144578313253
19 0.913 0.72138554216867 0.02 0.030120481927711
19 0.54 0.72138554216867 0.024 0.036144578313253
19 0.175 0.40888554216867 0.022 0.031626506024096
19 0.153 0.17996987951807 0.02 0.028614457831325
19 0.083 0.2289156626506 0.026 0.048192771084337
19 0.904 0.82605421686747 0.016 0.022590361445783
19 0.6525 0.68072289156627 0.023 0.039156626506024
19 0.468 0.53237951807229 0.026 0.04066265060241
19 0.5665 0.68298192771084 0.025 0.04066265060241
19 0.6715 0.6046686746988 0.027 0.043674698795181
19 0.305 0.47364457831325 0.028 0.043674698795181
19 0.144 0.35692771084337 0.018 0.02710843373494
19 0.8015 0.61144578313253 0.025 0.039156626506024
19 0.6805 0.67996987951807 0.025 0.04066265060241
19 0.2905 0.41340361445783 0.043 0.064759036144578
19 0.019 0.17620481927711 0.026 0.042168674698795
19 0.7595 0.68900602409639 0.029 0.04066265060241
19 0.204 0.35542168674699 0.018 0.02710843373494
19 0.477 0.43072289156627 0.032 0.051204819277108
19 0.9325 0.90963855421687 0.019 0.033132530120482
19 0.6565 0.69578313253012 0.029 0.05421686746988
19 0.735 0.67846385542169 0.016 0.022590361445783
19 0.942 0.82454819277108 0.022 0.031626506024096
19 0.6425 0.52409638554217 0.023 0.039156626506024
19 0.236 0.27334337349398 0.02 0.031626506024096
19 0.907 0.76957831325301 0.024 0.033132530120482
19 0.6045 0.67620481927711 0.019 0.030120481927711
19 0.8155 0.68298192771084 0.023 0.037650602409639
19 0.8215 0.5308734939759 0.023 0.034638554216867
19 0.507 0.48117469879518 0.022 0.031626506024096
19 0.929 0.67319277108434 0.016 0.024096385542169
19 0.589 0.70030120481928 0.028 0.042168674698795
19 0.5385 0.44051204819277 0.025 0.037650602409639
19 0.898 0.70105421686747 0.016 0.025602409638554
19 0.2255 0.23117469879518 0.025 0.043674698795181
19 0.613 0.56325301204819 0.04 0.063253012048193
19 0.8875 0.66340361445783 0.023 0.04066265060241
19 0.2765 0.3328313253012 0.033 0.057228915662651
19 0.321 0.28765060240964 0.022 0.036144578313253
19 0.658 0.71385542168675 0.026 0.045180722891566
19 0.404 0.65512048192771 0.03 0.045180722891566
19 0.0915 0.33584337349398 0.019 0.02710843373494
19 0.436 0.43298192771084 0.03 0.046686746987952
19 0.685 0.56852409638554 0.03 0.046686746987952
19 0.6605 0.56024096385542 0.029 0.048192771084337
19 0.306 0.42545180722892 0.048 0.067771084337349
19 0.507 0.55873493975904 0.034 0.039156626506024
19 0.373 0.4894578313253 0.02 0.02710843373494
19 0.188 0.15210843373494 0.026 0.045180722891566
19 0.729 0.64457831325301 0.018 0.02710843373494
19 0.514 0.55722891566265 0.022 0.030120481927711
19 0.8045 0.8539156626506 0.037 0.057228915662651
19 0.9435 0.77635542168675 0.021 0.028614457831325
19 0.792 0.65888554216867 0.016 0.022590361445783
19 0.225 0.46987951807229 0.02 0.02710843373494
19 0.802 0.55873493975904 0.016 0.024096385542169
19 0.1835 0.25978915662651 0.025 0.04066265060241
19 0.902 0.57756024096386 0.016 0.022590361445783
19 0.3755 0.41792168674699 0.025 0.037650602409639
19 0.74 0.67996987951807 0.028 0.037650602409639
19 0.4415 0.49472891566265 0.029 0.043674698795181
19 0.02 0.23569277108434 0.022 0.034638554216867
19 0.554 0.5308734939759 0.034 0.052710843373494
19 0.544 0.53614457831325 0.028 0.042168674698795
19 0.9715 0.71234939759036 0.023 0.036144578313253
19 0.628 0.81626506024096 0.032 0.048192771084337