19 0.17333333333333 0.3175 0.20888888888889 0.075
19 0.79666666666667 0.874375 0.17555555555556 0.06375
19 0.57111111111111 0.83 0.18222222222222 0.075
19 0.76444444444444 0.811875 0.21333333333333 0.04625
19 0.60333333333333 0.469375 0.12222222222222 0.04125
19 0.91 0.68625 0.17555555555556 0.04
19 0.64222222222222 0.43375 0.11111111111111 0.0325
19 0.23777777777778 0.333125 0.093333333333333 0.03875
19 0.51 0.77 0.086666666666667 0.035
19 0.64 0.7675 0.16444444444444 0.1275
19 0.90888888888889 0.775625 0.15555555555556 0.11375
19 0.10666666666667 0.6075 0.071111111111111 0.045
19 0.83666666666667 0.525625 0.11777777777778 0.04125
19 0.29666666666667 0.41875 0.16222222222222 0.05
19 0.72333333333333 0.130625 0.18 0.06125
19 0.22333333333333 0.193125 0.15777777777778 0.04625
19 0.072222222222222 0.1525 0.1 0.0325
19 0.25666666666667 0.560625 0.14444444444444 0.06375
19 0.52666666666667 0.139375 0.17333333333333 0.04625
19 0.91888888888889 0.07875 0.13555555555556 0.045
19 0.36222222222222 0.165625 0.12 0.05125