19 0.62439024390244 0.5109756097561 0.073170731707317 0.05609756097561
19 0.38780487804878 0.6 0.073170731707317 0.073170731707317
19 0.5219512195122 0.54146341463415 0.078048780487805 0.063414634146341
19 0.060975609756098 0.67439024390244 0.082926829268293 0.085365853658537
19 0.47317073170732 0.43292682926829 0.053658536585366 0.05609756097561
19 0.24634146341463 0.48170731707317 0.063414634146341 0.060975609756098
19 0.68536585365854 0.42073170731707 0.063414634146341 0.051219512195122
19 0.17560975609756 0.61707317073171 0.08780487804878 0.078048780487805
19 0.95609756097561 0.20975609756098 0.039024390243902 0.039024390243902
19 0.28048780487805 0.77560975609756 0.082926829268293 0.08780487804878
19 0.19024390243902 0.70609756097561 0.073170731707317 0.060975609756098
19 0.79146341463415 0.46951219512195 0.05609756097561 0.046341463414634
19 0.78414634146341 0.41707317073171 0.046341463414634 0.04390243902439
19 0.4390243902439 0.67073170731707 0.10243902439024 0.082926829268293
19 0.39268292682927 0.4890243902439 0.092682926829268 0.090243902439024
19 0.32439024390244 0.6609756097561 0.092682926829268 0.082926829268293
19 0.39878048780488 0.75365853658537 0.10487804878049 0.08780487804878
19 0.54756097560976 0.62073170731707 0.095121951219512 0.085365853658537
19 0.89634146341463 0.34146341463415 0.041463414634146 0.048780487804878
19 0.46585365853659 0.5609756097561 0.092682926829268 0.082926829268293
19 0.90121951219512 0.35487804878049 0.046341463414634 0.041463414634146
19 0.29390243902439 0.56219512195122 0.095121951219512 0.080487804878049
19 0.7219512195122 0.45487804878049 0.048780487804878 0.046341463414634
19 0.85243902439024 0.43170731707317 0.046341463414634 0.04390243902439
19 0.75 0.37926829268293 0.051219512195122 0.051219512195122
19 0.53414634146341 0.47682926829268 0.063414634146341 0.051219512195122
19 0.91219512195122 0.26341463414634 0.048780487804878 0.04390243902439
19 0.88414634146341 0.31219512195122 0.041463414634146 0.039024390243902
19 0.61463414634146 0.45487804878049 0.058536585365854 0.05609756097561
19 0.72317073170732 0.50853658536585 0.051219512195122 0.046341463414634
19 0.83048780487805 0.3780487804878 0.046341463414634 0.04390243902439
19 0.54146341463415 0.42926829268293 0.073170731707317 0.053658536585366