19 0.66573033707865 0.52125 0.12921348314607 0.025
19 0.63014981273408 0.573125 0.11048689138577 0.02125
19 0.50280898876404 0.6625 0.14419475655431 0.02
19 0.73314606741573 0.399375 0.14419475655431 0.01875
19 0.39700374531835 0.76 0.11985018726592 0.015
19 0.81835205992509 0.285 0.16479400749064 0.035
19 0.7125468164794 0.495625 0.12546816479401 0.01875
19 0.76498127340824 0.3575 0.15168539325843 0.025
19 0.7312734082397 0.451875 0.13295880149813 0.02125
19 0.44475655430712 0.685 0.13670411985019 0.02
19 0.42228464419476 0.729375 0.12921348314607 0.01625
19 0.56554307116105 0.613125 0.1498127340824 0.01375