1 0.178125 0.18425925925926 0.059375 0.062962962962963
52 0.10807291666667 0.78194444444444 0.0484375 0.058333333333333
1 0.13411458333333 0.16805555555556 0.0421875 0.043518518518519
1 0.27578125 0.11111111111111 0.038020833333333 0.040740740740741
52 0.011979166666667 0.86666666666667 0.021875 0.025925925925926
52 0.1125 0.89351851851852 0.021875 0.024074074074074
54 0.25651041666667 0.27175925925926 0.3046875 0.40833333333333
54 0.22447916666667 0.22175925925926 0.38541666666667 0.41388888888889
52 0.10651041666667 0.78333333333333 0.052604166666667 0.064814814814815
1 0.178125 0.1837962962963 0.064583333333333 0.076851851851852
1 0.27630208333333 0.11157407407407 0.043229166666667 0.049074074074074
1 0.13645833333333 0.16898148148148 0.038541666666667 0.049074074074074
1 0.2125 0.14166666666667 0.039583333333333 0.042592592592593
52 0.01171875 0.86666666666667 0.022395833333333 0.025925925925926
52 0.11223958333333 0.89398148148148 0.022395833333333 0.025