54 0.23463541666667 0.22268518518519 0.35989583333333 0.40277777777778
54 0.2015625 0.20324074074074 0.052083333333333 0.060185185185185
52 0.13229166666667 0.78611111111111 0.05 0.055555555555556
54 0.29583333333333 0.12175925925926 0.039583333333333 0.041666666666667
54 0.16119791666667 0.18888888888889 0.043229166666667 0.048148148148148
52 0.13723958333333 0.89537037037037 0.0203125 0.02037037037037
1 0.20182291666667 0.2037037037037 0.0546875 0.059259259259259
54 0.240625 0.22175925925926 0.34583333333333 0.39351851851852
52 0.13203125 0.78657407407407 0.047395833333333 0.05462962962963
1 0.23802083333333 0.15925925925926 0.045833333333333 0.048148148148148
1 0.16171875 0.18888888888889 0.043229166666667 0.048148148148148
52 0.13723958333333 0.89537037037037 0.019270833333333 0.02037037037037
1 0.2953125 0.12222222222222 0.041666666666667 0.042592592592593
54 0.25104166666667 0.24490740740741 0.275 0.46759259259259
54 0.24114583333333 0.18796296296296 0.25625 0.27037037037037