34 0.75677083333333 0.60833333333333 0.12291666666667 0.11296296296296
54 0.159375 0.16435185185185 0.31770833333333 0.3287037037037
52 0.046614583333333 0.79537037037037 0.0671875 0.07962962962963
52 0.0484375 0.90787037037037 0.025 0.026851851851852
1 0.22135416666667 0.088425925925926 0.046875 0.056481481481481
1 0.11510416666667 0.15231481481481 0.04375 0.05462962962963
54 0.15911458333333 0.18796296296296 0.3015625 0.37592592592593
34 0.75651041666667 0.60787037037037 0.11197916666667 0.099074074074074
1 0.11432291666667 0.15138888888889 0.044270833333333 0.05462962962963
52 0.0484375 0.90787037037037 0.023958333333333 0.025
1 0.22317708333333 0.088888888888889 0.043229166666667 0.053703703703704
54 0.16276041666667 0.22314814814815 0.28385416666667 0.39074074074074
54 0.15989583333333 0.19027777777778 0.309375 0.38055555555556