52 0.103125 0.7162037037037 0.040625 0.047222222222222
52 0.11848958333333 0.78564814814815 0.0484375 0.056481481481481
1 0.14557291666667 0.17777777777778 0.0390625 0.040740740740741
52 0.1234375 0.89490740740741 0.020833333333333 0.021296296296296
54 0.27109375 0.25185185185185 0.31197916666667 0.48518518518519
54 0.215625 0.21851851851852 0.384375 0.41481481481481
54 0.18932291666667 0.19444444444444 0.058854166666667 0.066666666666667
52 0.11770833333333 0.78472222222222 0.044791666666667 0.056481481481481
54 0.146875 0.17824074074074 0.038541666666667 0.04537037037037
54 0.284375 0.11712962962963 0.038541666666667 0.043518518518519
52 0.12369791666667 0.89537037037037 0.0203125 0.022222222222222
54 0.22213541666667 0.22083333333333 0.4046875 0.41574074074074