35 0.6609375 0.85555555555556 0.103125 0.15
35 0.2296875 0.081944444444444 0.06875 0.11388888888889
33 0.753125 0.6375 0.053125 0.097222222222222
33 0.8609375 0.30833333333333 0.040625 0.055555555555556
35 0.228125 0.080555555555556 0.06875 0.12222222222222
35 0.6609375 0.85416666666667 0.115625 0.14722222222222
35 0.75234375 0.64027777777778 0.0578125 0.10277777777778
33 0.86015625 0.30833333333333 0.0421875 0.055555555555556
35 0.6625 0.85555555555556 0.115625 0.15
35 0.2296875 0.081944444444444 0.075 0.11388888888889
35 0.753125 0.63888888888889 0.05625 0.1
35 0.8609375 0.30833333333333 0.040625 0.061111111111111