33 0.28984375 0.25416666666667 0.2171875 0.24166666666667
36 0.86484375 0.56111111111111 0.0765625 0.12222222222222
33 0.61953125 0.37083333333333 0.0890625 0.13055555555556
33 0.44140625 0.87222222222222 0.1671875 0.24444444444444
33 0.76953125 0.46944444444444 0.1234375 0.17777777777778
33 0.29609375 0.85972222222222 0.0796875 0.10833333333333
35 0.44921875 0.87361111111111 0.1953125 0.24722222222222
35 0.303125 0.25 0.21875 0.25555555555556
35 0.77421875 0.46944444444444 0.1328125 0.16666666666667
35 0.24375 0.3 0.11875 0.14444444444444
35 0.6203125 0.37083333333333 0.09375 0.13611111111111
35 0.86484375 0.56111111111111 0.0734375 0.12777777777778
35 0.30546875 0.86111111111111 0.0484375 0.066666666666667
35 0.30703125 0.25138888888889 0.2015625 0.24166666666667
35 0.7734375 0.46666666666667 0.128125 0.16666666666667
35 0.44765625 0.87083333333333 0.1828125 0.25277777777778
35 0.24296875 0.30138888888889 0.1203125 0.14166666666667
35 0.8640625 0.56111111111111 0.06875 0.12777777777778
35 0.30625 0.8625 0.046875 0.069444444444444
35 0.6203125 0.36944444444444 0.090625 0.13888888888889