19 0.4125 0.10717592592593 0.049479166666667 0.035648148148148
19 0.673828125 0.057175925925926 0.03203125 0.031018518518519
55 0.66901041666667 0.13796296296296 0.11614583333333 0.069444444444444
55 0.377734375 0.36388888888889 0.11380208333333 0.055555555555556
55 0.475390625 0.8787037037037 0.14765625 0.041666666666667
55 0.46302083333333 0.88194444444444 0.1625 0.05462962962963
55 0.38723958333333 0.36550925925926 0.109375 0.056018518518519
55 0.67291666666667 0.13194444444444 0.121875 0.064814814814815
55 0.6453125 0.60671296296296 0.14010416666667 0.046759259259259
19 0.67825520833333 0.055324074074074 0.02890625 0.027314814814815
19 0.487890625 0.8162037037037 0.012239583333333 0.010185185185185