10 0.27395833333333 0.13240740740741 0.030208333333333 0.048148148148148
10 0.29036458333333 0.13333333333333 0.0296875 0.046296296296296
10 0.30390625 0.086111111111111 0.036979166666667 0.035185185185185
10 0.39036458333333 0.20555555555556 0.0265625 0.042592592592593
10 0.18307291666667 0.19259259259259 0.024479166666667 0.042592592592593
10 0.22838541666667 0.13888888888889 0.025520833333333 0.038888888888889
10 0.28203125 0.088425925925926 0.0234375 0.041666666666667
10 0.17604166666667 0.14537037037037 0.022916666666667 0.042592592592593
10 0.16484375 0.20648148148148 0.022395833333333 0.040740740740741
10 0.18125 0.083333333333333 0.021875 0.040740740740741
8 0.48854166666667 0.42453703703704 0.10729166666667 0.13981481481481
8 0.48958333333333 0.42685185185185 0.1125 0.13888888888889