52 0.78229166666667 0.26759259259259 0.023958333333333 0.040740740740741
52 0.5265625 0.34166666666667 0.016666666666667 0.027777777777778
52 0.175 0.35231481481481 0.017708333333333 0.028703703703704
52 0.78671875 0.30416666666667 0.019270833333333 0.034259259259259
52 0.19088541666667 0.19259259259259 0.021354166666667 0.033333333333333
52 0.85989583333333 0.23518518518519 0.019791666666667 0.033333333333333
52 0.896875 0.19212962962963 0.053125 0.093518518518519
52 0.4453125 0.36898148148148 0.017708333333333 0.026851851851852
52 0.75963541666667 0.11296296296296 0.022395833333333 0.035185185185185
52 0.8484375 0.31388888888889 0.015625 0.025925925925926
52 0.66666666666667 0.16990740740741 0.015625 0.025
52 0.12109375 0.41898148148148 0.015104166666667 0.026851851851852
52 0.1765625 0.18333333333333 0.017708333333333 0.027777777777778
52 0.47552083333333 0.19768518518519 0.027083333333333 0.04537037037037
52 0.86171875 0.35277777777778 0.0203125 0.037037037037037
52 0.64635416666667 0.38935185185185 0.016666666666667 0.028703703703704
52 0.16067708333333 0.22824074074074 0.021354166666667 0.036111111111111
52 0.42916666666667 0.051388888888889 0.029166666666667 0.049074074074074
52 0.30807291666667 0.084259259259259 0.0265625 0.046296296296296
52 0.54375 0.29814814814815 0.017708333333333 0.02962962962963
52 0.98697916666667 0.3587962962963 0.020833333333333 0.037962962962963
52 0.090885416666667 0.16666666666667 0.041145833333333 0.07037037037037
52 0.021875 0.26898148148148 0.0125 0.023148148148148
52 0.75989583333333 0.34583333333333 0.016666666666667 0.032407407407407
52 0.66536458333333 0.35694444444444 0.0203125 0.036111111111111
52 0.039322916666667 0.26666666666667 0.0098958333333333 0.016666666666667
52 0.1796875 0.22916666666667 0.017708333333333 0.026851851851852
52 0.028385416666667 0.23472222222222 0.0203125 0.030555555555556
52 0.79765625 0.14675925925926 0.0203125 0.032407407407407
52 0.91588541666667 0.23472222222222 0.013020833333333 0.021296296296296
52 0.63645833333333 0.05462962962963 0.022916666666667 0.037037037037037
52 0.95572916666667 0.29814814814815 0.01875 0.033333333333333
52 0.23619791666667 0.0092592592592593 0.0140625 0.018518518518519
52 0.96380208333333 0.37268518518519 0.015104166666667 0.028703703703704
52 0.67005208333333 0.036574074074074 0.033854166666667 0.056481481481481
52 0.63046875 0.3625 0.0140625 0.025
52 0.740625 0.3125 0.013541666666667 0.023148148148148
52 0.98046875 0.27037037037037 0.016145833333333 0.02962962962963
52 0.48411458333333 0.23518518518519 0.018229166666667 0.02962962962963
52 0.68385416666667 0.1662037037037 0.017708333333333 0.028703703703704
52 0.49817708333333 0.2037037037037 0.0359375 0.062962962962963
52 0.81510416666667 0.43981481481481 0.015625 0.02962962962963
52 0.63203125 0.099074074074074 0.0265625 0.046296296296296
52 0.9390625 0.074074074074074 0.020833333333333 0.033333333333333
52 0.92057291666667 0.27083333333333 0.016145833333333 0.028703703703704
52 0.2796875 0.058333333333333 0.017708333333333 0.027777777777778
52 0.54973958333333 0.5125 0.046354166666667 0.080555555555556
52 0.98151041666667 0.012962962962963 0.019270833333333 0.025925925925926
52 0.011197916666667 0.18009259259259 0.015104166666667 0.026851851851852
52 0.7625 0.30231481481481 0.021875 0.037962962962963
52 0.43411458333333 0.36435185185185 0.015104166666667 0.025
52 0.50416666666667 0.38796296296296 0.015625 0.025925925925926
52 0.9359375 0.32916666666667 0.023958333333333 0.043518518518519
52 0.11458333333333 0.32916666666667 0.015625 0.023148148148148
52 0.22057291666667 0.10555555555556 0.0203125 0.031481481481481
52 0.52213541666667 0.1 0.019270833333333 0.031481481481481
52 0.13255208333333 0.022685185185185 0.015104166666667 0.021296296296296
52 0.72291666666667 0.026388888888889 0.051041666666667 0.052777777777778
52 0.071354166666667 0.10092592592593 0.020833333333333 0.035185185185185
52 0.87421875 0.30833333333333 0.016145833333333 0.027777777777778
52 0.45755208333333 0.17824074074074 0.022395833333333 0.037962962962963
52 0.027864583333333 0.15277777777778 0.0140625 0.022222222222222
52 0.78125 0.091203703703704 0.019791666666667 0.032407407407407
52 0.23567708333333 0.35046296296296 0.0140625 0.025
52 0.32578125 0.39398148148148 0.016145833333333 0.030555555555556
52 0.11666666666667 0.066203703703704 0.025 0.041666666666667
52 0.23151041666667 0.31018518518519 0.0265625 0.053703703703704
52 0.29010416666667 0.36712962962963 0.017708333333333 0.032407407407407
52 0.0052083333333333 0.30601851851852 0.010416666666667 0.021296296296296
52 0.96041666666667 0.34490740740741 0.015625 0.026851851851852
52 0.67369791666667 0.23518518518519 0.0171875 0.027777777777778
52 0.41223958333333 0.40092592592593 0.0140625 0.024074074074074
52 0.97604166666667 0.060185185185185 0.034375 0.061111111111111
52 0.42473958333333 0.033333333333333 0.0390625 0.066666666666667
52 0.24348958333333 0.2162037037037 0.021354166666667 0.036111111111111
52 0.15885416666667 0.23981481481481 0.020833333333333 0.037037037037037
52 0.19114583333333 0.26574074074074 0.03125 0.055555555555556
52 0.89296875 0.11481481481481 0.021354166666667 0.033333333333333
52 0.59296875 0.24259259259259 0.019270833333333 0.033333333333333
52 0.57265625 0.028240740740741 0.021354166666667 0.030555555555556
52 0.80416666666667 0.24305555555556 0.01875 0.032407407407407
52 0.3328125 0.087037037037037 0.023958333333333 0.040740740740741
52 0.73932291666667 0.10601851851852 0.0421875 0.069444444444444
52 0.59609375 0.20694444444444 0.019270833333333 0.032407407407407
52 0.22760416666667 0.18935185185185 0.01875 0.028703703703704
52 0.97942708333333 0.23194444444444 0.0234375 0.043518518518519
52 0.61588541666667 0.11990740740741 0.0203125 0.034259259259259
52 0.036979166666667 0.30277777777778 0.014583333333333 0.024074074074074
52 0.88567708333333 0.29166666666667 0.013020833333333 0.022222222222222
52 0.790625 0.3712962962963 0.01875 0.02962962962963
52 0.6484375 0.16342592592593 0.01875 0.030555555555556
52 0.13333333333333 0.27592592592593 0.017708333333333 0.02962962962963
52 0.55338541666667 0.34074074074074 0.015104166666667 0.025925925925926
52 0.70546875 0.2587962962963 0.016145833333333 0.026851851851852
52 0.19635416666667 0.38981481481481 0.016666666666667 0.02962962962963
52 0.57369791666667 0.22314814814815 0.018229166666667 0.02962962962963
52 0.62317708333333 0.14675925925926 0.015104166666667 0.023148148148148
52 0.24557291666667 0.27685185185185 0.018229166666667 0.02962962962963
52 0.90963541666667 0.31990740740741 0.0109375 0.019444444444444
52 0.25026041666667 0.17638888888889 0.0234375 0.041666666666667
52 0.11979166666667 0.17916666666667 0.01875 0.030555555555556
52 0.81666666666667 0.20277777777778 0.013541666666667 0.024074074074074
52 0.64973958333333 0.33611111111111 0.0171875 0.025925925925926
52 0.78619791666667 0.21574074074074 0.049479166666667 0.087037037037037
52 0.603125 0.3875 0.015625 0.026851851851852
52 0.48255208333333 0.32268518518519 0.0234375 0.039814814814815
52 0.55182291666667 0.23842592592593 0.0140625 0.023148148148148
52 0.26015625 0.036111111111111 0.0328125 0.051851851851852
52 0.30651041666667 0.15833333333333 0.019270833333333 0.031481481481481
52 0.46380208333333 0.18611111111111 0.031770833333333 0.048148148148148
52 0.0059895833333333 0.23333333333333 0.011979166666667 0.033333333333333
52 0.84427083333333 0.025462962962963 0.029166666666667 0.04537037037037
52 0.061197916666667 0.14814814814815 0.0234375 0.038888888888889
52 0.2453125 0.052777777777778 0.030208333333333 0.05
52 0.56223958333333 0.38796296296296 0.043229166666667 0.07962962962963
52 0.68072916666667 0.14398148148148 0.021875 0.036111111111111
52 0.093229166666667 0.37777777777778 0.014583333333333 0.024074074074074
52 0.53046875 0.39490740740741 0.0171875 0.025
52 0.078125 0.32037037037037 0.036458333333333 0.059259259259259
52 0.59973958333333 0.075925925925926 0.018229166666667 0.027777777777778
52 0.72760416666667 0.31666666666667 0.015625 0.022222222222222
52 0.8171875 0.12407407407407 0.01875 0.02962962962963
52 0.253125 0.39907407407407 0.013541666666667 0.022222222222222
52 0.72161458333333 0.16851851851852 0.022395833333333 0.038888888888889
52 0.23541666666667 0.24074074074074 0.015625 0.025925925925926
52 0.82682291666667 0.36157407407407 0.015104166666667 0.026851851851852
52 0.92786458333333 0.4375 0.016145833333333 0.026851851851852
52 0.14557291666667 0.097222222222222 0.0484375 0.083333333333333