52 0.27604166666667 0.5087962962963 0.016666666666667 0.026851851851852
52 0.80338541666667 0.95833333333333 0.024479166666667 0.038888888888889
52 0.93541666666667 0.35231481481481 0.01875 0.032407407407407
52 0.047395833333333 0.47314814814815 0.016666666666667 0.025925925925926
52 0.53567708333333 0.52638888888889 0.018229166666667 0.030555555555556
52 0.37317708333333 0.34722222222222 0.019270833333333 0.031481481481481
52 0.40520833333333 0.082407407407407 0.016666666666667 0.025925925925926
52 0.3765625 0.019444444444444 0.016666666666667 0.024074074074074
52 0.086197916666667 0.71157407407407 0.015104166666667 0.025
52 0.30807291666667 0.27037037037037 0.027604166666667 0.046296296296296
52 0.68125 0.64768518518519 0.026041666666667 0.041666666666667
52 0.51875 0.80648148148148 0.015625 0.024074074074074
52 0.6828125 0.10833333333333 0.015625 0.025925925925926
52 0.72760416666667 0.38703703703704 0.017708333333333 0.02962962962963
52 0.8734375 0.2962962962963 0.020833333333333 0.035185185185185
52 0.3 0.5662037037037 0.026041666666667 0.04537037037037
52 0.38515625 0.13981481481481 0.022395833333333 0.037037037037037
52 0.94791666666667 0.31944444444444 0.015625 0.02962962962963
52 0.77578125 0.45277777777778 0.027604166666667 0.05
52 0.90338541666667 0.90092592592593 0.0171875 0.027777777777778
52 0.57890625 0.51064814814815 0.0171875 0.030555555555556
52 0.86354166666667 0.82407407407407 0.021875 0.035185185185185
52 0.07578125 0.80509259259259 0.0171875 0.028703703703704
52 0.76067708333333 0.94953703703704 0.019270833333333 0.030555555555556
52 0.42838541666667 0.53240740740741 0.019270833333333 0.035185185185185
52 0.784375 0.7912037037037 0.033333333333333 0.056481481481481
52 0.9859375 0.38564814814815 0.022916666666667 0.04537037037037
52 0.64661458333333 0.87546296296296 0.015104166666667 0.023148148148148
52 0.70911458333333 0.41157407407407 0.015104166666667 0.026851851851852
52 0.30963541666667 0.32407407407407 0.016145833333333 0.025925925925926
52 0.54010416666667 0.019444444444444 0.015625 0.024074074074074
52 0.69557291666667 0.76944444444444 0.044270833333333 0.075925925925926
52 0.30703125 0.11527777777778 0.021354166666667 0.032407407407407
52 0.49348958333333 0.55555555555556 0.0171875 0.027777777777778
52 0.078125 0.97222222222222 0.016666666666667 0.025925925925926
52 0.78229166666667 0.86759259259259 0.021875 0.037037037037037
52 0.45625 0.73888888888889 0.020833333333333 0.033333333333333
52 0.10234375 0.92731481481481 0.036979166666667 0.062037037037037
52 0.46432291666667 0.73472222222222 0.0234375 0.032407407407407
52 0.85729166666667 0.83472222222222 0.021875 0.036111111111111
52 0.57734375 0.72361111111111 0.016145833333333 0.023148148148148
52 0.21223958333333 0.080555555555556 0.018229166666667 0.025925925925926
52 0.353125 0.14074074074074 0.027083333333333 0.044444444444444
52 0.70963541666667 0.54537037037037 0.018229166666667 0.031481481481481
52 0.865625 0.86759259259259 0.027083333333333 0.046296296296296
52 0.52708333333333 0.63009259259259 0.015625 0.025
52 0.65416666666667 0.52824074074074 0.017708333333333 0.030555555555556
52 0.37291666666667 0.83425925925926 0.026041666666667 0.044444444444444
52 0.85286458333333 0.34490740740741 0.019270833333333 0.034259259259259
52 0.37473958333333 0.62916666666667 0.015104166666667 0.025
52 0.62786458333333 0.4712962962963 0.024479166666667 0.046296296296296
52 0.56380208333333 0.31712962962963 0.027604166666667 0.050925925925926
52 0.59348958333333 0.7375 0.016145833333333 0.025
52 0.78125 0.53472222222222 0.015625 0.026851851851852
52 0.60625 0.50509259259259 0.015625 0.026851851851852
52 0.58567708333333 0.92731481481481 0.016145833333333 0.025
52 0.42161458333333 0.23981481481481 0.0203125 0.02962962962963
52 0.12213541666667 0.65231481481481 0.015104166666667 0.025
52 0.88645833333333 0.72824074074074 0.01875 0.030555555555556
52 0.46901041666667 0.026851851851852 0.024479166666667 0.042592592592593
52 0.43723958333333 0.96712962962963 0.050520833333333 0.065740740740741
52 0.9234375 0.62638888888889 0.01875 0.030555555555556
52 0.12421875 0.28240740740741 0.015104166666667 0.024074074074074
52 0.225 0.13194444444444 0.01875 0.028703703703704
52 0.8671875 0.72731481481481 0.035416666666667 0.058333333333333
52 0.50130208333333 0.31805555555556 0.021354166666667 0.037962962962963
52 0.98046875 0.79305555555556 0.021354166666667 0.037962962962963
52 0.30520833333333 0.41944444444444 0.016666666666667 0.027777777777778
52 0.39505208333333 0.58148148148148 0.015104166666667 0.025925925925926