52 0.09609375 0.14212962962963 0.0109375 0.017592592592593
52 0.22083333333333 0.38888888888889 0.011458333333333 0.016666666666667
52 0.02109375 0.27268518518519 0.011979166666667 0.017592592592593
52 0.2203125 0.42592592592593 0.011458333333333 0.018518518518519
52 0.94166666666667 0.325 0.0125 0.02037037037037
52 0.16015625 0.55 0.0140625 0.024074074074074
52 0.027864583333333 0.23657407407407 0.0098958333333333 0.015740740740741
52 0.81953125 0.57962962962963 0.0171875 0.02962962962963
52 0.18567708333333 0.24351851851852 0.0109375 0.018518518518519
52 0.95546875 0.18194444444444 0.0109375 0.015740740740741
52 0.98046875 0.45231481481481 0.013020833333333 0.023148148148148
52 0.95104166666667 0.089814814814815 0.016666666666667 0.025925925925926
52 0.13958333333333 0.76944444444444 0.017708333333333 0.02962962962963
52 0.12916666666667 0.36435185185185 0.010416666666667 0.015740740740741
52 0.7765625 0.53472222222222 0.01875 0.032407407407407
52 0.052083333333333 0.1412037037037 0.011458333333333 0.017592592592593
52 0.90234375 0.12962962962963 0.015104166666667 0.024074074074074
52 0.24088541666667 0.24351851851852 0.011979166666667 0.02037037037037
52 0.184375 0.76018518518519 0.015625 0.025925925925926
52 0.10833333333333 0.97916666666667 0.030208333333333 0.041666666666667
52 0.11223958333333 0.65462962962963 0.0203125 0.033333333333333
52 0.10234375 0.19027777777778 0.0109375 0.015740740740741
52 0.18619791666667 0.95648148148148 0.024479166666667 0.042592592592593
52 0.46822916666667 0.84212962962963 0.069791666666667 0.11203703703704
52 0.90807291666667 0.40648148148148 0.011979166666667 0.02037037037037
52 0.46901041666667 0.65231481481481 0.0140625 0.023148148148148
52 0.43125 0.96666666666667 0.052083333333333 0.066666666666667
52 0.11484375 0.43518518518519 0.0109375 0.016666666666667
52 0.21041666666667 0.51712962962963 0.010416666666667 0.017592592592593
52 0.086979166666667 0.018055555555556 0.014583333333333 0.021296296296296
52 0.92786458333333 0.081481481481481 0.011979166666667 0.016666666666667
52 0.3125 0.40555555555556 0.011458333333333 0.018518518518519
52 0.85078125 0.14305555555556 0.027604166666667 0.047222222222222
52 0.87760416666667 0.0375 0.010416666666667 0.015740740740741
52 0.13645833333333 0.45277777777778 0.010416666666667 0.016666666666667
52 0.28072916666667 0.24444444444444 0.01875 0.031481481481481
52 0.052083333333333 0.58055555555556 0.014583333333333 0.024074074074074
52 0.37942708333333 0.6375 0.0109375 0.019444444444444
52 0.19166666666667 0.64074074074074 0.014583333333333 0.024074074074074
52 0.94869791666667 0.14444444444444 0.016145833333333 0.025925925925926
52 0.13333333333333 0.18101851851852 0.010416666666667 0.015740740740741
52 0.27005208333333 0.70231481481481 0.031770833333333 0.056481481481481
52 0.28541666666667 0.61018518518519 0.03125 0.061111111111111
52 0.66484375 0.65694444444444 0.0203125 0.034259259259259
52 0.93463541666667 0.20324074074074 0.015104166666667 0.023148148148148
52 0.91588541666667 0.51805555555556 0.016145833333333 0.026851851851852
52 0.18020833333333 0.60925925925926 0.013541666666667 0.022222222222222
52 0.32838541666667 0.37407407407407 0.0328125 0.055555555555556
52 0.89401041666667 0.60694444444444 0.019270833333333 0.030555555555556
52 0.18203125 0.036111111111111 0.0171875 0.025925925925926
52 0.10729166666667 0.26712962962963 0.017708333333333 0.030555555555556
52 0.43255208333333 0.7587962962963 0.025520833333333 0.047222222222222
52 0.079947916666667 0.33287037037037 0.0109375 0.017592592592593
52 0.3859375 0.49027777777778 0.015625 0.026851851851852
52 0.96380208333333 0.044907407407407 0.0140625 0.021296296296296
52 0.82890625 0.10416666666667 0.022395833333333 0.036111111111111
52 0.11458333333333 0.38240740740741 0.011458333333333 0.018518518518519
52 0.38203125 0.98287037037037 0.0328125 0.034259259259259
52 0.9203125 0.20972222222222 0.014583333333333 0.021296296296296
52 0.45963541666667 0.53888888888889 0.016145833333333 0.02962962962963