52 0.21640625 0.4537037037037 0.025520833333333 0.042592592592593
52 0.060677083333333 0.21018518518519 0.015104166666667 0.024074074074074
52 0.027604166666667 0.32962962962963 0.014583333333333 0.024074074074074
52 0.18880208333333 0.47685185185185 0.0140625 0.024074074074074
52 0.46119791666667 0.37222222222222 0.0203125 0.033333333333333
52 0.10625 0.2875 0.015625 0.025
52 0.16328125 0.97731481481481 0.0359375 0.04537037037037
52 0.94088541666667 0.71712962962963 0.024479166666667 0.04537037037037
52 0.21692708333333 0.55509259259259 0.021354166666667 0.036111111111111
52 0.040625 0.18055555555556 0.010416666666667 0.016666666666667
52 0.090885416666667 0.32314814814815 0.013020833333333 0.02037037037037
52 0.92109375 0.18055555555556 0.011979166666667 0.02037037037037
52 0.0765625 0.3587962962963 0.0125 0.019444444444444
52 0.27682291666667 0.56759259259259 0.0171875 0.027777777777778
52 0.32864583333333 0.43888888888889 0.011458333333333 0.018518518518519
52 0.99036458333333 0.29027777777778 0.0140625 0.025
52 0.26666666666667 0.47314814814815 0.011458333333333 0.018518518518519
52 0.068229166666667 0.28055555555556 0.0125 0.02037037037037
52 0.18359375 0.23842592592593 0.0140625 0.023148148148148
52 0.37083333333333 0.66666666666667 0.014583333333333 0.024074074074074
52 0.9140625 0.26342592592593 0.014583333333333 0.025
52 0.1984375 0.16157407407407 0.014583333333333 0.023148148148148
52 0.19713541666667 0.12453703703704 0.0203125 0.030555555555556
52 0.12239583333333 0.8662037037037 0.082291666666667 0.15462962962963
52 0.16223958333333 0.25925925925926 0.011979166666667 0.02037037037037
52 0.953125 0.84675925925926 0.038541666666667 0.065740740740741
52 0.29635416666667 0.71342592592593 0.015625 0.025
52 0.3890625 0.25277777777778 0.021875 0.037037037037037
52 0.27734375 0.51805555555556 0.011979166666667 0.021296296296296
52 0.091666666666667 0.50138888888889 0.0125 0.021296296296296
52 0.33151041666667 0.49722222222222 0.015104166666667 0.025925925925926
52 0.27916666666667 0.3712962962963 0.011458333333333 0.018518518518519
52 0.070572916666667 0.32268518518519 0.013020833333333 0.019444444444444
52 0.08671875 0.16111111111111 0.011979166666667 0.018518518518519
52 0.14244791666667 0.17175925925926 0.011979166666667 0.017592592592593
52 0.92447916666667 0.084722222222222 0.013541666666667 0.021296296296296
52 0.29817708333333 0.19027777777778 0.015104166666667 0.025
52 0.89505208333333 0.071759259259259 0.0109375 0.019444444444444
52 0.67526041666667 0.94675925925926 0.0203125 0.030555555555556
52 0.18385416666667 0.50648148148148 0.014583333333333 0.024074074074074
52 0.26015625 0.40972222222222 0.011979166666667 0.021296296296296
52 0.82578125 0.041666666666667 0.0171875 0.025925925925926
52 0.054427083333333 0.17222222222222 0.015104166666667 0.02037037037037
52 0.89010416666667 0.20324074074074 0.014583333333333 0.023148148148148
52 0.14947916666667 0.76944444444444 0.026041666666667 0.044444444444444
52 0.88984375 0.15740740740741 0.011979166666667 0.018518518518519
52 0.28697916666667 0.6162037037037 0.010416666666667 0.017592592592593