52 0.58880208333333 0.58564814814815 0.0546875 0.099074074074074
52 0.50755208333333 0.66342592592593 0.0296875 0.052777777777778
52 0.6015625 0.2712962962963 0.014583333333333 0.024074074074074
52 0.90390625 0.63009259259259 0.036979166666667 0.065740740740741
52 0.46432291666667 0.15601851851852 0.016145833333333 0.025
52 0.45885416666667 0.60416666666667 0.055208333333333 0.099074074074074
52 0.69401041666667 0.72037037037037 0.031770833333333 0.055555555555556
52 0.91328125 0.47824074074074 0.058854166666667 0.11018518518519
52 0.80520833333333 0.20833333333333 0.08125 0.14259259259259
52 0.69114583333333 0.25740740740741 0.019791666666667 0.031481481481481
52 0.55416666666667 0.58148148148148 0.065625 0.12222222222222
52 0.25755208333333 0.29074074074074 0.0734375 0.13148148148148
52 0.72942708333333 0.36805555555556 0.016145833333333 0.023148148148148
52 0.41041666666667 0.36481481481481 0.025 0.042592592592593
52 0.37708333333333 0.57268518518519 0.071875 0.14351851851852
52 0.43411458333333 0.39351851851852 0.0796875 0.14814814814815
52 0.29739583333333 0.24305555555556 0.016666666666667 0.026851851851852
52 0.325 0.58472222222222 0.075 0.14722222222222
52 0.89895833333333 0.040740740740741 0.079166666666667 0.081481481481481
52 0.83567708333333 0.69212962962963 0.053645833333333 0.091666666666667
52 0.64244791666667 0.73842592592593 0.0609375 0.10277777777778
52 0.66614583333333 0.59490740740741 0.014583333333333 0.023148148148148
52 0.86614583333333 0.51990740740741 0.060416666666667 0.10462962962963
52 0.81510416666667 0.38703703703704 0.075 0.13518518518519
52 0.13151041666667 0.51990740740741 0.0421875 0.075
52 0.047395833333333 0.35092592592593 0.05 0.087037037037037
52 0.58072916666667 0.059722222222222 0.11875 0.11944444444444
52 0.82161458333333 0.12962962962963 0.021354166666667 0.031481481481481
52 0.5515625 0.38240740740741 0.09375 0.18703703703704
52 0.74479166666667 0.15972222222222 0.016666666666667 0.025
52 0.76041666666667 0.52685185185185 0.019791666666667 0.031481481481481
52 0.8140625 0.61435185185185 0.033333333333333 0.058333333333333