52 0.051302083333333 0.028240740740741 0.036979166666667 0.056481481481481
52 0.5203125 0.31388888888889 0.016666666666667 0.027777777777778
52 0.28307291666667 0.6125 0.016145833333333 0.025
52 0.68098958333333 0.66481481481481 0.016145833333333 0.025925925925926
52 0.70572916666667 0.27916666666667 0.011458333333333 0.017592592592593
52 0.48255208333333 0.28287037037037 0.0109375 0.017592592592593
52 0.85026041666667 0.64259259259259 0.0088541666666667 0.014814814814815
52 0.9296875 0.45092592592593 0.0125 0.02037037037037
52 0.7234375 0.63935185185185 0.013541666666667 0.023148148148148
52 0.32369791666667 0.29907407407407 0.015104166666667 0.024074074074074
52 0.56770833333333 0.57638888888889 0.011458333333333 0.019444444444444
52 0.55338541666667 0.065740740740741 0.011979166666667 0.018518518518519
52 0.9671875 0.34537037037037 0.011458333333333 0.018518518518519
52 0.640625 0.93333333333333 0.010416666666667 0.018518518518519
52 0.46432291666667 0.082407407407407 0.0171875 0.025925925925926
52 0.38828125 0.34583333333333 0.0109375 0.017592592592593
52 0.49505208333333 0.38564814814815 0.011979166666667 0.017592592592593
52 0.6484375 0.22361111111111 0.017708333333333 0.028703703703704
52 0.62552083333333 0.32685185185185 0.013541666666667 0.022222222222222
52 0.60833333333333 0.38009259259259 0.009375 0.015740740740741
52 0.45442708333333 0.56898148148148 0.0109375 0.017592592592593
52 0.85729166666667 0.69027777777778 0.014583333333333 0.023148148148148
52 0.67578125 0.95277777777778 0.015104166666667 0.022222222222222
52 0.12369791666667 0.61388888888889 0.013020833333333 0.02037037037037
52 0.83255208333333 0.32268518518519 0.015104166666667 0.023148148148148
52 0.44765625 0.82731481481481 0.0140625 0.021296296296296
52 0.64635416666667 0.50231481481481 0.0125 0.021296296296296
52 0.534375 0.19907407407407 0.013541666666667 0.02037037037037
52 0.95807291666667 0.38148148148148 0.011979166666667 0.02037037037037
52 0.15572916666667 0.21990740740741 0.015625 0.025
52 0.24479166666667 0.39768518518519 0.014583333333333 0.023148148148148
52 0.69921875 0.425 0.013020833333333 0.024074074074074
52 0.44869791666667 0.6462962962963 0.0171875 0.025925925925926
52 0.29661458333333 0.32222222222222 0.013020833333333 0.02037037037037
52 0.86927083333333 0.86898148148148 0.047916666666667 0.075
52 0.79036458333333 0.60231481481481 0.0088541666666667 0.013888888888889
52 0.40807291666667 0.65 0.0265625 0.048148148148148
52 0.96692708333333 0.58101851851852 0.011979166666667 0.017592592592593
52 0.13697916666667 0.58564814814815 0.013541666666667 0.023148148148148
52 0.8375 0.55462962962963 0.040625 0.068518518518519
52 0.55234375 0.4587962962963 0.0088541666666667 0.015740740740741
52 0.88385416666667 0.23657407407407 0.015625 0.023148148148148
52 0.59609375 0.22962962962963 0.0109375 0.014814814814815
52 0.62734375 0.70462962962963 0.0109375 0.016666666666667
52 0.234375 0.49861111111111 0.013541666666667 0.021296296296296
52 0.64192708333333 0.53657407407407 0.011979166666667 0.019444444444444
52 0.20651041666667 0.19166666666667 0.0109375 0.016666666666667
52 0.34791666666667 0.93009259259259 0.014583333333333 0.021296296296296
52 0.10286458333333 0.21527777777778 0.0203125 0.032407407407407
52 0.29244791666667 0.66203703703704 0.011979166666667 0.018518518518519
52 0.9546875 0.68611111111111 0.010416666666667 0.016666666666667
52 0.228125 0.5787037037037 0.0125 0.02037037037037
52 0.59869791666667 0.55833333333333 0.0098958333333333 0.016666666666667
52 0.309375 0.10231481481481 0.013541666666667 0.019444444444444
52 0.62265625 0.21666666666667 0.0140625 0.022222222222222
52 0.43828125 0.93194444444444 0.0140625 0.021296296296296
52 0.28880208333333 0.25509259259259 0.0140625 0.023148148148148
52 0.67864583333333 0.49259259259259 0.011458333333333 0.018518518518519
52 0.80494791666667 0.5912037037037 0.016145833333333 0.019444444444444
52 0.21875 0.49166666666667 0.011458333333333 0.016666666666667
52 0.63020833333333 0.48148148148148 0.0125 0.02037037037037
52 0.67005208333333 0.83425925925926 0.015104166666667 0.024074074074074
52 0.65338541666667 0.42777777777778 0.0098958333333333 0.016666666666667
52 0.58151041666667 0.52361111111111 0.011979166666667 0.019444444444444
52 0.534375 0.1162037037037 0.021875 0.036111111111111
52 0.36822916666667 0.87083333333333 0.0125 0.015740740740741
52 0.32526041666667 0.58518518518519 0.0109375 0.018518518518519
52 0.67838541666667 0.4125 0.011979166666667 0.019444444444444
52 0.93541666666667 0.74583333333333 0.016666666666667 0.026851851851852
52 0.34791666666667 0.60185185185185 0.0125 0.02037037037037
52 0.69296875 0.016666666666667 0.011979166666667 0.014814814814815
52 0.79322916666667 0.65462962962963 0.0125 0.018518518518519
52 0.98359375 0.44722222222222 0.0098958333333333 0.018518518518519
52 0.83020833333333 0.7412037037037 0.01875 0.030555555555556
52 0.98307291666667 0.50092592592593 0.0098958333333333 0.018518518518519
52 0.40130208333333 0.47037037037037 0.0098958333333333 0.016666666666667
52 0.83411458333333 0.40462962962963 0.011979166666667 0.02037037037037
52 0.72395833333333 0.21574074074074 0.0125 0.02037037037037
52 0.67291666666667 0.54861111111111 0.011458333333333 0.019444444444444
52 0.87239583333333 0.45555555555556 0.014583333333333 0.025925925925926
52 0.92578125 0.58611111111111 0.0098958333333333 0.016666666666667
52 0.71536458333333 0.11064814814815 0.0109375 0.017592592592593
52 0.5671875 0.67083333333333 0.010416666666667 0.017592592592593
52 0.10078125 0.32268518518519 0.019270833333333 0.030555555555556
52 0.82786458333333 0.64490740740741 0.0109375 0.017592592592593
52 0.55338541666667 0.26064814814815 0.0098958333333333 0.015740740740741
52 0.27942708333333 0.56944444444444 0.021354166666667 0.033333333333333
52 0.59635416666667 0.05462962962963 0.017708333333333 0.025925925925926
52 0.98880208333333 0.60555555555556 0.011979166666667 0.024074074074074
52 0.42161458333333 0.52962962962963 0.0109375 0.018518518518519
52 0.59557291666667 0.66481481481481 0.0140625 0.024074074074074
52 0.5703125 0.72407407407407 0.011458333333333 0.018518518518519
52 0.42265625 0.57175925925926 0.011979166666667 0.021296296296296
52 0.66614583333333 0.17314814814815 0.0125 0.018518518518519
52 0.70546875 0.74907407407407 0.011979166666667 0.016666666666667
52 0.56223958333333 0.81851851851852 0.0109375 0.016666666666667
52 0.4328125 0.22824074074074 0.011458333333333 0.017592592592593
52 0.875 0.7537037037037 0.0125 0.02037037037037
52 0.60963541666667 0.44444444444444 0.011979166666667 0.02037037037037
52 0.48229166666667 0.40555555555556 0.011458333333333 0.018518518518519
52 0.38645833333333 0.88055555555556 0.014583333333333 0.022222222222222
52 0.83333333333333 0.47037037037037 0.010416666666667 0.018518518518519
52 0.81744791666667 0.55138888888889 0.0265625 0.049074074074074
52 0.71354166666667 0.17685185185185 0.013541666666667 0.022222222222222
52 0.63489583333333 0.27777777777778 0.011458333333333 0.018518518518519
52 0.56588541666667 0.17962962962963 0.0109375 0.016666666666667
52 0.56171875 0.28333333333333 0.0088541666666667 0.014814814814815
52 0.9625 0.54675925925926 0.03125 0.056481481481481
52 0.60026041666667 0.40462962962963 0.013020833333333 0.022222222222222
52 0.76484375 0.47777777777778 0.0109375 0.018518518518519
52 0.3890625 0.71435185185185 0.0125 0.019444444444444
52 0.54583333333333 0.19722222222222 0.0125 0.018518518518519
52 0.46484375 0.78703703703704 0.0109375 0.016666666666667
52 0.92760416666667 0.29537037037037 0.011458333333333 0.02037037037037
52 0.2453125 0.33425925925926 0.033333333333333 0.057407407407407
52 0.046614583333333 0.6837962962963 0.015104166666667 0.023148148148148
52 0.56041666666667 0.425 0.011458333333333 0.018518518518519
52 0.45260416666667 0.71574074074074 0.009375 0.016666666666667
52 0.45130208333333 0.80787037037037 0.0140625 0.021296296296296
52 0.62213541666667 0.58240740740741 0.013020833333333 0.02037037037037
52 0.71015625 0.33518518518519 0.0140625 0.024074074074074
52 0.02265625 0.63101851851852 0.016145833333333 0.028703703703704
52 0.10833333333333 0.82592592592593 0.021875 0.035185185185185
52 0.83776041666667 0.38101851851852 0.018229166666667 0.030555555555556
52 0.81744791666667 0.78009259259259 0.011979166666667 0.017592592592593
52 0.5234375 0.15694444444444 0.010416666666667 0.015740740740741
52 0.71380208333333 0.059722222222222 0.0109375 0.017592592592593
52 0.44947916666667 0.53240740740741 0.016666666666667 0.025925925925926
52 0.84270833333333 0.49953703703704 0.013541666666667 0.021296296296296
52 0.89427083333333 0.42083333333333 0.011458333333333 0.025
52 0.076302083333333 0.42361111111111 0.016145833333333 0.026851851851852
52 0.54505208333333 0.57268518518519 0.0171875 0.030555555555556
52 0.909375 0.64212962962963 0.015625 0.026851851851852
52 0.025 0.31759259259259 0.016666666666667 0.027777777777778
52 0.67994791666667 0.60416666666667 0.0098958333333333 0.015740740740741
52 0.53020833333333 0.39537037037037 0.01875 0.02962962962963
52 0.73619791666667 0.70833333333333 0.0088541666666667 0.014814814814815
52 0.64635416666667 0.63425925925926 0.013541666666667 0.022222222222222
52 0.37942708333333 0.47453703703704 0.0140625 0.023148148148148
52 0.54609375 0.4337962962963 0.011979166666667 0.017592592592593
52 0.67421875 0.59490740740741 0.011979166666667 0.017592592592593
52 0.86614583333333 0.23703703703704 0.014583333333333 0.022222222222222
52 0.69036458333333 0.45694444444444 0.016145833333333 0.030555555555556
52 0.6046875 0.1462962962963 0.014583333333333 0.024074074074074
52 0.73463541666667 0.97361111111111 0.013020833333333 0.019444444444444
52 0.5453125 0.34444444444444 0.010416666666667 0.016666666666667
52 0.7265625 0.48333333333333 0.010416666666667 0.018518518518519
52 0.39947916666667 0.55092592592593 0.011458333333333 0.018518518518519
52 0.52942708333333 0.90277777777778 0.013020833333333 0.018518518518519
52 0.653125 0.1087962962963 0.013541666666667 0.021296296296296
52 0.59583333333333 0.2875 0.0125 0.021296296296296
52 0.12109375 0.51481481481481 0.016145833333333 0.025925925925926
52 0.56276041666667 0.11666666666667 0.0109375 0.016666666666667
52 0.46770833333333 0.3412037037037 0.0125 0.019444444444444
52 0.7734375 0.80231481481481 0.013541666666667 0.021296296296296
52 0.69661458333333 0.23888888888889 0.0234375 0.048148148148148
52 0.78880208333333 0.52314814814815 0.011979166666667 0.018518518518519
52 0.4796875 0.81574074074074 0.011458333333333 0.016666666666667
52 0.061197916666667 0.56898148148148 0.013020833333333 0.021296296296296
52 0.50338541666667 0.26435185185185 0.013020833333333 0.021296296296296
52 0.37135416666667 0.55601851851852 0.011458333333333 0.019444444444444
52 0.89401041666667 0.78009259259259 0.0359375 0.060185185185185
52 0.53723958333333 0.077777777777778 0.015104166666667 0.024074074074074
52 0.36510416666667 0.2837962962963 0.011458333333333 0.017592592592593
52 0.88255208333333 0.31851851851852 0.025520833333333 0.048148148148148
52 0.96145833333333 0.90787037037037 0.027083333333333 0.043518518518519
52 0.49557291666667 0.30324074074074 0.0098958333333333 0.015740740740741
52 0.72265625 0.45185185185185 0.0098958333333333 0.016666666666667
52 0.48307291666667 0.57314814814815 0.013020833333333 0.022222222222222
52 0.75416666666667 0.13703703703704 0.013541666666667 0.022222222222222
52 0.35572916666667 0.87546296296296 0.013541666666667 0.019444444444444
52 0.4359375 0.61064814814815 0.013541666666667 0.021296296296296
52 0.70859375 0.52731481481481 0.0140625 0.021296296296296
52 0.69947916666667 0.1412037037037 0.013541666666667 0.019444444444444
52 0.24010416666667 0.0069444444444444 0.021875 0.013888888888889
52 0.2375 0.60694444444444 0.0125 0.021296296296296
52 0.87005208333333 0.5662037037037 0.011979166666667 0.019444444444444
52 0.9875 0.33842592592593 0.01875 0.032407407407407
52 0.57708333333333 0.5337962962963 0.013541666666667 0.023148148148148
52 0.32395833333333 0.23472222222222 0.014583333333333 0.023148148148148
52 0.98515625 0.4537037037037 0.0109375 0.022222222222222
52 0.6578125 0.47731481481481 0.010416666666667 0.017592592592593
52 0.42317708333333 0.81805555555556 0.013020833333333 0.019444444444444
52 0.32265625 0.74305555555556 0.015104166666667 0.025
52 0.43359375 0.44953703703704 0.0098958333333333 0.017592592592593
52 0.50989583333333 0.46990740740741 0.014583333333333 0.025
52 0.46848958333333 0.32268518518519 0.0109375 0.019444444444444
52 0.72682291666667 0.41527777777778 0.011979166666667 0.021296296296296
52 0.36588541666667 0.63518518518519 0.0098958333333333 0.014814814814815
52 0.53151041666667 0.85462962962963 0.011979166666667 0.018518518518519
52 0.087760416666667 0.73657407407407 0.011979166666667 0.019444444444444
52 0.94479166666667 0.62731481481481 0.017708333333333 0.028703703703704
52 0.52604166666667 0.47592592592593 0.011458333333333 0.022222222222222
52 0.94713541666667 0.77453703703704 0.022395833333333 0.036111111111111
52 0.70338541666667 0.57083333333333 0.0098958333333333 0.017592592592593
52 0.50104166666667 0.6 0.0125 0.02037037037037
52 0.90104166666667 0.67962962962963 0.0125 0.02037037037037
52 0.79739583333333 0.56064814814815 0.0125 0.021296296296296
52 0.9015625 0.46944444444444 0.010416666666667 0.018518518518519
52 0.77838541666667 0.45694444444444 0.015104166666667 0.025
52 0.58229166666667 0.15 0.0125 0.016666666666667
52 0.4390625 0.77222222222222 0.013541666666667 0.02037037037037
52 0.7359375 0.28657407407407 0.011458333333333 0.019444444444444
52 0.89713541666667 0.56759259259259 0.031770833333333 0.057407407407407
52 0.27265625 0.68518518518519 0.013020833333333 0.022222222222222
52 0.93203125 0.26203703703704 0.0140625 0.024074074074074
52 0.915625 0.68657407407407 0.011458333333333 0.017592592592593
52 0.71770833333333 0.78796296296296 0.025 0.044444444444444
52 0.56067708333333 0.37685185185185 0.0098958333333333 0.016666666666667
52 0.80104166666667 0.68888888888889 0.013541666666667 0.02037037037037
52 0.5875 0.73796296296296 0.010416666666667 0.016666666666667
52 0.91041666666667 0.31157407407407 0.0125 0.023148148148148
52 0.57604166666667 0.032407407407407 0.013541666666667 0.02037037037037
52 0.68932291666667 0.83472222222222 0.033854166666667 0.060185185185185
52 0.75911458333333 0.50694444444444 0.0098958333333333 0.017592592592593
52 0.76484375 0.6875 0.013020833333333 0.021296296296296
52 0.61484375 0.50231481481481 0.0140625 0.025
52 0.97473958333333 0.4037037037037 0.0098958333333333 0.016666666666667
52 0.29583333333333 0.46666666666667 0.0125 0.02037037037037
52 0.37552083333333 0.96203703703704 0.058333333333333 0.075925925925926
52 0.415625 0.41666666666667 0.013541666666667 0.022222222222222
52 0.98802083333333 0.61342592592593 0.011458333333333 0.021296296296296
52 0.4859375 0.52824074074074 0.011458333333333 0.019444444444444
52 0.34557291666667 0.53981481481481 0.0109375 0.018518518518519
52 0.51171875 0.73611111111111 0.084895833333333 0.14814814814815
52 0.43125 0.89537037037037 0.021875 0.035185185185185
52 0.54661458333333 0.53657407407407 0.0098958333333333 0.017592592592593
52 0.50625 0.56481481481481 0.0125 0.02037037037037
52 0.62109375 0.17546296296296 0.0098958333333333 0.015740740740741
52 0.32890625 0.62083333333333 0.0109375 0.017592592592593
52 0.23515625 0.22685185185185 0.013020833333333 0.02037037037037
52 0.50078125 0.17175925925926 0.022395833333333 0.036111111111111
52 0.478125 0.48333333333333 0.01875 0.031481481481481
52 0.35598958333333 0.4912037037037 0.0098958333333333 0.015740740740741
52 0.36276041666667 0.84814814814815 0.011979166666667 0.018518518518519
52 0.058854166666667 0.090740740740741 0.016666666666667 0.025925925925926
52 0.75104166666667 0.30324074074074 0.01875 0.032407407407407
52 0.60260416666667 0.48657407407407 0.010416666666667 0.017592592592593
52 0.44375 0.52453703703704 0.013541666666667 0.021296296296296
52 0.43984375 0.32407407407407 0.0171875 0.027777777777778
52 0.428125 0.056018518518519 0.019791666666667 0.028703703703704
52 0.696875 0.375 0.014583333333333 0.024074074074074
52 0.56848958333333 0.49398148148148 0.013020833333333 0.021296296296296
52 0.63020833333333 0.10462962962963 0.011458333333333 0.016666666666667
52 0.75494791666667 0.34305555555556 0.022395833333333 0.037962962962963
52 0.109375 0.76527777777778 0.0125 0.019444444444444
52 0.796875 0.82777777777778 0.01875 0.031481481481481
52 0.78854166666667 0.32962962962963 0.013541666666667 0.024074074074074
52 0.30677083333333 0.62777777777778 0.022916666666667 0.040740740740741
52 0.39010416666667 0.78935185185185 0.013541666666667 0.021296296296296