52 0.29583333333333 0.028703703703704 0.0125 0.018518518518519
52 0.23541666666667 0.075462962962963 0.01875 0.032407407407407
52 0.59557291666667 0.48101851851852 0.024479166666667 0.04537037037037
52 0.34036458333333 0.050925925925926 0.0203125 0.033333333333333
52 0.1203125 0.013888888888889 0.013541666666667 0.018518518518519
52 0.15234375 0.028240740740741 0.0171875 0.026851851851852
52 0.078125 0.17268518518519 0.016666666666667 0.026851851851852
52 0.20234375 0.056018518518519 0.0203125 0.032407407407407
52 0.11796875 0.054166666666667 0.013020833333333 0.017592592592593
52 0.055729166666667 0.074074074074074 0.020833333333333 0.033333333333333
52 0.05 0.010185185185185 0.020833333333333 0.02037037037037
52 0.25807291666667 0.27731481481481 0.021354166666667 0.036111111111111
52 0.18880208333333 0.093981481481481 0.015104166666667 0.025
52 0.1984375 0.0087962962962963 0.015625 0.017592592592593
52 0.027604166666667 0.21018518518519 0.019791666666667 0.033333333333333
52 0.99192708333333 0.062962962962963 0.016145833333333 0.051851851851852
52 0.1703125 0.32314814814815 0.041666666666667 0.072222222222222