52 0.64244791666667 0.49166666666667 0.015104166666667 0.025925925925926
52 0.33151041666667 0.21712962962963 0.024479166666667 0.043518518518519
52 0.14088541666667 0.61898148148148 0.015104166666667 0.025
52 0.57526041666667 0.35787037037037 0.015104166666667 0.025
52 0.56328125 0.725 0.0171875 0.025925925925926
52 0.54713541666667 0.66574074074074 0.0203125 0.031481481481481
52 0.62317708333333 0.5412037037037 0.016145833333333 0.028703703703704
52 0.25546875 0.84537037037037 0.0171875 0.027777777777778
52 0.33671875 0.41712962962963 0.022395833333333 0.041666666666667
52 0.12317708333333 0.60648148148148 0.0171875 0.025925925925926
52 0.8296875 0.65185185185185 0.01875 0.031481481481481
52 0.171875 0.95092592592593 0.015625 0.024074074074074
52 0.92708333333333 0.65416666666667 0.01875 0.032407407407407
52 0.48098958333333 0.56898148148148 0.015104166666667 0.032407407407407
52 0.18828125 0.49305555555556 0.016145833333333 0.028703703703704
52 0.7421875 0.68148148148148 0.015625 0.025925925925926
52 0.08984375 0.61990740740741 0.0203125 0.034259259259259
52 0.82083333333333 0.49861111111111 0.015625 0.036111111111111
52 0.59947916666667 0.20138888888889 0.048958333333333 0.086111111111111
52 0.083072916666667 0.37453703703704 0.016145833333333 0.025
52 0.035416666666667 0.60694444444444 0.023958333333333 0.039814814814815
52 0.92994791666667 0.54490740740741 0.0265625 0.047222222222222
52 0.064583333333333 0.7712962962963 0.019791666666667 0.031481481481481
52 0.0091145833333333 0.46064814814815 0.018229166666667 0.037962962962963
52 0.86744791666667 0.4587962962963 0.018229166666667 0.030555555555556
52 0.9484375 0.48657407407407 0.021875 0.036111111111111
52 0.97838541666667 0.13981481481481 0.0296875 0.051851851851852
52 0.013541666666667 0.82638888888889 0.017708333333333 0.030555555555556
52 0.76536458333333 0.70509259259259 0.022395833333333 0.037962962962963
52 0.013802083333333 0.57824074074074 0.024479166666667 0.050925925925926
52 0.93125 0.43148148148148 0.014583333333333 0.027777777777778
52 0.21197916666667 0.70185185185185 0.016666666666667 0.02962962962963
52 0.85286458333333 0.68796296296296 0.016145833333333 0.025925925925926
52 0.63541666666667 0.28055555555556 0.015625 0.025925925925926
52 0.41979166666667 0.6162037037037 0.01875 0.030555555555556
52 0.81927083333333 0.51018518518519 0.016666666666667 0.031481481481481
52 0.14453125 0.098148148148148 0.0265625 0.044444444444444
52 0.38046875 0.93055555555556 0.0203125 0.033333333333333
52 0.32083333333333 0.32037037037037 0.016666666666667 0.027777777777778
52 0.30052083333333 0.37361111111111 0.017708333333333 0.026851851851852
52 0.20390625 0.43148148148148 0.0203125 0.033333333333333
52 0.82005208333333 0.60694444444444 0.016145833333333 0.026851851851852
52 0.079427083333333 0.5912037037037 0.015104166666667 0.025
52 0.678125 0.72546296296296 0.015625 0.025
52 0.91223958333333 0.11851851851852 0.0265625 0.044444444444444
52 0.66536458333333 0.2787037037037 0.0265625 0.044444444444444
52 0.16119791666667 0.19537037037037 0.041145833333333 0.07037037037037
52 0.54765625 0.46435185185185 0.0171875 0.028703703703704
52 0.88333333333333 0.56435185185185 0.016666666666667 0.026851851851852
52 0.12708333333333 0.54444444444444 0.019791666666667 0.033333333333333
52 0.87135416666667 0.70648148148148 0.015625 0.024074074074074
52 0.028125 0.68842592592593 0.014583333333333 0.025
52 0.088020833333333 0.75046296296296 0.014583333333333 0.025
52 0.92005208333333 0.5962962962963 0.0234375 0.038888888888889
52 0.37838541666667 0.23148148148148 0.022395833333333 0.035185185185185
52 0.0080729166666667 0.52962962962963 0.016145833333333 0.037037037037037
52 0.27890625 0.6587962962963 0.016145833333333 0.025
52 0.59583333333333 0.5375 0.014583333333333 0.025
52 0.47708333333333 0.019444444444444 0.034375 0.038888888888889
52 0.19114583333333 0.72175925925926 0.015625 0.025
52 0.74453125 0.47592592592593 0.015104166666667 0.025925925925926
52 0.42239583333333 0.046296296296296 0.029166666666667 0.048148148148148
52 0.21380208333333 0.031018518518519 0.0234375 0.037962962962963
52 0.46927083333333 0.41481481481481 0.016666666666667 0.027777777777778
52 0.65104166666667 0.47824074074074 0.019791666666667 0.032407407407407
52 0.72317708333333 0.91018518518519 0.0203125 0.035185185185185
52 0.28723958333333 0.21203703703704 0.030729166666667 0.053703703703704
52 0.45520833333333 0.92638888888889 0.016666666666667 0.025
52 0.15807291666667 0.77731481481481 0.016145833333333 0.026851851851852
52 0.00859375 0.11898148148148 0.0171875 0.060185185185185
52 0.27213541666667 0.92175925925926 0.019270833333333 0.030555555555556
52 0.48932291666667 0.39074074074074 0.016145833333333 0.025925925925926
52 0.65364583333333 0.60925925925926 0.01875 0.031481481481481
52 0.20208333333333 0.94722222222222 0.015625 0.025925925925926
52 0.26041666666667 0.54907407407407 0.015625 0.027777777777778
52 0.75729166666667 0.49166666666667 0.016666666666667 0.024074074074074
52 0.38671875 0.61388888888889 0.0171875 0.027777777777778
52 0.80208333333333 0.54907407407407 0.017708333333333 0.02962962962963
52 0.76640625 0.42546296296296 0.024479166666667 0.039814814814815
52 0.95494791666667 0.050462962962963 0.030729166666667 0.050925925925926
52 0.79270833333333 0.44814814814815 0.015625 0.024074074074074
52 0.8015625 0.43842592592593 0.019791666666667 0.028703703703704
52 0.41979166666667 0.65 0.016666666666667 0.027777777777778
52 0.8828125 0.83333333333333 0.015625 0.025925925925926
52 0.71041666666667 0.36481481481481 0.027083333333333 0.051851851851852
52 0.95 0.31851851851852 0.0375 0.062962962962963
52 0.89947916666667 0.5337962962963 0.016666666666667 0.026851851851852
52 0.69635416666667 0.4162037037037 0.025 0.049074074074074
52 0.11145833333333 0.67453703703704 0.016666666666667 0.026851851851852
52 0.40885416666667 0.097222222222222 0.039583333333333 0.07037037037037
52 0.10052083333333 0.32731481481481 0.040625 0.076851851851852
52 0.63333333333333 0.58472222222222 0.01875 0.030555555555556
52 0.17369791666667 0.80694444444444 0.0171875 0.026851851851852
52 0.184375 0.68472222222222 0.01875 0.028703703703704
52 0.068229166666667 0.48148148148148 0.023958333333333 0.042592592592593
52 0.34921875 0.66111111111111 0.015104166666667 0.025925925925926
52 0.22890625 0.94351851851852 0.0421875 0.066666666666667
52 0.26510416666667 0.4287037037037 0.014583333333333 0.025925925925926
52 0.024479166666667 0.5962962962963 0.030208333333333 0.051851851851852
52 0.43619791666667 0.6412037037037 0.021354166666667 0.028703703703704
52 0.92057291666667 0.49259259259259 0.0171875 0.027777777777778
52 0.75885416666667 0.35648148148148 0.020833333333333 0.037037037037037
52 0.24739583333333 0.34722222222222 0.019791666666667 0.035185185185185
52 0.87916666666667 0.1337962962963 0.067708333333333 0.13240740740741
52 0.0078125 0.27824074074074 0.015625 0.032407407407407
52 0.17421875 0.51435185185185 0.016145833333333 0.026851851851852
52 0.76588541666667 0.61759259259259 0.0390625 0.066666666666667
52 0.55807291666667 0.66759259259259 0.015104166666667 0.025925925925926
52 0.84166666666667 0.38611111111111 0.025 0.037037037037037
52 0.16067708333333 0.5962962962963 0.018229166666667 0.027777777777778
52 0.74427083333333 0.57083333333333 0.016666666666667 0.023148148148148
52 0.38932291666667 0.69722222222222 0.018229166666667 0.02962962962963
52 0.84036458333333 0.52361111111111 0.027604166666667 0.047222222222222
52 0.53854166666667 0.78101851851852 0.016666666666667 0.025
52 0.1546875 0.84027777777778 0.026041666666667 0.04537037037037
52 0.74609375 0.125 0.024479166666667 0.042592592592593
52 0.14895833333333 0.33796296296296 0.023958333333333 0.042592592592593
52 0.47760416666667 0.52314814814815 0.03125 0.057407407407407
52 0.83098958333333 0.77962962962963 0.0171875 0.025925925925926
52 0.19713541666667 0.73055555555556 0.016145833333333 0.025925925925926
52 0.7046875 0.59490740740741 0.016666666666667 0.028703703703704
52 0.65598958333333 0.59212962962963 0.0203125 0.034259259259259
52 0.44166666666667 0.57916666666667 0.015625 0.026851851851852
52 0.91328125 0.6712962962963 0.016145833333333 0.024074074074074
52 0.051822916666667 0.81666666666667 0.019270833333333 0.031481481481481
52 0.64427083333333 0.44166666666667 0.025 0.048148148148148
52 0.2640625 0.58472222222222 0.01875 0.030555555555556
52 0.29609375 0.49583333333333 0.0171875 0.030555555555556
52 0.25520833333333 0.38194444444444 0.017708333333333 0.028703703703704
52 0.47916666666667 0.70740740740741 0.015625 0.027777777777778
52 0.0091145833333333 0.14537037037037 0.018229166666667 0.038888888888889
52 0.50963541666667 0.63657407407407 0.016145833333333 0.025
52 0.15859375 0.55833333333333 0.016145833333333 0.025925925925926
52 0.37239583333333 0.72453703703704 0.016666666666667 0.028703703703704
52 0.42760416666667 0.76990740740741 0.015625 0.025
52 0.18697916666667 0.10324074074074 0.023958333333333 0.039814814814815
52 0.8890625 0.48564814814815 0.016666666666667 0.025
52 0.56041666666667 0.56203703703704 0.015625 0.027777777777778
52 0.45859375 0.67638888888889 0.019270833333333 0.036111111111111
52 0.016927083333333 0.61759259259259 0.016145833333333 0.02962962962963
52 0.321875 0.49027777777778 0.027083333333333 0.047222222222222
52 0.975 0.53194444444444 0.016666666666667 0.026851851851852
52 0.5265625 0.16666666666667 0.028125 0.053703703703704
52 0.43958333333333 0.7162037037037 0.015625 0.026851851851852
52 0.80572916666667 0.52222222222222 0.01875 0.027777777777778
52 0.85 0.22638888888889 0.026041666666667 0.047222222222222
52 0.17760416666667 0.30509259259259 0.020833333333333 0.034259259259259
52 0.90390625 0.54212962962963 0.015104166666667 0.026851851851852
52 0.41354166666667 0.74768518518519 0.016666666666667 0.025
52 0.67291666666667 0.60185185185185 0.017708333333333 0.02962962962963
52 0.57760416666667 0.47361111111111 0.019791666666667 0.036111111111111
52 0.85963541666667 0.35092592592593 0.019270833333333 0.031481481481481
52 0.22057291666667 0.81203703703704 0.016145833333333 0.025925925925926
52 0.58802083333333 0.95046296296296 0.015625 0.025
52 0.29791666666667 0.47314814814815 0.015625 0.027777777777778
52 0.37786458333333 0.49907407407407 0.0203125 0.031481481481481
52 0.2640625 0.48842592592593 0.014583333333333 0.025
52 0.39817708333333 0.78287037037037 0.016145833333333 0.025
52 0.21171875 0.60601851851852 0.018229166666667 0.030555555555556
52 0.51875 0.6337962962963 0.01875 0.026851851851852
52 0.2546875 0.68148148148148 0.019791666666667 0.033333333333333
52 0.41796875 0.19490740740741 0.021354166666667 0.036111111111111
52 0.38177083333333 0.56898148148148 0.016666666666667 0.026851851851852
52 0.27005208333333 0.46805555555556 0.013020833333333 0.030555555555556
52 0.20078125 0.25462962962963 0.030729166666667 0.053703703703704
52 0.79661458333333 0.67314814814815 0.0171875 0.027777777777778
52 0.71614583333333 0.20416666666667 0.020833333333333 0.037962962962963
52 0.5703125 0.4712962962963 0.023958333333333 0.035185185185185
52 0.60208333333333 0.68425925925926 0.01875 0.035185185185185
52 0.78229166666667 0.48657407407407 0.017708333333333 0.028703703703704
52 0.81953125 0.67731481481481 0.016145833333333 0.028703703703704
52 0.32135416666667 0.56574074074074 0.020833333333333 0.035185185185185
52 0.23151041666667 0.39166666666667 0.0171875 0.027777777777778
52 0.11067708333333 0.4962962962963 0.016145833333333 0.025925925925926
52 0.95625 0.50185185185185 0.020833333333333 0.035185185185185
52 0.45755208333333 0.044444444444444 0.016145833333333 0.024074074074074
52 0.027604166666667 0.34722222222222 0.016666666666667 0.02962962962963
52 0.9203125 0.33564814814815 0.021875 0.036111111111111