52 0.134375 0.083333333333333 0.010416666666667 0.014814814814815
52 0.13515625 0.24074074074074 0.013020833333333 0.02037037037037
52 0.20885416666667 0.56851851851852 0.015625 0.025925925925926
52 0.040104166666667 0.098148148148148 0.017708333333333 0.027777777777778
52 0.05546875 0.19583333333333 0.0098958333333333 0.013888888888889
52 0.10104166666667 0.36481481481481 0.01875 0.027777777777778
52 0.3421875 0.61157407407407 0.023958333333333 0.039814814814815
52 0.91354166666667 0.41111111111111 0.013541666666667 0.022222222222222
52 0.21432291666667 0.41990740740741 0.0140625 0.023148148148148
52 0.35052083333333 0.29398148148148 0.0125 0.019444444444444
52 0.11536458333333 0.52962962962963 0.016145833333333 0.025925925925926
52 0.18463541666667 0.62175925925926 0.0171875 0.028703703703704
52 0.21145833333333 0.35416666666667 0.01875 0.030555555555556
52 0.30104166666667 0.05462962962963 0.014583333333333 0.022222222222222
52 0.84609375 0.34166666666667 0.0171875 0.027777777777778
52 0.26770833333333 0.3587962962963 0.041666666666667 0.073148148148148
52 0.23984375 0.75 0.018229166666667 0.02962962962963
52 0.30963541666667 0.43287037037037 0.013020833333333 0.021296296296296
52 0.40416666666667 0.49814814814815 0.01875 0.031481481481481
52 0.17734375 0.26296296296296 0.013020833333333 0.02037037037037
52 0.15052083333333 0.41805555555556 0.014583333333333 0.023148148148148
52 0.36276041666667 0.45 0.0234375 0.044444444444444
52 0.29713541666667 0.45833333333333 0.015104166666667 0.025925925925926
52 0.12734375 0.056481481481481 0.011979166666667 0.016666666666667
52 0.22213541666667 0.69074074074074 0.018229166666667 0.02962962962963
52 0.23385416666667 0.22731481481481 0.0125 0.019444444444444
52 0.32369791666667 0.31296296296296 0.011979166666667 0.02037037037037
52 0.04921875 0.3037037037037 0.013020833333333 0.02037037037037
52 0.93229166666667 0.54027777777778 0.0125 0.019444444444444
52 0.703125 0.59398148148148 0.016666666666667 0.026851851851852
52 0.023177083333333 0.40462962962963 0.013020833333333 0.02037037037037
52 0.05859375 0.68425925925926 0.0140625 0.024074074074074
52 0.083854166666667 0.47453703703704 0.014583333333333 0.023148148148148
52 0.88098958333333 0.041666666666667 0.0546875 0.083333333333333
52 0.13958333333333 0.3375 0.009375 0.013888888888889
52 0.93125 0.35231481481481 0.014583333333333 0.023148148148148
52 0.41432291666667 0.61944444444444 0.013020833333333 0.02037037037037
52 0.06328125 0.46944444444444 0.018229166666667 0.02962962962963
52 0.11640625 0.081481481481481 0.013020833333333 0.018518518518519
52 0.2734375 0.22777777777778 0.011458333333333 0.018518518518519
52 0.21822916666667 0.27546296296296 0.013541666666667 0.021296296296296
52 0.96328125 0.1337962962963 0.018229166666667 0.030555555555556
52 0.80989583333333 0.5875 0.030208333333333 0.058333333333333
52 0.16276041666667 0.91851851851852 0.094270833333333 0.14259259259259
52 0.1296875 0.23981481481481 0.017708333333333 0.022222222222222
52 0.89635416666667 0.18981481481481 0.014583333333333 0.024074074074074
52 0.1265625 0.36296296296296 0.015625 0.024074074074074
52 0.696875 0.54768518518519 0.01875 0.032407407407407
52 0.25234375 0.55740740740741 0.011979166666667 0.02037037037037
52 0.32447916666667 0.48009259259259 0.013541666666667 0.023148148148148
52 0.059895833333333 0.45324074074074 0.016666666666667 0.026851851851852
52 0.090885416666667 0.10277777777778 0.0109375 0.014814814814815
52 0.10208333333333 0.79074074074074 0.030208333333333 0.053703703703704
52 0.73932291666667 0.49861111111111 0.016145833333333 0.026851851851852
52 0.82838541666667 0.42824074074074 0.013020833333333 0.021296296296296
52 0.42109375 0.52361111111111 0.0140625 0.025
52 0.76432291666667 0.51574074074074 0.0140625 0.024074074074074
52 0.2734375 0.60833333333333 0.01875 0.031481481481481
52 0.70885416666667 0.80185185185185 0.021875 0.037037037037037
52 0.95338541666667 0.17638888888889 0.015104166666667 0.025
52 0.17604166666667 0.29537037037037 0.010416666666667 0.016666666666667
52 0.3296875 0.34953703703704 0.0125 0.021296296296296
52 0.17552083333333 0.5537037037037 0.015625 0.025925925925926
52 0.29869791666667 0.57546296296296 0.022395833333333 0.037962962962963
52 0.56953125 0.15740740740741 0.031770833333333 0.053703703703704
52 0.065364583333333 0.50046296296296 0.0109375 0.017592592592593
52 0.019270833333333 0.25046296296296 0.009375 0.015740740740741