52 0.74817708333333 0.74027777777778 0.011979166666667 0.019444444444444
52 0.59036458333333 0.28657407407407 0.013020833333333 0.025
52 0.27057291666667 0.55046296296296 0.0109375 0.017592592592593
52 0.25963541666667 0.49074074074074 0.0140625 0.024074074074074
52 0.10598958333333 0.775 0.0140625 0.022222222222222
52 0.52421875 0.053240740740741 0.015104166666667 0.017592592592593
52 0.0640625 0.4287037037037 0.019791666666667 0.033333333333333
52 0.98567708333333 0.30555555555556 0.0109375 0.02037037037037
52 0.26822916666667 0.7037037037037 0.0125 0.022222222222222
52 0.515625 0.51157407407407 0.016666666666667 0.021296296296296
52 0.65963541666667 0.60787037037037 0.0140625 0.023148148148148
52 0.58020833333333 0.475 0.013541666666667 0.02037037037037
52 0.75833333333333 0.63009259259259 0.014583333333333 0.023148148148148
52 0.85989583333333 0.68148148148148 0.010416666666667 0.016666666666667
52 0.29635416666667 0.56111111111111 0.013541666666667 0.022222222222222
52 0.89739583333333 0.31064814814815 0.010416666666667 0.017592592592593
52 0.73697916666667 0.33657407407407 0.0125 0.021296296296296
52 0.38984375 0.45324074074074 0.013020833333333 0.023148148148148
52 0.39895833333333 0.63935185185185 0.013541666666667 0.023148148148148
52 0.425 0.15694444444444 0.0125 0.019444444444444
52 0.628125 0.52685185185185 0.013541666666667 0.022222222222222
52 0.26510416666667 0.96296296296296 0.013541666666667 0.022222222222222
52 0.47369791666667 0.46759259259259 0.016145833333333 0.025925925925926
52 0.8171875 0.46388888888889 0.0125 0.022222222222222
52 0.540625 0.058796296296296 0.011458333333333 0.015740740740741
52 0.52083333333333 0.34351851851852 0.0125 0.02037037037037
52 0.16015625 0.89814814814815 0.013020833333333 0.022222222222222
52 0.21458333333333 0.93981481481481 0.011458333333333 0.018518518518519
52 0.34140625 0.76851851851852 0.011979166666667 0.02037037037037
52 0.409375 0.46157407407407 0.0125 0.021296296296296
52 0.82083333333333 0.12731481481481 0.016666666666667 0.025
52 0.61666666666667 0.053703703703704 0.0125 0.018518518518519
52 0.53125 0.13148148148148 0.015625 0.018518518518519
52 0.84401041666667 0.02962962962963 0.0203125 0.031481481481481
52 0.90989583333333 0.4712962962963 0.013541666666667 0.02037037037037
52 0.928125 0.53518518518519 0.010416666666667 0.016666666666667
52 0.93515625 0.18935185185185 0.0171875 0.030555555555556
52 0.98307291666667 0.36574074074074 0.011979166666667 0.02037037037037
52 0.93697916666667 0.15185185185185 0.016666666666667 0.027777777777778
52 0.68255208333333 0.39074074074074 0.0171875 0.027777777777778
52 0.63489583333333 0.040740740740741 0.011458333333333 0.016666666666667
52 0.79635416666667 0.062037037037037 0.010416666666667 0.018518518518519
52 0.4890625 0.47314814814815 0.010416666666667 0.018518518518519
52 0.84348958333333 0.7162037037037 0.013020833333333 0.021296296296296
52 0.51145833333333 0.64259259259259 0.015625 0.024074074074074
52 0.91588541666667 0.39768518518519 0.011979166666667 0.021296296296296
52 0.71015625 0.48333333333333 0.013020833333333 0.022222222222222
52 0.87291666666667 0.018055555555556 0.0125 0.017592592592593
52 0.52083333333333 0.68148148148148 0.013541666666667 0.022222222222222
52 0.95130208333333 0.28009259259259 0.0088541666666667 0.015740740740741
52 0.98697916666667 0.4912037037037 0.020833333333333 0.039814814814815
52 0.38020833333333 0.12407407407407 0.0125 0.018518518518519
52 0.60885416666667 0.42685185185185 0.029166666666667 0.051851851851852
52 0.60755208333333 0.26342592592593 0.0140625 0.023148148148148
52 0.31953125 0.74722222222222 0.013020833333333 0.022222222222222
52 0.70130208333333 0.016666666666667 0.0140625 0.022222222222222
52 0.96197916666667 0.084259259259259 0.014583333333333 0.024074074074074
52 0.46510416666667 0.056018518518519 0.0125 0.017592592592593
52 0.26484375 0.64166666666667 0.013020833333333 0.02037037037037
52 0.75078125 0.84722222222222 0.0140625 0.022222222222222
52 0.42760416666667 0.56388888888889 0.0125 0.022222222222222
52 0.25208333333333 0.61481481481481 0.011458333333333 0.018518518518519
52 0.64427083333333 0.47268518518519 0.01875 0.030555555555556
52 0.609375 0.33425925925926 0.01875 0.025925925925926
52 0.15416666666667 0.98333333333333 0.013541666666667 0.02037037037037
52 0.84296875 0.1462962962963 0.015104166666667 0.024074074074074
52 0.28255208333333 0.54768518518519 0.011979166666667 0.017592592592593
52 0.58880208333333 0.4837962962963 0.0140625 0.021296296296296
52 0.7828125 0.65416666666667 0.0125 0.023148148148148
52 0.20052083333333 0.82916666666667 0.022916666666667 0.041666666666667
52 0.55416666666667 0.4537037037037 0.014583333333333 0.02037037037037
52 0.57135416666667 0.24166666666667 0.015625 0.024074074074074
52 0.740625 0.64398148148148 0.014583333333333 0.025
52 0.253125 0.45833333333333 0.014583333333333 0.024074074074074
52 0.378125 0.37962962962963 0.0375 0.064814814814815
52 0.95625 0.34675925925926 0.0125 0.019444444444444
52 0.0234375 0.55555555555556 0.019791666666667 0.031481481481481
52 0.35364583333333 0.43935185185185 0.011458333333333 0.019444444444444
52 0.95885416666667 0.43796296296296 0.0125 0.024074074074074
52 0.6953125 0.10416666666667 0.011458333333333 0.017592592592593
52 0.6203125 0.15740740740741 0.013541666666667 0.024074074074074
52 0.28984375 0.45833333333333 0.0171875 0.025925925925926
52 0.26458333333333 0.90694444444444 0.010416666666667 0.017592592592593
52 0.54192708333333 0.0074074074074074 0.015104166666667 0.014814814814815
52 0.046354166666667 0.54166666666667 0.016666666666667 0.027777777777778
52 0.03203125 0.44537037037037 0.019270833333333 0.033333333333333
52 0.54947916666667 0.13842592592593 0.016666666666667 0.023148148148148
52 0.36901041666667 0.094444444444444 0.018229166666667 0.027777777777778
52 0.73385416666667 0.55416666666667 0.011458333333333 0.019444444444444
52 0.58880208333333 0.22314814814815 0.015104166666667 0.024074074074074
52 0.8203125 0.77314814814815 0.010416666666667 0.018518518518519
52 0.89557291666667 0.48148148148148 0.013020833333333 0.02037037037037
52 0.53854166666667 0.27546296296296 0.020833333333333 0.036111111111111
52 0.86145833333333 0.3037037037037 0.015625 0.025925925925926
52 0.921875 0.43101851851852 0.014583333333333 0.025
52 0.034114583333333 0.17268518518519 0.0296875 0.050925925925926
52 0.315625 0.072685185185185 0.01875 0.030555555555556
52 0.69739583333333 0.34537037037037 0.014583333333333 0.024074074074074
52 0.128125 0.95972222222222 0.010416666666667 0.017592592592593
52 0.69114583333333 0.46296296296296 0.011458333333333 0.018518518518519
52 0.42395833333333 0.2912037037037 0.011458333333333 0.019444444444444
52 0.74921875 0.43055555555556 0.018229166666667 0.02962962962963
52 0.25755208333333 0.86296296296296 0.015104166666667 0.025925925925926
52 0.12135416666667 0.046296296296296 0.029166666666667 0.046296296296296
52 0.79921875 0.15 0.0140625 0.024074074074074
52 0.92682291666667 0.36944444444444 0.0140625 0.022222222222222
52 0.60833333333333 0.0625 0.0125 0.017592592592593
52 0.42942708333333 0.86527777777778 0.072395833333333 0.13055555555556
52 0.89088541666667 0.56712962962963 0.011979166666667 0.019444444444444
52 0.24739583333333 0.79398148148148 0.011458333333333 0.019444444444444
52 0.37239583333333 0.51666666666667 0.013541666666667 0.022222222222222
52 0.25703125 0.4037037037037 0.016145833333333 0.025925925925926
52 0.41510416666667 0.70416666666667 0.0125 0.019444444444444
52 0.32786458333333 0.67268518518519 0.0109375 0.019444444444444
52 0.50520833333333 0.30046296296296 0.011458333333333 0.017592592592593
52 0.32109375 0.037037037037037 0.016145833333333 0.024074074074074
52 0.5140625 0.40787037037037 0.014583333333333 0.023148148148148
52 0.80104166666667 0.46157407407407 0.014583333333333 0.025
52 0.65677083333333 0.56342592592593 0.021875 0.037962962962963
52 0.44765625 0.13148148148148 0.0171875 0.025925925925926
52 0.47421875 0.14768518518519 0.011979166666667 0.017592592592593
52 0.17786458333333 0.83101851851852 0.0109375 0.019444444444444
52 0.44947916666667 0.32824074074074 0.013541666666667 0.021296296296296
52 0.43385416666667 0.10509259259259 0.019791666666667 0.032407407407407
52 0.30598958333333 0.84351851851852 0.040104166666667 0.07037037037037
52 0.14453125 0.48055555555556 0.0265625 0.05
52 0.59114583333333 0.40509259259259 0.014583333333333 0.023148148148148
52 0.71171875 0.21944444444444 0.021354166666667 0.033333333333333
52 0.40260416666667 0.21157407407407 0.013541666666667 0.019444444444444
52 0.128125 0.69305555555556 0.019791666666667 0.032407407407407
52 0.49140625 0.28425925925926 0.011979166666667 0.018518518518519
52 0.790625 0.016203703703704 0.010416666666667 0.013888888888889
52 0.77005208333333 0.27777777777778 0.015104166666667 0.022222222222222
52 0.634375 0.19814814814815 0.0125 0.02037037037037
52 0.07265625 0.68703703703704 0.011979166666667 0.02037037037037
52 0.478125 0.68333333333333 0.011458333333333 0.018518518518519
52 0.23177083333333 0.56712962962963 0.042708333333333 0.076851851851852
52 0.46458333333333 0.4837962962963 0.013541666666667 0.021296296296296
52 0.61770833333333 0.77361111111111 0.01875 0.030555555555556
52 0.53645833333333 0.40601851851852 0.0125 0.019444444444444
52 0.94140625 0.059722222222222 0.016145833333333 0.028703703703704
52 0.3109375 0.38564814814815 0.017708333333333 0.028703703703704
52 0.91927083333333 0.019907407407407 0.0125 0.015740740740741
52 0.51432291666667 0.4662037037037 0.013020833333333 0.023148148148148
52 0.53489583333333 0.36759259259259 0.013541666666667 0.025925925925926
52 0.26015625 0.39675925925926 0.016145833333333 0.025
52 0.46927083333333 0.22685185185185 0.017708333333333 0.027777777777778
52 0.84322916666667 0.078240740740741 0.017708333333333 0.028703703703704
52 0.63880208333333 0.13425925925926 0.0109375 0.016666666666667
52 0.34713541666667 0.65509259259259 0.013020833333333 0.021296296296296
52 0.70963541666667 0.38703703703704 0.015104166666667 0.024074074074074
52 0.578125 0.10925925925926 0.0125 0.018518518518519
52 0.278125 0.32962962962963 0.017708333333333 0.02962962962963
52 0.17604166666667 0.73055555555556 0.013541666666667 0.022222222222222
52 0.8359375 0.41712962962963 0.011458333333333 0.019444444444444
52 0.59661458333333 0.51990740740741 0.015104166666667 0.026851851851852
52 0.83854166666667 0.82222222222222 0.0125 0.02037037037037
52 0.80755208333333 0.20925925925926 0.0140625 0.025925925925926
52 0.31223958333333 0.6 0.013020833333333 0.024074074074074
52 0.05234375 0.29907407407407 0.021354166666667 0.035185185185185
52 0.88072916666667 0.056018518518519 0.019791666666667 0.030555555555556
52 0.78541666666667 0.15740740740741 0.013541666666667 0.022222222222222
52 0.94661458333333 0.37962962962963 0.0098958333333333 0.016666666666667
52 0.4046875 0.36481481481481 0.0125 0.02037037037037
52 0.66614583333333 0.52083333333333 0.017708333333333 0.028703703703704
52 0.49609375 0.51481481481481 0.013020833333333 0.022222222222222
52 0.33984375 0.36944444444444 0.016145833333333 0.025925925925926
52 0.97760416666667 0.023148148148148 0.009375 0.014814814814815
52 0.16744791666667 0.77083333333333 0.011979166666667 0.019444444444444
52 0.28229166666667 0.59074074074074 0.013541666666667 0.022222222222222
52 0.65859375 0.072685185185185 0.019270833333333 0.030555555555556
52 0.029947916666667 0.027777777777778 0.049479166666667 0.055555555555556
52 0.5890625 0.33518518518519 0.014583333333333 0.024074074074074
52 0.32578125 0.55138888888889 0.0140625 0.021296296296296
52 0.96067708333333 0.5537037037037 0.011979166666667 0.02037037037037
52 0.11276041666667 0.72361111111111 0.013020833333333 0.021296296296296
52 0.22109375 0.82083333333333 0.011979166666667 0.019444444444444
52 0.18854166666667 0.8912037037037 0.0125 0.021296296296296
52 0.55755208333333 0.54814814814815 0.011979166666667 0.02037037037037
52 0.86197916666667 0.8712962962963 0.0125 0.02037037037037
52 0.2703125 0.68472222222222 0.0125 0.021296296296296
52 0.64036458333333 0.0069444444444444 0.013020833333333 0.013888888888889
52 0.60390625 0.064351851851852 0.0109375 0.015740740740741
52 0.90442708333333 0.16018518518519 0.015104166666667 0.022222222222222
52 0.82005208333333 0.30648148148148 0.015104166666667 0.025925925925926
52 0.3125 0.66759259259259 0.015625 0.027777777777778
52 0.59270833333333 0.12592592592593 0.014583333333333 0.02037037037037
52 0.28098958333333 0.6587962962963 0.011979166666667 0.017592592592593
52 0.69739583333333 0.31111111111111 0.013541666666667 0.022222222222222
52 0.25755208333333 0.81944444444444 0.0098958333333333 0.016666666666667
52 0.94505208333333 0.11574074074074 0.0109375 0.018518518518519
52 0.68489583333333 0.49351851851852 0.0125 0.02037037037037
52 0.9578125 0.42175925925926 0.0125 0.025
52 0.79375 0.2375 0.0125 0.019444444444444
52 0.25078125 0.96851851851852 0.015104166666667 0.024074074074074
52 0.76328125 0.70972222222222 0.011979166666667 0.019444444444444
52 0.23541666666667 0.61064814814815 0.016666666666667 0.026851851851852
52 0.93125 0.14907407407407 0.017708333333333 0.027777777777778
52 0.28098958333333 0.81666666666667 0.0109375 0.016666666666667
52 0.7734375 0.52824074074074 0.015625 0.026851851851852
52 0.75755208333333 0.25740740740741 0.0140625 0.022222222222222
52 0.98333333333333 0.24953703703704 0.014583333333333 0.023148148148148
52 0.44661458333333 0.46527777777778 0.011979166666667 0.021296296296296
52 0.82265625 0.39305555555556 0.0140625 0.023148148148148
52 0.35234375 0.46944444444444 0.011979166666667 0.02037037037037
52 0.51588541666667 0.18055555555556 0.015104166666667 0.024074074074074
52 0.80963541666667 0.19305555555556 0.011979166666667 0.019444444444444
52 0.865625 0.75324074074074 0.015625 0.025
52 0.21380208333333 0.75 0.0098958333333333 0.016666666666667
52 0.39453125 0.26435185185185 0.0140625 0.023148148148148
52 0.63776041666667 0.35833333333333 0.018229166666667 0.02962962962963
52 0.76510416666667 0.067592592592593 0.0125 0.02037037037037
52 0.43541666666667 0.52546296296296 0.0125 0.019444444444444
52 0.47291666666667 0.52731481481481 0.011458333333333 0.019444444444444
52 0.78671875 0.04212962962963 0.011979166666667 0.017592592592593
52 0.68072916666667 0.66157407407407 0.013541666666667 0.021296296296296
52 0.46171875 0.096296296296296 0.011979166666667 0.016666666666667
52 0.63828125 0.65138888888889 0.015104166666667 0.025
52 0.98333333333333 0.32962962962963 0.011458333333333 0.022222222222222
52 0.8953125 0.20324074074074 0.0125 0.021296296296296
52 0.6578125 0.3587962962963 0.010416666666667 0.017592592592593
52 0.37552083333333 0.54768518518519 0.021875 0.036111111111111
52 0.31380208333333 0.61898148148148 0.0140625 0.025
52 0.50703125 0.53657407407407 0.0140625 0.023148148148148
52 0.2359375 0.24166666666667 0.026041666666667 0.044444444444444
52 0.51614583333333 0.21666666666667 0.014583333333333 0.022222222222222
52 0.39765625 0.050925925925926 0.030729166666667 0.048148148148148
52 0.7515625 0.47361111111111 0.0125 0.021296296296296
52 0.80859375 0.59398148148148 0.080729166666667 0.14722222222222
52 0.14010416666667 0.60925925925926 0.013541666666667 0.022222222222222
52 0.81328125 0.24305555555556 0.016145833333333 0.021296296296296
52 0.052083333333333 0.54444444444444 0.019791666666667 0.02962962962963
52 0.47864583333333 0.59305555555556 0.0125 0.019444444444444
52 0.7015625 0.13194444444444 0.021875 0.036111111111111
52 0.65572916666667 0.29398148148148 0.014583333333333 0.021296296296296
52 0.56979166666667 0.50740740740741 0.0125 0.02037037037037
52 0.53463541666667 0.35648148148148 0.015104166666667 0.027777777777778
52 0.16927083333333 0.35046296296296 0.019791666666667 0.034259259259259
52 0.78932291666667 0.025925925925926 0.011979166666667 0.018518518518519
52 0.6296875 0.26342592592593 0.0125 0.017592592592593
52 0.67421875 0.4712962962963 0.011979166666667 0.02037037037037
52 0.58072916666667 0.72037037037037 0.013541666666667 0.022222222222222
52 0.16744791666667 0.28287037037037 0.030729166666667 0.050925925925926
52 0.52421875 0.31018518518519 0.011979166666667 0.018518518518519
52 0.25338541666667 0.64398148148148 0.013020833333333 0.019444444444444
52 0.45260416666667 0.29166666666667 0.0125 0.02037037037037
52 0.081510416666667 0.73657407407407 0.0109375 0.017592592592593
52 0.78489583333333 0.7375 0.0125 0.017592592592593
52 0.23645833333333 0.90925925925926 0.014583333333333 0.024074074074074
52 0.31640625 0.7587962962963 0.015104166666667 0.025
52 0.76171875 0.56018518518519 0.013020833333333 0.02037037037037
52 0.29765625 0.46527777777778 0.011979166666667 0.019444444444444
52 0.63671875 0.69907407407407 0.015104166666667 0.024074074074074
52 0.31770833333333 0.54259259259259 0.013541666666667 0.02037037037037
52 0.82109375 0.72824074074074 0.011979166666667 0.019444444444444
52 0.57447916666667 0.28564814814815 0.011458333333333 0.019444444444444
52 0.17526041666667 0.64259259259259 0.013020833333333 0.022222222222222
52 0.74192708333333 0.59305555555556 0.013020833333333 0.021296296296296
52 0.16276041666667 0.56944444444444 0.0140625 0.024074074074074
52 0.88098958333333 0.72407407407407 0.0140625 0.022222222222222
52 0.45885416666667 0.37453703703704 0.016666666666667 0.026851851851852
52 0.515625 0.1287037037037 0.013541666666667 0.02037037037037
52 0.41223958333333 0.5087962962963 0.0140625 0.023148148148148
52 0.90963541666667 0.26574074074074 0.018229166666667 0.033333333333333
52 0.22838541666667 0.66712962962963 0.0109375 0.017592592592593
52 0.74791666666667 0.082407407407407 0.0125 0.02037037037037
52 0.40807291666667 0.67546296296296 0.013020833333333 0.021296296296296
52 0.63619791666667 0.26666666666667 0.011979166666667 0.018518518518519
52 0.99192708333333 0.17962962962963 0.011979166666667 0.018518518518519
52 0.67213541666667 0.30740740740741 0.013020833333333 0.02037037037037
52 0.71640625 0.16296296296296 0.019270833333333 0.027777777777778
52 0.9796875 0.072685185185185 0.013541666666667 0.023148148148148
52 0.80416666666667 0.39953703703704 0.014583333333333 0.025
52 0.37890625 0.047222222222222 0.013020833333333 0.018518518518519
52 0.53255208333333 0.50138888888889 0.016145833333333 0.025
52 0.93984375 0.087962962962963 0.011979166666667 0.02037037037037
52 0.82708333333333 0.21157407407407 0.014583333333333 0.023148148148148
52 0.46354166666667 0.55231481481481 0.015625 0.026851851851852
52 0.57291666666667 0.37407407407407 0.014583333333333 0.02037037037037
52 0.38020833333333 0.046759259259259 0.019791666666667 0.026851851851852
52 0.41510416666667 0.24212962962963 0.019791666666667 0.036111111111111
52 0.85416666666667 0.11527777777778 0.014583333333333 0.021296296296296
52 0.77421875 0.20231481481481 0.022395833333333 0.036111111111111
52 0.49479166666667 0.59074074074074 0.011458333333333 0.02037037037037
52 0.61640625 0.024074074074074 0.0098958333333333 0.014814814814815
52 0.334375 0.59212962962963 0.017708333333333 0.030555555555556
52 0.80911458333333 0.42824074074074 0.013020833333333 0.021296296296296
52 0.62734375 0.40185185185185 0.0171875 0.025925925925926
52 0.77161458333333 0.24305555555556 0.013020833333333 0.021296296296296
52 0.38463541666667 0.74537037037037 0.0171875 0.024074074074074
52 0.71614583333333 0.22731481481481 0.015625 0.025
52 0.86796875 0.58148148148148 0.016145833333333 0.025925925925926
52 0.33932291666667 0.74861111111111 0.015104166666667 0.023148148148148
52 0.62135416666667 0.50138888888889 0.016666666666667 0.028703703703704
52 0.35260416666667 0.70185185185185 0.011458333333333 0.018518518518519
52 0.40078125 0.56990740740741 0.0140625 0.023148148148148
52 0.72083333333333 0.62314814814815 0.014583333333333 0.022222222222222
52 0.22890625 0.45416666666667 0.011979166666667 0.019444444444444
52 0.65364583333333 0.1712962962963 0.0125 0.018518518518519
52 0.69192708333333 0.2587962962963 0.0171875 0.025
52 0.8421875 0.33935185185185 0.046875 0.080555555555556
52 0.53958333333333 0.48657407407407 0.015625 0.026851851851852
52 0.51380208333333 0.58009259259259 0.015104166666667 0.023148148148148
52 0.50989583333333 0.052777777777778 0.014583333333333 0.022222222222222
52 0.98541666666667 0.52453703703704 0.013541666666667 0.026851851851852
52 0.57005208333333 0.40601851851852 0.011979166666667 0.019444444444444
52 0.67734375 0.42638888888889 0.011979166666667 0.019444444444444
52 0.19739583333333 0.475 0.016666666666667 0.027777777777778
52 0.23046875 0.76759259259259 0.011979166666667 0.018518518518519
52 0.63958333333333 0.2962962962963 0.0125 0.018518518518519
52 0.34296875 0.11388888888889 0.011979166666667 0.016666666666667
52 0.50963541666667 0.94537037037037 0.013020833333333 0.02037037037037
52 0.95885416666667 0.41111111111111 0.011458333333333 0.02037037037037
52 0.565625 0.6337962962963 0.015625 0.026851851851852
52 0.66822916666667 0.18842592592593 0.013541666666667 0.023148148148148
52 0.14479166666667 0.21203703703704 0.022916666666667 0.038888888888889
52 0.93359375 0.47407407407407 0.0140625 0.024074074074074
52 0.37734375 0.48240740740741 0.011979166666667 0.02037037037037
52 0.43984375 0.20740740740741 0.021354166666667 0.033333333333333
52 0.48723958333333 0.40416666666667 0.0109375 0.017592592592593
52 0.78567708333333 0.69074074074074 0.0109375 0.018518518518519
52 0.72395833333333 0.3125 0.010416666666667 0.017592592592593
52 0.46171875 0.49027777777778 0.011979166666667 0.019444444444444
52 0.615625 0.19259259259259 0.014583333333333 0.024074074074074
52 0.4328125 0.71203703703704 0.010416666666667 0.018518518518519
52 0.82838541666667 0.056944444444444 0.015104166666667 0.023148148148148
52 0.27994791666667 0.93287037037037 0.011979166666667 0.019444444444444
52 0.86875 0.525 0.016666666666667 0.025925925925926
52 0.9171875 0.51296296296296 0.0125 0.02037037037037
52 0.81484375 0.27314814814815 0.011979166666667 0.02037037037037
52 0.20338541666667 0.71157407407407 0.011979166666667 0.019444444444444
52 0.58932291666667 0.56898148148148 0.021354166666667 0.034259259259259
52 0.49661458333333 0.17222222222222 0.021354166666667 0.035185185185185
52 0.7953125 0.08287037037037 0.010416666666667 0.017592592592593
52 0.097135416666667 0.22731481481481 0.0203125 0.032407407407407
52 0.94583333333333 0.54351851851852 0.011458333333333 0.018518518518519
52 0.89765625 0.51805555555556 0.018229166666667 0.030555555555556
52 0.83697916666667 0.66574074074074 0.013541666666667 0.022222222222222
52 0.86744791666667 0.27731481481481 0.018229166666667 0.030555555555556
52 0.73359375 0.39768518518519 0.011979166666667 0.021296296296296
52 0.38463541666667 0.6875 0.011979166666667 0.021296296296296
52 0.13255208333333 0.53287037037037 0.0171875 0.030555555555556
52 0.54713541666667 0.60925925925926 0.013020833333333 0.022222222222222
52 0.49192708333333 0.4375 0.011979166666667 0.019444444444444
52 0.76692708333333 0.76527777777778 0.0171875 0.030555555555556
52 0.24427083333333 0.84768518518519 0.011458333333333 0.019444444444444
52 0.79583333333333 0.75833333333333 0.010416666666667 0.016666666666667
52 0.39036458333333 0.48101851851852 0.0109375 0.017592592592593
52 0.90859375 0.7625 0.011979166666667 0.021296296296296
52 0.93697916666667 0.33981481481481 0.014583333333333 0.024074074074074