52 0.24036458333333 0.084259259259259 0.016145833333333 0.025925925925926
52 0.1796875 0.033796296296296 0.0125 0.019444444444444
52 0.41432291666667 0.080555555555556 0.0203125 0.033333333333333
52 0.1234375 0.059259259259259 0.01875 0.027777777777778
52 0.82708333333333 0.4162037037037 0.017708333333333 0.030555555555556
52 0.29739583333333 0.075925925925926 0.01875 0.031481481481481
52 0.61822916666667 0.45462962962963 0.023958333333333 0.042592592592593
52 0.95807291666667 0.48009259259259 0.027604166666667 0.052777777777778
52 0.2640625 0.0078703703703704 0.013541666666667 0.015740740740741
52 0.97708333333333 0.13287037037037 0.023958333333333 0.04537037037037
52 0.21901041666667 0.022222222222222 0.0140625 0.02037037037037
52 0.06875 0.049074074074074 0.026041666666667 0.040740740740741
52 0.228125 0.28333333333333 0.042708333333333 0.074074074074074
52 0.30364583333333 0.25138888888889 0.017708333333333 0.032407407407407
52 0.27265625 0.058796296296296 0.0171875 0.028703703703704
52 0.14765625 0.020833333333333 0.0265625 0.041666666666667
52 0.76067708333333 0.30925925925926 0.031770833333333 0.055555555555556
52 0.74088541666667 0.54490740740741 0.019270833333333 0.034259259259259
52 0.9765625 0.062962962962963 0.029166666666667 0.051851851851852
52 0.32682291666667 0.18333333333333 0.0140625 0.024074074074074
52 0.61458333333333 0.5462962962963 0.026041666666667 0.046296296296296
52 0.77395833333333 0.57824074074074 0.0375 0.063888888888889
52 0.034895833333333 0.064351851851852 0.021875 0.037962962962963