52 0.52314814814815 0.2451768488746 0.033333333333333 0.019828510182208
52 0.46342592592593 0.21007502679528 0.043518518518519 0.026795284030011
52 0.49722222222222 0.13853161843516 0.040740740740741 0.02518756698821
52 0.93240740740741 0.40085744908896 0.042592592592593 0.027867095391211
52 0.82083333333333 0.054662379421222 0.025 0.016077170418006
52 0.29398148148148 0.64978563772776 0.056481481481481 0.033762057877814
52 0.019444444444444 0.84726688102894 0.038888888888889 0.033226152197213
52 0.56018518518519 0.32904608788853 0.033333333333333 0.019292604501608
52 0.56435185185185 0.57797427652733 0.023148148148148 0.012325830653805
52 0.64305555555556 0.61334405144695 0.039814814814815 0.021972132904609
52 0.91203703703704 0.12191854233655 0.031481481481481 0.020900321543408
52 0.58842592592593 0.38210075026795 0.082407407407407 0.047159699892819
52 0.33009259259259 0.48713826366559 0.019444444444444 0.011789924973205
52 0.62592592592593 0.17872454448017 0.037037037037037 0.023043944265809
52 0.36481481481481 0.38719185423365 0.025925925925926 0.015541264737406
52 0.37222222222222 0.12111468381565 0.02962962962963 0.018220793140407
52 0.23935185185185 0.42148981779207 0.039814814814815 0.02518756698821
52 0.5087962962963 0.92122186495177 0.071296296296296 0.041800643086817
52 0.52731481481481 0.058145766345123 0.025 0.014469453376206
52 0.51666666666667 0.29153269024652 0.044444444444444 0.027867095391211
52 0.8087962962963 0.45123258306538 0.017592592592593 0.010718113612004
52 0.18611111111111 0.60209003215434 0.055555555555556 0.034833869239014
52 0.96898148148148 0.58869239013934 0.04537037037037 0.031618435155413
52 0.3537037037037 0.54153269024652 0.05 0.034833869239014
52 0.1087962962963 0.69051446945338 0.056481481481481 0.033762057877814
52 0.83240740740741 0.38933547695606 0.018518518518519 0.011254019292605
52 0.054166666666667 0.73097534833869 0.036111111111111 0.021436227224009
52 0.43981481481481 0.31430868167203 0.02962962962963 0.016613076098607
52 0.6125 0.29849946409432 0.021296296296296 0.012861736334405
52 0.36759259259259 0.084137191854234 0.038888888888889 0.023579849946409
52 0.54722222222222 0.18461950696677 0.027777777777778 0.015541264737406
52 0.63287037037037 0.38478027867095 0.039814814814815 0.023579849946409
52 0.41111111111111 0.62084673097535 0.042592592592593 0.026259378349411
52 0.062037037037037 0.23660235798499 0.10185185185185 0.065916398713826
52 0.015740740740741 0.53965702036442 0.027777777777778 0.019292604501608
52 0.40833333333333 0.10396570203644 0.037037037037037 0.021436227224009
52 0.7 0.069935691318328 0.018518518518519 0.011254019292605
52 0.68425925925926 0.43140407288317 0.055555555555556 0.033226152197213
52 0.42546296296296 0.36495176848875 0.087962962962963 0.051446945337621
52 0.61574074074074 0.27840300107181 0.053703703703704 0.032690246516613
52 0.70138888888889 0.57583065380493 0.063888888888889 0.038049303322615
52 0.41712962962963 0.26259378349411 0.034259259259259 0.020364415862808
52 0.46111111111111 0.28322615219721 0.016666666666667 0.010182207931404
52 0.88657407407407 0.0045551982851018 0.023148148148148 0.0091103965702036
52 0.3037037037037 0.59030010718114 0.053703703703704 0.035905680600214
52 0.56574074074074 0.093515541264737 0.035185185185185 0.020900321543408
52 0.67592592592593 0.4933011789925 0.062962962962963 0.039121114683816
52 0.2087962962963 0.19131832797428 0.039814814814815 0.02572347266881
52 0.14768518518519 0.53081457663451 0.099074074074074 0.060557341907824
52 0.35 0.68488745980707 0.038888888888889 0.02465166130761
52 0.76296296296296 0.066452304394427 0.027777777777778 0.017148981779207
52 0.44537037037037 0.38799571275456 0.046296296296296 0.027867095391211
52 0.38333333333333 0.62754555198285 0.044444444444444 0.027867095391211
52 0.60185185185185 0.078242229367631 0.044444444444444 0.030010718113612
52 0.69861111111111 0.20471596998928 0.034259259259259 0.022508038585209
52 0.7037037037037 0.46704180064309 0.068518518518519 0.039121114683816
52 0.4162037037037 0.28965702036442 0.037962962962963 0.021972132904609
52 0.44027777777778 0.17577706323687 0.04537037037037 0.026795284030011
52 0.79722222222222 0.55144694533762 0.07037037037037 0.041800643086817
52 0.48518518518519 0.11521972132905 0.024074074074074 0.013933547695606
52 0.39398148148148 0.19908896034298 0.039814814814815 0.02411575562701
52 0.61851851851852 0.15192926045016 0.031481481481481 0.019828510182208
52 0.096759259259259 0.51500535905681 0.028703703703704 0.017148981779207
52 0.33009259259259 0.35852090032154 0.026851851851852 0.016077170418006
52 0.46851851851852 0.60557341907824 0.038888888888889 0.023579849946409
52 0.28287037037037 0.47695605573419 0.036111111111111 0.022508038585209
52 0.45185185185185 0.42363344051447 0.053703703703704 0.032690246516613
52 0.64305555555556 0.011254019292605 0.030555555555556 0.018220793140407
52 0.8412037037037 0.32181136120043 0.013888888888889 0.0091103965702036
52 0.40787037037037 0.73017148981779 0.041666666666667 0.02518756698821
52 0.67037037037037 0.36200428724544 0.075925925925926 0.05091103965702
52 0.92638888888889 0.84941050375134 0.071296296296296 0.041800643086817
52 0.26388888888889 0.17416934619507 0.064814814814815 0.040728831725616
52 0.50972222222222 0.46784565916399 0.11759259259259 0.067524115755627
52 0.31018518518519 0.73445873526259 0.057407407407407 0.036977491961415
52 0.81805555555556 0.073687031082529 0.026851851851852 0.016613076098607
52 0.84212962962963 0.10262593783494 0.032407407407407 0.020900321543408
52 0.87407407407407 0.55412647374062 0.07037037037037 0.043944265809218
52 0.28101851851852 0.065112540192926 0.032407407407407 0.019828510182208
52 0.40648148148148 0.59914255091104 0.02962962962963 0.017148981779207
52 0.42824074074074 0.70444801714898 0.032407407407407 0.019828510182208
52 0.58888888888889 0.085476956055734 0.055555555555556 0.031618435155413
52 0.21342592592593 0.68810289389068 0.05462962962963 0.034297963558414
52 0.42314814814815 0.14817792068596 0.072222222222222 0.044480171489818
52 0.53564814814815 0.83681672025723 0.067592592592593 0.039121114683816
52 0.4712962962963 0.07609860664523 0.033333333333333 0.020364415862808
52 0.93518518518519 0.0056270096463023 0.033333333333333 0.011254019292605
52 0.3337962962963 0.45337620578778 0.028703703703704 0.017148981779207
52 0.84814814814815 0.017416934619507 0.042592592592593 0.028403001071811
52 0.41018518518519 0.43327974276527 0.033333333333333 0.019828510182208
52 0.46296296296296 0.52840300107181 0.066666666666667 0.038585209003215
52 0.2662037037037 0.57690246516613 0.047222222222222 0.028403001071811
52 0.30185185185185 0.02465166130761 0.085185185185185 0.04930332261522
52 0.18657407407407 0.56162915326902 0.047222222222222 0.030010718113612
52 0.63101851851852 0.040996784565916 0.034259259259259 0.021972132904609
52 0.0097222222222222 0.43756698821008 0.019444444444444 0.020900321543408
52 0.63564814814815 0.22106109324759 0.034259259259259 0.020900321543408
52 0.7287037037037 0.80948553054662 0.072222222222222 0.041264737406217
52 0.75046296296296 0.12406216505895 0.037962962962963 0.02411575562701