52 0.40234375 0.11805555555556 0.011979166666667 0.019444444444444
52 0.56171875 0.15972222222222 0.0234375 0.041666666666667
52 0.89036458333333 0.45972222222222 0.0140625 0.023148148148148
52 0.40598958333333 0.062962962962963 0.0109375 0.014814814814815
52 0.146875 0.21018518518519 0.017708333333333 0.027777777777778
52 0.07578125 0.20509259259259 0.0140625 0.021296296296296
52 0.20078125 0.31898148148148 0.011979166666667 0.019444444444444
52 0.13411458333333 0.37592592592593 0.0140625 0.024074074074074
52 0.28463541666667 0.28101851851852 0.041145833333333 0.069444444444444
52 0.69661458333333 0.53472222222222 0.019270833333333 0.034259259259259
52 0.24817708333333 0.0125 0.016145833333333 0.021296296296296
52 0.32864583333333 0.048148148148148 0.013541666666667 0.02037037037037
52 0.78255208333333 0.2 0.0234375 0.042592592592593
52 0.10208333333333 0.36898148148148 0.016666666666667 0.026851851851852
52 0.45442708333333 0.0625 0.024479166666667 0.043518518518519
52 0.22760416666667 0.43703703703704 0.01875 0.033333333333333
52 0.04140625 0.068055555555556 0.013020833333333 0.019444444444444
52 0.16875 0.225 0.021875 0.035185185185185
52 0.35651041666667 0.27592592592593 0.0546875 0.096296296296296
52 0.43567708333333 0.058796296296296 0.018229166666667 0.025
52 0.24479166666667 0.099537037037037 0.013541666666667 0.023148148148148
52 0.22265625 0.22731481481481 0.013020833333333 0.019444444444444
52 0.11484375 0.11805555555556 0.018229166666667 0.026851851851852
52 0.42265625 0.061111111111111 0.013020833333333 0.016666666666667
52 0.12239583333333 0.24583333333333 0.013541666666667 0.021296296296296
52 0.090104166666667 0.15555555555556 0.014583333333333 0.022222222222222
52 0.59869791666667 0.52731481481481 0.025520833333333 0.04537037037037
52 0.80104166666667 0.50046296296296 0.015625 0.026851851851852
52 0.25755208333333 0.32361111111111 0.019270833333333 0.030555555555556
52 0.93098958333333 0.42222222222222 0.016145833333333 0.027777777777778
52 0.328125 0.091203703703704 0.011458333333333 0.017592592592593
52 0.96901041666667 0.47731481481481 0.016145833333333 0.026851851851852
52 0.084895833333333 0.34722222222222 0.013541666666667 0.022222222222222
52 0.32890625 0.225 0.011979166666667 0.018518518518519
52 0.94088541666667 0.52592592592593 0.0171875 0.02962962962963
52 0.23958333333333 0.36342592592593 0.015625 0.026851851851852
52 0.075520833333333 0.12407407407407 0.013541666666667 0.02037037037037
52 0.17526041666667 0.39768518518519 0.0171875 0.028703703703704
52 0.91692708333333 0.5037037037037 0.016145833333333 0.027777777777778
52 0.025 0.31574074074074 0.021875 0.037037037037037
52 0.10963541666667 0.33564814814815 0.0109375 0.017592592592593
52 0.76302083333333 0.51805555555556 0.028125 0.052777777777778
52 0.640625 0.33703703703704 0.036458333333333 0.062962962962963
52 0.10598958333333 0.10833333333333 0.0140625 0.018518518518519
52 0.05625 0.16064814814815 0.017708333333333 0.026851851851852
52 0.15364583333333 0.044907407407407 0.015625 0.021296296296296
52 0.19609375 0.2787037037037 0.0140625 0.024074074074074
52 0.82395833333333 0.025462962962963 0.04375 0.050925925925926
52 0.021875 0.066666666666667 0.020833333333333 0.031481481481481
52 0.73046875 0.61944444444444 0.0609375 0.10740740740741
52 0.05859375 0.12916666666667 0.016145833333333 0.023148148148148
52 0.240625 0.090277777777778 0.0125 0.019444444444444
52 0.23046875 0.32268518518519 0.015104166666667 0.023148148148148
52 0.33932291666667 0.18148148148148 0.0140625 0.022222222222222
52 0.18776041666667 0.14675925925926 0.024479166666667 0.039814814814815
52 0.23567708333333 0.17083333333333 0.013020833333333 0.021296296296296
52 0.36458333333333 0.12685185185185 0.0125 0.02037037037037
52 0.41015625 0.16574074074074 0.021354166666667 0.037037037037037
52 0.11432291666667 0.17314814814815 0.022395833333333 0.035185185185185
52 0.38046875 0.19398148148148 0.016145833333333 0.025
52 0.2515625 0.25555555555556 0.013541666666667 0.022222222222222