52 0.68333333333333 0.083796296296296 0.020833333333333 0.032407407407407
52 0.79036458333333 0.31018518518519 0.015104166666667 0.024074074074074
52 0.97473958333333 0.725 0.016145833333333 0.025925925925926
52 0.265625 0.5875 0.01875 0.032407407407407
52 0.30859375 0.73287037037037 0.015104166666667 0.025
52 0.39895833333333 0.34398148148148 0.015625 0.025
52 0.84947916666667 0.7375 0.016666666666667 0.025
52 0.334375 0.6125 0.033333333333333 0.062037037037037
52 0.29921875 0.72685185185185 0.018229166666667 0.027777777777778
52 0.47317708333333 0.061111111111111 0.021354166666667 0.035185185185185
52 0.93697916666667 0.17453703703704 0.015625 0.025
52 0.36171875 0.57824074074074 0.015104166666667 0.028703703703704
52 0.44557291666667 0.37037037037037 0.015104166666667 0.024074074074074
52 0.684375 0.30925925925926 0.015625 0.022222222222222
52 0.33984375 0.035648148148148 0.0265625 0.041666666666667
52 0.89296875 0.34768518518519 0.0265625 0.043518518518519
52 0.96510416666667 0.28703703703704 0.017708333333333 0.025925925925926
52 0.821875 0.34444444444444 0.01875 0.02962962962963
52 0.80364583333333 0.49027777777778 0.015625 0.026851851851852
52 0.63255208333333 0.61064814814815 0.016145833333333 0.026851851851852
52 0.46197916666667 0.53148148148148 0.020833333333333 0.037037037037037
52 0.53880208333333 0.96805555555556 0.043229166666667 0.063888888888889
52 0.74973958333333 0.60092592592593 0.016145833333333 0.025925925925926
52 0.79973958333333 0.18240740740741 0.015104166666667 0.024074074074074
52 0.92083333333333 0.42962962962963 0.015625 0.025925925925926
52 0.094010416666667 0.23148148148148 0.021354166666667 0.035185185185185
52 0.93098958333333 0.53657407407407 0.015104166666667 0.026851851851852
52 0.34296875 0.37962962962963 0.018229166666667 0.02962962962963
52 0.90833333333333 0.7287037037037 0.014583333333333 0.025925925925926
52 0.80182291666667 0.44027777777778 0.016145833333333 0.026851851851852
52 0.74947916666667 0.12175925925926 0.016666666666667 0.026851851851852
52 0.65338541666667 0.61944444444444 0.015104166666667 0.025925925925926
52 0.041145833333333 0.36342592592593 0.017708333333333 0.030555555555556
52 0.95026041666667 0.33101851851852 0.0453125 0.075
52 0.51041666666667 0.25925925925926 0.015625 0.024074074074074
52 0.459375 0.38518518518519 0.016666666666667 0.025925925925926
52 0.53619791666667 0.62361111111111 0.016145833333333 0.025
52 0.24453125 0.34027777777778 0.019270833333333 0.030555555555556
52 0.88567708333333 0.69675925925926 0.0203125 0.028703703703704
52 0.22005208333333 0.43888888888889 0.019270833333333 0.033333333333333
52 0.85833333333333 0.86481481481481 0.016666666666667 0.025925925925926
52 0.78880208333333 0.3712962962963 0.015104166666667 0.025925925925926
52 0.42083333333333 0.10092592592593 0.026041666666667 0.044444444444444
52 0.70442708333333 0.56388888888889 0.0140625 0.024074074074074
52 0.91302083333333 0.014814814814815 0.019791666666667 0.025925925925926
52 0.18177083333333 0.47453703703704 0.027083333333333 0.049074074074074
52 0.5515625 0.26990740740741 0.034375 0.060185185185185
52 0.059375 0.3837962962963 0.01875 0.030555555555556
52 0.72005208333333 0.013888888888889 0.021354166666667 0.027777777777778
52 0.69557291666667 0.14953703703704 0.018229166666667 0.026851851851852
52 0.89765625 0.83842592592593 0.016145833333333 0.026851851851852
52 0.72083333333333 0.02962962962963 0.019791666666667 0.02962962962963
52 0.48541666666667 0.85740740740741 0.015625 0.025925925925926
52 0.44140625 0.28472222222222 0.0171875 0.025
52 0.93463541666667 0.54166666666667 0.018229166666667 0.025925925925926
52 0.43203125 0.4087962962963 0.018229166666667 0.030555555555556
52 0.69973958333333 0.61574074074074 0.015104166666667 0.025925925925926
52 0.10885416666667 0.83796296296296 0.022916666666667 0.038888888888889
52 0.25520833333333 0.44768518518519 0.016666666666667 0.025
52 0.63463541666667 0.45509259259259 0.016145833333333 0.026851851851852
52 0.19973958333333 0.6837962962963 0.0203125 0.032407407407407
52 0.65 0.36944444444444 0.014583333333333 0.024074074074074
52 0.38802083333333 0.46018518518519 0.014583333333333 0.025925925925926
52 0.246875 0.44398148148148 0.01875 0.030555555555556
52 0.92786458333333 0.33055555555556 0.016145833333333 0.027777777777778
52 0.1640625 0.43194444444444 0.021875 0.037962962962963
52 0.5796875 0.41990740740741 0.042708333333333 0.073148148148148
52 0.44322916666667 0.052314814814815 0.023958333333333 0.037962962962963
52 0.40859375 0.5087962962963 0.0171875 0.028703703703704
52 0.75260416666667 0.44166666666667 0.015625 0.025925925925926
52 0.40416666666667 0.47916666666667 0.016666666666667 0.025
52 0.66223958333333 0.54722222222222 0.016145833333333 0.027777777777778
52 0.11692708333333 0.72824074074074 0.016145833333333 0.026851851851852
52 0.86145833333333 0.20972222222222 0.019791666666667 0.030555555555556
52 0.321875 0.16111111111111 0.021875 0.035185185185185
52 0.82135416666667 0.40509259259259 0.013541666666667 0.026851851851852
52 0.39479166666667 0.078703703703704 0.019791666666667 0.031481481481481
52 0.88567708333333 0.084722222222222 0.016145833333333 0.026851851851852
52 0.42213541666667 0.31944444444444 0.015104166666667 0.024074074074074
52 0.82265625 0.63472222222222 0.0171875 0.028703703703704
52 0.41041666666667 0.375 0.023958333333333 0.040740740740741
52 0.71458333333333 0.19722222222222 0.030208333333333 0.051851851851852
52 0.5640625 0.37777777777778 0.015625 0.022222222222222
52 0.16067708333333 0.975 0.018229166666667 0.027777777777778
52 0.69739583333333 0.014351851851852 0.022916666666667 0.028703703703704
52 0.50520833333333 0.89537037037037 0.032291666666667 0.055555555555556
52 0.4328125 0.45185185185185 0.020833333333333 0.022222222222222
52 0.16744791666667 0.68518518518519 0.041145833333333 0.074074074074074
52 0.54505208333333 0.1662037037037 0.022395833333333 0.034259259259259
52 0.81510416666667 0.78935185185185 0.015625 0.025
52 0.66484375 0.07037037037037 0.016145833333333 0.025925925925926
52 0.73880208333333 0.52175925925926 0.0140625 0.025
52 0.88619791666667 0.074537037037037 0.0140625 0.030555555555556
52 0.54296875 0.61574074074074 0.016145833333333 0.024074074074074
52 0.52916666666667 0.39490740740741 0.016666666666667 0.026851851851852
52 0.86510416666667 0.059722222222222 0.015625 0.023148148148148
52 0.094270833333333 0.45092592592593 0.020833333333333 0.033333333333333
52 0.38697916666667 0.21944444444444 0.021875 0.035185185185185
52 0.64244791666667 0.76111111111111 0.016145833333333 0.027777777777778
52 0.15572916666667 0.31111111111111 0.075 0.13703703703704
52 0.16458333333333 0.75324074074074 0.016666666666667 0.028703703703704
52 0.32161458333333 0.29305555555556 0.019270833333333 0.032407407407407
52 0.73828125 0.36481481481481 0.016145833333333 0.025925925925926
52 0.18776041666667 0.87222222222222 0.015104166666667 0.024074074074074
52 0.3328125 0.90740740740741 0.015625 0.025925925925926
52 0.77447916666667 0.10046296296296 0.016666666666667 0.026851851851852
52 0.42291666666667 0.56990740740741 0.021875 0.037962962962963
52 0.34036458333333 0.79722222222222 0.015104166666667 0.024074074074074
52 0.54166666666667 0.15648148148148 0.01875 0.02962962962963
52 0.615625 0.55694444444444 0.014583333333333 0.026851851851852
52 0.35572916666667 0.11805555555556 0.039583333333333 0.065740740740741
52 0.9796875 0.87314814814815 0.014583333333333 0.025925925925926
52 0.01484375 0.40601851851852 0.0296875 0.084259259259259
52 0.64661458333333 0.084722222222222 0.015104166666667 0.023148148148148
52 0.079947916666667 0.15416666666667 0.0234375 0.037962962962963
52 0.77057291666667 0.41388888888889 0.015104166666667 0.025925925925926
52 0.17578125 0.56388888888889 0.015104166666667 0.025925925925926
52 0.43072916666667 0.78055555555556 0.021875 0.035185185185185
52 0.20364583333333 0.40416666666667 0.026041666666667 0.047222222222222