52 0.094791666666667 0.10740740740741 0.020833333333333 0.027777777777778
52 0.12083333333333 0.15046296296296 0.016666666666667 0.025
52 0.1875 0.38472222222222 0.020833333333333 0.037962962962963
52 0.089322916666667 0.10787037037037 0.0140625 0.021296296296296
52 0.42552083333333 0.18564814814815 0.061458333333333 0.10277777777778
52 0.96666666666667 0.069444444444444 0.017708333333333 0.027777777777778
52 0.03984375 0.061111111111111 0.0140625 0.022222222222222
52 0.1015625 0.11018518518519 0.019791666666667 0.031481481481481
52 0.72838541666667 0.56759259259259 0.015104166666667 0.025925925925926
52 0.22213541666667 0.20925925925926 0.0140625 0.022222222222222
52 0.1296875 0.34675925925926 0.015625 0.025
52 0.041145833333333 0.12685185185185 0.0125 0.02037037037037
52 0.10416666666667 0.059722222222222 0.017708333333333 0.028703703703704
52 0.228125 0.042592592592593 0.014583333333333 0.022222222222222
52 0.06640625 0.072222222222222 0.0140625 0.022222222222222
52 0.8859375 0.49583333333333 0.013541666666667 0.023148148148148
52 0.7328125 0.48703703703704 0.013541666666667 0.024074074074074
52 0.82135416666667 0.47453703703704 0.014583333333333 0.025
52 0.049479166666667 0.087037037037037 0.016666666666667 0.025925925925926
52 0.32734375 0.011111111111111 0.013020833333333 0.016666666666667
52 0.67161458333333 0.58194444444444 0.0515625 0.093518518518519
52 0.76510416666667 0.54212962962963 0.013541666666667 0.023148148148148
52 0.75859375 0.58888888888889 0.018229166666667 0.031481481481481
52 0.084635416666667 0.037037037037037 0.011979166666667 0.016666666666667
52 0.45390625 0.064351851851852 0.022395833333333 0.039814814814815
52 0.153125 0.15046296296296 0.01875 0.028703703703704
52 0.98463541666667 0.19953703703704 0.030729166666667 0.078703703703704
52 0.84192708333333 0.50462962962963 0.0140625 0.024074074074074
52 0.546875 0.4837962962963 0.019791666666667 0.032407407407407
52 0.97057291666667 0.48472222222222 0.0171875 0.030555555555556
52 0.984375 0.14027777777778 0.021875 0.037962962962963
52 0.053385416666667 0.044444444444444 0.015104166666667 0.02037037037037
52 0.79583333333333 0.15416666666667 0.048958333333333 0.082407407407407
52 0.08359375 0.18703703703704 0.0140625 0.022222222222222
52 0.31458333333333 0.14814814814815 0.013541666666667 0.022222222222222
52 0.56067708333333 0.64583333333333 0.027604166666667 0.050925925925926
52 0.20364583333333 0.089351851851852 0.021875 0.036111111111111
52 0.86458333333333 0.52731481481481 0.016666666666667 0.028703703703704