52 0.62083333333333 0.18888888888889 0.022916666666667 0.037037037037037
52 0.3984375 0.65092592592593 0.020833333333333 0.033333333333333
52 0.71640625 0.775 0.0171875 0.025925925925926
52 0.9734375 0.6962962962963 0.019791666666667 0.033333333333333
52 0.63671875 0.94398148148148 0.0203125 0.032407407407407
52 0.8578125 0.8 0.026041666666667 0.042592592592593
52 0.66458333333333 0.89537037037037 0.01875 0.02962962962963
52 0.18776041666667 0.47731481481481 0.049479166666667 0.093518518518519
52 0.87994791666667 0.092592592592593 0.034895833333333 0.055555555555556
52 0.73541666666667 0.53101851851852 0.020833333333333 0.036111111111111
52 0.45572916666667 0.52175925925926 0.027083333333333 0.047222222222222
52 0.74921875 0.72083333333333 0.0203125 0.032407407407407
52 0.0059895833333333 0.96805555555556 0.011979166666667 0.025
52 0.7953125 0.44861111111111 0.023958333333333 0.037962962962963
52 0.57838541666667 0.70092592592593 0.022395833333333 0.035185185185185
52 0.23671875 0.68055555555556 0.0203125 0.033333333333333
52 0.0078125 0.092592592592593 0.015625 0.046296296296296
52 0.71458333333333 0.47916666666667 0.020833333333333 0.034259259259259
52 0.7 0.98611111111111 0.020833333333333 0.027777777777778
52 0.51796875 0.85601851851852 0.0203125 0.030555555555556
52 0.19296875 0.92314814814815 0.018229166666667 0.027777777777778
52 0.53098958333333 0.48287037037037 0.024479166666667 0.043518518518519
52 0.31354166666667 0.76388888888889 0.022916666666667 0.037037037037037
52 0.27578125 0.63842592592593 0.033854166666667 0.05462962962963
52 0.95572916666667 0.47824074074074 0.023958333333333 0.039814814814815
52 0.62291666666667 0.57083333333333 0.017708333333333 0.026851851851852
52 0.72994791666667 0.85 0.022395833333333 0.033333333333333
52 0.89401041666667 0.46296296296296 0.0203125 0.033333333333333
52 0.67734375 0.41203703703704 0.021354166666667 0.035185185185185
52 0.23177083333333 0.98287037037037 0.025 0.034259259259259
52 0.33515625 0.97407407407407 0.052604166666667 0.051851851851852
52 0.75833333333333 0.80555555555556 0.017708333333333 0.027777777777778
52 0.8984375 0.78194444444444 0.022916666666667 0.037962962962963
52 0.86015625 0.55416666666667 0.021354166666667 0.034259259259259
52 0.013541666666667 0.33611111111111 0.027083333333333 0.05
52 0.29661458333333 0.95092592592593 0.025520833333333 0.040740740740741
52 0.11432291666667 0.86111111111111 0.025520833333333 0.040740740740741
52 0.0046875 0.72638888888889 0.009375 0.026851851851852
52 0.79192708333333 0.32083333333333 0.0234375 0.036111111111111
52 0.68385416666667 0.17361111111111 0.021875 0.036111111111111