52 0.5462962962963 0.40809217577706 0.025925925925926 0.015541264737406
52 0.44490740740741 0.61280814576635 0.032407407407407 0.023043944265809
52 0.79166666666667 0.17604501607717 0.02037037037037 0.018756698821008
52 0.8587962962963 0.33199356913183 0.071296296296296 0.045551982851018
52 0.46342592592593 0.095123258306538 0.021296296296296 0.019828510182208
52 0.34675925925926 0.44024651661308 0.058333333333333 0.034833869239014
52 0.13703703703704 0.252679528403 0.051851851851852 0.044480171489818
52 0.56111111111111 0.54072883172562 0.037037037037037 0.020364415862808
52 0.58518518518519 0.14201500535906 0.025925925925926 0.015005359056806
52 0.19166666666667 0.057609860664523 0.074074074074074 0.04876741693462
52 0.40185185185185 0.48070739549839 0.018518518518519 0.013933547695606
52 0.87962962962963 0.2475884244373 0.033333333333333 0.023579849946409
52 0.62453703703704 0.17095391211147 0.019444444444444 0.019292604501608
52 0.50972222222222 0.38531618435155 0.026851851851852 0.021436227224009
52 0.13101851851852 0.65862808145766 0.062037037037037 0.043944265809218
52 0.44490740740741 0.53885316184352 0.030555555555556 0.028403001071811
52 0.33796296296296 0.35316184351554 0.038888888888889 0.018220793140407
52 0.35185185185185 0.84056806002144 0.081481481481481 0.05091103965702
52 0.39490740740741 0.69614147909968 0.025 0.022508038585209
52 0.15092592592593 0.46543408360129 0.037037037037037 0.02411575562701
52 0.52962962962963 0.22293676312969 0.022222222222222 0.017148981779207
52 0.67546296296296 0.35530546623794 0.034259259259259 0.02465166130761
52 0.40185185185185 0.34539121114684 0.025925925925926 0.018756698821008
52 0.7375 0.2521436227224 0.017592592592593 0.013397642015005
52 0.63194444444444 0.039924973204716 0.021296296296296 0.016613076098607
52 0.27962962962963 0.56672025723473 0.02962962962963 0.023043944265809
52 0.2587962962963 0.2542872454448 0.056481481481481 0.033762057877814
52 0.41018518518519 0.46382636655949 0.037037037037037 0.02518756698821
52 0.31759259259259 0.33413719185423 0.022222222222222 0.019828510182208
52 0.31944444444444 0.61120042872454 0.018518518518519 0.020900321543408
52 0.63564814814815 0.84539121114684 0.060185185185185 0.038049303322615
52 0.42361111111111 0.38799571275456 0.013888888888889 0.010718113612004
52 0.83842592592593 0.38799571275456 0.023148148148148 0.018220793140407
52 0.13888888888889 0.72534833869239 0.027777777777778 0.020900321543408
52 0.50509259259259 0.52786709539121 0.036111111111111 0.021436227224009
52 0.42638888888889 0.21489817792069 0.060185185185185 0.035369774919614
52 0.4412037037037 0.27893890675241 0.073148148148148 0.045551982851018
52 0.57268518518519 0.23043944265809 0.047222222222222 0.056806002143623
52 0.66990740740741 0.20632368703108 0.026851851851852 0.019292604501608
52 0.30972222222222 0.57851018220793 0.032407407407407 0.020900321543408
52 0.76435185185185 0.11334405144695 0.026851851851852 0.017684887459807
52 0.69027777777778 0.14362272240086 0.034259259259259 0.02465166130761
52 0.65416666666667 0.19560557341908 0.021296296296296 0.015005359056806
52 0.2962962962963 0.65058949624866 0.059259259259259 0.033226152197213
52 0.53009259259259 0.54046087888532 0.026851851851852 0.032690246516613
52 0.78935185185185 0.12647374062165 0.037962962962963 0.02572347266881
52 0.81296296296296 0.41613076098607 0.027777777777778 0.021972132904609
52 0.42685185185185 0.41532690246517 0.02962962962963 0.019292604501608
52 0.46898148148148 0.41693461950697 0.015740740740741 0.019292604501608
52 0.33657407407407 0.52652733118971 0.032407407407407 0.02411575562701
52 0.67407407407407 0.22775991425509 0.014814814814815 0.007502679528403
52 0.26157407407407 0.34003215434084 0.04537037037037 0.027331189710611
52 0.14768518518519 0.28804930332262 0.037962962962963 0.026259378349411
52 0.98101851851852 0.069131832797428 0.012037037037037 0.012861736334405
52 0.29768518518519 0.61093247588424 0.025 0.019292604501608
52 0.93703703703704 0.14469453376206 0.025925925925926 0.021436227224009
52 0.23287037037037 0.13772775991426 0.071296296296296 0.046087888531618
52 0.3662037037037 0.13317256162915 0.013888888888889 0.014469453376206
52 0.40416666666667 0.5120578778135 0.028703703703704 0.018756698821008
52 0.35324074074074 0.65782422293676 0.069444444444444 0.040192926045016
52 0.54259259259259 0.41881028938907 0.022222222222222 0.012325830653805
52 0.45833333333333 0.32984994640943 0.077777777777778 0.04876741693462
52 0.51759259259259 0.42202572347267 0.035185185185185 0.026259378349411
52 0.34861111111111 0.30975348338692 0.028703703703704 0.020364415862808
52 0.23564814814815 0.21302250803859 0.063888888888889 0.038049303322615
52 0.70462962962963 0.32690246516613 0.027777777777778 0.027867095391211
52 0.63194444444444 0.48579849946409 0.028703703703704 0.021972132904609
52 0.068981481481481 0.64281886387996 0.075 0.054126473740622
52 0.74814814814815 0.15514469453376 0.037037037037037 0.019828510182208
52 0.74212962962963 0.33949624866024 0.026851851851852 0.020900321543408
52 0.83287037037037 0.12674169346195 0.013888888888889 0.011254019292605
52 0.1162037037037 0.31806002143623 0.026851851851852 0.023043944265809