52 0.10026041666667 0.3837962962963 0.011979166666667 0.019444444444444
52 0.85807291666667 0.031481481481481 0.0109375 0.016666666666667
52 0.069010416666667 0.18888888888889 0.0109375 0.016666666666667
52 0.36458333333333 0.14583333333333 0.042708333333333 0.073148148148148
52 0.10598958333333 0.8037037037037 0.019270833333333 0.02962962962963
52 0.93463541666667 0.19305555555556 0.018229166666667 0.028703703703704
52 0.034895833333333 0.57083333333333 0.01875 0.032407407407407
52 0.071875 0.40555555555556 0.017708333333333 0.02962962962963
52 0.98567708333333 0.3712962962963 0.0109375 0.02037037037037
52 0.84765625 0.084722222222222 0.011979166666667 0.019444444444444
52 0.088541666666667 0.16990740740741 0.010416666666667 0.015740740740741
52 0.78046875 0.4375 0.0453125 0.084259259259259
52 0.95494791666667 0.37222222222222 0.011979166666667 0.02037037037037
52 0.13697916666667 0.28472222222222 0.013541666666667 0.023148148148148
52 0.95546875 0.04537037037037 0.0109375 0.014814814814815
52 0.066145833333333 0.059722222222222 0.013541666666667 0.019444444444444
52 0.97994791666667 0.12592592592593 0.011979166666667 0.018518518518519
52 0.03359375 0.42175925925926 0.011979166666667 0.021296296296296
52 0.25208333333333 0.56805555555556 0.017708333333333 0.028703703703704
52 0.109375 0.59351851851852 0.016666666666667 0.027777777777778
52 0.22734375 0.70740740740741 0.0171875 0.027777777777778
52 0.95338541666667 0.17962962962963 0.015104166666667 0.024074074074074
52 0.11276041666667 0.17175925925926 0.0140625 0.019444444444444
52 0.97734375 0.14537037037037 0.0098958333333333 0.016666666666667
52 0.94270833333333 0.45740740740741 0.013541666666667 0.022222222222222
52 0.96588541666667 0.30601851851852 0.018229166666667 0.030555555555556
52 0.91640625 0.53657407407407 0.016145833333333 0.026851851851852
52 0.684375 0.55509259259259 0.054166666666667 0.10462962962963
52 0.021614583333333 0.29768518518519 0.011979166666667 0.021296296296296
52 0.047395833333333 0.34259259259259 0.015625 0.025925925925926
52 0.15807291666667 0.084722222222222 0.044270833333333 0.078703703703704
52 0.1703125 0.0125 0.027083333333333 0.025
52 0.0096354166666667 0.17777777777778 0.011979166666667 0.02037037037037
52 0.0875 0.094444444444444 0.011458333333333 0.016666666666667
52 0.83333333333333 0.1037037037037 0.013541666666667 0.022222222222222
52 0.14609375 0.16203703703704 0.016145833333333 0.025925925925926
52 0.978125 0.13194444444444 0.011458333333333 0.019444444444444
52 0.5234375 0.61759259259259 0.025 0.044444444444444
52 0.2734375 0.038888888888889 0.0125 0.018518518518519
52 0.39817708333333 0.39537037037037 0.030729166666667 0.059259259259259
52 0.98515625 0.23935185185185 0.0098958333333333 0.017592592592593