52 0.94036458333333 0.28472222222222 0.015104166666667 0.025
52 0.48151041666667 0.1375 0.033854166666667 0.058333333333333
52 0.21197916666667 0.069907407407407 0.013541666666667 0.021296296296296
52 0.19739583333333 0.16157407407407 0.0125 0.019444444444444
52 0.29348958333333 0.52777777777778 0.015104166666667 0.024074074074074
52 0.96901041666667 0.14212962962963 0.011979166666667 0.019444444444444
52 0.8546875 0.052314814814815 0.010416666666667 0.015740740740741
52 0.94557291666667 0.049074074074074 0.0098958333333333 0.014814814814815
52 0.90208333333333 0.5212962962963 0.016666666666667 0.027777777777778
52 0.10859375 0.50509259259259 0.018229166666667 0.030555555555556
52 0.84583333333333 0.088888888888889 0.010416666666667 0.016666666666667
52 0.57213541666667 0.5625 0.024479166666667 0.041666666666667
52 0.134375 0.35 0.016666666666667 0.027777777777778
52 0.29453125 0.11388888888889 0.033854166666667 0.055555555555556
52 0.22369791666667 0.74537037037037 0.016145833333333 0.024074074074074
52 0.21119791666667 0.19027777777778 0.016145833333333 0.025
52 0.13515625 0.073148148148148 0.013020833333333 0.02037037037037
52 0.92760416666667 0.43287037037037 0.0125 0.021296296296296
52 0.27734375 0.63796296296296 0.018229166666667 0.02962962962963
52 0.090885416666667 0.17731481481481 0.0140625 0.021296296296296
52 0.16015625 0.5462962962963 0.015104166666667 0.024074074074074
52 0.9515625 0.19583333333333 0.013541666666667 0.021296296296296
52 0.11901041666667 0.020833333333333 0.011979166666667 0.017592592592593
52 0.020833333333333 0.28287037037037 0.0125 0.021296296296296
52 0.086458333333333 0.44675925925926 0.010416666666667 0.017592592592593
52 0.49244791666667 0.42175925925926 0.030729166666667 0.05462962962963
52 0.80989583333333 0.37453703703704 0.055208333333333 0.09537037037037
52 0.34453125 0.97314814814815 0.031770833333333 0.053703703703704
52 0.022135416666667 0.24305555555556 0.013020833333333 0.021296296296296
52 0.080729166666667 0.40925925925926 0.013541666666667 0.022222222222222
52 0.98645833333333 0.39722222222222 0.009375 0.018518518518519
52 0.83828125 0.11342592592593 0.011979166666667 0.019444444444444
52 0.10859375 0.32175925925926 0.0140625 0.021296296296296
52 0.95338541666667 0.38796296296296 0.0098958333333333 0.016666666666667
52 0.30260416666667 0.022222222222222 0.03125 0.044444444444444
52 0.038802083333333 0.33842592592593 0.0140625 0.023148148148148
52 0.86328125 0.32037037037037 0.0359375 0.064814814814815
52 0.91666666666667 0.19305555555556 0.015625 0.025
52 0.88125 0.077314814814815 0.010416666666667 0.015740740740741