52 0.61197916666667 0.49583333333333 0.021875 0.039814814814815
52 0.84791666666667 0.075462962962963 0.013541666666667 0.021296296296296
52 0.28203125 0.23611111111111 0.0109375 0.016666666666667
52 0.039322916666667 0.13148148148148 0.011979166666667 0.018518518518519
52 0.24088541666667 0.27962962962963 0.013020833333333 0.02037037037037
52 0.759375 0.79212962962963 0.01875 0.030555555555556
52 0.97916666666667 0.026851851851852 0.011458333333333 0.016666666666667
52 0.23125 0.37824074074074 0.042708333333333 0.071296296296296
52 0.98619791666667 0.47731481481481 0.015104166666667 0.028703703703704
52 0.17161458333333 0.084259259259259 0.013020833333333 0.02037037037037
52 0.20520833333333 0.26157407407407 0.011458333333333 0.017592592592593
52 0.086458333333333 0.30462962962963 0.0125 0.02037037037037
52 0.8984375 0.087037037037037 0.011458333333333 0.018518518518519
52 0.24583333333333 0.47083333333333 0.011458333333333 0.019444444444444
52 0.0984375 0.74305555555556 0.01875 0.030555555555556
52 0.17291666666667 0.1587962962963 0.011458333333333 0.015740740740741
52 0.1359375 0.65694444444444 0.017708333333333 0.028703703703704
52 0.027083333333333 0.28657407407407 0.053125 0.099074074074074
52 0.20286458333333 0.30925925925926 0.013020833333333 0.022222222222222
52 0.23828125 0.10601851851852 0.013020833333333 0.021296296296296
52 0.90286458333333 0.18611111111111 0.011979166666667 0.018518518518519
52 0.049739583333333 0.22685185185185 0.011979166666667 0.016666666666667
52 0.6703125 0.83240740740741 0.053125 0.1
52 0.95286458333333 0.58518518518519 0.019270833333333 0.031481481481481
52 0.99010416666667 0.15601851851852 0.019791666666667 0.04537037037037
52 0.027083333333333 0.7375 0.054166666666667 0.15092592592593
52 0.98385416666667 0.32268518518519 0.014583333333333 0.026851851851852