52 0.78411458333333 0.60555555555556 0.0171875 0.027777777777778
52 0.68567708333333 0.53935185185185 0.0171875 0.026851851851852
52 0.36067708333333 0.15925925925926 0.021354166666667 0.033333333333333
52 0.81536458333333 0.46064814814815 0.016145833333333 0.026851851851852
52 0.81354166666667 0.53935185185185 0.016666666666667 0.026851851851852
52 0.83411458333333 0.38564814814815 0.018229166666667 0.028703703703704
52 0.90078125 0.3962962962963 0.019270833333333 0.025925925925926
52 0.27057291666667 0.3875 0.027604166666667 0.043518518518519
52 0.083333333333333 0.15509259259259 0.026041666666667 0.043518518518519
52 0.7796875 0.56111111111111 0.020833333333333 0.033333333333333
52 0.27447916666667 0.55648148148148 0.016666666666667 0.025925925925926
52 0.077604166666667 0.34583333333333 0.039583333333333 0.067592592592593
52 0.67057291666667 0.16342592592593 0.025520833333333 0.043518518518519
52 0.26666666666667 0.40787037037037 0.022916666666667 0.041666666666667
52 0.27578125 0.15601851851852 0.019270833333333 0.028703703703704
52 0.82682291666667 0.48981481481481 0.0234375 0.040740740740741
52 0.99036458333333 0.36666666666667 0.016145833333333 0.027777777777778
52 0.95963541666667 0.4087962962963 0.016145833333333 0.026851851851852
52 0.52135416666667 0.052777777777778 0.017708333333333 0.025925925925926
52 0.48255208333333 0.73842592592593 0.018229166666667 0.032407407407407
52 0.39895833333333 0.37175925925926 0.01875 0.025
52 0.22083333333333 0.14583333333333 0.017708333333333 0.026851851851852
52 0.559375 0.56435185185185 0.015625 0.026851851851852
52 0.65052083333333 0.19444444444444 0.01875 0.02962962962963
52 0.328125 0.12314814814815 0.039583333333333 0.064814814814815
52 0.43098958333333 0.49768518518519 0.018229166666667 0.032407407407407
52 0.94609375 0.49398148148148 0.018229166666667 0.032407407407407
52 0.96067708333333 0.30462962962963 0.0171875 0.027777777777778
52 0.080989583333333 0.57592592592593 0.025520833333333 0.040740740740741
52 0.97708333333333 0.33472222222222 0.016666666666667 0.026851851851852
52 0.011458333333333 0.65555555555556 0.021875 0.042592592592593
52 0.081770833333333 0.5287037037037 0.021875 0.035185185185185
52 0.14036458333333 0.48333333333333 0.018229166666667 0.031481481481481
52 0.26822916666667 0.62916666666667 0.01875 0.030555555555556
52 0.41276041666667 0.15694444444444 0.0328125 0.052777777777778
52 0.7703125 0.40925925925926 0.021875 0.033333333333333
52 0.16171875 0.52685185185185 0.018229166666667 0.031481481481481
52 0.61041666666667 0.27361111111111 0.019791666666667 0.032407407407407
52 0.49557291666667 0.53009259259259 0.018229166666667 0.028703703703704
52 0.096614583333333 0.43101851851852 0.019270833333333 0.032407407407407
52 0.92526041666667 0.41666666666667 0.018229166666667 0.031481481481481
52 0.23463541666667 0.9462962962963 0.018229166666667 0.02962962962963
52 0.88932291666667 0.81296296296296 0.024479166666667 0.040740740740741
52 0.093489583333333 0.82592592592593 0.018229166666667 0.02962962962963
52 0.35390625 0.23842592592593 0.018229166666667 0.023148148148148
52 0.30625 0.059722222222222 0.019791666666667 0.028703703703704
52 0.60364583333333 0.30185185185185 0.017708333333333 0.024074074074074
52 0.65546875 0.54814814814815 0.016145833333333 0.027777777777778
52 0.91458333333333 0.25787037037037 0.023958333333333 0.037962962962963
52 0.8265625 0.32037037037037 0.030208333333333 0.046296296296296
52 0.13880208333333 0.72916666666667 0.0234375 0.039814814814815
52 0.43046875 0.27361111111111 0.024479166666667 0.041666666666667
52 0.50885416666667 0.3837962962963 0.017708333333333 0.026851851851852
52 0.48984375 0.30833333333333 0.016145833333333 0.025925925925926
52 0.35052083333333 0.74166666666667 0.016666666666667 0.027777777777778
52 0.74869791666667 0.45694444444444 0.018229166666667 0.030555555555556
52 0.28697916666667 0.36666666666667 0.021875 0.033333333333333
52 0.47604166666667 0.54351851851852 0.01875 0.02962962962963
52 0.74609375 0.96527777777778 0.044270833333333 0.069444444444444
52 0.21302083333333 0.73796296296296 0.017708333333333 0.02962962962963
52 0.37682291666667 0.36527777777778 0.019270833333333 0.030555555555556
52 0.70182291666667 0.61527777777778 0.019270833333333 0.030555555555556
52 0.8140625 0.77453703703704 0.020833333333333 0.032407407407407
52 0.39505208333333 0.58981481481481 0.0171875 0.025925925925926
52 0.52604166666667 0.35509259259259 0.016666666666667 0.028703703703704
52 0.79661458333333 0.81342592592593 0.019270833333333 0.028703703703704
52 0.84791666666667 0.8087962962963 0.01875 0.030555555555556
52 0.41666666666667 0.56018518518519 0.017708333333333 0.027777777777778
52 0.046875 0.38564814814815 0.026041666666667 0.043518518518519
52 0.37369791666667 0.31666666666667 0.022395833333333 0.037037037037037
52 0.77526041666667 0.24537037037037 0.027604166666667 0.048148148148148
52 0.3375 0.40925925925926 0.01875 0.027777777777778
52 0.42395833333333 0.076388888888889 0.021875 0.034259259259259
52 0.15833333333333 0.35138888888889 0.019791666666667 0.030555555555556
52 0.93515625 0.79398148148148 0.018229166666667 0.030555555555556
52 0.52864583333333 0.62777777777778 0.016666666666667 0.02962962962963
52 0.0091145833333333 0.11898148148148 0.018229166666667 0.050925925925926
52 0.12369791666667 0.41342592592593 0.021354166666667 0.036111111111111
52 0.99296875 0.15277777777778 0.0140625 0.02962962962963
52 0.76614583333333 0.27777777777778 0.016666666666667 0.025925925925926
52 0.095572916666667 0.010185185185185 0.021354166666667 0.02037037037037
52 0.12213541666667 0.68703703703704 0.018229166666667 0.02962962962963
52 0.37864583333333 0.25740740740741 0.032291666666667 0.051851851851852
52 0.55833333333333 0.22407407407407 0.020833333333333 0.033333333333333
52 0.65703125 0.61944444444444 0.016145833333333 0.027777777777778
52 0.78958333333333 0.75972222222222 0.017708333333333 0.030555555555556
52 0.74973958333333 0.29537037037037 0.016145833333333 0.025925925925926
52 0.2421875 0.3537037037037 0.027083333333333 0.033333333333333
52 0.9515625 0.96712962962963 0.016666666666667 0.026851851851852
52 0.12864583333333 0.29212962962963 0.016666666666667 0.026851851851852
52 0.089583333333333 0.28148148148148 0.03125 0.057407407407407
52 0.23307291666667 0.23101851851852 0.021354166666667 0.036111111111111
52 0.7140625 0.65324074074074 0.01875 0.030555555555556
52 0.36588541666667 0.35185185185185 0.0171875 0.027777777777778
52 0.57786458333333 0.16018518518519 0.022395833333333 0.033333333333333
52 0.90364583333333 0.88101851851852 0.022916666666667 0.037962962962963
52 0.31614583333333 0.52592592592593 0.016666666666667 0.025925925925926
52 0.38020833333333 0.65833333333333 0.019791666666667 0.031481481481481
52 0.47526041666667 0.39305555555556 0.018229166666667 0.028703703703704
52 0.36536458333333 0.45 0.015104166666667 0.027777777777778
52 0.046354166666667 0.17777777777778 0.032291666666667 0.051851851851852
52 0.8484375 0.8625 0.016666666666667 0.026851851851852
52 0.34114583333333 0.63657407407407 0.015625 0.026851851851852
52 0.49635416666667 0.34212962962963 0.023958333333333 0.039814814814815
52 0.59244791666667 0.15509259259259 0.0203125 0.028703703703704
52 0.89427083333333 0.69212962962963 0.06875 0.10462962962963
52 0.16927083333333 0.67731481481481 0.01875 0.030555555555556
52 0.85208333333333 0.42407407407407 0.022916666666667 0.040740740740741
52 0.34192708333333 0.69212962962963 0.016145833333333 0.026851851851852
52 0.20130208333333 0.64861111111111 0.021354166666667 0.037962962962963
52 0.44947916666667 0.7337962962963 0.017708333333333 0.032407407407407
52 0.43984375 0.37222222222222 0.016145833333333 0.025925925925926
52 0.29375 0.31759259259259 0.025 0.038888888888889
52 0.79817708333333 0.55972222222222 0.018229166666667 0.028703703703704
52 0.48723958333333 0.64722222222222 0.016145833333333 0.027777777777778
52 0.57109375 0.36064814814815 0.019270833333333 0.030555555555556
52 0.69479166666667 0.6087962962963 0.016666666666667 0.030555555555556
52 0.14453125 0.70324074074074 0.0171875 0.026851851851852
52 0.79114583333333 0.44490740740741 0.033333333333333 0.058333333333333
52 0.7796875 0.89259259259259 0.027083333333333 0.042592592592593
52 0.29453125 0.35972222222222 0.022395833333333 0.034259259259259
52 0.12239583333333 0.34444444444444 0.023958333333333 0.037037037037037
52 0.17526041666667 0.45092592592593 0.018229166666667 0.027777777777778
52 0.17213541666667 0.77824074074074 0.018229166666667 0.028703703703704
52 0.27786458333333 0.37777777777778 0.021354166666667 0.031481481481481
52 0.45859375 0.77731481481481 0.0203125 0.034259259259259
52 0.23385416666667 0.34537037037037 0.019791666666667 0.02962962962963
52 0.19427083333333 0.32314814814815 0.01875 0.02962962962963
52 0.48307291666667 0.58240740740741 0.016145833333333 0.025925925925926
52 0.29453125 0.43657407407407 0.028645833333333 0.047222222222222
52 0.60729166666667 0.72777777777778 0.017708333333333 0.02962962962963
52 0.62421875 0.53194444444444 0.0390625 0.069444444444444