52 0.153125 0.51018518518519 0.011458333333333 0.018518518518519
52 0.073697916666667 0.46296296296296 0.011979166666667 0.02037037037037
52 0.340625 0.47083333333333 0.011458333333333 0.019444444444444
52 0.93645833333333 0.08287037037037 0.011458333333333 0.017592592592593
52 0.066666666666667 0.8037037037037 0.017708333333333 0.02962962962963
52 0.013020833333333 0.33287037037037 0.010416666666667 0.019444444444444
52 0.061197916666667 0.21203703703704 0.0109375 0.016666666666667
52 0.047916666666667 0.67685185185185 0.019791666666667 0.033333333333333
52 0.38255208333333 0.98518518518519 0.030729166666667 0.02962962962963
52 0.10911458333333 0.087962962962963 0.0098958333333333 0.016666666666667
52 0.946875 0.31666666666667 0.013541666666667 0.022222222222222
52 0.20807291666667 0.27407407407407 0.021354166666667 0.035185185185185
52 0.83828125 0.12546296296296 0.0234375 0.037962962962963
52 0.04375 0.43657407407407 0.011458333333333 0.019444444444444
52 0.93671875 0.3537037037037 0.0140625 0.022222222222222
52 0.3078125 0.1337962962963 0.016666666666667 0.026851851851852
52 0.27421875 0.40787037037037 0.015104166666667 0.023148148148148
52 0.40234375 0.58333333333333 0.018229166666667 0.031481481481481
52 0.17473958333333 0.41944444444444 0.0109375 0.018518518518519
52 0.055208333333333 0.40416666666667 0.0125 0.021296296296296
52 0.00625 0.60185185185185 0.0125 0.024074074074074
52 0.96354166666667 0.11898148148148 0.019791666666667 0.030555555555556
52 0.509375 0.93888888888889 0.072916666666667 0.12222222222222
52 0.284375 0.34305555555556 0.013541666666667 0.023148148148148
52 0.91927083333333 0.48703703703704 0.015625 0.025925925925926
52 0.081510416666667 0.18240740740741 0.0098958333333333 0.014814814814815
52 0.2890625 0.27685185185185 0.0125 0.022222222222222
52 0.15833333333333 0.44305555555556 0.010416666666667 0.017592592592593
52 0.12760416666667 0.15833333333333 0.009375 0.014814814814815
52 0.34375 0.86712962962963 0.03125 0.052777777777778
52 0.83828125 0.60601851851852 0.0203125 0.036111111111111
52 0.7921875 0.37453703703704 0.021875 0.036111111111111
52 0.34557291666667 0.53935185185185 0.0098958333333333 0.017592592592593
52 0.079947916666667 0.03287037037037 0.0109375 0.015740740740741
52 0.32005208333333 0.26157407407407 0.015104166666667 0.023148148148148
52 0.15052083333333 0.68796296296296 0.017708333333333 0.02962962962963
52 0.22526041666667 0.4537037037037 0.0359375 0.062962962962963
52 0.93177083333333 0.21064814814815 0.014583333333333 0.021296296296296
52 0.63932291666667 0.67592592592593 0.015104166666667 0.025925925925926
52 0.18203125 0.21296296296296 0.0140625 0.022222222222222
52 0.97395833333333 0.41574074074074 0.0125 0.022222222222222
52 0.12057291666667 0.22638888888889 0.0098958333333333 0.015740740740741
52 0.10859375 0.58101851851852 0.013020833333333 0.023148148148148
52 0.046875 0.35185185185185 0.009375 0.016666666666667
52 0.90651041666667 0.13518518518519 0.0171875 0.025925925925926
52 0.19010416666667 0.96990740740741 0.0375 0.060185185185185
52 0.13203125 0.64953703703704 0.0140625 0.023148148148148
52 0.46770833333333 0.84490740740741 0.073958333333333 0.11759259259259
52 0.083333333333333 0.36018518518519 0.009375 0.016666666666667
52 0.12526041666667 0.83009259259259 0.0359375 0.060185185185185
52 0.909375 0.59074074074074 0.017708333333333 0.027777777777778
52 0.96536458333333 0.17453703703704 0.019270833333333 0.026851851851852
52 0.42994791666667 0.96435185185185 0.056770833333333 0.071296296296296
52 0.88880208333333 0.094907407407407 0.0359375 0.062037037037037
52 0.78125 0.56388888888889 0.015625 0.025925925925926
52 0.43776041666667 0.67314814814815 0.0140625 0.025925925925926
52 0.64036458333333 0.725 0.018229166666667 0.02962962962963
52 0.32682291666667 0.3375 0.0088541666666667 0.015740740740741
52 0.027604166666667 0.064814814814815 0.0083333333333333 0.014814814814815
52 0.014583333333333 0.2787037037037 0.020833333333333 0.035185185185185
52 0.33671875 0.50277777777778 0.015104166666667 0.025925925925926
52 0.95833333333333 0.12407407407407 0.019791666666667 0.02962962962963
52 0.76119791666667 0.5912037037037 0.0203125 0.034259259259259
52 0.19375 0.6625 0.034375 0.058333333333333