52 0.046614583333333 0.10277777777778 0.016145833333333 0.024074074074074
52 0.011197916666667 0.18472222222222 0.015104166666667 0.025
52 0.61328125 0.043518518518519 0.0140625 0.024074074074074
52 0.68828125 0.14768518518519 0.013020833333333 0.021296296296296
52 0.47838541666667 0.14074074074074 0.015104166666667 0.027777777777778
52 0.03203125 0.058796296296296 0.0203125 0.028703703703704
52 0.578125 0.15925925925926 0.011458333333333 0.02037037037037
52 0.56536458333333 0.037962962962963 0.018229166666667 0.027777777777778
52 0.58177083333333 0.48611111111111 0.036458333333333 0.066666666666667
52 0.67369791666667 0.025 0.0098958333333333 0.016666666666667
52 0.19661458333333 0.046296296296296 0.016145833333333 0.024074074074074
52 0.77708333333333 0.15740740740741 0.015625 0.025925925925926
52 0.98802083333333 0.48935185185185 0.013541666666667 0.026851851851852
52 0.65546875 0.18425925925926 0.0453125 0.081481481481481
52 0.12291666666667 0.033796296296296 0.014583333333333 0.021296296296296
52 0.57864583333333 0.10694444444444 0.0125 0.021296296296296
52 0.13151041666667 0.10462962962963 0.019270833333333 0.02962962962963
52 0.90703125 0.55740740740741 0.024479166666667 0.042592592592593