52 0.96510416666667 0.94861111111111 0.027083333333333 0.047222222222222
52 0.94375 0.065277777777778 0.011458333333333 0.017592592592593
52 0.34296875 0.43611111111111 0.013020833333333 0.02037037037037
52 0.86692708333333 0.36759259259259 0.018229166666667 0.02962962962963
52 0.21302083333333 0.21527777777778 0.016666666666667 0.025
52 0.26223958333333 0.45925925925926 0.0171875 0.027777777777778
52 0.840625 0.44027777777778 0.014583333333333 0.023148148148148
52 0.28776041666667 0.32824074074074 0.0140625 0.025
52 0.846875 0.12222222222222 0.016666666666667 0.027777777777778
52 0.71979166666667 0.97037037037037 0.042708333333333 0.059259259259259
52 0.7328125 0.56018518518519 0.016666666666667 0.02962962962963
52 0.65 0.90185185185185 0.021875 0.035185185185185
52 0.69869791666667 0.68333333333333 0.031770833333333 0.053703703703704
52 0.58020833333333 0.065277777777778 0.023958333333333 0.041666666666667
52 0.20338541666667 0.47314814814815 0.0109375 0.018518518518519
52 0.75885416666667 0.49537037037037 0.014583333333333 0.024074074074074
52 0.234375 0.57453703703704 0.019791666666667 0.034259259259259
52 0.2078125 0.38796296296296 0.010416666666667 0.016666666666667
52 0.25208333333333 0.048611111111111 0.015625 0.023148148148148
52 0.65989583333333 0.97361111111111 0.017708333333333 0.028703703703704
52 0.26640625 0.17777777777778 0.015104166666667 0.024074074074074
52 0.93541666666667 0.41898148148148 0.013541666666667 0.023148148148148
52 0.48932291666667 0.225 0.0359375 0.061111111111111
52 0.91927083333333 0.051388888888889 0.011458333333333 0.017592592592593
52 0.38854166666667 0.5412037037037 0.015625 0.026851851851852
52 0.67447916666667 0.61527777777778 0.01875 0.032407407407407
52 0.95208333333333 0.36805555555556 0.014583333333333 0.023148148148148
52 0.28645833333333 0.48194444444444 0.014583333333333 0.025
52 0.41875 0.28425925925926 0.0125 0.02037037037037
52 0.959375 0.15509259259259 0.014583333333333 0.025
52 0.69895833333333 0.61574074074074 0.016666666666667 0.027777777777778
52 0.37682291666667 0.63240740740741 0.013020833333333 0.022222222222222
52 0.67760416666667 0.5625 0.019791666666667 0.034259259259259
52 0.20052083333333 0.62407407407407 0.015625 0.025925925925926
52 0.25807291666667 0.10972222222222 0.011979166666667 0.019444444444444
52 0.3625 0.55 0.016666666666667 0.02962962962963
52 0.63828125 0.59351851851852 0.0171875 0.027777777777778
52 0.88932291666667 0.33101851851852 0.011979166666667 0.019444444444444
52 0.31171875 0.28148148148148 0.0109375 0.018518518518519
52 0.69296875 0.50324074074074 0.0140625 0.023148148148148
52 0.26614583333333 0.63703703703704 0.025 0.044444444444444