52 0.3796875 0.44907407407407 0.028125 0.05
52 0.21848958333333 0.18009259259259 0.058854166666667 0.10092592592593
52 0.35390625 0.26388888888889 0.027604166666667 0.048148148148148
52 0.76119791666667 0.60833333333333 0.0296875 0.055555555555556
52 0.30364583333333 0.2787037037037 0.052083333333333 0.096296296296296
52 0.13255208333333 0.7712962962963 0.019270833333333 0.031481481481481
52 0.43072916666667 0.53333333333333 0.045833333333333 0.081481481481481
52 0.030989583333333 0.57222222222222 0.027604166666667 0.05
52 0.37135416666667 0.88055555555556 0.05625 0.094444444444444
52 0.62552083333333 0.47222222222222 0.064583333333333 0.12037037037037
52 0.20442708333333 0.47453703703704 0.021354166666667 0.037962962962963
52 0.80026041666667 0.86111111111111 0.031770833333333 0.055555555555556
52 0.86067708333333 0.90694444444444 0.024479166666667 0.041666666666667
52 0.37161458333333 0.6625 0.027604166666667 0.050925925925926
52 0.95286458333333 0.35462962962963 0.0515625 0.088888888888889
52 0.40520833333333 0.2462962962963 0.053125 0.10185185185185
52 0.25182291666667 0.65462962962963 0.038020833333333 0.068518518518519
52 0.52213541666667 0.97314814814815 0.0171875 0.027777777777778
52 0.47421875 0.56388888888889 0.030729166666667 0.057407407407407
52 0.84973958333333 0.47916666666667 0.043229166666667 0.076851851851852
52 0.86614583333333 0.7037037037037 0.023958333333333 0.044444444444444
52 0.53828125 0.46666666666667 0.0359375 0.062962962962963
52 0.66041666666667 0.68935185185185 0.036458333333333 0.063888888888889
52 0.52864583333333 0.94398148148148 0.020833333333333 0.034259259259259
52 0.75885416666667 0.26481481481481 0.052083333333333 0.094444444444444
52 0.128125 0.98009259259259 0.033333333333333 0.039814814814815
52 0.0609375 0.80231481481481 0.019791666666667 0.032407407407407
52 0.016666666666667 0.35787037037037 0.032291666666667 0.062037037037037
52 0.015625 0.91111111111111 0.029166666666667 0.051851851851852
52 0.053125 0.69907407407407 0.029166666666667 0.051851851851852
52 0.075260416666667 0.93842592592593 0.024479166666667 0.043518518518519
52 0.22942708333333 0.55 0.036979166666667 0.062962962962963
52 0.21744791666667 0.07962962962963 0.046354166666667 0.07962962962963
52 0.84036458333333 0.60092592592593 0.0421875 0.072222222222222
52 0.27708333333333 0.9162037037037 0.01875 0.030555555555556
52 0.98203125 0.098611111111111 0.034895833333333 0.062037037037037
52 0.17135416666667 0.47407407407407 0.030208333333333 0.048148148148148
52 0.51223958333333 0.20185185185185 0.0671875 0.11111111111111
52 0.5390625 0.56435185185185 0.067708333333333 0.1212962962963
52 0.79895833333333 0.40740740740741 0.042708333333333 0.074074074074074
52 0.45130208333333 0.58981481481481 0.027604166666667 0.051851851851852
52 0.49244791666667 0.74675925925926 0.024479166666667 0.04537037037037
52 0.50182291666667 0.47638888888889 0.031770833333333 0.056481481481481
52 0.57760416666667 0.51574074074074 0.022916666666667 0.042592592592593
52 0.40130208333333 0.62222222222222 0.034895833333333 0.061111111111111
52 0.90833333333333 0.1125 0.048958333333333 0.082407407407407
52 0.61119791666667 0.65648148148148 0.030729166666667 0.057407407407407
52 0.44635416666667 0.9 0.016666666666667 0.027777777777778
52 0.47838541666667 0.68657407407407 0.016145833333333 0.028703703703704
52 0.47760416666667 0.13703703703704 0.047916666666667 0.087037037037037
52 0.46458333333333 0.72222222222222 0.020833333333333 0.035185185185185
52 0.23359375 0.25277777777778 0.034895833333333 0.059259259259259
52 0.051041666666667 0.96574074074074 0.034375 0.057407407407407
52 0.7171875 0.091203703703704 0.072916666666667 0.13796296296296
52 0.57473958333333 0.65833333333333 0.038020833333333 0.07037037037037
52 0.055729166666667 0.46388888888889 0.035416666666667 0.064814814814815
52 0.86536458333333 0.81342592592593 0.036979166666667 0.063888888888889
52 0.45260416666667 0.67407407407407 0.046875 0.083333333333333
52 0.56692708333333 0.94814814814815 0.0265625 0.046296296296296
52 0.53411458333333 0.7662037037037 0.031770833333333 0.056481481481481
52 0.43411458333333 0.36481481481481 0.028645833333333 0.053703703703704
52 0.83098958333333 0.81342592592593 0.0234375 0.041666666666667
52 0.62213541666667 0.5662037037037 0.0265625 0.049074074074074
52 0.96171875 0.65231481481481 0.027604166666667 0.049074074074074
52 0.78020833333333 0.93796296296296 0.039583333333333 0.072222222222222
52 0.44036458333333 0.41574074074074 0.033854166666667 0.059259259259259
52 0.71223958333333 0.2662037037037 0.034895833333333 0.062037037037037
52 0.32239583333333 0.15601851851852 0.040625 0.073148148148148
52 0.24583333333333 0.5087962962963 0.036458333333333 0.063888888888889
52 0.0546875 0.29490740740741 0.073958333333333 0.14722222222222
52 0.55442708333333 0.72268518518519 0.031770833333333 0.058333333333333
52 0.18125 0.54722222222222 0.021875 0.040740740740741
52 0.65078125 0.59583333333333 0.0328125 0.060185185185185
52 0.58333333333333 0.39814814814815 0.038541666666667 0.072222222222222
52 0.51041666666667 0.06712962962963 0.027083333333333 0.047222222222222
52 0.20703125 0.67962962962963 0.044270833333333 0.075925925925926
52 0.99114583333333 0.75046296296296 0.017708333333333 0.050925925925926
52 0.27760416666667 0.57916666666667 0.036458333333333 0.065740740740741
52 0.68541666666667 0.54351851851852 0.04375 0.081481481481481
52 0.85052083333333 0.75462962962963 0.027083333333333 0.048148148148148
52 0.57109375 0.4662037037037 0.034895833333333 0.062037037037037
52 0.080729166666667 0.8837962962963 0.029166666666667 0.052777777777778