52 0.12395833333333 0.16851851851852 0.013541666666667 0.02037037037037
52 0.31692708333333 0.099074074074074 0.0140625 0.02037037037037
52 0.17604166666667 0.57777777777778 0.017708333333333 0.02962962962963
52 0.072135416666667 0.14212962962963 0.016145833333333 0.025
52 0.34947916666667 0.37361111111111 0.010416666666667 0.017592592592593
52 0.33854166666667 0.55046296296296 0.028125 0.052777777777778
52 0.39322916666667 0.36666666666667 0.014583333333333 0.024074074074074
52 0.2203125 0.65092592592593 0.016666666666667 0.027777777777778
52 0.22161458333333 0.24537037037037 0.011979166666667 0.02037037037037
52 0.4265625 0.37268518518519 0.011458333333333 0.019444444444444
52 0.1765625 0.091203703703704 0.016666666666667 0.025
52 0.19401041666667 0.26111111111111 0.013020833333333 0.02037037037037
52 0.31614583333333 0.21666666666667 0.0125 0.02037037037037
52 0.36145833333333 0.12592592592593 0.011458333333333 0.018518518518519
52 0.25651041666667 0.40046296296296 0.0140625 0.021296296296296
52 0.43489583333333 0.43287037037037 0.013541666666667 0.023148148148148
52 0.5578125 0.67777777777778 0.013541666666667 0.022222222222222
52 0.37447916666667 0.44305555555556 0.013541666666667 0.023148148148148
52 0.32838541666667 0.091203703703704 0.013020833333333 0.017592592592593
52 0.98411458333333 0.23240740740741 0.015104166666667 0.025925925925926
52 0.94010416666667 0.55694444444444 0.017708333333333 0.030555555555556
52 0.0080729166666667 0.66851851851852 0.0140625 0.027777777777778
52 0.77682291666667 0.13657407407407 0.011979166666667 0.017592592592593
52 0.61145833333333 0.11990740740741 0.0125 0.019444444444444
52 0.20416666666667 0.28101851851852 0.011458333333333 0.017592592592593
52 0.20807291666667 0.16435185185185 0.016145833333333 0.025
52 0.69661458333333 0.2462962962963 0.0109375 0.018518518518519
52 0.79114583333333 0.68842592592593 0.023958333333333 0.043518518518519
52 0.48541666666667 0.010648148148148 0.0125 0.017592592592593
52 0.10833333333333 0.31342592592593 0.010416666666667 0.017592592592593
52 0.67604166666667 0.13518518518519 0.014583333333333 0.022222222222222
52 0.71744791666667 0.2962962962963 0.0109375 0.018518518518519
52 0.69635416666667 0.10694444444444 0.014583333333333 0.023148148148148
52 0.62552083333333 0.47546296296296 0.017708333333333 0.030555555555556
52 0.52421875 0.42962962962963 0.021354166666667 0.037037037037037
52 0.96953125 0.5212962962963 0.0203125 0.035185185185185
52 0.92864583333333 0.11759259259259 0.020833333333333 0.035185185185185
52 0.69036458333333 0.2125 0.013020833333333 0.019444444444444
52 0.80442708333333 0.024074074074074 0.015104166666667 0.022222222222222
52 0.43671875 0.039351851851852 0.011979166666667 0.017592592592593
52 0.346875 0.18611111111111 0.015625 0.024074074074074
52 0.78020833333333 0.3962962962963 0.020833333333333 0.035185185185185
52 0.33645833333333 0.033333333333333 0.011458333333333 0.016666666666667
52 0.58359375 0.13842592592593 0.0140625 0.021296296296296
52 0.59036458333333 0.038888888888889 0.015104166666667 0.02037037037037
52 0.76588541666667 0.53194444444444 0.015104166666667 0.025
52 0.40989583333333 0.25972222222222 0.0125 0.019444444444444
52 0.46328125 0.35833333333333 0.0140625 0.024074074074074
52 0.56432291666667 0.22314814814815 0.0109375 0.016666666666667
52 0.45963541666667 0.22083333333333 0.0109375 0.017592592592593
52 0.54375 0.12685185185185 0.013541666666667 0.02037037037037
52 0.36744791666667 0.082407407407407 0.013020833333333 0.02037037037037
52 0.39505208333333 0.0875 0.013020833333333 0.019444444444444
52 0.34375 0.4162037037037 0.015625 0.025
52 0.29661458333333 0.12592592592593 0.0109375 0.018518518518519
52 0.70286458333333 0.17777777777778 0.013020833333333 0.02037037037037
52 0.27994791666667 0.66296296296296 0.0140625 0.022222222222222
52 0.14505208333333 0.28148148148148 0.0140625 0.022222222222222
52 0.77447916666667 0.49351851851852 0.027083333333333 0.046296296296296
52 0.0234375 0.2625 0.01875 0.030555555555556
52 0.46328125 0.46064814814815 0.015104166666667 0.025
52 0.80104166666667 0.77824074074074 0.016666666666667 0.025
52 0.70442708333333 0.39537037037037 0.016145833333333 0.025925925925926
52 0.44114583333333 0.23935185185185 0.014583333333333 0.025
52 0.690625 0.024537037037037 0.040625 0.049074074074074
52 0.903125 0.79444444444444 0.019791666666667 0.033333333333333
52 0.68151041666667 0.62453703703704 0.015104166666667 0.025
52 0.4359375 0.10185185185185 0.0125 0.016666666666667
52 0.22161458333333 0.11990740740741 0.016145833333333 0.025
52 0.23489583333333 0.033333333333333 0.011458333333333 0.016666666666667
52 0.54479166666667 0.26342592592593 0.013541666666667 0.021296296296296
52 0.91041666666667 0.065277777777778 0.013541666666667 0.023148148148148
52 0.0140625 0.43425925925926 0.0125 0.022222222222222
52 0.72135416666667 0.028703703703704 0.011458333333333 0.016666666666667
52 0.66328125 0.78611111111111 0.019270833333333 0.035185185185185
52 0.690625 0.15555555555556 0.011458333333333 0.016666666666667
52 0.71276041666667 0.13194444444444 0.0140625 0.021296296296296
52 0.64088541666667 0.68194444444444 0.074479166666667 0.14166666666667
52 0.0078125 0.0074074074074074 0.014583333333333 0.014814814814815
52 0.51692708333333 0.20601851851852 0.015104166666667 0.023148148148148
52 0.25208333333333 0.18101851851852 0.011458333333333 0.017592592592593
52 0.85703125 0.51296296296296 0.0140625 0.022222222222222
52 0.209375 0.54027777777778 0.020833333333333 0.036111111111111
52 0.29895833333333 0.24444444444444 0.0125 0.02037037037037
52 0.50885416666667 0.06712962962963 0.014583333333333 0.021296296296296
52 0.48932291666667 0.45601851851852 0.013020833333333 0.023148148148148
52 0.57760416666667 0.022685185185185 0.013541666666667 0.019444444444444
52 0.46536458333333 0.43055555555556 0.016145833333333 0.02962962962963
52 0.12838541666667 0.225 0.011979166666667 0.018518518518519
52 0.6296875 0.25046296296296 0.014583333333333 0.023148148148148
52 0.56354166666667 0.3662037037037 0.017708333333333 0.028703703703704
52 0.41614583333333 0.1125 0.013541666666667 0.021296296296296
52 0.82838541666667 0.3375 0.013020833333333 0.021296296296296
52 0.328125 0.3587962962963 0.0125 0.019444444444444
52 0.40104166666667 0.15416666666667 0.013541666666667 0.021296296296296
52 0.83645833333333 0.0083333333333333 0.015625 0.016666666666667
52 0.65234375 0.1375 0.013020833333333 0.021296296296296
52 0.86484375 0.034259259259259 0.019270833333333 0.027777777777778
52 0.85885416666667 0.75787037037037 0.020833333333333 0.034259259259259
52 0.77786458333333 0.95787037037037 0.061979166666667 0.084259259259259
52 0.47213541666667 0.081018518518519 0.0109375 0.017592592592593
52 0.42083333333333 0.18101851851852 0.015625 0.025
52 0.79921875 0.12685185185185 0.013020833333333 0.02037037037037
52 0.52239583333333 0.07037037037037 0.017708333333333 0.027777777777778
52 0.93697916666667 0.080555555555556 0.011458333333333 0.018518518518519
52 0.68411458333333 0.50092592592593 0.0140625 0.022222222222222
52 0.66640625 0.50509259259259 0.016145833333333 0.025
52 0.6515625 0.50138888888889 0.016666666666667 0.026851851851852
52 0.89348958333333 0.53333333333333 0.0171875 0.027777777777778
52 0.83177083333333 0.2625 0.011458333333333 0.017592592592593
52 0.29244791666667 0.28055555555556 0.015104166666667 0.024074074074074
52 0.87135416666667 0.70833333333333 0.034375 0.057407407407407
52 0.47890625 0.64907407407407 0.015104166666667 0.025925925925926
52 0.60182291666667 0.15787037037037 0.016145833333333 0.025
52 0.52526041666667 0.15046296296296 0.011979166666667 0.017592592592593
52 0.45286458333333 0.050462962962963 0.013020833333333 0.019444444444444
52 0.49036458333333 0.60185185185185 0.019270833333333 0.037037037037037
52 0.42942708333333 0.63611111111111 0.0796875 0.1537037037037
52 0.52161458333333 0.18888888888889 0.0171875 0.024074074074074
52 0.82760416666667 0.21342592592593 0.015625 0.023148148148148
52 0.052604166666667 0.43240740740741 0.014583333333333 0.024074074074074
52 0.4984375 0.13981481481481 0.013541666666667 0.02037037037037
52 0.24661458333333 0.58888888888889 0.016145833333333 0.027777777777778
52 0.11692708333333 0.47222222222222 0.015104166666667 0.024074074074074
52 0.41536458333333 0.054166666666667 0.0171875 0.026851851851852
52 0.64765625 0.1087962962963 0.0109375 0.017592592592593
52 0.4953125 0.54490740740741 0.017708333333333 0.032407407407407
52 0.28697916666667 0.21342592592593 0.0125 0.019444444444444
52 0.63776041666667 0.17268518518519 0.013020833333333 0.019444444444444
52 0.73411458333333 0.45462962962963 0.013020833333333 0.022222222222222