52 0.56510416666667 0.2125 0.029166666666667 0.049074074074074
52 0.78229166666667 0.62592592592593 0.010416666666667 0.018518518518519
52 0.37552083333333 0.3625 0.01875 0.032407407407407
52 0.43255208333333 0.19166666666667 0.0140625 0.02037037037037
52 0.29895833333333 0.39583333333333 0.011458333333333 0.019444444444444
52 0.79427083333333 0.51851851851852 0.016666666666667 0.027777777777778
52 0.50572916666667 0.425 0.0125 0.018518518518519
52 0.90963541666667 0.66944444444444 0.0098958333333333 0.016666666666667
52 0.42838541666667 0.3787037037037 0.0088541666666667 0.014814814814815
52 0.0096354166666667 0.72037037037037 0.013020833333333 0.022222222222222
52 0.52213541666667 0.53981481481481 0.0140625 0.024074074074074
52 0.70729166666667 0.70324074074074 0.013541666666667 0.021296296296296
52 0.29453125 0.44907407407407 0.011979166666667 0.018518518518519
52 0.46875 0.42824074074074 0.025 0.04537037037037
52 0.40963541666667 0.19444444444444 0.0109375 0.016666666666667
52 0.3640625 0.61157407407407 0.009375 0.015740740740741
52 0.496875 0.21481481481481 0.013541666666667 0.02037037037037
52 0.4953125 0.71018518518519 0.0125 0.016666666666667
52 0.053125 0.65185185185185 0.014583333333333 0.022222222222222
52 0.62604166666667 0.55185185185185 0.014583333333333 0.024074074074074
52 0.81380208333333 0.24212962962963 0.0140625 0.023148148148148
52 0.62265625 0.6412037037037 0.0140625 0.023148148148148
52 0.51588541666667 0.35416666666667 0.011979166666667 0.019444444444444
52 0.875 0.98333333333333 0.019791666666667 0.033333333333333
52 0.15338541666667 0.51527777777778 0.0140625 0.023148148148148
52 0.67421875 0.17638888888889 0.0109375 0.017592592592593
52 0.396875 0.28657407407407 0.0125 0.019444444444444
52 0.90416666666667 0.98148148148148 0.028125 0.037037037037037
52 0.59583333333333 0.41064814814815 0.010416666666667 0.017592592592593
52 0.453125 0.29027777777778 0.010416666666667 0.017592592592593
52 0.665625 0.38611111111111 0.011458333333333 0.018518518518519
52 0.49348958333333 0.097685185185185 0.018229166666667 0.026851851851852
52 0.73255208333333 0.29861111111111 0.011979166666667 0.019444444444444
52 0.75416666666667 0.31481481481481 0.0125 0.018518518518519
52 0.58723958333333 0.58009259259259 0.016145833333333 0.025
52 0.63958333333333 0.66342592592593 0.014583333333333 0.023148148148148
52 0.013020833333333 0.18935185185185 0.01875 0.032407407407407
52 0.20338541666667 0.45925925925926 0.013020833333333 0.02037037037037
52 0.54088541666667 0.31666666666667 0.0140625 0.02037037037037
52 0.55130208333333 0.2412037037037 0.015104166666667 0.025
52 0.43984375 0.11666666666667 0.018229166666667 0.02962962962963
52 0.51276041666667 0.070833333333333 0.0140625 0.021296296296296
52 0.58255208333333 0.27777777777778 0.0098958333333333 0.016666666666667
52 0.41067708333333 0.46018518518519 0.0109375 0.018518518518519
52 0.00859375 0.14583333333333 0.0171875 0.032407407407407
52 0.33255208333333 0.64305555555556 0.0109375 0.019444444444444
52 0.66953125 0.45231481481481 0.013020833333333 0.023148148148148
52 0.84921875 0.30694444444444 0.011979166666667 0.021296296296296
52 0.29010416666667 0.71851851851852 0.015625 0.027777777777778
52 0.728125 0.35648148148148 0.010416666666667 0.016666666666667
52 0.2234375 0.47453703703704 0.0125 0.019444444444444
52 0.41770833333333 0.31805555555556 0.0125 0.019444444444444
52 0.015104166666667 0.67546296296296 0.017708333333333 0.032407407407407
52 0.44765625 0.43055555555556 0.011979166666667 0.02037037037037
52 0.58723958333333 0.38287037037037 0.0109375 0.017592592592593
52 0.521875 0.64907407407407 0.013541666666667 0.02037037037037
52 0.55494791666667 0.52731481481481 0.0140625 0.023148148148148
52 0.63567708333333 0.030555555555556 0.025520833333333 0.042592592592593
52 0.76588541666667 0.085185185185185 0.0203125 0.031481481481481
52 0.91484375 0.45833333333333 0.0109375 0.018518518518519
52 0.48333333333333 0.66296296296296 0.014583333333333 0.024074074074074
52 0.25364583333333 0.50046296296296 0.011458333333333 0.019444444444444
52 0.42994791666667 0.96805555555556 0.0546875 0.063888888888889
52 0.3390625 0.53333333333333 0.011458333333333 0.022222222222222
52 0.86640625 0.48425925925926 0.0109375 0.018518518518519
52 0.77291666666667 0.66203703703704 0.0125 0.02037037037037
52 0.057552083333333 0.64861111111111 0.016145833333333 0.023148148148148
52 0.33541666666667 0.19583333333333 0.011458333333333 0.017592592592593
52 0.023958333333333 0.31805555555556 0.028125 0.049074074074074
52 0.34869791666667 0.21574074074074 0.0109375 0.016666666666667
52 0.1828125 0.14537037037037 0.01875 0.02962962962963
52 0.47994791666667 0.10324074074074 0.018229166666667 0.028703703703704
52 0.81015625 0.46018518518519 0.016145833333333 0.02962962962963
52 0.409375 0.49351851851852 0.0125 0.02037037037037
52 0.32682291666667 0.098611111111111 0.011979166666667 0.017592592592593
52 0.60104166666667 0.47731481481481 0.0125 0.021296296296296
52 0.515625 0.91018518518519 0.014583333333333 0.02037037037037
52 0.79557291666667 0.21990740740741 0.0140625 0.023148148148148
52 0.8828125 0.54166666666667 0.014583333333333 0.024074074074074
52 0.50494791666667 0.81898148148148 0.0109375 0.015740740740741
52 0.56380208333333 0.089814814814815 0.013020833333333 0.02037037037037
52 0.6109375 0.23657407407407 0.011458333333333 0.019444444444444
52 0.70234375 0.91712962962963 0.0171875 0.026851851851852
52 0.44817708333333 0.61944444444444 0.0088541666666667 0.014814814814815
52 0.39583333333333 0.10046296296296 0.013541666666667 0.021296296296296
52 0.38802083333333 0.39259259259259 0.0125 0.018518518518519
52 0.041927083333333 0.48240740740741 0.011979166666667 0.02037037037037
52 0.3578125 0.5162037037037 0.013541666666667 0.021296296296296
52 0.45260416666667 0.33703703703704 0.009375 0.014814814814815
52 0.85260416666667 0.58657407407407 0.014583333333333 0.025
52 0.36432291666667 0.45277777777778 0.019270833333333 0.033333333333333
52 0.21458333333333 0.045833333333333 0.017708333333333 0.026851851851852
52 0.020052083333333 0.14768518518519 0.019270833333333 0.030555555555556
52 0.29557291666667 0.175 0.0671875 0.11666666666667
52 0.35364583333333 0.30601851851852 0.011458333333333 0.017592592592593
52 0.31067708333333 0.6212962962963 0.015104166666667 0.024074074074074
52 0.634375 0.69583333333333 0.011458333333333 0.017592592592593
52 0.96588541666667 0.49027777777778 0.011979166666667 0.019444444444444
52 0.87890625 0.62037037037037 0.0109375 0.016666666666667
52 0.69921875 0.61527777777778 0.011979166666667 0.019444444444444
52 0.53333333333333 0.58194444444444 0.0125 0.021296296296296
52 0.80182291666667 0.3287037037037 0.0296875 0.053703703703704
52 0.54401041666667 0.6337962962963 0.0109375 0.017592592592593
52 0.50989583333333 0.32638888888889 0.010416666666667 0.019444444444444
52 0.64557291666667 0.29027777777778 0.0098958333333333 0.015740740740741
52 0.44322916666667 0.51759259259259 0.0125 0.018518518518519
52 0.240625 0.30324074074074 0.01875 0.028703703703704
52 0.44791666666667 0.81898148148148 0.017708333333333 0.026851851851852
52 0.60755208333333 0.625 0.0098958333333333 0.014814814814815
52 0.21822916666667 0.75787037037037 0.015625 0.025
52 0.64791666666667 0.52546296296296 0.0125 0.021296296296296
52 0.46458333333333 0.51712962962963 0.013541666666667 0.025
52 0.0796875 0.64768518518519 0.0125 0.019444444444444
52 0.42083333333333 0.037962962962963 0.010416666666667 0.014814814814815
52 0.71953125 0.49074074074074 0.013020833333333 0.018518518518519
52 0.86458333333333 0.52407407407407 0.0125 0.02037037037037
52 0.066927083333333 0.38472222222222 0.022395833333333 0.037962962962963
52 0.31875 0.38009259259259 0.021875 0.037962962962963
52 0.1390625 0.50555555555556 0.014583333333333 0.022222222222222
52 0.81432291666667 0.70694444444444 0.024479166666667 0.039814814814815
52 0.43515625 0.48472222222222 0.0109375 0.019444444444444
52 0.14505208333333 0.60509259259259 0.015104166666667 0.023148148148148
52 0.31171875 0.57546296296296 0.0234375 0.039814814814815
52 0.37447916666667 0.8625 0.013541666666667 0.021296296296296
52 0.43723958333333 0.40555555555556 0.011979166666667 0.018518518518519
52 0.84505208333333 0.42592592592593 0.021354166666667 0.035185185185185
52 0.32447916666667 0.2587962962963 0.009375 0.015740740740741
52 0.55625 0.6625 0.009375 0.015740740740741
52 0.746875 0.41388888888889 0.010416666666667 0.02037037037037
52 0.46692708333333 0.74305555555556 0.018229166666667 0.030555555555556
52 0.65338541666667 0.95138888888889 0.013020833333333 0.019444444444444
52 0.421875 0.6625 0.0125 0.021296296296296
52 0.50807291666667 0.48148148148148 0.013020833333333 0.022222222222222
52 0.36510416666667 0.042592592592593 0.020833333333333 0.031481481481481
52 0.83984375 0.50740740740741 0.0109375 0.016666666666667
52 0.52213541666667 0.98611111111111 0.021354166666667 0.027777777777778
52 0.13333333333333 0.53611111111111 0.0125 0.018518518518519
52 0.16067708333333 0.41435185185185 0.022395833333333 0.043518518518519
52 0.53307291666667 0.32314814814815 0.016145833333333 0.022222222222222
52 0.47213541666667 0.37592592592593 0.0140625 0.018518518518519
52 0.38333333333333 0.48611111111111 0.013541666666667 0.02037037037037
52 0.095833333333333 0.40138888888889 0.01875 0.028703703703704
52 0.029947916666667 0.61435185185185 0.0171875 0.030555555555556
52 0.35026041666667 0.96203703703704 0.0109375 0.014814814814815
52 0.52760416666667 0.40092592592593 0.011458333333333 0.018518518518519
52 0.30182291666667 0.42407407407407 0.013020833333333 0.022222222222222
52 0.4546875 0.38287037037037 0.0125 0.019444444444444
52 0.37942708333333 0.75925925925926 0.0098958333333333 0.014814814814815
52 0.34635416666667 0.91990740740741 0.014583333333333 0.023148148148148
52 0.44348958333333 0.049074074074074 0.0109375 0.016666666666667
52 0.31536458333333 0.34814814814815 0.0140625 0.022222222222222
52 0.50234375 0.26851851851852 0.0140625 0.022222222222222
52 0.64192708333333 0.84907407407407 0.0265625 0.042592592592593
52 0.721875 0.62685185185185 0.015625 0.025925925925926
52 0.3953125 0.88564814814815 0.010416666666667 0.017592592592593
52 0.50859375 0.61944444444444 0.011979166666667 0.02037037037037
52 0.84322916666667 0.65462962962963 0.0125 0.018518518518519
52 0.04609375 0.69259259259259 0.0098958333333333 0.016666666666667
52 0.51875 0.78240740740741 0.011458333333333 0.016666666666667
52 0.35859375 0.16111111111111 0.013020833333333 0.018518518518519
52 0.21953125 0.075925925925926 0.0171875 0.025925925925926
52 0.64609375 0.11851851851852 0.011979166666667 0.018518518518519
52 0.18854166666667 0.13287037037037 0.019791666666667 0.028703703703704
52 0.68880208333333 0.78101851851852 0.011979166666667 0.017592592592593
52 0.41588541666667 0.53287037037037 0.011979166666667 0.021296296296296
52 0.50677083333333 0.63472222222222 0.0125 0.021296296296296
52 0.6484375 0.47222222222222 0.03125 0.057407407407407
52 0.0083333333333333 0.68194444444444 0.015625 0.026851851851852
52 0.78333333333333 0.55 0.016666666666667 0.027777777777778
52 0.38333333333333 0.30972222222222 0.0125 0.025
52 0.59348958333333 0.16157407407407 0.0109375 0.015740740740741
52 0.61276041666667 0.52361111111111 0.019270833333333 0.032407407407407
52 0.54505208333333 0.17314814814815 0.016145833333333 0.027777777777778
52 0.86927083333333 0.85925925925926 0.060416666666667 0.10185185185185
52 0.62161458333333 0.56203703703704 0.0109375 0.018518518518519
52 0.0359375 0.71157407407407 0.011458333333333 0.019444444444444
52 0.22734375 0.55694444444444 0.013020833333333 0.021296296296296
52 0.39375 0.87638888888889 0.0125 0.021296296296296
52 0.39947916666667 0.60740740740741 0.015625 0.024074074074074
52 0.41510416666667 0.51990740740741 0.011458333333333 0.023148148148148
52 0.646875 0.21388888888889 0.014583333333333 0.022222222222222
52 0.27942708333333 0.54953703703704 0.0359375 0.060185185185185
52 0.42708333333333 0.1412037037037 0.011458333333333 0.017592592592593
52 0.60885416666667 0.19675925925926 0.0125 0.021296296296296
52 0.25338541666667 0.58564814814815 0.011979166666667 0.019444444444444
52 0.24583333333333 0.54953703703704 0.014583333333333 0.023148148148148
52 0.43880208333333 0.86759259259259 0.011979166666667 0.018518518518519
52 0.70260416666667 0.79537037037037 0.015625 0.024074074074074
52 0.58776041666667 0.72453703703704 0.013020833333333 0.021296296296296
52 0.78541666666667 0.77916666666667 0.013541666666667 0.021296296296296
52 0.77057291666667 0.84953703703704 0.011979166666667 0.019444444444444
52 0.47578125 0.98981481481481 0.013020833333333 0.018518518518519
52 0.80755208333333 0.60324074074074 0.0098958333333333 0.015740740740741
52 0.178125 0.58148148148148 0.010416666666667 0.016666666666667
52 0.75598958333333 0.37638888888889 0.016145833333333 0.021296296296296
52 0.91536458333333 0.78611111111111 0.022395833333333 0.038888888888889
52 0.196875 0.5412037037037 0.015625 0.025
52 0.94583333333333 0.34351851851852 0.0125 0.02037037037037
52 0.36276041666667 0.70185185185185 0.0171875 0.027777777777778
52 0.47057291666667 0.82962962962963 0.0109375 0.018518518518519
52 0.3953125 0.67361111111111 0.05625 0.10092592592593
52 0.4734375 0.099537037037037 0.015625 0.025
52 0.56041666666667 0.37083333333333 0.011458333333333 0.019444444444444
52 0.62447916666667 0.13611111111111 0.013541666666667 0.02037037037037
52 0.19010416666667 0.40046296296296 0.011458333333333 0.017592592592593
52 0.7359375 0.89166666666667 0.01875 0.02962962962963
52 0.43645833333333 0.59166666666667 0.009375 0.016666666666667
52 0.0080729166666667 0.79074074074074 0.011979166666667 0.02037037037037
52 0.27734375 0.44907407407407 0.011979166666667 0.02037037037037
52 0.59192708333333 0.22268518518519 0.0140625 0.025
52 0.40989583333333 0.20462962962963 0.011458333333333 0.027777777777778
52 0.0375 0.55046296296296 0.013541666666667 0.023148148148148
52 0.41354166666667 0.24305555555556 0.011458333333333 0.019444444444444
52 0.36640625 0.81898148148148 0.0109375 0.015740740740741
52 0.378125 0.2712962962963 0.009375 0.014814814814815
52 0.31354166666667 0.26157407407407 0.0125 0.015740740740741
52 0.540625 0.79675925925926 0.010416666666667 0.015740740740741
52 0.23489583333333 0.42592592592593 0.0125 0.02037037037037
52 0.36614583333333 0.28240740740741 0.011458333333333 0.016666666666667
52 0.459375 0.89259259259259 0.04375 0.074074074074074
52 0.61015625 0.36574074074074 0.013020833333333 0.02037037037037
52 0.61640625 0.29583333333333 0.013020833333333 0.019444444444444
52 0.59088541666667 0.7625 0.0109375 0.017592592592593
52 0.33880208333333 0.46898148148148 0.0140625 0.025
52 0.40963541666667 0.21481481481481 0.011979166666667 0.022222222222222
52 0.52786458333333 0.26898148148148 0.011979166666667 0.017592592592593
52 0.590625 0.80787037037037 0.0125 0.019444444444444
52 0.43645833333333 0.55185185185185 0.015625 0.025925925925926
52 0.59921875 0.69212962962963 0.0140625 0.023148148148148
52 0.66901041666667 0.50509259259259 0.0234375 0.043518518518519
52 0.48489583333333 0.58194444444444 0.0125 0.021296296296296
52 0.33255208333333 0.43425925925926 0.013020833333333 0.024074074074074
52 0.66848958333333 0.60185185185185 0.0109375 0.016666666666667
52 0.45442708333333 0.023611111111111 0.0109375 0.015740740740741
52 0.53255208333333 0.87777777777778 0.0359375 0.062962962962963
52 0.42526041666667 0.73564814814815 0.031770833333333 0.056481481481481
52 0.41015625 0.31666666666667 0.013020833333333 0.018518518518519
52 0.34140625 0.15324074074074 0.016145833333333 0.025
52 0.3765625 0.48935185185185 0.014583333333333 0.023148148148148
52 0.63723958333333 0.40555555555556 0.011979166666667 0.02037037037037
52 0.90729166666667 0.39444444444444 0.013541666666667 0.022222222222222
52 0.6890625 0.54074074074074 0.0125 0.02037037037037
52 0.49114583333333 0.51435185185185 0.011458333333333 0.017592592592593
52 0.0484375 0.5837962962963 0.0125 0.021296296296296
52 0.88619791666667 0.59166666666667 0.0098958333333333 0.016666666666667
52 0.78229166666667 0.78518518518519 0.013541666666667 0.02037037037037
52 0.02265625 0.80787037037037 0.011979166666667 0.019444444444444
52 0.098697916666667 0.58333333333333 0.015104166666667 0.024074074074074
52 0.54713541666667 0.77916666666667 0.0109375 0.017592592592593
52 0.81015625 0.775 0.011979166666667 0.018518518518519
52 0.25755208333333 0.16574074074074 0.0140625 0.022222222222222
52 0.54270833333333 0.78935185185185 0.011458333333333 0.017592592592593
52 0.31875 0.58148148148148 0.01875 0.02962962962963
52 0.7578125 0.61990740740741 0.016666666666667 0.025
52 0.375 0.33703703703704 0.014583333333333 0.024074074074074
52 0.76432291666667 0.44907407407407 0.011979166666667 0.02037037037037
52 0.72916666666667 0.4625 0.014583333333333 0.023148148148148
52 0.646875 0.59074074074074 0.011458333333333 0.018518518518519
52 0.51822916666667 0.19583333333333 0.011458333333333 0.015740740740741
52 0.93984375 0.49074074074074 0.013020833333333 0.022222222222222
52 0.2515625 0.30694444444444 0.015625 0.021296296296296
52 0.21223958333333 0.23518518518519 0.0140625 0.022222222222222
52 0.32578125 0.71805555555556 0.0140625 0.023148148148148
52 0.66276041666667 0.099537037037037 0.013020833333333 0.021296296296296
52 0.15885416666667 0.57361111111111 0.013541666666667 0.023148148148148
52 0.43723958333333 0.31527777777778 0.0109375 0.017592592592593
52 0.93854166666667 0.84166666666667 0.032291666666667 0.055555555555556
52 0.51822916666667 0.28055555555556 0.011458333333333 0.018518518518519
52 0.46223958333333 0.1712962962963 0.0140625 0.02037037037037
52 0.92395833333333 0.52361111111111 0.011458333333333 0.021296296296296
52 0.56822916666667 0.41203703703704 0.013541666666667 0.024074074074074
52 0.76328125 0.88009259259259 0.013020833333333 0.019444444444444
52 0.5265625 0.11203703703704 0.011458333333333 0.02037037037037
52 0.45286458333333 0.22222222222222 0.0140625 0.022222222222222
52 0.59036458333333 0.67268518518519 0.0140625 0.021296296296296
52 0.47552083333333 0.55648148148148 0.014583333333333 0.025925925925926
52 0.54635416666667 0.61203703703704 0.011458333333333 0.018518518518519
52 0.42942708333333 0.83194444444444 0.0098958333333333 0.015740740740741
52 0.51197916666667 0.73148148148148 0.011458333333333 0.018518518518519
52 0.12760416666667 0.5912037037037 0.013541666666667 0.021296296296296
52 0.29322916666667 0.25787037037037 0.010416666666667 0.015740740740741
52 0.5640625 0.69212962962963 0.011458333333333 0.017592592592593
52 0.36145833333333 0.23611111111111 0.013541666666667 0.022222222222222
52 0.7296875 0.54490740740741 0.014583333333333 0.025
52 0.64192708333333 0.32638888888889 0.013020833333333 0.019444444444444
52 0.16614583333333 0.29953703703704 0.015625 0.025
52 0.4765625 0.13703703703704 0.015625 0.024074074074074
52 0.178125 0.52962962962963 0.0125 0.02037037037037
52 0.8796875 0.45694444444444 0.010416666666667 0.017592592592593
52 0.60234375 0.27777777777778 0.013020833333333 0.02037037037037
52 0.5859375 0.30740740740741 0.015625 0.025925925925926
52 0.92161458333333 0.41759259259259 0.0140625 0.024074074074074
52 0.71979166666667 0.59166666666667 0.0125 0.02037037037037
52 0.43880208333333 0.36203703703704 0.0109375 0.016666666666667
52 0.546875 0.15555555555556 0.014583333333333 0.024074074074074
52 0.93567708333333 0.57037037037037 0.015104166666667 0.025925925925926
52 0.57916666666667 0.79351851851852 0.0125 0.018518518518519
52 0.40833333333333 0.79398148148148 0.0125 0.019444444444444
52 0.50234375 0.88842592592593 0.011979166666667 0.017592592592593
52 0.21302083333333 0.1375 0.014583333333333 0.021296296296296
52 0.65338541666667 0.42592592592593 0.0140625 0.024074074074074
52 0.48828125 0.61111111111111 0.0140625 0.022222222222222
52 0.21276041666667 0.52314814814815 0.0098958333333333 0.016666666666667
52 0.3078125 0.53194444444444 0.0125 0.021296296296296
52 0.50989583333333 0.56342592592593 0.011458333333333 0.019444444444444
52 0.34114583333333 0.60740740740741 0.013541666666667 0.022222222222222
52 0.4828125 0.37453703703704 0.014583333333333 0.021296296296296
52 0.61770833333333 0.43333333333333 0.013541666666667 0.02037037037037
52 0.19635416666667 0.3625 0.011458333333333 0.017592592592593
52 0.62161458333333 0.79351851851852 0.0098958333333333 0.014814814814815
52 0.48984375 0.16527777777778 0.0088541666666667 0.013888888888889
52 0.41536458333333 0.075 0.0140625 0.022222222222222