52 0.51692708333333 0.25694444444444 0.016145833333333 0.025
52 0.89114583333333 0.41157407407407 0.014583333333333 0.025
52 0.052864583333333 0.56666666666667 0.0203125 0.031481481481481
52 0.12369791666667 0.56157407407407 0.0171875 0.028703703703704
52 0.28333333333333 0.1912037037037 0.015625 0.025
52 0.76536458333333 0.90277777777778 0.0171875 0.027777777777778
52 0.278125 0.3587962962963 0.029166666666667 0.04537037037037
52 0.31041666666667 0.73472222222222 0.015625 0.025
52 0.90026041666667 0.45694444444444 0.0171875 0.030555555555556
52 0.69947916666667 0.58564814814815 0.014583333333333 0.025
52 0.53411458333333 0.73935185185185 0.0171875 0.028703703703704
52 0.91927083333333 0.20740740740741 0.026041666666667 0.040740740740741
52 0.29635416666667 0.22546296296296 0.034375 0.058333333333333
52 0.32604166666667 0.48472222222222 0.01875 0.032407407407407
52 0.21145833333333 0.12592592592593 0.020833333333333 0.031481481481481
52 0.62682291666667 0.58842592592593 0.015104166666667 0.025
52 0.42630208333333 0.76157407407407 0.021354166666667 0.036111111111111
52 0.03984375 0.38611111111111 0.018229166666667 0.02962962962963
52 0.26927083333333 0.30138888888889 0.028125 0.047222222222222
52 0.18802083333333 0.83842592592593 0.015625 0.025
52 0.44661458333333 0.34212962962963 0.016145833333333 0.026851851851852
52 0.32890625 0.71157407407407 0.016145833333333 0.026851851851852
52 0.16484375 0.40648148148148 0.0234375 0.037037037037037
52 0.96432291666667 0.26435185185185 0.018229166666667 0.028703703703704
52 0.75182291666667 0.35925925925926 0.022395833333333 0.037037037037037
52 0.36640625 0.81712962962963 0.0171875 0.026851851851852
52 0.98307291666667 0.35231481481481 0.0203125 0.039814814814815
52 0.6828125 0.47962962962963 0.017708333333333 0.024074074074074
52 0.27708333333333 0.3375 0.03125 0.063888888888889
52 0.83255208333333 0.3037037037037 0.0234375 0.040740740740741
52 0.033854166666667 0.44583333333333 0.026041666666667 0.04537037037037
52 0.74505208333333 0.94722222222222 0.022395833333333 0.038888888888889
52 0.21223958333333 0.73101851851852 0.018229166666667 0.028703703703704
52 0.065104166666667 0.76527777777778 0.021875 0.039814814814815
52 0.73255208333333 0.45138888888889 0.0203125 0.032407407407407
52 0.2234375 0.66574074074074 0.016666666666667 0.02962962962963
52 0.21067708333333 0.45555555555556 0.0171875 0.02962962962963
52 0.18072916666667 0.39074074074074 0.016666666666667 0.025925925925926
52 0.22109375 0.42638888888889 0.021354166666667 0.036111111111111
52 0.43671875 0.71759259259259 0.040104166666667 0.072222222222222
52 0.46536458333333 0.27361111111111 0.0203125 0.034259259259259
52 0.20338541666667 0.49583333333333 0.015104166666667 0.025
52 0.87239583333333 0.42685185185185 0.015625 0.024074074074074
52 0.015104166666667 0.47314814814815 0.019791666666667 0.035185185185185
52 0.42161458333333 0.3 0.016145833333333 0.024074074074074
52 0.044010416666667 0.6037037037037 0.016145833333333 0.027777777777778
52 0.60208333333333 0.31157407407407 0.014583333333333 0.025
52 0.50755208333333 0.38472222222222 0.0171875 0.028703703703704
52 0.49036458333333 0.56064814814815 0.015104166666667 0.025
52 0.4859375 0.52731481481481 0.015625 0.025
52 0.82161458333333 0.88101851851852 0.016145833333333 0.026851851851852
52 0.77760416666667 0.53287037037037 0.01875 0.032407407407407
52 0.44192708333333 0.59166666666667 0.016145833333333 0.025925925925926
52 0.346875 0.79351851851852 0.015625 0.024074074074074
52 0.871875 0.22824074074074 0.017708333333333 0.025
52 0.47135416666667 0.21342592592593 0.020833333333333 0.034259259259259
52 0.53567708333333 0.14953703703704 0.018229166666667 0.028703703703704
52 0.083854166666667 0.57731481481481 0.014583333333333 0.026851851851852
52 0.12604166666667 0.36527777777778 0.017708333333333 0.026851851851852
52 0.79375 0.79351851851852 0.016666666666667 0.025925925925926
52 0.52161458333333 0.67962962962963 0.016145833333333 0.027777777777778
52 0.50963541666667 0.42916666666667 0.015104166666667 0.025
52 0.87447916666667 0.81712962962963 0.017708333333333 0.028703703703704
52 0.56119791666667 0.23611111111111 0.031770833333333 0.053703703703704
52 0.84895833333333 0.47083333333333 0.014583333333333 0.028703703703704
52 0.096354166666667 0.71435185185185 0.021875 0.036111111111111
52 0.99166666666667 0.52175925925926 0.014583333333333 0.025
52 0.90208333333333 0.21203703703704 0.028125 0.040740740740741
52 0.128125 0.32175925925926 0.017708333333333 0.026851851851852
52 0.95208333333333 0.21481481481481 0.019791666666667 0.031481481481481
52 0.46041666666667 0.45740740740741 0.017708333333333 0.031481481481481
52 0.29088541666667 0.84953703703704 0.015104166666667 0.025
52 0.01328125 0.55555555555556 0.018229166666667 0.037037037037037
52 0.15911458333333 0.39583333333333 0.019270833333333 0.030555555555556
52 0.41067708333333 0.28842592592593 0.0171875 0.028703703703704
52 0.13932291666667 0.19861111111111 0.022395833333333 0.034259259259259
52 0.94453125 0.07962962962963 0.024479166666667 0.038888888888889
52 0.39765625 0.75555555555556 0.0171875 0.027777777777778
52 0.32109375 0.31944444444444 0.0234375 0.040740740740741
52 0.64739583333333 0.50138888888889 0.015625 0.026851851851852
52 0.08359375 0.56574074074074 0.015104166666667 0.027777777777778
52 0.3 0.40324074074074 0.022916666666667 0.037962962962963
52 0.76302083333333 0.64398148148148 0.017708333333333 0.030555555555556
52 0.65416666666667 0.63148148148148 0.017708333333333 0.02962962962963
52 0.20078125 0.41157407407407 0.0171875 0.028703703703704
52 0.60364583333333 0.52685185185185 0.017708333333333 0.02962962962963
52 0.39583333333333 0.54398148148148 0.017708333333333 0.030555555555556
52 0.49010416666667 0.20740740740741 0.021875 0.031481481481481
52 0.89947916666667 0.3787037037037 0.017708333333333 0.02962962962963
52 0.7203125 0.52083333333333 0.029166666666667 0.050925925925926
52 0.30963541666667 0.8212962962963 0.016145833333333 0.024074074074074
52 0.051041666666667 0.51342592592593 0.014583333333333 0.026851851851852
52 0.45703125 0.24675925925926 0.0171875 0.028703703703704
52 0.53854166666667 0.46805555555556 0.01875 0.030555555555556
52 0.08203125 0.77175925925926 0.0171875 0.026851851851852
52 0.12291666666667 0.8125 0.017708333333333 0.026851851851852
52 0.67395833333333 0.66527777777778 0.014583333333333 0.025
52 0.46770833333333 0.41712962962963 0.01875 0.030555555555556
52 0.49817708333333 0.37731481481481 0.016145833333333 0.026851851851852
52 0.016145833333333 0.8162037037037 0.01875 0.034259259259259
52 0.20651041666667 0.19768518518519 0.038020833333333 0.062037037037037
52 0.94791666666667 0.40740740740741 0.016666666666667 0.025925925925926
52 0.18932291666667 0.71435185185185 0.015104166666667 0.025
52 0.88828125 0.66018518518519 0.019270833333333 0.031481481481481
52 0.20755208333333 0.14027777777778 0.016145833333333 0.025
52 0.38072916666667 0.58657407407407 0.017708333333333 0.030555555555556
52 0.38203125 0.41296296296296 0.016145833333333 0.024074074074074
52 0.33515625 0.40694444444444 0.015104166666667 0.025
52 0.24921875 0.86990740740741 0.019270833333333 0.032407407407407
52 0.64375 0.2875 0.015625 0.025
52 0.37552083333333 0.58101851851852 0.014583333333333 0.025
52 0.60520833333333 0.68148148148148 0.019791666666667 0.031481481481481
52 0.36979166666667 0.42638888888889 0.017708333333333 0.021296296296296
52 0.35208333333333 0.83518518518519 0.015625 0.024074074074074
52 0.6625 0.38657407407407 0.014583333333333 0.025
52 0.44635416666667 0.033333333333333 0.03125 0.055555555555556
52 0.33177083333333 0.7 0.017708333333333 0.02962962962963
52 0.775 0.36296296296296 0.01875 0.027777777777778
52 0.45885416666667 0.41712962962963 0.021875 0.030555555555556
52 0.010677083333333 0.56898148148148 0.015104166666667 0.030555555555556
52 0.2046875 0.37175925925926 0.016666666666667 0.026851851851852
52 0.26354166666667 0.21203703703704 0.020833333333333 0.033333333333333
52 0.41302083333333 0.39953703703704 0.028125 0.047222222222222
52 0.86432291666667 0.51157407407407 0.016145833333333 0.028703703703704
52 0.23177083333333 0.89212962962963 0.015625 0.025
52 0.090625 0.51944444444444 0.016666666666667 0.027777777777778
52 0.21536458333333 0.56990740740741 0.015104166666667 0.025
52 0.93776041666667 0.37037037037037 0.019270833333333 0.027777777777778
52 0.24010416666667 0.9287037037037 0.017708333333333 0.02962962962963
52 0.42161458333333 0.34490740740741 0.016145833333333 0.026851851851852
52 0.240625 0.59305555555556 0.016666666666667 0.025
52 0.69375 0.31203703703704 0.032291666666667 0.053703703703704
52 0.49973958333333 0.66296296296296 0.019270833333333 0.02962962962963
52 0.63020833333333 0.52824074074074 0.016666666666667 0.025
52 0.52161458333333 0.32824074074074 0.025520833333333 0.04537037037037
52 0.97890625 0.33564814814815 0.021354166666667 0.034259259259259
52 0.093229166666667 0.31944444444444 0.015625 0.024074074074074
52 0.66276041666667 0.018518518518519 0.0265625 0.037037037037037
52 0.67291666666667 0.012037037037037 0.023958333333333 0.024074074074074
52 0.21458333333333 0.80833333333333 0.016666666666667 0.025925925925926
52 0.80885416666667 0.4712962962963 0.022916666666667 0.040740740740741
52 0.84479166666667 0.85694444444444 0.027083333333333 0.047222222222222
52 0.28671875 0.29027777777778 0.0203125 0.030555555555556
52 0.3109375 0.64166666666667 0.015625 0.025925925925926
52 0.96536458333333 0.41851851851852 0.018229166666667 0.02962962962963
52 0.92864583333333 0.30601851851852 0.022916666666667 0.036111111111111
52 0.97005208333333 0.4125 0.0171875 0.034259259259259
52 0.27942708333333 0.44675925925926 0.016145833333333 0.026851851851852
52 0.93489583333333 0.62777777777778 0.016666666666667 0.024074074074074
52 0.095833333333333 0.83009259259259 0.017708333333333 0.026851851851852
52 0.23828125 0.48287037037037 0.021354166666667 0.036111111111111
52 0.39270833333333 0.36157407407407 0.015625 0.025
52 0.42526041666667 0.39814814814815 0.024479166666667 0.037037037037037
52 0.9421875 0.27222222222222 0.016666666666667 0.025925925925926
52 0.075520833333333 0.39768518518519 0.01875 0.028703703703704
52 0.44869791666667 0.38333333333333 0.016145833333333 0.025925925925926
52 0.19088541666667 0.20555555555556 0.019270833333333 0.027777777777778
52 0.946875 0.44907407407407 0.014583333333333 0.025925925925926
52 0.35807291666667 0.54583333333333 0.0171875 0.028703703703704
52 0.32578125 0.13055555555556 0.021354166666667 0.033333333333333
52 0.91510416666667 0.34768518518519 0.01875 0.028703703703704
52 0.13046875 0.61388888888889 0.0171875 0.025925925925926
52 0.67161458333333 0.28240740740741 0.015104166666667 0.024074074074074
52 0.52838541666667 0.56296296296296 0.0328125 0.059259259259259
52 0.50807291666667 0.21111111111111 0.018229166666667 0.02962962962963
52 0.81171875 0.31898148148148 0.015104166666667 0.025
52 0.46197916666667 0.26296296296296 0.023958333333333 0.042592592592593
52 0.68463541666667 0.043055555555556 0.022395833333333 0.036111111111111
52 0.31015625 0.57361111111111 0.0140625 0.026851851851852
52 0.54479166666667 0.47361111111111 0.01875 0.030555555555556
52 0.23151041666667 0.47638888888889 0.024479166666667 0.037962962962963
52 0.971875 0.4712962962963 0.021875 0.038888888888889
52 0.2546875 0.17777777777778 0.016666666666667 0.025925925925926
52 0.7984375 0.43472222222222 0.016666666666667 0.028703703703704
52 0.066666666666667 0.70833333333333 0.01875 0.031481481481481
52 0.82578125 0.52175925925926 0.015104166666667 0.025
52 0.32395833333333 0.46944444444444 0.017708333333333 0.027777777777778
52 0.055208333333333 0.33703703703704 0.015625 0.024074074074074
52 0.1265625 0.27592592592593 0.020833333333333 0.035185185185185
52 0.43958333333333 0.11851851851852 0.017708333333333 0.027777777777778
52 0.44270833333333 0.80138888888889 0.016666666666667 0.026851851851852
52 0.57916666666667 0.039351851851852 0.025 0.041666666666667
52 0.13411458333333 0.6837962962963 0.0234375 0.041666666666667