52 0.04609375 0.22175925925926 0.011979166666667 0.019444444444444
52 0.98802083333333 0.85972222222222 0.023958333333333 0.086111111111111
52 0.98880208333333 0.61574074074074 0.022395833333333 0.053703703703704
52 0.0984375 0.3662037037037 0.0125 0.019444444444444
52 0.051822916666667 0.29490740740741 0.0140625 0.023148148148148
52 0.47135416666667 0.035648148148148 0.022916666666667 0.039814814814815
52 0.365625 0.58472222222222 0.016666666666667 0.028703703703704
52 0.90078125 0.35509259259259 0.0328125 0.058333333333333
52 0.15572916666667 0.1662037037037 0.0125 0.019444444444444
52 0.16588541666667 0.31157407407407 0.013020833333333 0.021296296296296
52 0.8578125 0.26342592592593 0.023958333333333 0.04537037037037
52 0.95755208333333 0.53425925925926 0.0098958333333333 0.016666666666667
52 0.26770833333333 0.97824074074074 0.040625 0.043518518518519
52 0.2046875 0.94027777777778 0.034375 0.058333333333333
52 0.98098958333333 0.34444444444444 0.0098958333333333 0.018518518518519
52 0.87005208333333 0.48009259259259 0.013020833333333 0.021296296296296
52 0.00703125 0.4837962962963 0.0140625 0.032407407407407
52 0.11015625 0.039351851851852 0.021354166666667 0.032407407407407
52 0.051822916666667 0.6287037037037 0.016145833333333 0.025925925925926
52 0.50807291666667 0.019444444444444 0.018229166666667 0.02962962962963
52 0.26302083333333 0.053240740740741 0.014583333333333 0.021296296296296
52 0.109375 0.61851851851852 0.020833333333333 0.035185185185185
52 0.10885416666667 0.70046296296296 0.014583333333333 0.023148148148148
52 0.2734375 0.51805555555556 0.016666666666667 0.028703703703704
52 0.60703125 0.45231481481481 0.019270833333333 0.032407407407407
52 0.0765625 0.36203703703704 0.013541666666667 0.024074074074074
52 0.43020833333333 0.26018518518519 0.045833333333333 0.085185185185185
52 0.2734375 0.25462962962963 0.014583333333333 0.024074074074074
52 0.8109375 0.56759259259259 0.021875 0.037037037037037
52 0.095833333333333 0.024074074074074 0.0125 0.018518518518519
52 0.46640625 0.11111111111111 0.024479166666667 0.042592592592593
52 0.20885416666667 0.69537037037037 0.014583333333333 0.024074074074074
52 0.77786458333333 0.60324074074074 0.022395833333333 0.037962962962963
52 0.14505208333333 0.49398148148148 0.022395833333333 0.039814814814815
52 0.36927083333333 0.95138888888889 0.079166666666667 0.097222222222222
52 0.88385416666667 0.79027777777778 0.022916666666667 0.041666666666667
52 0.90703125 0.18796296296296 0.093229166666667 0.17407407407407
52 0.86588541666667 0.6912037037037 0.0453125 0.080555555555556
52 0.62838541666667 0.56944444444444 0.018229166666667 0.02962962962963
52 0.60963541666667 0.25972222222222 0.022395833333333 0.037962962962963