52 0.73020833333333 0.90972222222222 0.030208333333333 0.050925925925926
52 0.21354166666667 0.2287037037037 0.038541666666667 0.066666666666667
52 0.89661458333333 0.34212962962963 0.0203125 0.034259259259259
52 0.29427083333333 0.091203703703704 0.036458333333333 0.060185185185185
52 0.76848958333333 0.30601851851852 0.0265625 0.04537037037037
52 0.54166666666667 0.025462962962963 0.034375 0.050925925925926
52 0.3609375 0.42731481481481 0.019791666666667 0.032407407407407
52 0.028645833333333 0.040740740740741 0.035416666666667 0.055555555555556
52 0.048958333333333 0.32361111111111 0.038541666666667 0.065740740740741
52 0.75234375 0.34675925925926 0.025520833333333 0.04537037037037
52 0.41380208333333 0.14583333333333 0.0265625 0.047222222222222
52 0.019270833333333 0.46944444444444 0.019791666666667 0.035185185185185
52 0.095833333333333 0.42824074074074 0.023958333333333 0.043518518518519
52 0.80911458333333 0.14953703703704 0.022395833333333 0.037962962962963
52 0.26927083333333 0.53888888888889 0.021875 0.037037037037037
52 0.05703125 0.57546296296296 0.0203125 0.030555555555556
52 0.21848958333333 0.47407407407407 0.018229166666667 0.02962962962963
52 0.7015625 0.3912037037037 0.022916666666667 0.039814814814815
52 0.30807291666667 0.034722222222222 0.024479166666667 0.041666666666667
52 0.8109375 0.37916666666667 0.021875 0.036111111111111
52 0.85442708333333 0.44722222222222 0.0203125 0.02962962962963
52 0.054947916666667 0.052777777777778 0.0390625 0.064814814814815
52 0.734375 0.53842592592593 0.01875 0.032407407407407
52 0.18958333333333 0.49768518518519 0.022916666666667 0.032407407407407
52 0.68463541666667 0.45277777777778 0.019270833333333 0.035185185185185
52 0.759375 0.33009259259259 0.029166666666667 0.062037037037037
52 0.92161458333333 0.48703703703704 0.0203125 0.031481481481481
52 0.9546875 0.44722222222222 0.017708333333333 0.02962962962963
52 0.0083333333333333 0.24861111111111 0.016666666666667 0.036111111111111
52 0.82369791666667 0.61666666666667 0.018229166666667 0.02962962962963
52 0.18229166666667 0.49537037037037 0.017708333333333 0.02962962962963
52 0.058072916666667 0.37638888888889 0.030729166666667 0.05462962962963
52 0.3984375 0.41435185185185 0.026041666666667 0.04537037037037
52 0.3796875 0.83425925925926 0.052083333333333 0.081481481481481
52 0.20104166666667 0.6837962962963 0.01875 0.034259259259259
52 0.44973958333333 0.15 0.0265625 0.042592592592593
52 0.59401041666667 0.8537037037037 0.056770833333333 0.096296296296296
52 0.48411458333333 0.17361111111111 0.0203125 0.032407407407407
52 0.66770833333333 0.63472222222222 0.019791666666667 0.032407407407407
52 0.35364583333333 0.45972222222222 0.016666666666667 0.032407407407407
52 0.528125 0.12222222222222 0.022916666666667 0.037037037037037
52 0.80625 0.30416666666667 0.019791666666667 0.032407407407407
52 0.39010416666667 0.38842592592593 0.019791666666667 0.030555555555556
52 0.11848958333333 0.067592592592593 0.030729166666667 0.040740740740741
52 0.63515625 0.4287037037037 0.024479166666667 0.040740740740741
52 0.12630208333333 0.072685185185185 0.022395833333333 0.036111111111111
52 0.1421875 0.42824074074074 0.023958333333333 0.039814814814815
52 0.325 0.4037037037037 0.01875 0.02962962962963
52 0.84661458333333 0.45324074074074 0.018229166666667 0.030555555555556
52 0.59427083333333 0.41851851851852 0.020833333333333 0.033333333333333
52 0.53072916666667 0.66018518518519 0.01875 0.02962962962963
52 0.5484375 0.60740740740741 0.017708333333333 0.02962962962963
52 0.10234375 0.56759259259259 0.0234375 0.038888888888889
52 0.85703125 0.059259259259259 0.022395833333333 0.035185185185185
52 0.66510416666667 0.54166666666667 0.01875 0.02962962962963
52 0.746875 0.21574074074074 0.025 0.042592592592593
52 0.89765625 0.64074074074074 0.021354166666667 0.037037037037037
52 0.081510416666667 0.53935185185185 0.027604166666667 0.050925925925926
52 0.29609375 0.65092592592593 0.0203125 0.033333333333333
52 0.89765625 0.3162037037037 0.019270833333333 0.030555555555556
52 0.40390625 0.78564814814815 0.022395833333333 0.037962962962963
52 0.31770833333333 0.63101851851852 0.01875 0.034259259259259
52 0.665625 0.081018518518519 0.055208333333333 0.093518518518519
52 0.90729166666667 0.8712962962963 0.021875 0.037037037037037
52 0.97213541666667 0.30416666666667 0.0234375 0.037962962962963
52 0.90911458333333 0.58564814814815 0.018229166666667 0.032407407407407
52 0.31640625 0.52314814814815 0.019270833333333 0.031481481481481
52 0.84895833333333 0.55601851851852 0.0375 0.065740740740741
52 0.32526041666667 0.18935185185185 0.0296875 0.050925925925926
52 0.11067708333333 0.058796296296296 0.021354166666667 0.032407407407407
52 0.91354166666667 0.30185185185185 0.019791666666667 0.031481481481481
52 0.2796875 0.03287037037037 0.028125 0.04537037037037
52 0.24505208333333 0.29768518518519 0.0234375 0.041666666666667
52 0.50416666666667 0.97546296296296 0.036458333333333 0.049074074074074
52 0.90572916666667 0.51759259259259 0.027083333333333 0.042592592592593
52 0.010677083333333 0.31296296296296 0.019270833333333 0.033333333333333
52 0.32161458333333 0.30092592592593 0.018229166666667 0.02962962962963
52 0.034635416666667 0.47407407407407 0.021354166666667 0.033333333333333
52 0.26484375 0.24490740740741 0.0171875 0.028703703703704
52 0.061197916666667 0.49166666666667 0.019270833333333 0.033333333333333
52 0.089583333333333 0.28055555555556 0.017708333333333 0.02962962962963
52 0.11536458333333 0.23888888888889 0.021354166666667 0.037037037037037
52 0.14583333333333 0.042592592592593 0.032291666666667 0.05
52 0.5515625 0.44907407407407 0.033333333333333 0.059259259259259
52 0.71067708333333 0.55509259259259 0.0265625 0.04537037037037
52 0.32369791666667 0.92962962962963 0.0328125 0.051851851851852
52 0.92317708333333 0.1712962962963 0.024479166666667 0.040740740740741