52 0.49557291666667 0.41342592592593 0.019270833333333 0.034259259259259
52 0.21145833333333 0.51018518518519 0.014583333333333 0.024074074074074
52 0.47838541666667 0.36203703703704 0.019270833333333 0.031481481481481
52 0.86328125 0.41944444444444 0.013020833333333 0.022222222222222
52 0.34557291666667 0.47407407407407 0.015104166666667 0.025925925925926
52 0.95859375 0.32175925925926 0.0109375 0.017592592592593
52 0.9609375 0.35185185185185 0.010416666666667 0.016666666666667
52 0.24713541666667 0.56157407407407 0.021354166666667 0.037962962962963
52 0.11302083333333 0.15972222222222 0.011458333333333 0.017592592592593
52 0.026302083333333 0.38009259259259 0.0140625 0.023148148148148
52 0.88854166666667 0.20138888888889 0.014583333333333 0.023148148148148
52 0.55859375 0.5375 0.0203125 0.034259259259259
52 0.13645833333333 0.27453703703704 0.016666666666667 0.026851851851852
52 0.9171875 0.27824074074074 0.0125 0.019444444444444
52 0.23177083333333 0.16712962962963 0.0125 0.019444444444444
52 0.20807291666667 0.95046296296296 0.034895833333333 0.062037037037037
52 0.22838541666667 0.13657407407407 0.018229166666667 0.028703703703704
52 0.37708333333333 0.70833333333333 0.01875 0.031481481481481
52 0.053385416666667 0.32824074074074 0.016145833333333 0.028703703703704
52 0.834375 0.052314814814815 0.016666666666667 0.025
52 0.98645833333333 0.29537037037037 0.0125 0.022222222222222
52 0.12317708333333 0.3287037037037 0.013020833333333 0.02037037037037
52 0.69661458333333 0.89583333333333 0.0203125 0.034259259259259
52 0.20390625 0.46990740740741 0.0140625 0.023148148148148
52 0.30104166666667 0.54583333333333 0.016666666666667 0.026851851851852
52 0.91848958333333 0.084722222222222 0.013020833333333 0.019444444444444
52 0.10182291666667 0.27453703703704 0.011979166666667 0.019444444444444
52 0.20963541666667 0.17731481481481 0.016145833333333 0.023148148148148
52 0.20598958333333 0.76759259259259 0.024479166666667 0.042592592592593
52 0.39348958333333 0.66296296296296 0.015104166666667 0.024074074074074
52 0.29010416666667 0.50925925925926 0.014583333333333 0.024074074074074
52 0.25208333333333 0.44259259259259 0.020833333333333 0.037037037037037
52 0.56692708333333 0.48240740740741 0.0265625 0.048148148148148
52 0.09921875 0.21481481481481 0.015104166666667 0.022222222222222
52 0.97604166666667 0.33842592592593 0.011458333333333 0.019444444444444
52 0.041145833333333 0.081944444444444 0.014583333333333 0.023148148148148
52 0.21875 0.24351851851852 0.014583333333333 0.022222222222222
52 0.11041666666667 0.50324074074074 0.013541666666667 0.023148148148148
52 0.88671875 0.15925925925926 0.011979166666667 0.018518518518519
52 0.75625 0.57175925925926 0.015625 0.025
52 0.78385416666667 0.54490740740741 0.015625 0.025
52 0.97421875 0.1837962962963 0.0109375 0.017592592592593
52 0.10260416666667 0.32685185185185 0.013541666666667 0.02037037037037
52 0.18958333333333 0.83796296296296 0.082291666666667 0.15185185185185
52 0.41484375 0.28194444444444 0.021354166666667 0.039814814814815
52 0.051041666666667 0.72037037037037 0.019791666666667 0.033333333333333
52 0.31875 0.69675925925926 0.017708333333333 0.028703703703704
52 0.95703125 0.66296296296296 0.022395833333333 0.040740740740741