52 0.025 0.36296296296296 0.0125 0.02037037037037
52 0.79973958333333 0.13148148148148 0.0203125 0.033333333333333
52 0.45807291666667 0.45509259259259 0.015104166666667 0.026851851851852
52 0.284375 0.79907407407407 0.017708333333333 0.027777777777778
52 0.77395833333333 0.55231481481481 0.015625 0.026851851851852
52 0.23776041666667 0.10324074074074 0.011979166666667 0.019444444444444
52 0.75833333333333 0.90324074074074 0.020833333333333 0.037962962962963
52 0.9015625 0.20740740740741 0.0125 0.02037037037037
52 0.020572916666667 0.31481481481481 0.0109375 0.018518518518519
52 0.11614583333333 0.13842592592593 0.014583333333333 0.023148148148148
52 0.47708333333333 0.49490740740741 0.029166666666667 0.05462962962963
52 0.28854166666667 0.54490740740741 0.015625 0.026851851851852
52 0.25520833333333 0.72361111111111 0.015625 0.025
52 0.24765625 0.62777777777778 0.0109375 0.018518518518519
52 0.79114583333333 0.58009259259259 0.016666666666667 0.028703703703704
52 0.8890625 0.80648148148148 0.026041666666667 0.046296296296296
52 0.91145833333333 0.23888888888889 0.013541666666667 0.022222222222222
52 0.25286458333333 0.54259259259259 0.0140625 0.024074074074074
52 0.965625 0.47222222222222 0.0125 0.022222222222222
52 0.1140625 0.20046296296296 0.017708333333333 0.030555555555556
52 0.24010416666667 0.20462962962963 0.016666666666667 0.027777777777778
52 0.22369791666667 0.26990740740741 0.0109375 0.017592592592593
52 0.22109375 0.41990740740741 0.0109375 0.017592592592593
52 0.84609375 0.52083333333333 0.0203125 0.034259259259259
52 0.32213541666667 0.67222222222222 0.015104166666667 0.025925925925926
52 0.92682291666667 0.33055555555556 0.011979166666667 0.018518518518519
52 0.93151041666667 0.18055555555556 0.0109375 0.016666666666667
52 0.75755208333333 0.56481481481481 0.0171875 0.02962962962963
52 0.12083333333333 0.10231481481481 0.019791666666667 0.030555555555556
52 0.051822916666667 0.32222222222222 0.015104166666667 0.024074074074074
52 0.14895833333333 0.51574074074074 0.014583333333333 0.025925925925926
52 0.54140625 0.60648148148148 0.022395833333333 0.040740740740741
52 0.23567708333333 0.37083333333333 0.011979166666667 0.019444444444444
52 0.428125 0.38194444444444 0.023958333333333 0.039814814814815
52 0.032552083333333 0.15648148148148 0.0098958333333333 0.016666666666667
52 0.08984375 0.22407407407407 0.0109375 0.016666666666667
52 0.8953125 0.14953703703704 0.0125 0.019444444444444
52 0.8953125 0.013888888888889 0.011458333333333 0.014814814814815
52 0.4359375 0.48657407407407 0.026041666666667 0.04537037037037
52 0.13958333333333 0.57222222222222 0.021875 0.037037037037037
52 0.12395833333333 0.46527777777778 0.026041666666667 0.050925925925926
52 0.31588541666667 0.16898148148148 0.028645833333333 0.047222222222222
52 0.22734375 0.59027777777778 0.018229166666667 0.028703703703704
52 0.234375 0.50185185185185 0.013541666666667 0.022222222222222
52 0.93567708333333 0.086111111111111 0.0140625 0.022222222222222
52 0.051822916666667 0.50277777777778 0.013020833333333 0.022222222222222