52 0.66380208333333 0.94398148148148 0.015104166666667 0.023148148148148
52 0.96041666666667 0.20324074074074 0.014583333333333 0.025
52 0.40755208333333 0.62361111111111 0.0098958333333333 0.015740740740741
52 0.54609375 0.63148148148148 0.0109375 0.018518518518519
52 0.47135416666667 0.11296296296296 0.010416666666667 0.016666666666667
52 0.41380208333333 0.18981481481481 0.0140625 0.022222222222222
52 0.64713541666667 0.85138888888889 0.015104166666667 0.023148148148148
52 0.65494791666667 0.49722222222222 0.0296875 0.055555555555556
52 0.19505208333333 0.40185185185185 0.015104166666667 0.025925925925926
52 0.40338541666667 0.54814814814815 0.011979166666667 0.02037037037037
52 0.70286458333333 0.56481481481481 0.013020833333333 0.02037037037037
52 0.52083333333333 0.50925925925926 0.011458333333333 0.02037037037037
52 0.71953125 0.56574074074074 0.015104166666667 0.025925925925926
52 0.71588541666667 0.12407407407407 0.011979166666667 0.016666666666667
52 0.171875 0.36712962962963 0.013541666666667 0.021296296296296
52 0.070572916666667 0.85787037037037 0.013020833333333 0.019444444444444
52 0.72291666666667 0.71111111111111 0.036458333333333 0.062962962962963
52 0.27213541666667 0.55 0.016145833333333 0.027777777777778
52 0.65390625 0.26296296296296 0.0109375 0.016666666666667
52 0.95546875 0.4787037037037 0.016145833333333 0.02962962962963
52 0.80833333333333 0.65925925925926 0.011458333333333 0.018518518518519
52 0.55859375 0.58703703703704 0.013020833333333 0.024074074074074
52 0.54401041666667 0.95 0.0203125 0.031481481481481
52 0.2375 0.49722222222222 0.013541666666667 0.022222222222222
52 0.60572916666667 0.58194444444444 0.010416666666667 0.015740740740741
52 0.30260416666667 0.61712962962963 0.011458333333333 0.017592592592593
52 0.275 0.55925925925926 0.017708333333333 0.031481481481481
52 0.29817708333333 0.64212962962963 0.011979166666667 0.019444444444444
52 0.97578125 0.64074074074074 0.0109375 0.02037037037037
52 0.36770833333333 0.3587962962963 0.035416666666667 0.060185185185185
52 0.64114583333333 0.34074074074074 0.011458333333333 0.02037037037037
52 0.515625 0.66203703703704 0.013541666666667 0.02037037037037
52 0.77760416666667 0.68009259259259 0.015625 0.023148148148148
52 0.54088541666667 0.24953703703704 0.013020833333333 0.021296296296296
52 0.86119791666667 0.57453703703704 0.0098958333333333 0.017592592592593
52 0.38307291666667 0.45462962962963 0.011979166666667 0.02037037037037
52 0.89401041666667 0.22962962962963 0.015104166666667 0.024074074074074
52 0.74713541666667 0.49166666666667 0.011979166666667 0.02037037037037
52 0.97213541666667 0.57407407407407 0.0109375 0.02037037037037
52 0.49244791666667 0.49305555555556 0.0098958333333333 0.015740740740741
52 0.59583333333333 0.48148148148148 0.013541666666667 0.022222222222222
52 0.459375 0.58240740740741 0.014583333333333 0.024074074074074
52 0.48984375 0.56759259259259 0.016145833333333 0.027777777777778
52 0.79765625 0.47175925925926 0.028645833333333 0.052777777777778
52 0.3296875 0.0097222222222222 0.014583333333333 0.019444444444444
52 0.89296875 0.28842592592593 0.0109375 0.017592592592593
52 0.496875 0.3837962962963 0.011458333333333 0.017592592592593
52 0.57083333333333 0.49212962962963 0.0125 0.019444444444444
52 0.94270833333333 0.84953703703704 0.027083333333333 0.043518518518519
52 0.34401041666667 0.64583333333333 0.0171875 0.028703703703704
52 0.43229166666667 0.84953703703704 0.013541666666667 0.021296296296296
52 0.10989583333333 0.56574074074074 0.013541666666667 0.022222222222222
52 0.3859375 0.97083333333333 0.040625 0.058333333333333
52 0.44765625 0.52546296296296 0.0109375 0.017592592592593
52 0.90755208333333 0.66157407407407 0.0109375 0.017592592592593
52 0.48619791666667 0.86481481481481 0.044270833333333 0.075925925925926
52 0.78697916666667 0.5375 0.010416666666667 0.017592592592593
52 0.99375 0.90046296296296 0.010416666666667 0.017592592592593
52 0.95885416666667 0.41712962962963 0.028125 0.05462962962963
52 0.76119791666667 0.61296296296296 0.0109375 0.018518518518519
52 0.63463541666667 0.71944444444444 0.022395833333333 0.038888888888889
52 0.65364583333333 0.081018518518519 0.013541666666667 0.021296296296296
52 0.4234375 0.76342592592593 0.017708333333333 0.026851851851852
52 0.76770833333333 0.83009259259259 0.023958333333333 0.037962962962963
52 0.56197916666667 0.46342592592593 0.010416666666667 0.017592592592593
52 0.70625 0.38333333333333 0.011458333333333 0.018518518518519
52 0.51041666666667 0.77083333333333 0.014583333333333 0.023148148148148
52 0.90338541666667 0.90740740740741 0.0140625 0.02037037037037
52 0.553125 0.73703703703704 0.010416666666667 0.016666666666667
52 0.36640625 0.26944444444444 0.015104166666667 0.024074074074074
52 0.53671875 0.88194444444444 0.0703125 0.13055555555556
52 0.74270833333333 0.25 0.009375 0.014814814814815
52 0.58723958333333 0.43055555555556 0.018229166666667 0.035185185185185
52 0.69348958333333 0.53101851851852 0.0109375 0.021296296296296
52 0.80572916666667 0.20138888888889 0.017708333333333 0.026851851851852
52 0.88151041666667 0.3462962962963 0.016145833333333 0.024074074074074
52 0.36588541666667 0.73657407407407 0.0098958333333333 0.017592592592593
52 0.38255208333333 0.72685185185185 0.0109375 0.018518518518519
52 0.021875 0.84398148148148 0.0125 0.021296296296296
52 0.515625 0.068055555555556 0.013541666666667 0.021296296296296
52 0.86822916666667 0.69537037037037 0.009375 0.014814814814815
52 0.10338541666667 0.20509259259259 0.0265625 0.041666666666667
52 0.815625 0.65648148148148 0.016666666666667 0.02037037037037
52 0.85703125 0.36666666666667 0.011979166666667 0.022222222222222
52 0.42630208333333 0.37083333333333 0.0109375 0.017592592592593
52 0.70182291666667 0.59907407407407 0.011979166666667 0.02037037037037
52 0.74505208333333 0.65925925925926 0.0140625 0.024074074074074
52 0.88984375 0.69166666666667 0.0088541666666667 0.014814814814815
52 0.16614583333333 0.055092592592593 0.017708333333333 0.026851851851852
52 0.82135416666667 0.54444444444444 0.015625 0.027777777777778
52 0.75286458333333 0.34953703703704 0.0109375 0.019444444444444
52 0.8203125 0.015740740740741 0.015625 0.02037037037037
52 0.79036458333333 0.73472222222222 0.0088541666666667 0.013888888888889
52 0.22473958333333 0.5537037037037 0.011979166666667 0.02037037037037
52 0.4828125 0.6837962962963 0.023958333333333 0.043518518518519
52 0.77291666666667 0.20416666666667 0.010416666666667 0.017592592592593
52 0.76979166666667 0.78425925925926 0.011458333333333 0.018518518518519
52 0.53385416666667 0.69027777777778 0.0125 0.021296296296296
52 0.58255208333333 0.68842592592593 0.013020833333333 0.021296296296296
52 0.54479166666667 0.091203703703704 0.010416666666667 0.015740740740741
52 0.57083333333333 0.6287037037037 0.015625 0.022222222222222
52 0.86979166666667 0.86203703703704 0.046875 0.077777777777778
52 0.8890625 0.52731481481481 0.014583333333333 0.021296296296296
52 0.625 0.26759259259259 0.013541666666667 0.022222222222222
52 0.57005208333333 0.26944444444444 0.0098958333333333 0.014814814814815
52 0.6625 0.42824074074074 0.010416666666667 0.017592592592593
52 0.46380208333333 0.85833333333333 0.013020833333333 0.02037037037037
52 0.30520833333333 0.37037037037037 0.013541666666667 0.02037037037037
52 0.42916666666667 0.88101851851852 0.0125 0.019444444444444
52 0.53489583333333 0.40833333333333 0.013541666666667 0.022222222222222
52 0.28229166666667 0.74027777777778 0.014583333333333 0.023148148148148
52 0.46458333333333 0.50416666666667 0.017708333333333 0.026851851851852
52 0.43619791666667 0.57962962962963 0.011979166666667 0.018518518518519
52 0.77395833333333 0.29861111111111 0.0125 0.021296296296296
52 0.71588541666667 0.28101851851852 0.013020833333333 0.019444444444444
52 0.91458333333333 0.42824074074074 0.010416666666667 0.017592592592593
52 0.5734375 0.72824074074074 0.013541666666667 0.023148148148148
52 0.82447916666667 0.65138888888889 0.0125 0.019444444444444
52 0.796875 0.92638888888889 0.017708333333333 0.026851851851852
52 0.37369791666667 0.77777777777778 0.011979166666667 0.018518518518519
52 0.73854166666667 0.026851851851852 0.013541666666667 0.02037037037037
52 0.3140625 0.56574074074074 0.0125 0.02037037037037
52 0.35234375 0.7162037037037 0.0088541666666667 0.013888888888889
52 0.00859375 0.66712962962963 0.011979166666667 0.019444444444444
52 0.36276041666667 0.90416666666667 0.015104166666667 0.023148148148148
52 0.615625 0.17731481481481 0.015625 0.025
52 0.69947916666667 0.048148148148148 0.009375 0.012962962962963
52 0.25442708333333 0.38796296296296 0.011979166666667 0.018518518518519
52 0.78619791666667 0.37222222222222 0.0098958333333333 0.016666666666667
52 0.80755208333333 0.58425925925926 0.022395833333333 0.038888888888889
52 0.56822916666667 0.75972222222222 0.0125 0.019444444444444
52 0.6421875 0.23564814814815 0.010416666666667 0.015740740740741
52 0.75130208333333 0.86481481481481 0.018229166666667 0.02962962962963
52 0.49869791666667 0.47037037037037 0.011979166666667 0.02037037037037
52 0.77890625 0.32037037037037 0.0109375 0.016666666666667
52 0.78723958333333 0.50694444444444 0.011979166666667 0.021296296296296
52 0.68489583333333 0.56712962962963 0.011458333333333 0.019444444444444
52 0.53489583333333 0.21018518518519 0.010416666666667 0.016666666666667
52 0.53984375 0.54814814814815 0.0098958333333333 0.016666666666667
52 0.50234375 0.62083333333333 0.0109375 0.017592592592593
52 0.3953125 0.68240740740741 0.0125 0.018518518518519
52 0.16666666666667 0.27175925925926 0.022916666666667 0.034259259259259
52 0.49140625 0.12638888888889 0.015104166666667 0.023148148148148
52 0.99348958333333 0.41111111111111 0.013020833333333 0.025925925925926
52 0.80833333333333 0.42546296296296 0.011458333333333 0.021296296296296
52 0.12369791666667 0.375 0.0140625 0.022222222222222
52 0.39713541666667 0.47638888888889 0.0140625 0.023148148148148
52 0.96354166666667 0.7625 0.020833333333333 0.034259259259259
52 0.98359375 0.13148148148148 0.013020833333333 0.024074074074074
52 0.60130208333333 0.67731481481481 0.013020833333333 0.021296296296296
52 0.80885416666667 0.70694444444444 0.009375 0.015740740740741
52 0.46223958333333 0.63703703703704 0.021354166666667 0.037037037037037
52 0.73385416666667 0.35648148148148 0.015625 0.025925925925926
52 0.83046875 0.044907407407407 0.019270833333333 0.028703703703704
52 0.98489583333333 0.52268518518519 0.021875 0.039814814814815
52 0.73645833333333 0.14212962962963 0.010416666666667 0.015740740740741
52 0.35104166666667 0.61851851851852 0.011458333333333 0.018518518518519
52 0.42265625 0.65416666666667 0.0109375 0.017592592592593
52 0.10182291666667 0.64305555555556 0.0171875 0.028703703703704
52 0.070833333333333 0.75185185185185 0.014583333333333 0.024074074074074
52 0.61328125 0.74814814814815 0.030729166666667 0.055555555555556
52 0.56614583333333 0.9837962962963 0.026041666666667 0.032407407407407
52 0.36927083333333 0.51759259259259 0.010416666666667 0.016666666666667
52 0.35989583333333 0.14444444444444 0.016666666666667 0.025925925925926
52 0.52239583333333 0.61203703703704 0.013541666666667 0.022222222222222
52 0.96171875 0.66111111111111 0.0098958333333333 0.016666666666667
52 0.95286458333333 0.61435185185185 0.0098958333333333 0.015740740740741
52 0.65885416666667 0.71944444444444 0.034375 0.061111111111111
52 0.53515625 0.010185185185185 0.0171875 0.02037037037037
52 0.70260416666667 0.13472222222222 0.010416666666667 0.015740740740741
52 0.72473958333333 0.073148148148148 0.0098958333333333 0.014814814814815
52 0.073958333333333 0.2212962962963 0.016666666666667 0.024074074074074
52 0.30546875 0.45833333333333 0.0140625 0.022222222222222
52 0.70833333333333 0.46157407407407 0.019791666666667 0.037962962962963
52 0.47552083333333 0.37361111111111 0.0125 0.019444444444444
52 0.70078125 0.091203703703704 0.011979166666667 0.015740740740741
52 0.98098958333333 0.86851851851852 0.022395833333333 0.037037037037037
52 0.51276041666667 0.70833333333333 0.018229166666667 0.02962962962963
52 0.16901041666667 0.51805555555556 0.0171875 0.026851851851852
52 0.85286458333333 0.51759259259259 0.028645833333333 0.05
52 0.63072916666667 0.46203703703704 0.013541666666667 0.02037037037037
52 0.54869791666667 0.04537037037037 0.0171875 0.025925925925926
52 0.75234375 0.5787037037037 0.011979166666667 0.02037037037037
52 0.43515625 0.27592592592593 0.015104166666667 0.024074074074074
52 0.24010416666667 0.30694444444444 0.0125 0.019444444444444
52 0.78046875 0.96666666666667 0.0171875 0.025925925925926
52 0.66640625 0.57407407407407 0.0109375 0.018518518518519
52 0.62395833333333 0.41666666666667 0.011458333333333 0.018518518518519
52 0.88098958333333 0.51990740740741 0.011979166666667 0.017592592592593
52 0.75286458333333 0.17268518518519 0.0140625 0.023148148148148
52 0.45963541666667 0.50046296296296 0.0140625 0.023148148148148
52 0.8625 0.15833333333333 0.010416666666667 0.016666666666667
52 0.78411458333333 0.65185185185185 0.015104166666667 0.024074074074074
52 0.71484375 0.0064814814814815 0.013020833333333 0.012962962962963
52 0.28359375 0.70046296296296 0.011979166666667 0.019444444444444
52 0.68671875 0.29212962962963 0.0098958333333333 0.015740740740741
52 0.46223958333333 0.90277777777778 0.0140625 0.022222222222222
52 0.21901041666667 0.24490740740741 0.0171875 0.028703703703704
52 0.75807291666667 0.32685185185185 0.0109375 0.016666666666667
52 0.50625 0.21388888888889 0.011458333333333 0.016666666666667
52 0.93645833333333 0.36064814814815 0.016666666666667 0.021296296296296
52 0.88671875 0.3962962962963 0.0098958333333333 0.016666666666667
52 0.83932291666667 0.85555555555556 0.0109375 0.016666666666667
52 0.44140625 0.13703703703704 0.0098958333333333 0.014814814814815
52 0.92161458333333 0.39675925925926 0.0088541666666667 0.015740740740741
52 0.84791666666667 0.45972222222222 0.014583333333333 0.025
52 0.39010416666667 0.69351851851852 0.0125 0.018518518518519
52 0.37109375 0.60138888888889 0.013020833333333 0.021296296296296
52 0.23072916666667 0.34861111111111 0.014583333333333 0.021296296296296
52 0.80651041666667 0.092592592592593 0.0109375 0.014814814814815
52 0.59244791666667 0.38333333333333 0.0098958333333333 0.018518518518519
52 0.2984375 0.31064814814815 0.015625 0.025
52 0.83958333333333 0.40231481481481 0.014583333333333 0.019444444444444
52 0.88515625 0.64907407407407 0.0140625 0.022222222222222
52 0.85572916666667 0.77314814814815 0.016666666666667 0.027777777777778
52 0.44375 0.9625 0.054166666666667 0.075
52 0.32708333333333 0.60601851851852 0.016666666666667 0.026851851851852
52 0.40807291666667 0.39907407407407 0.015104166666667 0.024074074074074
52 0.02265625 0.65740740740741 0.0171875 0.027777777777778
52 0.64375 0.15277777777778 0.027083333333333 0.046296296296296
52 0.74635416666667 0.28796296296296 0.013541666666667 0.022222222222222
52 0.8203125 0.90416666666667 0.019791666666667 0.030555555555556
52 0.75755208333333 0.43194444444444 0.019270833333333 0.041666666666667
52 0.74557291666667 0.20694444444444 0.0098958333333333 0.015740740740741
52 0.69348958333333 0.20462962962963 0.0109375 0.016666666666667
52 0.86510416666667 0.43657407407407 0.0125 0.019444444444444
52 0.80260416666667 0.75601851851852 0.016666666666667 0.026851851851852
52 0.759375 0.70046296296296 0.010416666666667 0.015740740740741
52 0.775 0.13472222222222 0.0125 0.019444444444444
52 0.2078125 0.18472222222222 0.011458333333333 0.017592592592593
52 0.95807291666667 0.51342592592593 0.013020833333333 0.023148148148148
52 0.28046875 0.57407407407407 0.013020833333333 0.02037037037037
52 0.3203125 0.43055555555556 0.015625 0.025925925925926
52 0.67057291666667 0.39814814814815 0.0098958333333333 0.016666666666667
52 0.29270833333333 0.30416666666667 0.016666666666667 0.025
52 0.17083333333333 0.20787037037037 0.013541666666667 0.021296296296296
52 0.5984375 0.71851851851852 0.014583333333333 0.024074074074074