52 0.0390625 0.39212962962963 0.015625 0.025
52 0.70572916666667 0.3037037037037 0.077083333333333 0.13518518518519
52 0.28046875 0.1625 0.041145833333333 0.069444444444444
52 0.59947916666667 0.59398148148148 0.017708333333333 0.028703703703704
52 0.25416666666667 0.37962962962963 0.017708333333333 0.02962962962963
52 0.21692708333333 0.72268518518519 0.0203125 0.030555555555556
52 0.65 0.42314814814815 0.028125 0.051851851851852
52 0.24427083333333 0.41898148148148 0.016666666666667 0.028703703703704
52 0.17916666666667 0.4412037037037 0.025 0.041666666666667
52 0.98776041666667 0.36990740740741 0.024479166666667 0.073148148148148
52 0.890625 0.53425925925926 0.016666666666667 0.027777777777778
52 0.22239583333333 0.59583333333333 0.017708333333333 0.026851851851852
52 0.2421875 0.95046296296296 0.01875 0.030555555555556
52 0.91588541666667 0.11388888888889 0.024479166666667 0.040740740740741
52 0.17447916666667 0.39027777777778 0.019791666666667 0.034259259259259
52 0.64973958333333 0.53842592592593 0.018229166666667 0.032407407407407
52 0.24635416666667 0.56388888888889 0.026041666666667 0.051851851851852
52 0.8265625 0.7412037037037 0.017708333333333 0.028703703703704
52 0.98541666666667 0.45925925925926 0.016666666666667 0.031481481481481
52 0.45963541666667 0.74722222222222 0.0203125 0.037037037037037
52 0.91197916666667 0.13333333333333 0.03125 0.062962962962963
52 0.33098958333333 0.54861111111111 0.0203125 0.034259259259259
52 0.84010416666667 0.54861111111111 0.01875 0.032407407407407
52 0.99140625 0.12407407407407 0.0171875 0.057407407407407
52 0.54973958333333 0.73935185185185 0.025520833333333 0.043518518518519
52 0.83203125 0.18194444444444 0.0234375 0.037962962962963
52 0.59505208333333 0.62731481481481 0.024479166666667 0.041666666666667
52 0.565625 0.59444444444444 0.016666666666667 0.027777777777778
52 0.72526041666667 0.54768518518519 0.018229166666667 0.030555555555556
52 0.93984375 0.63240740740741 0.022395833333333 0.037037037037037
52 0.81875 0.57268518518519 0.017708333333333 0.028703703703704
52 0.13333333333333 0.066203703703704 0.036458333333333 0.058333333333333
52 0.59765625 0.33842592592593 0.027604166666667 0.049074074074074
52 0.20755208333333 0.71712962962963 0.021354166666667 0.036111111111111
52 0.04140625 0.5 0.0171875 0.027777777777778
52 0.15364583333333 0.50462962962963 0.021875 0.033333333333333
52 0.64947916666667 0.63935185185185 0.017708333333333 0.028703703703704
52 0.14713541666667 0.53888888888889 0.0171875 0.025925925925926
52 0.70703125 0.40925925925926 0.0234375 0.040740740740741
52 0.07265625 0.58703703703704 0.018229166666667 0.02962962962963
52 0.9890625 0.30324074074074 0.016666666666667 0.030555555555556
52 0.86354166666667 0.080555555555556 0.030208333333333 0.051851851851852
52 0.14166666666667 0.54351851851852 0.022916666666667 0.037037037037037
52 0.03046875 0.018055555555556 0.0359375 0.036111111111111
52 0.21692708333333 0.4662037037037 0.016145833333333 0.026851851851852
52 0.0265625 0.2912037037037 0.039583333333333 0.076851851851852
52 0.62395833333333 0.40046296296296 0.016666666666667 0.026851851851852
52 0.25807291666667 0.91342592592593 0.016145833333333 0.025
52 0.52083333333333 0.51064814814815 0.028125 0.049074074074074
52 0.95885416666667 0.20138888888889 0.048958333333333 0.082407407407407
52 0.40703125 0.61944444444444 0.022395833333333 0.035185185185185
52 0.75703125 0.60925925925926 0.0203125 0.035185185185185
52 0.17369791666667 0.28564814814815 0.028645833333333 0.052777777777778
52 0.95026041666667 0.50509259259259 0.022395833333333 0.037962962962963
52 0.30338541666667 0.26203703703704 0.0234375 0.042592592592593
52 0.3640625 0.74351851851852 0.016666666666667 0.027777777777778
52 0.85911458333333 0.36990740740741 0.021354166666667 0.034259259259259
52 0.41145833333333 0.62638888888889 0.01875 0.030555555555556
52 0.10833333333333 0.37361111111111 0.017708333333333 0.028703703703704
52 0.90364583333333 0.73981481481481 0.015625 0.025925925925926
52 0.85338541666667 0.61018518518519 0.0171875 0.02962962962963
52 0.53515625 0.75555555555556 0.021354166666667 0.035185185185185
52 0.79270833333333 0.5662037037037 0.019791666666667 0.032407407407407
52 0.78046875 0.29490740740741 0.0265625 0.04537037037037
52 0.79322916666667 0.72731481481481 0.01875 0.028703703703704
52 0.44088541666667 0.72777777777778 0.016145833333333 0.027777777777778
52 0.8125 0.58657407407407 0.017708333333333 0.028703703703704
52 0.61614583333333 0.66203703703704 0.017708333333333 0.027777777777778
52 0.76770833333333 0.43564814814815 0.029166666666667 0.05462962962963
52 0.28645833333333 0.61759259259259 0.01875 0.031481481481481
52 0.39010416666667 0.58564814814815 0.034375 0.060185185185185
52 0.52083333333333 0.34768518518519 0.053125 0.099074074074074
52 0.92682291666667 0.6375 0.018229166666667 0.028703703703704
52 0.90234375 0.47314814814815 0.043229166666667 0.074074074074074
52 0.428125 0.46203703703704 0.016666666666667 0.027777777777778
52 0.8765625 0.78518518518519 0.016666666666667 0.027777777777778
52 0.77578125 0.5462962962963 0.0234375 0.038888888888889
52 0.99010416666667 0.53194444444444 0.019791666666667 0.036111111111111
52 0.8109375 0.44212962962963 0.020833333333333 0.030555555555556
52 0.42239583333333 0.75601851851852 0.032291666666667 0.05462962962963
52 0.60520833333333 0.53333333333333 0.016666666666667 0.027777777777778
52 0.6875 0.56944444444444 0.017708333333333 0.027777777777778
52 0.28255208333333 0.58935185185185 0.019270833333333 0.030555555555556
52 0.24114583333333 0.69722222222222 0.017708333333333 0.027777777777778
52 0.64713541666667 0.19259259259259 0.022395833333333 0.038888888888889
52 0.29010416666667 0.47453703703704 0.019791666666667 0.032407407407407
52 0.2171875 0.29166666666667 0.03125 0.051851851851852
52 0.36927083333333 0.069444444444444 0.054166666666667 0.096296296296296
52 0.57864583333333 0.49722222222222 0.025 0.046296296296296
52 0.063541666666667 0.16666666666667 0.023958333333333 0.042592592592593
52 0.72317708333333 0.4625 0.018229166666667 0.030555555555556
52 0.0140625 0.43055555555556 0.015625 0.027777777777778
52 0.90625 0.16481481481481 0.03125 0.051851851851852
52 0.010677083333333 0.1587962962963 0.021354166666667 0.047222222222222
52 0.28098958333333 0.47361111111111 0.025520833333333 0.037962962962963
52 0.72552083333333 0.4787037037037 0.020833333333333 0.035185185185185
52 0.052604166666667 0.65601851851852 0.016666666666667 0.028703703703704
52 0.77890625 0.49537037037037 0.019270833333333 0.025925925925926
52 0.56640625 0.32083333333333 0.018229166666667 0.028703703703704
52 0.80442708333333 0.69398148148148 0.0171875 0.028703703703704
52 0.77213541666667 0.49675925925926 0.018229166666667 0.025
52 0.50364583333333 0.50555555555556 0.01875 0.031481481481481
52 0.097916666666667 0.10462962962963 0.026041666666667 0.044444444444444
52 0.77838541666667 0.72453703703704 0.016145833333333 0.026851851851852
52 0.45182291666667 0.43703703703704 0.0171875 0.027777777777778
52 0.11979166666667 0.61990740740741 0.01875 0.032407407407407
52 0.28411458333333 0.12175925925926 0.0234375 0.036111111111111
52 0.098958333333333 0.34027777777778 0.027083333333333 0.049074074074074
52 0.67604166666667 0.64490740740741 0.041666666666667 0.071296296296296
52 0.17109375 0.66018518518519 0.016145833333333 0.025925925925926
52 0.51770833333333 0.69861111111111 0.01875 0.030555555555556
52 0.63203125 0.48472222222222 0.031770833333333 0.056481481481481
52 0.091145833333333 0.65509259259259 0.019791666666667 0.030555555555556
52 0.98932291666667 0.48657407407407 0.021354166666667 0.041666666666667
52 0.27395833333333 0.28611111111111 0.023958333333333 0.038888888888889
52 0.21145833333333 0.64953703703704 0.021875 0.036111111111111
52 0.42552083333333 0.86898148148148 0.016666666666667 0.028703703703704
52 0.63072916666667 0.25740740740741 0.023958333333333 0.044444444444444
52 0.058854166666667 0.37361111111111 0.023958333333333 0.039814814814815
52 0.9828125 0.27916666666667 0.016666666666667 0.028703703703704
52 0.033072916666667 0.65972222222222 0.0171875 0.030555555555556
52 0.27265625 0.54444444444444 0.018229166666667 0.031481481481481
52 0.51640625 0.41388888888889 0.0171875 0.027777777777778
52 0.74114583333333 0.80277777777778 0.01875 0.02962962962963
52 0.33255208333333 0.61342592592593 0.0171875 0.026851851851852
52 0.63567708333333 0.69768518518519 0.0171875 0.026851851851852
52 0.80625 0.4037037037037 0.026041666666667 0.042592592592593
52 0.434375 0.27222222222222 0.03125 0.057407407407407
52 0.19114583333333 0.60509259259259 0.015625 0.028703703703704
52 0.55026041666667 0.57453703703704 0.016145833333333 0.026851851851852