52 0.24375 0.20462962962963 0.01875 0.02962962962963
52 0.50234375 0.21527777777778 0.0140625 0.023148148148148
52 0.34036458333333 0.11805555555556 0.015104166666667 0.025
52 0.65208333333333 0.25648148148148 0.014583333333333 0.024074074074074
52 0.32786458333333 0.21898148148148 0.013020833333333 0.017592592592593
52 0.61588541666667 0.085185185185185 0.0140625 0.022222222222222
52 0.23671875 0.39027777777778 0.0140625 0.023148148148148
52 0.6984375 0.23518518518519 0.010416666666667 0.016666666666667
52 0.27213541666667 0.1375 0.011979166666667 0.021296296296296
52 0.54296875 0.56851851851852 0.0171875 0.02962962962963
52 0.67109375 0.71388888888889 0.061979166666667 0.11111111111111
52 0.85364583333333 0.26064814814815 0.013541666666667 0.021296296296296
52 0.86640625 0.72731481481481 0.0421875 0.071296296296296
52 0.16458333333333 0.77175925925926 0.072916666666667 0.13240740740741
52 0.440625 0.20694444444444 0.011458333333333 0.019444444444444
52 0.92734375 0.014351851851852 0.0171875 0.023148148148148
52 0.50911458333333 0.36851851851852 0.0171875 0.02962962962963
52 0.290625 0.090740740740741 0.0125 0.02037037037037
52 0.19036458333333 0.23055555555556 0.016145833333333 0.025925925925926
52 0.53098958333333 0.37175925925926 0.0171875 0.028703703703704
52 0.36744791666667 0.027314814814815 0.011979166666667 0.017592592592593
52 0.89557291666667 0.19537037037037 0.015104166666667 0.022222222222222
52 0.040104166666667 0.3412037037037 0.016666666666667 0.026851851851852
52 0.73541666666667 0.2337962962963 0.010416666666667 0.017592592592593
52 0.27604166666667 0.20046296296296 0.011458333333333 0.019444444444444
52 0.56822916666667 0.27222222222222 0.011458333333333 0.018518518518519
52 0.33307291666667 0.30046296296296 0.0109375 0.017592592592593
52 0.62630208333333 0.81944444444444 0.0234375 0.042592592592593
52 0.7109375 0.30046296296296 0.021875 0.037962962962963
52 0.41302083333333 0.17546296296296 0.0125 0.019444444444444
52 0.26510416666667 0.030092592592593 0.011458333333333 0.017592592592593
52 0.73046875 0.30277777777778 0.016145833333333 0.025925925925926
52 0.61744791666667 0.36296296296296 0.0609375 0.11481481481481
52 0.74036458333333 0.098148148148148 0.0109375 0.018518518518519
52 0.013541666666667 0.28148148148148 0.014583333333333 0.025925925925926
52 0.67317708333333 0.22592592592593 0.0109375 0.018518518518519
52 0.042708333333333 0.21296296296296 0.016666666666667 0.027777777777778
52 0.47109375 0.24259259259259 0.0098958333333333 0.016666666666667
52 0.56536458333333 0.20092592592593 0.0171875 0.02962962962963
52 0.089322916666667 0.19907407407407 0.013020833333333 0.02037037037037
52 0.84557291666667 0.16157407407407 0.0109375 0.017592592592593
52 0.53177083333333 0.16527777777778 0.014583333333333 0.023148148148148
52 0.5078125 0.068055555555556 0.017708333333333 0.032407407407407
52 0.24765625 0.60601851851852 0.0265625 0.04537037037037
52 0.62682291666667 0.20925925925926 0.0098958333333333 0.016666666666667
52 0.22083333333333 0.26435185185185 0.014583333333333 0.025
52 0.29270833333333 0.77453703703704 0.025 0.043518518518519
52 0.30859375 0.25740740740741 0.013020833333333 0.024074074074074
52 0.54010416666667 0.29398148148148 0.013541666666667 0.023148148148148
52 0.79114583333333 0.15925925925926 0.013541666666667 0.022222222222222
52 0.43203125 0.33564814814815 0.0109375 0.017592592592593
52 0.92604166666667 0.21666666666667 0.011458333333333 0.018518518518519
52 0.48489583333333 0.050462962962963 0.0125 0.019444444444444
52 0.36119791666667 0.39305555555556 0.011979166666667 0.021296296296296
52 0.22864583333333 0.23657407407407 0.015625 0.025
52 0.086458333333333 0.018518518518519 0.015625 0.022222222222222
52 0.75182291666667 0.32731481481481 0.0109375 0.017592592592593
52 0.76432291666667 0.69675925925926 0.0671875 0.12314814814815
52 0.0059895833333333 0.12638888888889 0.011979166666667 0.025
52 0.64661458333333 0.05462962962963 0.013020833333333 0.022222222222222
52 0.10286458333333 0.069444444444444 0.015104166666667 0.024074074074074
52 0.42942708333333 0.2337962962963 0.018229166666667 0.030555555555556
52 0.24270833333333 0.040277777777778 0.009375 0.013888888888889
52 0.20286458333333 0.1962962962963 0.0140625 0.022222222222222
52 0.84713541666667 0.88009259259259 0.0203125 0.032407407407407
52 0.290625 0.22685185185185 0.013541666666667 0.02037037037037
52 0.43828125 0.65648148148148 0.018229166666667 0.02962962962963
52 0.33203125 0.25092592592593 0.0098958333333333 0.016666666666667
52 0.67760416666667 0.083796296296296 0.015625 0.026851851851852
52 0.41458333333333 0.27453703703704 0.011458333333333 0.019444444444444
52 0.50494791666667 0.29444444444444 0.0098958333333333 0.016666666666667
52 0.69713541666667 0.6787037037037 0.025520833333333 0.044444444444444
52 0.34114583333333 0.21666666666667 0.011458333333333 0.016666666666667
52 0.079166666666667 0.1625 0.011458333333333 0.017592592592593
52 0.47317708333333 0.35277777777778 0.015104166666667 0.025925925925926
52 0.11432291666667 0.55555555555556 0.018229166666667 0.031481481481481
52 0.22083333333333 0.053703703703704 0.016666666666667 0.02037037037037
52 0.097916666666667 0.23148148148148 0.016666666666667 0.027777777777778
52 0.59713541666667 0.20972222222222 0.0109375 0.019444444444444
52 0.409375 0.12546296296296 0.014583333333333 0.025
52 0.11458333333333 0.18194444444444 0.013541666666667 0.021296296296296
52 0.18567708333333 0.084722222222222 0.011979166666667 0.019444444444444
52 0.98567708333333 0.24305555555556 0.011979166666667 0.021296296296296
52 0.36041666666667 0.1837962962963 0.013541666666667 0.021296296296296
52 0.21484375 0.49212962962963 0.016145833333333 0.028703703703704
52 0.14270833333333 0.32453703703704 0.013541666666667 0.023148148148148
52 0.41588541666667 0.86296296296296 0.0203125 0.035185185185185
52 0.31067708333333 0.23935185185185 0.0140625 0.023148148148148
52 0.44791666666667 0.25138888888889 0.011458333333333 0.019444444444444
52 0.27213541666667 0.15 0.011979166666667 0.022222222222222
52 0.63072916666667 0.58425925925926 0.022916666666667 0.040740740740741
52 0.58932291666667 0.34166666666667 0.0171875 0.02962962962963
52 0.28932291666667 0.027314814814815 0.0109375 0.015740740740741
52 0.65416666666667 0.19166666666667 0.010416666666667 0.016666666666667
52 0.53203125 0.7287037037037 0.066145833333333 0.11666666666667
52 0.41666666666667 0.17175925925926 0.0125 0.019444444444444
52 0.55208333333333 0.0074074074074074 0.015625 0.014814814814815
52 0.15989583333333 0.23009259259259 0.015625 0.025
52 0.640625 0.1375 0.015625 0.026851851851852
52 0.44557291666667 0.082407407407407 0.0140625 0.018518518518519
52 0.29296875 0.50740740740741 0.019270833333333 0.033333333333333
52 0.31588541666667 0.13842592592593 0.0171875 0.028703703703704
52 0.06640625 0.19305555555556 0.011979166666667 0.017592592592593
52 0.73880208333333 0.80324074074074 0.036979166666667 0.067592592592593
52 0.19791666666667 0.5875 0.015625 0.026851851851852
52 0.1859375 0.43009259259259 0.0125 0.021296296296296
52 0.25598958333333 0.073611111111111 0.0098958333333333 0.015740740740741
52 0.11536458333333 0.13287037037037 0.0109375 0.017592592592593
52 0.16458333333333 0.062037037037037 0.010416666666667 0.016666666666667
52 0.025520833333333 0.025 0.009375 0.014814814814815
52 0.11692708333333 0.79398148148148 0.0359375 0.060185185185185
52 0.171875 0.02962962962963 0.011458333333333 0.016666666666667
52 0.064322916666667 0.072222222222222 0.011979166666667 0.018518518518519
52 0.15859375 0.16435185185185 0.0609375 0.10092592592593
52 0.17317708333333 0.60833333333333 0.018229166666667 0.031481481481481
52 0.75885416666667 0.5587962962963 0.046875 0.082407407407407
52 0.089322916666667 0.083796296296296 0.011979166666667 0.019444444444444
52 0.92708333333333 0.41342592592593 0.028125 0.049074074074074
52 0.25208333333333 0.26481481481481 0.013541666666667 0.022222222222222
52 0.084895833333333 0.11898148148148 0.014583333333333 0.023148148148148
52 0.75494791666667 0.14675925925926 0.015104166666667 0.023148148148148
52 0.32760416666667 0.091203703703704 0.013541666666667 0.021296296296296
52 0.85286458333333 0.11944444444444 0.0140625 0.022222222222222
52 0.50885416666667 0.48842592592593 0.015625 0.026851851851852
52 0.63932291666667 0.74768518518519 0.036979166666667 0.069444444444444
52 0.27890625 0.22777777777778 0.013020833333333 0.018518518518519
52 0.38359375 0.1212962962963 0.015104166666667 0.022222222222222
52 0.77265625 0.25092592592593 0.0140625 0.022222222222222
52 0.94973958333333 0.69675925925926 0.034895833333333 0.058333333333333
52 0.2046875 0.10462962962963 0.0125 0.018518518518519
52 0.56640625 0.34814814814815 0.0203125 0.033333333333333
52 0.94661458333333 0.21435185185185 0.015104166666667 0.026851851851852
52 0.253125 0.55046296296296 0.015625 0.026851851851852
52 0.056510416666667 0.28611111111111 0.011979166666667 0.018518518518519
52 0.12734375 0.051388888888889 0.015104166666667 0.023148148148148
52 0.6328125 0.24861111111111 0.010416666666667 0.017592592592593
52 0.60703125 0.42638888888889 0.015104166666667 0.023148148148148
52 0.39270833333333 0.097222222222222 0.016666666666667 0.027777777777778
52 0.21276041666667 0.13472222222222 0.0109375 0.017592592592593
52 0.36796875 0.60740740740741 0.0140625 0.024074074074074
52 0.24010416666667 0.11481481481481 0.010416666666667 0.016666666666667
52 0.44322916666667 0.01712962962963 0.029166666666667 0.034259259259259
52 0.48177083333333 0.16527777777778 0.023958333333333 0.039814814814815
52 0.51458333333333 0.1962962962963 0.010416666666667 0.018518518518519
52 0.32369791666667 0.84907407407407 0.015104166666667 0.022222222222222
52 0.45052083333333 0.29537037037037 0.011458333333333 0.018518518518519
52 0.015885416666667 0.24768518518519 0.011979166666667 0.023148148148148
52 0.14609375 0.25740740740741 0.013020833333333 0.022222222222222
52 0.056770833333333 0.81759259259259 0.01875 0.02962962962963
52 0.48645833333333 0.29212962962963 0.010416666666667 0.017592592592593
52 0.815625 0.20092592592593 0.013541666666667 0.022222222222222
52 0.20078125 0.048611111111111 0.0109375 0.015740740740741
52 0.45260416666667 0.11666666666667 0.010416666666667 0.016666666666667
52 0.87083333333333 0.13981481481481 0.0125 0.02037037037037
52 0.34270833333333 0.43518518518519 0.013541666666667 0.022222222222222
52 0.066927083333333 0.76851851851852 0.015104166666667 0.024074074074074
52 0.054166666666667 0.44398148148148 0.016666666666667 0.028703703703704
52 0.01640625 0.20277777777778 0.0109375 0.018518518518519
52 0.79010416666667 0.12222222222222 0.014583333333333 0.022222222222222
52 0.20625 0.73148148148148 0.015625 0.024074074074074
52 0.46744791666667 0.63935185185185 0.019270833333333 0.032407407407407
52 0.821875 0.55740740740741 0.033333333333333 0.059259259259259
52 0.59765625 0.077314814814815 0.0098958333333333 0.017592592592593
52 0.69609375 0.4337962962963 0.016145833333333 0.028703703703704
52 0.31354166666667 0.88611111111111 0.020833333333333 0.037037037037037
52 0.39635416666667 0.65277777777778 0.015625 0.025925925925926
52 0.82265625 0.75555555555556 0.0328125 0.051851851851852
52 0.54609375 0.099074074074074 0.013020833333333 0.022222222222222
52 0.37552083333333 0.24305555555556 0.011458333333333 0.019444444444444
52 0.59947916666667 0.15138888888889 0.0125 0.019444444444444
52 0.0083333333333333 0.82314814814815 0.016666666666667 0.037037037037037
52 0.36015625 0.14953703703704 0.019270833333333 0.034259259259259
52 0.46536458333333 0.15324074074074 0.0109375 0.017592592592593
52 0.15572916666667 0.59027777777778 0.015625 0.026851851851852