52 0.34036458333333 0.26666666666667 0.013020833333333 0.02037037037037
52 0.49791666666667 0.64305555555556 0.013541666666667 0.021296296296296
52 0.53229166666667 0.71203703703704 0.017708333333333 0.027777777777778
52 0.49505208333333 0.059722222222222 0.0140625 0.017592592592593
52 0.25234375 0.4587962962963 0.0171875 0.026851851851852
52 0.42213541666667 0.45092592592593 0.033854166666667 0.059259259259259
52 0.09921875 0.35972222222222 0.0296875 0.049074074074074
52 0.6140625 0.60046296296296 0.016666666666667 0.025
52 0.47369791666667 0.85694444444444 0.016145833333333 0.025
52 0.53984375 0.22037037037037 0.0140625 0.022222222222222
52 0.72734375 0.96666666666667 0.021354166666667 0.033333333333333
52 0.27057291666667 0.22962962962963 0.011979166666667 0.018518518518519
52 0.38463541666667 0.29398148148148 0.013020833333333 0.021296296296296
52 0.53723958333333 0.98287037037037 0.0171875 0.023148148148148
52 0.03359375 0.38333333333333 0.044270833333333 0.074074074074074
52 0.146875 0.98935185185185 0.01875 0.021296296296296
52 0.4015625 0.11481481481481 0.011458333333333 0.016666666666667
52 0.27994791666667 0.048148148148148 0.011979166666667 0.016666666666667
52 0.07734375 0.97731481481481 0.016145833333333 0.025
52 0.046354166666667 0.75324074074074 0.025 0.041666666666667
52 0.76536458333333 0.79722222222222 0.016145833333333 0.024074074074074
52 0.67786458333333 0.78657407407407 0.0171875 0.026851851851852
52 0.20729166666667 0.91574074074074 0.017708333333333 0.027777777777778
52 0.25989583333333 0.63796296296296 0.015625 0.022222222222222
52 0.69296875 0.94444444444444 0.013020833333333 0.018518518518519
52 0.42526041666667 0.56203703703704 0.015104166666667 0.024074074074074
52 0.46223958333333 0.5962962962963 0.027604166666667 0.048148148148148
52 0.3625 0.04212962962963 0.011458333333333 0.015740740740741
52 0.31666666666667 0.68796296296296 0.025 0.042592592592593
52 0.52057291666667 0.86574074074074 0.015104166666667 0.02037037037037
52 0.66484375 0.93888888888889 0.018229166666667 0.025925925925926
52 0.63697916666667 0.56342592592593 0.041666666666667 0.075
52 0.27369791666667 0.33888888888889 0.0171875 0.025925925925926
52 0.22604166666667 0.63842592592593 0.016666666666667 0.026851851851852
52 0.19713541666667 0.67314814814815 0.015104166666667 0.024074074074074
52 0.41067708333333 0.086111111111111 0.0109375 0.016666666666667
52 0.13151041666667 0.61944444444444 0.0171875 0.027777777777778
52 0.63098958333333 0.85648148148148 0.0140625 0.02037037037037
52 0.16067708333333 0.5662037037037 0.025520833333333 0.04537037037037
52 0.27083333333333 0.078240740740741 0.0125 0.017592592592593
52 0.46666666666667 0.65277777777778 0.011458333333333 0.018518518518519
52 0.3015625 0.74490740740741 0.014583333333333 0.021296296296296
52 0.57708333333333 0.91527777777778 0.0125 0.017592592592593
52 0.35807291666667 0.064351851851852 0.013020833333333 0.019444444444444
52 0.17473958333333 0.42916666666667 0.015104166666667 0.025
52 0.50911458333333 0.38055555555556 0.013020833333333 0.02037037037037
52 0.30651041666667 0.14398148148148 0.013020833333333 0.019444444444444
52 0.60234375 0.49768518518519 0.013020833333333 0.021296296296296
52 0.44765625 0.74953703703704 0.021354166666667 0.034259259259259
52 0.45130208333333 0.69907407407407 0.0140625 0.02037037037037
52 0.4453125 0.82546296296296 0.011458333333333 0.017592592592593
52 0.1609375 0.073148148148148 0.011458333333333 0.016666666666667
52 0.19427083333333 0.8212962962963 0.013541666666667 0.02037037037037
52 0.48333333333333 0.76898148148148 0.020833333333333 0.032407407407407
52 0.60598958333333 0.87222222222222 0.0421875 0.064814814814815
52 0.4046875 0.86851851851852 0.020833333333333 0.033333333333333
52 0.42604166666667 0.7337962962963 0.015625 0.025
52 0.51979166666667 0.90416666666667 0.016666666666667 0.025
52 0.12864583333333 0.4212962962963 0.019791666666667 0.035185185185185
52 0.340625 0.52175925925926 0.015625 0.028703703703704
52 0.24036458333333 0.75 0.021354166666667 0.035185185185185
52 0.75755208333333 0.70046296296296 0.0890625 0.14351851851852
52 0.50130208333333 0.55046296296296 0.019270833333333 0.034259259259259
52 0.54557291666667 0.54074074074074 0.0140625 0.022222222222222
52 0.88671875 0.79583333333333 0.0203125 0.028703703703704
52 0.13828125 0.19398148148148 0.053645833333333 0.087962962962963
52 0.44635416666667 0.7 0.013541666666667 0.02037037037037
52 0.43619791666667 0.14074074074074 0.013020833333333 0.018518518518519
52 0.27421875 0.50231481481481 0.013020833333333 0.021296296296296
52 0.49479166666667 0.84583333333333 0.0125 0.017592592592593
52 0.31536458333333 0.62731481481481 0.016145833333333 0.026851851851852
52 0.31145833333333 0.79537037037037 0.021875 0.035185185185185
52 0.16744791666667 0.52268518518519 0.0140625 0.023148148148148
52 0.32239583333333 0.10509259259259 0.015625 0.023148148148148
52 0.01328125 0.78333333333333 0.011979166666667 0.02037037037037
52 0.18177083333333 0.31851851851852 0.014583333333333 0.024074074074074
52 0.27213541666667 0.6162037037037 0.016145833333333 0.026851851851852
52 0.37005208333333 0.34537037037037 0.0171875 0.025925925925926
52 0.24583333333333 0.98796296296296 0.015625 0.024074074074074
52 0.23854166666667 0.20231481481481 0.022916666666667 0.039814814814815
52 0.48619791666667 0.89398148148148 0.0140625 0.019444444444444
52 0.40885416666667 0.1912037037037 0.013541666666667 0.019444444444444
52 0.27682291666667 0.1837962962963 0.0140625 0.021296296296296
52 0.52604166666667 0.60509259259259 0.014583333333333 0.023148148148148
52 0.83307291666667 0.63009259259259 0.018229166666667 0.032407407407407
52 0.69557291666667 0.86435185185185 0.0390625 0.065740740740741
52 0.66354166666667 0.3462962962963 0.03125 0.053703703703704
52 0.46484375 0.75555555555556 0.0140625 0.022222222222222
52 0.965625 0.69814814814815 0.028125 0.044444444444444
52 0.59869791666667 0.57824074074074 0.016145833333333 0.025
52 0.07421875 0.79212962962963 0.019270833333333 0.030555555555556
52 0.49088541666667 0.35416666666667 0.016145833333333 0.028703703703704
52 0.5328125 0.3625 0.016666666666667 0.026851851851852
52 0.078385416666667 0.3125 0.055729166666667 0.093518518518519