52 0.2375 0.5 0.019791666666667 0.033333333333333
52 0.79427083333333 0.39490740740741 0.022916666666667 0.041666666666667
52 0.82604166666667 0.39166666666667 0.028125 0.048148148148148
52 0.25286458333333 0.74583333333333 0.021354166666667 0.036111111111111
52 0.0125 0.20972222222222 0.011458333333333 0.019444444444444
52 0.15260416666667 0.20462962962963 0.0125 0.02037037037037
52 0.036197916666667 0.2875 0.0109375 0.019444444444444
52 0.11067708333333 0.42685185185185 0.0109375 0.018518518518519
52 0.27838541666667 0.46388888888889 0.011979166666667 0.02037037037037
52 0.060416666666667 0.54398148148148 0.0125 0.021296296296296
52 0.978125 0.080092592592593 0.013541666666667 0.021296296296296
52 0.2078125 0.44722222222222 0.015625 0.024074074074074
52 0.978125 0.47407407407407 0.019791666666667 0.037037037037037
52 0.4421875 0.96990740740741 0.048958333333333 0.060185185185185
52 0.028385416666667 0.046296296296296 0.0109375 0.018518518518519
52 0.046875 0.45046296296296 0.011458333333333 0.019444444444444
52 0.97942708333333 0.36851851851852 0.016145833333333 0.027777777777778
52 0.21354166666667 0.53101851851852 0.013541666666667 0.023148148148148
52 0.47265625 0.85416666666667 0.050520833333333 0.084259259259259
52 0.38515625 0.49398148148148 0.013020833333333 0.021296296296296
52 0.36197916666667 0.71898148148148 0.017708333333333 0.028703703703704
52 0.027864583333333 0.33518518518519 0.0109375 0.02037037037037
52 0.60911458333333 0.73703703703704 0.016145833333333 0.027777777777778
52 0.40208333333333 0.64305555555556 0.013541666666667 0.021296296296296
52 0.99244791666667 0.2787037037037 0.015104166666667 0.027777777777778
52 0.023697916666667 0.081944444444444 0.011979166666667 0.019444444444444
52 0.98828125 0.21851851851852 0.018229166666667 0.031481481481481
52 0.29817708333333 0.35046296296296 0.018229166666667 0.030555555555556
52 0.86380208333333 0.30648148148148 0.016145833333333 0.02962962962963
52 0.7015625 0.71990740740741 0.019791666666667 0.034259259259259
52 0.171875 0.32592592592593 0.015625 0.024074074074074
52 0.3765625 0.57175925925926 0.0125 0.021296296296296
52 0.071614583333333 0.15324074074074 0.015104166666667 0.025
52 0.984375 0.33194444444444 0.014583333333333 0.026851851851852
52 0.95963541666667 0.21342592592593 0.013020833333333 0.019444444444444
52 0.050520833333333 0.10972222222222 0.011458333333333 0.017592592592593
52 0.24036458333333 0.065277777777778 0.015104166666667 0.025
52 0.0065104166666667 0.3037037037037 0.013020833333333 0.038888888888889
52 0.059635416666667 0.41527777777778 0.011979166666667 0.019444444444444
52 0.13802083333333 0.098611111111111 0.014583333333333 0.023148148148148
52 0.92109375 0.040740740740741 0.013020833333333 0.02037037037037
52 0.034114583333333 0.43055555555556 0.011979166666667 0.02037037037037
52 0.51744791666667 0.94953703703704 0.069270833333333 0.10092592592593
52 0.040625 0.13796296296296 0.011458333333333 0.018518518518519