52 0.51666666666667 0.16064814814815 0.032291666666667 0.05462962962963
52 0.11302083333333 0.20231481481481 0.05625 0.09537037037037
52 0.96510416666667 0.13518518518519 0.0125 0.02037037037037
52 0.04296875 0.5337962962963 0.080729166666667 0.17685185185185
52 0.89401041666667 0.51064814814815 0.015104166666667 0.025
52 0.94010416666667 0.050462962962963 0.010416666666667 0.015740740740741
52 0.84010416666667 0.11666666666667 0.0125 0.018518518518519
52 0.14140625 0.325 0.015104166666667 0.022222222222222
52 0.18489583333333 0.53287037037037 0.014583333333333 0.025
52 0.31432291666667 0.50787037037037 0.015104166666667 0.026851851851852
52 0.028125 0.23564814814815 0.010416666666667 0.015740740740741
52 0.98020833333333 0.12731481481481 0.011458333333333 0.015740740740741
52 0.95286458333333 0.21574074074074 0.0140625 0.022222222222222
52 0.13333333333333 0.0092592592592593 0.019791666666667 0.018518518518519
52 0.24427083333333 0.30324074074074 0.015625 0.025
52 0.16145833333333 0.32407407407407 0.015625 0.024074074074074
52 0.31380208333333 0.37638888888889 0.013020833333333 0.021296296296296
52 0.52630208333333 0.55694444444444 0.013020833333333 0.023148148148148
52 0.1484375 0.03287037037037 0.011458333333333 0.017592592592593
52 0.13463541666667 0.73657407407407 0.0140625 0.023148148148148
52 0.5828125 0.55648148148148 0.021875 0.040740740740741
52 0.1 0.4037037037037 0.0125 0.02037037037037
52 0.30026041666667 0.61435185185185 0.015104166666667 0.025
52 0.14583333333333 0.48611111111111 0.016666666666667 0.027777777777778
52 0.16536458333333 0.079166666666667 0.013020833333333 0.019444444444444
52 0.86666666666667 0.74074074074074 0.039583333333333 0.068518518518519
52 0.84635416666667 0.77731481481481 0.03125 0.052777777777778
52 0.92369791666667 0.42407407407407 0.011979166666667 0.02037037037037
52 0.85338541666667 0.063888888888889 0.0109375 0.016666666666667
52 0.052083333333333 0.24861111111111 0.014583333333333 0.023148148148148
52 0.2015625 0.66574074074074 0.030208333333333 0.05
52 0.88333333333333 0.31527777777778 0.061458333333333 0.10277777777778
52 0.240625 0.19907407407407 0.015625 0.025925925925926
52 0.91197916666667 0.19398148148148 0.015625 0.025
52 0.990625 0.34861111111111 0.0125 0.023148148148148
52 0.53697916666667 0.43101851851852 0.027083333333333 0.049074074074074
52 0.73932291666667 0.77824074074074 0.031770833333333 0.052777777777778
52 0.92786458333333 0.27546296296296 0.018229166666667 0.028703703703704
52 0.24583333333333 0.70138888888889 0.013541666666667 0.021296296296296
52 0.35833333333333 0.022222222222222 0.030208333333333 0.044444444444444
52 0.063802083333333 0.3287037037037 0.015104166666667 0.025925925925926