52 0.93177083333333 0.21481481481481 0.028125 0.05
52 0.865625 0.48472222222222 0.028125 0.05462962962963
52 0.8390625 0.054166666666667 0.014583333333333 0.023148148148148
52 0.38567708333333 0.038425925925926 0.011979166666667 0.017592592592593
52 0.1921875 0.13657407407407 0.022916666666667 0.039814814814815
52 0.94713541666667 0.053240740740741 0.013020833333333 0.019444444444444
52 0.94296875 0.23472222222222 0.021354166666667 0.036111111111111
52 0.94661458333333 0.36481481481481 0.018229166666667 0.031481481481481
52 0.67630208333333 0.4375 0.019270833333333 0.032407407407407
52 0.17552083333333 0.043055555555556 0.020833333333333 0.030555555555556
52 0.1328125 0.10509259259259 0.021875 0.037962962962963
52 0.20729166666667 0.22777777777778 0.016666666666667 0.027777777777778
52 0.084635416666667 0.025462962962963 0.016145833333333 0.023148148148148
52 0.12604166666667 0.076388888888889 0.020833333333333 0.032407407407407
52 0.60677083333333 0.58981481481481 0.038541666666667 0.068518518518519
52 0.3609375 0.050462962962963 0.0125 0.017592592592593
52 0.31588541666667 0.035185185185185 0.011979166666667 0.018518518518519
52 0.18619791666667 0.080555555555556 0.015104166666667 0.024074074074074
52 0.96927083333333 0.064814814814815 0.013541666666667 0.02037037037037