52 0.63515625 0.4962962962963 0.0453125 0.085185185185185
52 0.15963541666667 0.0087962962962963 0.016145833333333 0.017592592592593
52 0.61848958333333 0.27268518518519 0.0421875 0.075
52 0.45234375 0.022222222222222 0.0140625 0.022222222222222
52 0.64166666666667 0.15925925925926 0.014583333333333 0.025925925925926
52 0.12708333333333 0.062962962962963 0.017708333333333 0.025925925925926
52 0.6 0.024537037037037 0.020833333333333 0.036111111111111
52 0.97135416666667 0.45138888888889 0.011458333333333 0.021296296296296
52 0.51848958333333 0.0087962962962963 0.0171875 0.017592592592593
52 0.94505208333333 0.4462962962963 0.0171875 0.02962962962963
52 0.022395833333333 0.097685185185185 0.0125 0.021296296296296
52 0.10260416666667 0.18935185185185 0.017708333333333 0.028703703703704
52 0.044791666666667 0.10740740740741 0.013541666666667 0.022222222222222
52 0.74427083333333 0.5212962962963 0.022916666666667 0.040740740740741
52 0.082291666666667 0.037962962962963 0.055208333333333 0.075925925925926
52 0.053125 0.052314814814815 0.017708333333333 0.026851851851852
52 0.77864583333333 0.48425925925926 0.016666666666667 0.027777777777778