52 0.32239583333333 0.81990740740741 0.021875 0.039814814814815
52 0.18020833333333 0.74675925925926 0.014583333333333 0.023148148148148
52 0.82447916666667 0.10138888888889 0.016666666666667 0.025
52 0.34401041666667 0.38842592592593 0.0171875 0.028703703703704
52 0.1953125 0.17638888888889 0.025 0.043518518518519
52 0.98567708333333 0.54907407407407 0.016145833333333 0.031481481481481
52 0.90885416666667 0.44722222222222 0.013541666666667 0.024074074074074
52 0.45625 0.19814814814815 0.016666666666667 0.025925925925926
52 0.54869791666667 0.033333333333333 0.018229166666667 0.02962962962963
52 0.246875 0.63240740740741 0.01875 0.033333333333333
52 0.43203125 0.66574074074074 0.016145833333333 0.027777777777778
52 0.092708333333333 0.5712962962963 0.017708333333333 0.033333333333333
52 0.023697916666667 0.65231481481481 0.047395833333333 0.097222222222222
52 0.034375 0.04537037037037 0.021875 0.037037037037037
52 0.89791666666667 0.15185185185185 0.014583333333333 0.022222222222222
52 0.80104166666667 0.25694444444444 0.013541666666667 0.021296296296296
52 0.3609375 0.71898148148148 0.016666666666667 0.028703703703704
52 0.52239583333333 0.22083333333333 0.020833333333333 0.036111111111111
52 0.51875 0.7587962962963 0.055208333333333 0.093518518518519
52 0.309375 0.099074074074074 0.01875 0.02962962962963
52 0.27838541666667 0.53194444444444 0.016145833333333 0.026851851851852
52 0.67708333333333 0.31574074074074 0.017708333333333 0.02962962962963
52 0.640625 0.22777777777778 0.022916666666667 0.040740740740741
52 0.87057291666667 0.28981481481481 0.016145833333333 0.025925925925926
52 0.4078125 0.92361111111111 0.030208333333333 0.052777777777778
52 0.89453125 0.30046296296296 0.011979166666667 0.019444444444444
52 0.12552083333333 0.3875 0.05 0.09537037037037
52 0.93697916666667 0.3787037037037 0.0125 0.02037037037037
52 0.52369791666667 0.22175925925926 0.021354166666667 0.037962962962963
52 0.79114583333333 0.20277777777778 0.014583333333333 0.022222222222222
52 0.64557291666667 0.12592592592593 0.025520833333333 0.042592592592593
52 0.240625 0.6962962962963 0.060416666666667 0.11296296296296
52 0.54869791666667 0.034722222222222 0.018229166666667 0.028703703703704
52 0.86145833333333 0.49490740740741 0.014583333333333 0.025
52 0.98489583333333 0.11944444444444 0.015625 0.025925925925926
52 0.62708333333333 0.065740740740741 0.01875 0.02962962962963
52 0.87083333333333 0.28981481481481 0.015625 0.024074074074074
52 0.42734375 0.73842592592593 0.024479166666667 0.04537037037037
52 0.84114583333333 0.19166666666667 0.014583333333333 0.022222222222222
52 0.12213541666667 0.39212962962963 0.052604166666667 0.089814814814815
52 0.240625 0.69398148148148 0.060416666666667 0.10462962962963
52 0.19557291666667 0.175 0.024479166666667 0.038888888888889
52 0.17239583333333 0.70509259259259 0.015625 0.026851851851852
52 0.17552083333333 0.675 0.016666666666667 0.027777777777778
52 0.10729166666667 0.40694444444444 0.023958333333333 0.039814814814815
52 0.075520833333333 0.48287037037037 0.01875 0.032407407407407
52 0.76822916666667 0.1712962962963 0.015625 0.024074074074074
52 0.64505208333333 0.12777777777778 0.022395833333333 0.038888888888889
52 0.88307291666667 0.0625 0.016145833333333 0.025
52 0.62682291666667 0.064814814814815 0.018229166666667 0.02962962962963
52 0.84270833333333 0.35185185185185 0.014583333333333 0.022222222222222
52 0.075260416666667 0.48194444444444 0.0203125 0.036111111111111
52 0.82838541666667 0.2162037037037 0.0140625 0.021296296296296
52 0.86328125 0.10648148148148 0.016145833333333 0.024074074074074
52 0.091927083333333 0.57222222222222 0.018229166666667 0.031481481481481
52 0.03359375 0.048148148148148 0.025520833333333 0.044444444444444
52 0.43802083333333 0.86759259259259 0.027083333333333 0.048148148148148
52 0.30729166666667 0.19027777777778 0.016666666666667 0.026851851851852
52 0.51614583333333 0.2912037037037 0.017708333333333 0.030555555555556
52 0.103125 0.31111111111111 0.022916666666667 0.042592592592593
52 0.103125 0.31111111111111 0.023958333333333 0.038888888888889
52 0.26953125 0.80509259259259 0.053645833333333 0.089814814814815
52 0.3953125 0.089351851851852 0.032291666666667 0.05462962962963
52 0.42161458333333 0.62916666666667 0.0171875 0.030555555555556
52 0.02109375 0.65231481481481 0.041145833333333 0.076851851851852
52 0.30234375 0.73240740740741 0.016145833333333 0.027777777777778
52 0.14192708333333 0.73796296296296 0.0171875 0.02962962962963
52 0.29765625 0.67407407407407 0.0140625 0.024074074074074
52 0.77421875 0.10601851851852 0.0140625 0.021296296296296
52 0.72864583333333 0.29907407407407 0.015625 0.024074074074074
52 0.065885416666667 0.6 0.015104166666667 0.025925925925926
52 0.99427083333333 0.21203703703704 0.010416666666667 0.02037037037037
52 0.71380208333333 0.2712962962963 0.015104166666667 0.024074074074074
52 0.95598958333333 0.45694444444444 0.0140625 0.025