52 0.0057291666666667 0.15 0.011458333333333 0.027777777777778
52 0.8078125 0.20092592592593 0.035416666666667 0.061111111111111
52 0.73958333333333 0.28194444444444 0.019791666666667 0.032407407407407
52 0.3125 0.26666666666667 0.0375 0.068518518518519
52 0.55911458333333 0.38425925925926 0.019270833333333 0.031481481481481
52 0.39427083333333 0.071759259259259 0.028125 0.049074074074074
52 0.68385416666667 0.19583333333333 0.060416666666667 0.11018518518519
52 0.077864583333333 0.3212962962963 0.034895833333333 0.061111111111111
52 0.521875 0.18240740740741 0.059375 0.10925925925926
52 0.04609375 0.19305555555556 0.0296875 0.050925925925926
52 0.11458333333333 0.39212962962963 0.04375 0.080555555555556
52 0.71979166666667 0.26064814814815 0.029166666666667 0.052777777777778
52 0.57369791666667 0.20925925925926 0.072395833333333 0.13148148148148
52 0.15 0.3787037037037 0.03125 0.057407407407407
52 0.14348958333333 0.41805555555556 0.0265625 0.050925925925926
52 0.17421875 0.42962962962963 0.0203125 0.037037037037037
52 0.434375 0.25231481481481 0.027083333333333 0.052777777777778
52 0.48307291666667 0.41759259259259 0.036979166666667 0.068518518518519
52 0.22291666666667 0.27916666666667 0.021875 0.039814814814815
52 0.32239583333333 0.38194444444444 0.035416666666667 0.069444444444444
52 0.074739583333333 0.42037037037037 0.031770833333333 0.059259259259259
52 0.90104166666667 0.2412037037037 0.0375 0.067592592592593
52 0.68828125 0.2837962962963 0.0359375 0.063888888888889
52 0.41536458333333 0.023611111111111 0.0328125 0.047222222222222
52 0.84583333333333 0.16574074074074 0.033333333333333 0.057407407407407
52 0.2703125 0.3125 0.014583333333333 0.025
52 0.9 0.13148148148148 0.041666666666667 0.068518518518519
52 0.32421875 0.17407407407407 0.071354166666667 0.13518518518519
52 0.38255208333333 0.3375 0.021354166666667 0.036111111111111
52 0.20625 0.36898148148148 0.021875 0.037962962962963
52 0.62604166666667 0.27361111111111 0.032291666666667 0.060185185185185
52 0.23932291666667 0.35787037037037 0.016145833333333 0.026851851851852
52 0.63958333333333 0.22546296296296 0.026041666666667 0.047222222222222
52 0.84036458333333 0.019907407407407 0.0296875 0.039814814814815
52 0.73072916666667 0.061574074074074 0.028125 0.04537037037037
52 0.25755208333333 0.31712962962963 0.015104166666667 0.025
52 0.51692708333333 0.40509259259259 0.024479166666667 0.039814814814815
52 0.77265625 0.43888888888889 0.0453125 0.07962962962963
52 0.34609375 0.3837962962963 0.055729166666667 0.10092592592593
52 0.23984375 0.29583333333333 0.0203125 0.032407407407407
52 0.79609375 0.37916666666667 0.0359375 0.062037037037037
52 0.85572916666667 0.23981481481481 0.039583333333333 0.066666666666667
52 0.45625 0.38101851851852 0.019791666666667 0.032407407407407
52 0.43098958333333 0.41712962962963 0.052604166666667 0.089814814814815
52 0.54140625 0.30231481481481 0.0171875 0.028703703703704
52 0.68203125 0.38703703703704 0.052604166666667 0.088888888888889
52 0.25364583333333 0.22453703703704 0.020833333333333 0.036111111111111
52 0.22447916666667 0.41527777777778 0.021875 0.037962962962963
52 0.54557291666667 0.4337962962963 0.034895833333333 0.065740740740741
52 0.70442708333333 0.27083333333333 0.040104166666667 0.062037037037037
52 0.4 0.4375 0.021875 0.039814814814815
52 0.15729166666667 0.26712962962963 0.032291666666667 0.058333333333333
52 0.10729166666667 0.24351851851852 0.0375 0.061111111111111
52 0.7828125 0.3287037037037 0.046875 0.083333333333333