52 0.94322916666667 0.56574074074074 0.01875 0.031481481481481
52 0.99375 0.12083333333333 0.011458333333333 0.019444444444444
52 0.038020833333333 0.057407407407407 0.014583333333333 0.022222222222222
52 0.36692708333333 0.7 0.022395833333333 0.037037037037037
52 0.97213541666667 0.47731481481481 0.015104166666667 0.026851851851852
52 0.25807291666667 0.47175925925926 0.011979166666667 0.021296296296296
52 0.97317708333333 0.16805555555556 0.0234375 0.037962962962963
52 0.27630208333333 0.33564814814815 0.036979166666667 0.062037037037037
52 0.12630208333333 0.73194444444444 0.019270833333333 0.030555555555556
52 0.37213541666667 0.1837962962963 0.0171875 0.026851851851852
52 0.89375 0.087962962962963 0.011458333333333 0.016666666666667
52 0.95026041666667 0.19212962962963 0.0098958333333333 0.015740740740741
52 0.76614583333333 0.95833333333333 0.014583333333333 0.024074074074074
52 0.10572916666667 0.25740740740741 0.048958333333333 0.081481481481481
52 0.19947916666667 0.085185185185185 0.013541666666667 0.02037037037037
52 0.98333333333333 0.33472222222222 0.011458333333333 0.019444444444444
52 0.036458333333333 0.09537037037037 0.011458333333333 0.016666666666667
52 0.99270833333333 0.14768518518519 0.0125 0.021296296296296
52 0.032552083333333 0.12083333333333 0.018229166666667 0.028703703703704
52 0.48567708333333 0.33935185185185 0.0203125 0.034259259259259
52 0.041666666666667 0.29444444444444 0.015625 0.025925925925926
52 0.72265625 0.73472222222222 0.053645833333333 0.09537037037037
52 0.87109375 0.043981481481481 0.0109375 0.015740740740741
52 0.95703125 0.34351851851852 0.0140625 0.02037037037037
52 0.60442708333333 0.94398148148148 0.053645833333333 0.093518518518519
52 0.40885416666667 0.39953703703704 0.0125 0.021296296296296
52 0.8484375 0.081481481481481 0.013541666666667 0.02037037037037
52 0.33984375 0.61342592592593 0.0171875 0.028703703703704
52 0.029427083333333 0.16435185185185 0.011979166666667 0.017592592592593
52 0.16640625 0.63888888888889 0.018229166666667 0.031481481481481
52 0.91484375 0.31944444444444 0.0109375 0.018518518518519
52 0.353125 0.40185185185185 0.016666666666667 0.02962962962963
52 0.97291666666667 0.033333333333333 0.011458333333333 0.016666666666667
52 0.62109375 0.48703703703704 0.021354166666667 0.038888888888889
52 0.98880208333333 0.20277777777778 0.013020833333333 0.02037037037037