52 0.4234375 0.84537037037037 0.017708333333333 0.027777777777778
52 0.35911458333333 0.069907407407407 0.024479166666667 0.041666666666667
52 0.58046875 0.72592592592593 0.0140625 0.022222222222222
52 0.34010416666667 0.034259259259259 0.019791666666667 0.031481481481481
52 0.89895833333333 0.80138888888889 0.015625 0.025
52 0.4140625 0.78796296296296 0.017708333333333 0.027777777777778
52 0.21875 0.53796296296296 0.017708333333333 0.027777777777778
52 0.2453125 0.62592592592593 0.013541666666667 0.022222222222222
52 0.29791666666667 0.50601851851852 0.017708333333333 0.028703703703704
52 0.4078125 0.095833333333333 0.015625 0.023148148148148
52 0.077083333333333 0.77453703703704 0.014583333333333 0.023148148148148
52 0.60651041666667 0.74814814814815 0.015104166666667 0.024074074074074
52 0.75416666666667 0.38518518518519 0.01875 0.02962962962963
52 0.79140625 0.76018518518519 0.046354166666667 0.07962962962963
52 0.87630208333333 0.76296296296296 0.016145833333333 0.025925925925926
52 0.40911458333333 0.54583333333333 0.0140625 0.023148148148148
52 0.65390625 0.42685185185185 0.047395833333333 0.083333333333333
52 0.86875 0.4537037037037 0.017708333333333 0.031481481481481
52 0.425 0.29212962962963 0.017708333333333 0.025
52 0.3140625 0.64490740740741 0.01875 0.030555555555556
52 0.69557291666667 0.98240740740741 0.015104166666667 0.022222222222222
52 0.36796875 0.84212962962963 0.0140625 0.021296296296296
52 0.97734375 0.3587962962963 0.027604166666667 0.047222222222222
52 0.3171875 0.71296296296296 0.051041666666667 0.090740740740741
52 0.89453125 0.37731481481481 0.016145833333333 0.026851851851852
52 0.49505208333333 0.4912037037037 0.015104166666667 0.025
52 0.33151041666667 0.075925925925926 0.016145833333333 0.024074074074074
52 0.38723958333333 0.037962962962963 0.018229166666667 0.025925925925926
52 0.975 0.98842592592593 0.019791666666667 0.023148148148148
52 0.85052083333333 0.40694444444444 0.014583333333333 0.023148148148148
52 0.015364583333333 0.63564814814815 0.016145833333333 0.026851851851852
52 0.86692708333333 0.48657407407407 0.019270833333333 0.028703703703704
52 0.79296875 0.62685185185185 0.0234375 0.038888888888889
52 0.53307291666667 0.72361111111111 0.015104166666667 0.021296296296296
52 0.95130208333333 0.49583333333333 0.0140625 0.025
52 0.16067708333333 0.43333333333333 0.0234375 0.038888888888889
52 0.92239583333333 0.014351851851852 0.015625 0.021296296296296
52 0.88203125 0.025925925925926 0.018229166666667 0.027777777777778
52 0.93567708333333 0.86064814814815 0.018229166666667 0.028703703703704
52 0.86197916666667 0.53101851851852 0.013541666666667 0.023148148148148
52 0.061979166666667 0.86898148148148 0.020833333333333 0.032407407407407
52 0.45494791666667 0.66388888888889 0.0140625 0.022222222222222
52 0.54609375 0.12453703703704 0.015104166666667 0.023148148148148
52 0.928125 0.57546296296296 0.014583333333333 0.023148148148148
52 0.12395833333333 0.25555555555556 0.015625 0.024074074074074
52 0.92916666666667 0.72916666666667 0.020833333333333 0.034259259259259
52 0.91770833333333 0.79166666666667 0.015625 0.024074074074074
52 0.64348958333333 0.12037037037037 0.013020833333333 0.022222222222222
52 0.509375 0.64444444444444 0.0125 0.02037037037037
52 0.89088541666667 0.17916666666667 0.0203125 0.034259259259259
52 0.43489583333333 0.68333333333333 0.01875 0.02962962962963
52 0.31614583333333 0.26111111111111 0.017708333333333 0.027777777777778
52 0.64505208333333 0.68194444444444 0.013020833333333 0.021296296296296
52 0.35651041666667 0.51712962962963 0.013020833333333 0.021296296296296
52 0.71770833333333 0.43842592592593 0.015625 0.023148148148148
52 0.72265625 0.70509259259259 0.0140625 0.023148148148148
52 0.54427083333333 0.79722222222222 0.014583333333333 0.022222222222222
52 0.97109375 0.1375 0.0578125 0.12314814814815
52 0.46041666666667 0.9375 0.019791666666667 0.030555555555556
52 0.41848958333333 0.18935185185185 0.0140625 0.021296296296296
52 0.66041666666667 0.33333333333333 0.013541666666667 0.022222222222222
52 0.26692708333333 0.28425925925926 0.0140625 0.022222222222222
52 0.33567708333333 0.81157407407407 0.015104166666667 0.023148148148148
52 0.30703125 0.61342592592593 0.019270833333333 0.025
52 0.34739583333333 0.89722222222222 0.015625 0.024074074074074
52 0.46640625 0.47824074074074 0.016145833333333 0.026851851851852
52 0.71901041666667 0.1625 0.0234375 0.039814814814815
52 0.6953125 0.425 0.021875 0.035185185185185
52 0.45338541666667 0.5962962962963 0.0140625 0.022222222222222
52 0.85260416666667 0.33935185185185 0.036458333333333 0.062037037037037
52 0.5203125 0.44444444444444 0.014583333333333 0.024074074074074
52 0.11145833333333 0.49861111111111 0.016666666666667 0.026851851851852
52 0.62369791666667 0.70833333333333 0.013020833333333 0.022222222222222
52 0.55494791666667 0.53009259259259 0.016145833333333 0.026851851851852
52 0.42682291666667 0.41944444444444 0.015104166666667 0.025925925925926
52 0.17161458333333 0.2537037037037 0.0203125 0.033333333333333
52 0.29635416666667 0.15555555555556 0.021875 0.035185185185185
52 0.02109375 0.51481481481481 0.0140625 0.024074074074074
52 0.47135416666667 0.25324074074074 0.013541666666667 0.021296296296296
52 0.81223958333333 0.34583333333333 0.0140625 0.025
52 0.053125 0.73472222222222 0.014583333333333 0.023148148148148
52 0.0296875 0.42731481481481 0.042708333333333 0.069444444444444
52 0.40833333333333 0.94074074074074 0.069791666666667 0.11851851851852
52 0.77083333333333 0.67268518518519 0.03125 0.052777777777778
52 0.11588541666667 0.92962962962963 0.0453125 0.074074074074074
52 0.96119791666667 0.68425925925926 0.015104166666667 0.025925925925926
52 0.73307291666667 0.019907407407407 0.0171875 0.025
52 0.94010416666667 0.69166666666667 0.016666666666667 0.02962962962963
52 0.55598958333333 0.29861111111111 0.013020833333333 0.021296296296296
52 0.19401041666667 0.45648148148148 0.015104166666667 0.024074074074074
52 0.4359375 0.77268518518519 0.014583333333333 0.023148148148148
52 0.21979166666667 0.58287037037037 0.01875 0.032407407407407
52 0.014322916666667 0.42175925925926 0.018229166666667 0.032407407407407
52 0.64895833333333 0.90185185185185 0.036458333333333 0.057407407407407
52 0.22109375 0.45833333333333 0.027604166666667 0.05
52 0.83802083333333 0.67175925925926 0.04375 0.078703703703704
52 0.37708333333333 0.96898148148148 0.016666666666667 0.025
52 0.55911458333333 0.19537037037037 0.015104166666667 0.024074074074074
52 0.06328125 0.41296296296296 0.0203125 0.033333333333333
52 0.63255208333333 0.62083333333333 0.013020833333333 0.021296296296296
52 0.0065104166666667 0.17453703703704 0.013020833333333 0.026851851851852
52 0.3921875 0.70277777777778 0.013541666666667 0.02037037037037
52 0.37317708333333 0.92916666666667 0.016145833333333 0.025
52 0.88463541666667 0.56805555555556 0.015104166666667 0.025
52 0.23333333333333 0.14259259259259 0.016666666666667 0.025925925925926
52 0.079427083333333 0.61481481481481 0.0171875 0.025925925925926
52 0.15833333333333 0.33055555555556 0.016666666666667 0.027777777777778
52 0.96692708333333 0.54583333333333 0.013020833333333 0.021296296296296
52 0.8828125 0.16064814814815 0.019791666666667 0.034259259259259
52 0.48463541666667 0.63842592592593 0.015104166666667 0.023148148148148
52 0.92265625 0.20925925925926 0.0140625 0.024074074074074
52 0.671875 0.60046296296296 0.034375 0.060185185185185
52 0.559375 0.67175925925926 0.013541666666667 0.023148148148148
52 0.62708333333333 0.18194444444444 0.014583333333333 0.021296296296296
52 0.26640625 0.096759259259259 0.015104166666667 0.023148148148148
52 0.80989583333333 0.57638888888889 0.014583333333333 0.025
52 0.30130208333333 0.98518518518519 0.025520833333333 0.02962962962963
52 0.41067708333333 0.78287037037037 0.0140625 0.023148148148148
52 0.21536458333333 0.50694444444444 0.0140625 0.023148148148148
52 0.49375 0.15092592592593 0.017708333333333 0.027777777777778
52 0.15494791666667 0.38194444444444 0.016145833333333 0.025
52 0.8953125 0.46712962962963 0.03125 0.058333333333333