52 0.13935185185185 0.56645230439443 0.047222222222222 0.031082529474812
52 0.53425925925926 0.11066452304394 0.033333333333333 0.019828510182208
52 0.10972222222222 0.71838156484459 0.052777777777778 0.030546623794212
52 0.056018518518519 0.65032154340836 0.047222222222222 0.027331189710611
52 0.83935185185185 0.39790996784566 0.017592592592593 0.010182207931404
52 0.16203703703704 0.39844587352626 0.02962962962963 0.016613076098607
52 0.44259259259259 0.53617363344051 0.051851851851852 0.032690246516613
52 0.088888888888889 0.60182207931404 0.059259259259259 0.035369774919614
52 0.55555555555556 0.046891747052519 0.042592592592593 0.027331189710611
52 0.60324074074074 0.12245444801715 0.032407407407407 0.019828510182208
52 0.049074074074074 0.20230439442658 0.066666666666667 0.042336548767417
52 0.9 0.35262593783494 0.061111111111111 0.038585209003215
52 0.47453703703704 0.44506966773848 0.037962962962963 0.023043944265809
52 0.64259259259259 0.2430332261522 0.027777777777778 0.016613076098607
52 0.24675925925926 0.40969989281886 0.052777777777778 0.033762057877814
52 0.7162037037037 0.078242229367631 0.030555555555556 0.018220793140407
52 0.30462962962963 0.40996784565916 0.061111111111111 0.039657020364416
52 0.27222222222222 0.68006430868167 0.064814814814815 0.036441586280815
52 0.3662037037037 0.54983922829582 0.049074074074074 0.031082529474812
52 0.61712962962963 0.010450160771704 0.036111111111111 0.020900321543408
52 0.36712962962963 0.58172561629153 0.073148148148148 0.043408360128617
52 0.58842592592593 0.36012861736334 0.125 0.071811361200429
52 0.30509259259259 0.063236870310825 0.041666666666667 0.02465166130761
52 0.065740740740741 0.36870310825295 0.044444444444444 0.028938906752412
52 0.78287037037037 0.072079314040729 0.032407407407407 0.021972132904609
52 0.70509259259259 0.062433011789925 0.026851851851852 0.016613076098607
52 0.54398148148148 0.091371918542337 0.078703703703704 0.04983922829582
52 0.27175925925926 0.2505359056806 0.091666666666667 0.057341907824223
52 0.37731481481481 0.45927116827438 0.075 0.045016077170418
52 0.825 0.070203644158628 0.014814814814815 0.0096463022508039
52 0.38657407407407 0.40273311897106 0.021296296296296 0.013397642015005
52 0.98472222222222 0.28081457663451 0.030555555555556 0.028938906752412
52 0.88842592592593 0.4882100750268 0.067592592592593 0.042872454448017
52 0.34768518518519 0.27197213290461 0.037962962962963 0.021972132904609
52 0.012037037037037 0.71141479099678 0.024074074074074 0.02411575562701
52 0.5037037037037 0.22561629153269 0.025925925925926 0.015005359056806
52 0.72962962962963 0.52947481243301 0.07037037037037 0.040728831725616
52 0.95231481481481 0.38906752411576 0.078703703703704 0.05037513397642
52 0.10416666666667 0.41318327974277 0.078703703703704 0.04930332261522
52 0.81018518518519 0.2491961414791 0.046296296296296 0.028938906752412
52 0.74027777777778 0.12459807073955 0.050925925925926 0.030546623794212
52 0.25231481481481 0.91881028938907 0.089814814814815 0.056270096463023
52 0.070833333333333 0.29260450160772 0.036111111111111 0.023579849946409
52 0.083333333333333 0.2422293676313 0.062962962962963 0.040728831725616
52 0.10509259259259 0.038317256162915 0.047222222222222 0.029474812433012
52 0.24675925925926 0.46409431939979 0.086111111111111 0.051446945337621
52 0.36111111111111 0.47347266881029 0.077777777777778 0.044480171489818
52 0.25046296296296 0.56216505894962 0.087962962962963 0.055734190782422
52 0.42777777777778 0.47400857449089 0.02962962962963 0.016613076098607
52 0.5087962962963 0.46061093247588 0.043518518518519 0.02518756698821
52 0.80740740740741 0.27465166130761 0.061111111111111 0.038049303322615
52 0.40787037037037 0.43917470525188 0.05462962962963 0.034833869239014
52 0.66944444444444 0.43783494105038 0.02037037037037 0.011789924973205
52 0.081481481481481 0.47347266881029 0.074074074074074 0.045551982851018
52 0.85601851851852 0.2390139335477 0.067592592592593 0.043944265809218
52 0.18611111111111 0.54796355841372 0.057407407407407 0.033762057877814
52 0.71898148148148 0.13424437299035 0.071296296296296 0.042336548767417
52 0.47361111111111 0.39094319399786 0.056481481481481 0.038049303322615
52 0.49351851851852 0.45364415862808 0.057407407407407 0.030546623794212
52 0.8287037037037 0.010986066452304 0.035185185185185 0.019828510182208
52 0.63333333333333 0.037245444801715 0.044444444444444 0.02411575562701
52 0.62407407407407 0.035101822079314 0.02962962962963 0.017684887459807
52 0.44537037037037 0.26929260450161 0.024074074074074 0.013397642015005
52 0.64907407407407 0.043408360128617 0.037037037037037 0.022508038585209
52 0.71759259259259 0.44024651661308 0.018518518518519 0.011254019292605
52 0.78935185185185 0.096730975348339 0.062037037037037 0.038049303322615
52 0.40462962962963 0.64657020364416 0.066666666666667 0.038049303322615
52 0.61898148148148 0.080921757770632 0.023148148148148 0.013933547695606
52 0.73703703703704 0.2398177920686 0.040740740740741 0.026259378349411
52 0.48101851851852 0.014737406216506 0.058333333333333 0.029474812433012
52 0.4962962962963 0.065380493033226 0.035185185185185 0.021436227224009
52 0.6787037037037 0.27116827438371 0.031481481481481 0.018220793140407
52 0.17731481481481 0.69855305466238 0.049074074074074 0.029474812433012
52 0.41666666666667 0.33788853161844 0.02962962962963 0.016613076098607
52 0.58425925925926 0.18354769560557 0.083333333333333 0.04876741693462
52 0.14074074074074 0.7542872454448 0.074074074074074 0.042336548767417
52 0.29861111111111 0.47213290460879 0.05462962962963 0.035369774919614
52 0.036111111111111 0.41103965702036 0.072222222222222 0.043944265809218
52 0.57268518518519 0.62379421221865 0.078703703703704 0.048231511254019
52 0.22268518518519 0.70257234726688 0.052777777777778 0.031082529474812
52 0.40601851851852 0.22749196141479 0.028703703703704 0.016613076098607
52 0.41481481481481 0.29849946409432 0.037037037037037 0.021436227224009
52 0.85 0.56886387995713 0.07962962962963 0.047695605573419
52 0.48842592592593 0.57609860664523 0.032407407407407 0.020364415862808
52 0.12222222222222 0.15487674169346 0.12407407407407 0.082529474812433
52 0.4837962962963 0.2382100750268 0.030555555555556 0.017684887459807
52 0.6875 0.23231511254019 0.019444444444444 0.011254019292605
52 0.47037037037037 0.31055734190782 0.035185185185185 0.019828510182208
52 0.8287037037037 0.20525187566988 0.07037037037037 0.046087888531618
52 0.28009259259259 0.43729903536977 0.052777777777778 0.032154340836013
52 0.72037037037037 0.035101822079314 0.038888888888889 0.023043944265809
52 0.44212962962963 0.59297963558414 0.076851851851852 0.04876741693462
52 0.12083333333333 0.18595927116827 0.11388888888889 0.067524115755627
52 0.56851851851852 0.26286173633441 0.046296296296296 0.029474812433012
52 0.52962962962963 0.16103965702036 0.035185185185185 0.020900321543408
52 0.30462962962963 0.38236870310825 0.042592592592593 0.027331189710611