52 0.48564814814815 0.30198285101822 0.036111111111111 0.020900321543408
52 0.22592592592593 0.68488745980707 0.051851851851852 0.033226152197213
52 0.58194444444444 0.28349410503751 0.04537037037037 0.027867095391211
52 0.48333333333333 0.37031082529475 0.048148148148148 0.031082529474812
52 0.099537037037037 0.90943193997856 0.058333333333333 0.036441586280815
52 0.075 0.19292604501608 0.057407407407407 0.037513397642015
52 0.55185185185185 0.48633440514469 0.02962962962963 0.016613076098607
52 0.056481481481481 0.67818863879957 0.072222222222222 0.043408360128617
52 0.29768518518519 0.23231511254019 0.043518518518519 0.028403001071811
52 0.87222222222222 0.43167202572347 0.02037037037037 0.012325830653805
52 0.43148148148148 0.21221864951768 0.051851851851852 0.033226152197213
52 0.79722222222222 0.14871382636656 0.031481481481481 0.018756698821008
52 0.98796296296296 0.043944265809218 0.024074074074074 0.021436227224009
52 0.75277777777778 0.068863879957128 0.1 0.064844587352626
52 0.51712962962963 0.26714898177921 0.021296296296296 0.012325830653805
52 0.45185185185185 0.034297963558414 0.05 0.031082529474812
52 0.59074074074074 0.54126473740622 0.016666666666667 0.0096463022508039
52 0.20138888888889 0.89094319399786 0.069444444444444 0.041264737406217
52 0.57083333333333 0.52518756698821 0.025 0.013933547695606
52 0.10416666666667 0.87834941050375 0.086111111111111 0.053590568060021
52 0.034722222222222 0.84083601286174 0.060185185185185 0.039657020364416
52 0.23194444444444 0.52652733118971 0.034259259259259 0.020900321543408
52 0.68287037037037 0.31377277599143 0.039814814814815 0.02518756698821
52 0.40277777777778 0.71784565916399 0.027777777777778 0.015541264737406
52 0.94722222222222 0.011521972132905 0.025925925925926 0.014469453376206
52 0.076388888888889 0.62593783494105 0.082407407407407 0.052518756698821
52 0.64907407407407 0.53885316184352 0.018518518518519 0.011254019292605
52 0.37268518518519 0.7481243301179 0.069444444444444 0.041800643086817
52 0.38564814814815 0.40300107181136 0.04537037037037 0.030010718113612
52 0.51898148148148 0.54421221864952 0.021296296296296 0.012325830653805
52 0.50694444444444 0.78992497320472 0.087962962962963 0.051446945337621
52 0.57407407407407 0.72374062165059 0.025925925925926 0.015541264737406
52 0.2912037037037 0.95927116827438 0.049074074074074 0.031082529474812
52 0.47546296296296 0.64630225080386 0.058333333333333 0.035369774919614
52 0.8587962962963 0.30198285101822 0.080555555555556 0.051982851018221
52 0.3412037037037 0.27947481243301 0.028703703703704 0.016613076098607
52 0.56666666666667 0.45766345123258 0.027777777777778 0.016077170418006
52 0.13055555555556 0.34994640943194 0.053703703703704 0.034297963558414
52 0.19722222222222 0.86093247588424 0.025925925925926 0.015541264737406
52 0.53518518518519 0.38370846730975 0.042592592592593 0.02465166130761
52 0.46296296296296 0.13290460878885 0.092592592592593 0.060021436227224
52 0.62546296296296 0.59271168274384 0.021296296296296 0.012861736334405
52 0.78472222222222 0.41747052518757 0.021296296296296 0.012861736334405
52 0.7837962962963 0.58279742765273 0.058333333333333 0.035905680600214
52 0.75555555555556 0.66586280814577 0.038888888888889 0.023043944265809
52 0.088425925925926 0.21436227224009 0.028703703703704 0.017148981779207
52 0.14351851851852 0.69694533762058 0.05 0.030546623794212
52 0.23240740740741 0.71998928188639 0.038888888888889 0.02411575562701
52 0.34861111111111 0.77786709539121 0.043518518518519 0.026259378349411
52 0.31111111111111 0.59137191854234 0.037037037037037 0.023043944265809
52 0.475 0.89389067524116 0.11666666666667 0.066452304394427
52 0.91018518518519 0.30171489817792 0.014814814814815 0.0096463022508039
52 0.22546296296296 0.89737406216506 0.067592592592593 0.036977491961415
52 0.22037037037037 0.19801714898178 0.13333333333333 0.098070739549839
52 0.3337962962963 0.14201500535906 0.097222222222222 0.061093247588424
52 0.60925925925926 0.18408360128617 0.035185185185185 0.020900321543408
52 0.27546296296296 0.85235798499464 0.039814814814815 0.026259378349411
52 0.26666666666667 0.78322615219721 0.02962962962963 0.018756698821008
52 0.98333333333333 0.69265809217578 0.033333333333333 0.039121114683816
52 0.17638888888889 0.9890139335477 0.060185185185185 0.021972132904609
52 0.93564814814815 0.26473740621651 0.017592592592593 0.010718113612004
52 0.38611111111111 0.5120578778135 0.05 0.032690246516613
52 0.0125 0.59807073954984 0.025 0.026795284030011
52 0.53842592592593 0.33547695605573 0.058333333333333 0.035369774919614
52 0.010185185185185 0.52063236870311 0.02037037037037 0.018756698821008
52 0.56203703703704 0.26473740621651 0.042592592592593 0.026795284030011
52 0.33611111111111 0.43327974276527 0.022222222222222 0.012325830653805
52 0.91898148148148 0.089228295819936 0.021296296296296 0.012325830653805
52 0.28703703703704 0.56832797427653 0.02037037037037 0.012325830653805
52 0.92453703703704 0.13049303322615 0.023148148148148 0.014469453376206
52 0.23657407407407 0.65702036441586 0.041666666666667 0.02465166130761
52 0.37407407407407 0.85905680600214 0.062962962962963 0.037513397642015
52 0.28703703703704 0.81350482315113 0.088888888888889 0.054662379421222
52 0.13935185185185 0.57100750267953 0.025 0.015541264737406
52 0.39351851851852 0.43971061093248 0.055555555555556 0.034833869239014
52 0.8212962962963 0.42229367631297 0.018518518518519 0.010718113612004
52 0.39583333333333 0.9879421221865 0.050925925925926 0.02411575562701
52 0.57685185185185 0.7513397642015 0.025925925925926 0.016077170418006
52 0.59027777777778 0.59351554126474 0.025 0.014469453376206
52 0.55787037037037 0.61280814576635 0.032407407407407 0.017684887459807
52 0.24814814814815 0.90809217577706 0.037037037037037 0.02411575562701
52 0.81944444444444 0.30091103965702 0.042592592592593 0.027331189710611
52 0.44166666666667 0.81484458735263 0.042592592592593 0.026259378349411
52 0.89537037037037 0.19265809217578 0.033333333333333 0.020900321543408
52 0.56203703703704 0.65594855305466 0.040740740740741 0.023579849946409
52 0.16435185185185 0.94908896034298 0.11759259259259 0.082529474812433
52 0.72314814814815 0.71543408360129 0.025925925925926 0.015005359056806
52 0.40509259259259 0.54421221864952 0.026851851851852 0.014469453376206
52 0.84675925925926 0.20069667738478 0.037962962962963 0.021972132904609
52 0.45324074074074 0.5123258306538 0.080555555555556 0.04930332261522
52 0.59583333333333 0.56243301178992 0.019444444444444 0.011254019292605
52 0.10231481481481 0.44989281886388 0.084259259259259 0.054126473740622
52 0.71574074074074 0.41988210075027 0.016666666666667 0.010182207931404
52 0.92777777777778 0.15916398713826 0.024074074074074 0.015005359056806
52 0.89907407407407 0.21007502679528 0.025925925925926 0.015005359056806
52 0.29305555555556 0.66425509110397 0.039814814814815 0.02411575562701
52 0.62453703703704 0.5005359056806 0.021296296296296 0.011789924973205
52 0.65231481481481 0.067256162915327 0.047222222222222 0.031618435155413