52 0.36744791666667 0.034722222222222 0.018229166666667 0.028703703703704
52 0.044270833333333 0.36574074074074 0.025 0.042592592592593
52 0.014322916666667 0.43194444444444 0.027604166666667 0.050925925925926
52 0.0098958333333333 0.33981481481481 0.019791666666667 0.042592592592593
52 0.54739583333333 0.30694444444444 0.034375 0.056481481481481
52 0.7140625 0.74444444444444 0.034375 0.059259259259259
52 0.15572916666667 0.46990740740741 0.030208333333333 0.052777777777778
52 0.58541666666667 0.50324074074074 0.03125 0.05462962962963
52 0.57473958333333 0.26527777777778 0.049479166666667 0.086111111111111
52 0.68046875 0.28611111111111 0.022395833333333 0.033333333333333
52 0.075520833333333 0.38425925925926 0.022916666666667 0.038888888888889
52 0.22526041666667 0.5087962962963 0.018229166666667 0.028703703703704
52 0.38619791666667 0.21944444444444 0.0203125 0.031481481481481
52 0.0075520833333333 0.49814814814815 0.015104166666667 0.02962962962963
52 0.18463541666667 0.4962962962963 0.030729166666667 0.05
52 0.25677083333333 0.97083333333333 0.090625 0.058333333333333
52 0.25104166666667 0.30694444444444 0.034375 0.058333333333333
52 0.26692708333333 0.47314814814815 0.024479166666667 0.038888888888889
52 0.70963541666667 0.4462962962963 0.0546875 0.1
52 0.70416666666667 0.58796296296296 0.022916666666667 0.035185185185185
52 0.13515625 0.98703703703704 0.0234375 0.025925925925926
52 0.46770833333333 0.41759259259259 0.019791666666667 0.02962962962963
52 0.57682291666667 0.51342592592593 0.033854166666667 0.052777777777778
52 0.696875 0.52638888888889 0.027083333333333 0.04537037037037
52 0.34322916666667 0.38796296296296 0.019791666666667 0.02962962962963
52 0.40963541666667 0.56342592592593 0.0203125 0.032407407407407
52 0.38802083333333 0.91157407407407 0.121875 0.17685185185185
52 0.40052083333333 0.68333333333333 0.075 0.13333333333333
52 0.64114583333333 0.46435185185185 0.039583333333333 0.065740740740741
52 0.83177083333333 0.44768518518519 0.03125 0.052777777777778
52 0.29375 0.67638888888889 0.044791666666667 0.076851851851852
52 0.95104166666667 0.11435185185185 0.032291666666667 0.050925925925926
52 0.26510416666667 0.27361111111111 0.023958333333333 0.041666666666667
52 0.43932291666667 0.39583333333333 0.022395833333333 0.034259259259259
52 0.56770833333333 0.029166666666667 0.027083333333333 0.041666666666667
52 0.085416666666667 0.65925925925926 0.017708333333333 0.02962962962963
52 0.29739583333333 0.37916666666667 0.021875 0.034259259259259
52 0.41927083333333 0.58796296296296 0.019791666666667 0.031481481481481
52 0.33541666666667 0.56064814814815 0.022916666666667 0.036111111111111
52 0.25208333333333 0.52685185185185 0.022916666666667 0.037037037037037
52 0.45078125 0.25092592592593 0.024479166666667 0.038888888888889
52 0.36354166666667 0.79074074074074 0.03125 0.051851851851852
52 0.32760416666667 0.33981481481481 0.019791666666667 0.02962962962963
52 0.62682291666667 0.62916666666667 0.030729166666667 0.050925925925926
52 0.44140625 0.62037037037037 0.0421875 0.072222222222222
52 0.84244791666667 0.17453703703704 0.063020833333333 0.11574074074074
52 0.59661458333333 0.18981481481481 0.021354166666667 0.031481481481481
52 0.28671875 0.45324074074074 0.025520833333333 0.043518518518519
52 0.55755208333333 0.97685185185185 0.040104166666667 0.046296296296296
52 0.0078125 0.54722222222222 0.015625 0.027777777777778
52 0.3546875 0.6212962962963 0.033333333333333 0.055555555555556
52 0.029166666666667 0.57592592592593 0.020833333333333 0.037037037037037
52 0.32864583333333 0.27638888888889 0.019791666666667 0.030555555555556
52 0.31953125 0.4375 0.018229166666667 0.028703703703704
52 0.39661458333333 0.16527777777778 0.019270833333333 0.030555555555556
52 0.1453125 0.55185185185185 0.041666666666667 0.07037037037037
52 0.61171875 0.6625 0.021354166666667 0.032407407407407
52 0.303125 0.028703703703704 0.021875 0.033333333333333
52 0.076041666666667 0.83287037037037 0.035416666666667 0.056481481481481
52 0.32994791666667 0.59444444444444 0.0234375 0.037037037037037
52 0.0609375 0.49259259259259 0.020833333333333 0.035185185185185
52 0.52057291666667 0.19861111111111 0.0234375 0.036111111111111
52 0.46119791666667 0.96898148148148 0.056770833333333 0.062037037037037
52 0.40260416666667 0.32685185185185 0.019791666666667 0.02962962962963
52 0.44973958333333 0.14583333333333 0.018229166666667 0.026851851851852
52 0.34453125 0.038425925925926 0.019270833333333 0.030555555555556
52 0.37135416666667 0.26435185185185 0.01875 0.028703703703704
52 0.596875 0.29953703703704 0.029166666666667 0.047222222222222
52 0.9640625 0.97731481481481 0.039583333333333 0.04537037037037
52 0.86875 0.59166666666667 0.027083333333333 0.046296296296296
52 0.565625 0.52314814814815 0.021875 0.033333333333333
52 0.60598958333333 0.15231481481481 0.021354166666667 0.032407407407407
52 0.066927083333333 0.64166666666667 0.0203125 0.033333333333333
52 0.36015625 0.071759259259259 0.018229166666667 0.028703703703704
52 0.32994791666667 0.23148148148148 0.021354166666667 0.031481481481481
52 0.5578125 0.7837962962963 0.025 0.041666666666667
52 0.36770833333333 0.56157407407407 0.053125 0.09537037037037
52 0.19244791666667 0.4287037037037 0.0234375 0.038888888888889
52 0.35911458333333 0.60046296296296 0.038020833333333 0.084259259259259
52 0.62083333333333 0.90046296296296 0.035416666666667 0.058333333333333
52 0.22239583333333 0.63194444444444 0.033333333333333 0.05462962962963
52 0.709375 0.17407407407407 0.030208333333333 0.046296296296296
52 0.4421875 0.68703703703704 0.020833333333333 0.033333333333333
52 0.5890625 0.092592592592593 0.027083333333333 0.042592592592593
52 0.25130208333333 0.38148148148148 0.019270833333333 0.031481481481481
52 0.54270833333333 0.8962962962963 0.041666666666667 0.068518518518519
52 0.48541666666667 0.19166666666667 0.01875 0.027777777777778
52 0.28229166666667 0.30509259259259 0.019791666666667 0.032407407407407