52 0.0109375 0.063425925925926 0.010416666666667 0.015740740740741
52 0.14739583333333 0.41712962962963 0.011458333333333 0.019444444444444
52 0.95130208333333 0.32175925925926 0.015104166666667 0.025
52 0.16770833333333 0.28240740740741 0.022916666666667 0.040740740740741
52 0.83984375 0.11296296296296 0.0296875 0.05
52 0.61901041666667 0.76111111111111 0.0171875 0.02962962962963
52 0.064583333333333 0.22314814814815 0.010416666666667 0.016666666666667
52 0.078385416666667 0.59583333333333 0.015104166666667 0.025
52 0.03125 0.42037037037037 0.0125 0.02037037037037
52 0.92604166666667 0.48796296296296 0.015625 0.027777777777778
52 0.76484375 0.58518518518519 0.0171875 0.02962962962963
52 0.90546875 0.04212962962963 0.0390625 0.067592592592593
52 0.20911458333333 0.36481481481481 0.013020833333333 0.02037037037037
52 0.015625 0.52175925925926 0.0083333333333333 0.015740740740741
52 0.83385416666667 0.62916666666667 0.019791666666667 0.034259259259259
52 0.022916666666667 0.34861111111111 0.009375 0.017592592592593
52 0.19010416666667 0.96944444444444 0.039583333333333 0.061111111111111
52 0.096354166666667 0.29675925925926 0.0125 0.019444444444444
52 0.86770833333333 0.43703703703704 0.011458333333333 0.018518518518519
52 0.15390625 0.1962962962963 0.015104166666667 0.024074074074074
52 0.11614583333333 0.34907407407407 0.011458333333333 0.018518518518519
52 0.93802083333333 0.21203703703704 0.014583333333333 0.024074074074074
52 0.38125 0.98101851851852 0.039583333333333 0.037962962962963
52 0.46510416666667 0.83796296296296 0.065625 0.11481481481481
52 0.096875 0.25462962962963 0.0125 0.02037037037037
52 0.803125 0.38240740740741 0.022916666666667 0.037037037037037
52 0.83932291666667 0.81712962962963 0.10677083333333 0.175
52 0.0080729166666667 0.43611111111111 0.0109375 0.02037037037037
52 0.13151041666667 0.6787037037037 0.0359375 0.061111111111111
52 0.16510416666667 0.48009259259259 0.0375 0.065740740740741
52 0.42421875 0.67916666666667 0.0140625 0.023148148148148
52 0.077864583333333 0.2837962962963 0.0109375 0.017592592592593
52 0.25338541666667 0.4162037037037 0.0140625 0.023148148148148
52 0.053125 0.18333333333333 0.010416666666667 0.016666666666667
52 0.43072916666667 0.96388888888889 0.059375 0.072222222222222
52 0.97083333333333 0.40185185185185 0.013541666666667 0.022222222222222
52 0.29348958333333 0.89861111111111 0.0296875 0.052777777777778
52 0.11067708333333 0.73055555555556 0.018229166666667 0.02962962962963
52 0.0875 0.35046296296296 0.009375 0.015740740740741
52 0.9015625 0.63101851851852 0.017708333333333 0.028703703703704
52 0.30859375 0.49814814814815 0.018229166666667 0.031481481481481
52 0.26640625 0.40416666666667 0.011979166666667 0.019444444444444
52 0.50755208333333 0.93842592592593 0.074479166666667 0.12314814814815
52 0.018229166666667 0.6962962962963 0.019791666666667 0.035185185185185
52 0.08515625 0.060185185185185 0.0098958333333333 0.016666666666667
52 0.12291666666667 0.88472222222222 0.017708333333333 0.026851851851852
52 0.37083333333333 0.62314814814815 0.019791666666667 0.035185185185185
52 0.0390625 0.15 0.010416666666667 0.016666666666667
52 0.75885416666667 0.61296296296296 0.01875 0.033333333333333
52 0.059895833333333 0.35231481481481 0.010416666666667 0.017592592592593
52 0.91875 0.14814814814815 0.016666666666667 0.025925925925926
52 0.10859375 0.1587962962963 0.0098958333333333 0.015740740740741
52 0.17109375 0.67592592592593 0.013020833333333 0.02037037037037
52 0.25390625 0.33055555555556 0.0140625 0.022222222222222
52 0.62994791666667 0.68842592592593 0.015104166666667 0.025
52 0.08515625 0.21944444444444 0.011979166666667 0.018518518518519
52 0.81354166666667 0.11203703703704 0.01875 0.033333333333333
52 0.10338541666667 0.66759259259259 0.0140625 0.024074074074074
52 0.039583333333333 0.47037037037037 0.010416666666667 0.018518518518519
52 0.96614583333333 0.12685185185185 0.015625 0.025925925925926
52 0.12890625 0.43564814814815 0.011979166666667 0.019444444444444
52 0.3234375 0.46666666666667 0.011458333333333 0.02037037037037