52 0.496875 0.040740740740741 0.025 0.042592592592593
52 0.37994791666667 0.92962962962963 0.0171875 0.027777777777778
52 0.21770833333333 0.71481481481481 0.021875 0.035185185185185
52 0.69765625 0.34166666666667 0.018229166666667 0.033333333333333
52 0.69713541666667 0.41759259259259 0.0171875 0.02962962962963
52 0.90260416666667 0.89768518518519 0.016666666666667 0.026851851851852
52 0.26953125 0.95185185185185 0.047395833333333 0.077777777777778
52 0.97083333333333 0.50138888888889 0.015625 0.028703703703704
52 0.1765625 0.18703703703704 0.021875 0.035185185185185
52 0.64427083333333 0.38657407407407 0.016666666666667 0.026851851851852
52 0.46484375 0.1287037037037 0.036979166666667 0.064814814814815
52 0.46484375 0.51342592592593 0.0203125 0.037962962962963
52 0.83932291666667 0.35509259259259 0.016145833333333 0.026851851851852
52 0.65338541666667 0.16759259259259 0.033854166666667 0.059259259259259
52 0.60442708333333 0.33009259259259 0.016145833333333 0.026851851851852
52 0.31640625 0.40648148148148 0.0203125 0.031481481481481
52 0.55078125 0.012962962962963 0.024479166666667 0.025925925925926
52 0.3265625 0.29861111111111 0.01875 0.030555555555556
52 0.34973958333333 0.96944444444444 0.0171875 0.027777777777778
52 0.14036458333333 0.33657407407407 0.018229166666667 0.030555555555556
52 0.40130208333333 0.55972222222222 0.0328125 0.056481481481481
52 0.521875 0.47037037037037 0.016666666666667 0.031481481481481
52 0.83489583333333 0.76064814814815 0.016666666666667 0.026851851851852
52 0.28463541666667 0.39583333333333 0.018229166666667 0.028703703703704
52 0.62942708333333 0.093981481481481 0.021354166666667 0.032407407407407
52 0.72291666666667 0.29259259259259 0.016666666666667 0.025925925925926
52 0.88958333333333 0.28842592592593 0.016666666666667 0.026851851851852
52 0.48515625 0.32962962962963 0.021354166666667 0.037037037037037
52 0.4171875 0.10416666666667 0.017708333333333 0.028703703703704
52 0.23359375 0.3962962962963 0.0203125 0.035185185185185
52 0.0088541666666667 0.02962962962963 0.017708333333333 0.059259259259259
52 0.5734375 0.21712962962963 0.016666666666667 0.026851851851852
52 0.12604166666667 0.31759259259259 0.01875 0.02962962962963
52 0.17734375 0.073148148148148 0.022395833333333 0.038888888888889
52 0.42760416666667 0.33472222222222 0.01875 0.030555555555556
52 0.80755208333333 0.12962962962963 0.027604166666667 0.048148148148148
52 0.9703125 0.32592592592593 0.023958333333333 0.044444444444444
52 0.50208333333333 0.36574074074074 0.016666666666667 0.025925925925926
52 0.28828125 0.36064814814815 0.024479166666667 0.039814814814815
52 0.1625 0.40740740740741 0.020833333333333 0.033333333333333
52 0.25442708333333 0.45555555555556 0.028645833333333 0.051851851851852
52 0.14791666666667 0.81990740740741 0.021875 0.036111111111111
52 0.93854166666667 0.16111111111111 0.021875 0.037037037037037
52 0.66302083333333 0.33518518518519 0.0375 0.062962962962963
52 0.88151041666667 0.81898148148148 0.018229166666667 0.026851851851852
52 0.46458333333333 0.45509259259259 0.016666666666667 0.026851851851852
52 0.86015625 0.46481481481481 0.016145833333333 0.027777777777778
52 0.31145833333333 0.54768518518519 0.019791666666667 0.034259259259259
52 0.85390625 0.47361111111111 0.019270833333333 0.030555555555556
52 0.79479166666667 0.18796296296296 0.016666666666667 0.025925925925926
52 0.021354166666667 0.21481481481481 0.042708333333333 0.07962962962963
52 0.11744791666667 0.58842592592593 0.028645833333333 0.052777777777778
52 0.87057291666667 0.58240740740741 0.022395833333333 0.037037037037037
52 0.10078125 0.63194444444444 0.024479166666667 0.041666666666667
52 0.23984375 0.64490740740741 0.041145833333333 0.071296296296296
52 0.13932291666667 0.82453703703704 0.018229166666667 0.028703703703704
52 0.16354166666667 0.70231481481481 0.016666666666667 0.026851851851852
52 0.84322916666667 0.049074074074074 0.017708333333333 0.027777777777778
52 0.58229166666667 0.59490740740741 0.016666666666667 0.026851851851852
52 0.93619791666667 0.040277777777778 0.019270833333333 0.028703703703704
52 0.46354166666667 0.74444444444444 0.020833333333333 0.035185185185185
52 0.71666666666667 0.5 0.016666666666667 0.027777777777778
52 0.25598958333333 0.21111111111111 0.063020833333333 0.10555555555556
52 0.12734375 0.69768518518519 0.016145833333333 0.026851851851852
52 0.074739583333333 0.41203703703704 0.0171875 0.027777777777778
52 0.24010416666667 0.52546296296296 0.016666666666667 0.026851851851852
52 0.41171875 0.2462962962963 0.0203125 0.033333333333333
52 0.67317708333333 0.56111111111111 0.0171875 0.027777777777778
52 0.46692708333333 0.48842592592593 0.0171875 0.034259259259259
52 0.69453125 0.35046296296296 0.0171875 0.026851851851852
52 0.3703125 0.80833333333333 0.055208333333333 0.1037037037037
52 0.68984375 0.58657407407407 0.0171875 0.026851851851852
52 0.89088541666667 0.23657407407407 0.0203125 0.026851851851852
52 0.63854166666667 0.68009259259259 0.017708333333333 0.028703703703704
52 0.91354166666667 0.6587962962963 0.016666666666667 0.026851851851852
52 0.46484375 0.17962962962963 0.019270833333333 0.033333333333333