52 0.74140625 0.46527777777778 0.015104166666667 0.025
52 0.50052083333333 0.26203703703704 0.022916666666667 0.040740740740741
52 0.49036458333333 0.22314814814815 0.021354166666667 0.035185185185185
52 0.58880208333333 0.54675925925926 0.015104166666667 0.026851851851852
52 0.0953125 0.64722222222222 0.01875 0.031481481481481
52 0.309375 0.39490740740741 0.016666666666667 0.026851851851852
52 0.84401041666667 0.8287037037037 0.0234375 0.038888888888889
52 0.40442708333333 0.45 0.0171875 0.027777777777778
52 0.85208333333333 0.37453703703704 0.015625 0.025
52 0.42578125 0.35555555555556 0.016145833333333 0.024074074074074
52 0.73932291666667 0.055555555555556 0.019270833333333 0.027777777777778
52 0.62526041666667 0.019444444444444 0.028645833333333 0.038888888888889
52 0.29505208333333 0.85416666666667 0.0171875 0.026851851851852
52 0.31458333333333 0.15694444444444 0.016666666666667 0.026851851851852
52 0.66041666666667 0.076851851851852 0.016666666666667 0.024074074074074
52 0.70911458333333 0.32314814814815 0.015104166666667 0.025925925925926
52 0.16041666666667 0.45185185185185 0.016666666666667 0.024074074074074
52 0.33958333333333 0.69305555555556 0.015625 0.026851851851852
52 0.45416666666667 0.56435185185185 0.017708333333333 0.030555555555556
52 0.74479166666667 0.47592592592593 0.014583333333333 0.025925925925926
52 0.0765625 0.43055555555556 0.019791666666667 0.033333333333333
52 0.21901041666667 0.70324074074074 0.018229166666667 0.032407407407407
52 0.54947916666667 0.27175925925926 0.01875 0.028703703703704
52 0.17916666666667 0.68240740740741 0.015625 0.025925925925926
52 0.27135416666667 0.80925925925926 0.016666666666667 0.02962962962963
52 0.92057291666667 0.25324074074074 0.034895833333333 0.058333333333333
52 0.65494791666667 0.52731481481481 0.0390625 0.069444444444444
52 0.46041666666667 0.13194444444444 0.023958333333333 0.034259259259259
52 0.0096354166666667 0.38472222222222 0.016145833333333 0.032407407407407
52 0.1484375 0.014351851851852 0.021875 0.028703703703704
52 0.3921875 0.33055555555556 0.016666666666667 0.027777777777778
52 0.36901041666667 0.036111111111111 0.021354166666667 0.033333333333333
52 0.30078125 0.85 0.021354166666667 0.02962962962963
52 0.81041666666667 0.083796296296296 0.01875 0.028703703703704
52 0.2921875 0.67685185185185 0.017708333333333 0.02962962962963
52 0.29010416666667 0.37175925925926 0.017708333333333 0.025
52 0.20729166666667 0.63425925925926 0.019791666666667 0.02962962962963
52 0.77864583333333 0.92777777777778 0.015625 0.025925925925926
52 0.84479166666667 0.1625 0.015625 0.025
52 0.026822916666667 0.068055555555556 0.018229166666667 0.028703703703704
52 0.93020833333333 0.38472222222222 0.023958333333333 0.039814814814815
52 0.36640625 0.62222222222222 0.015104166666667 0.025925925925926
52 0.45182291666667 0.59583333333333 0.015104166666667 0.025
52 0.24088541666667 0.54675925925926 0.0171875 0.023148148148148
52 0.18177083333333 0.92962962962963 0.06875 0.11666666666667
52 0.67291666666667 0.49814814814815 0.017708333333333 0.027777777777778
52 0.64791666666667 0.23287037037037 0.017708333333333 0.030555555555556
52 0.3015625 0.32175925925926 0.021875 0.034259259259259
52 0.81927083333333 0.52546296296296 0.040625 0.071296296296296
52 0.099479166666667 0.26990740740741 0.016666666666667 0.026851851851852
52 0.33020833333333 0.56388888888889 0.022916666666667 0.040740740740741
52 0.59921875 0.13425925925926 0.024479166666667 0.035185185185185
52 0.25364583333333 0.49305555555556 0.014583333333333 0.026851851851852
52 0.72265625 0.41805555555556 0.016145833333333 0.030555555555556
52 0.48776041666667 0.71759259259259 0.016145833333333 0.025925925925926
52 0.25885416666667 0.41018518518519 0.015625 0.025925925925926
52 0.21458333333333 0.92083333333333 0.017708333333333 0.028703703703704
52 0.18229166666667 0.53888888888889 0.017708333333333 0.02962962962963
52 0.50625 0.65555555555556 0.015625 0.027777777777778
52 0.13619791666667 0.72731481481481 0.016145833333333 0.026851851851852
52 0.30625 0.47731481481481 0.014583333333333 0.026851851851852
52 0.20729166666667 0.83333333333333 0.020833333333333 0.031481481481481
52 0.45338541666667 0.30324074074074 0.016145833333333 0.026851851851852
52 0.46953125 0.69537037037037 0.015104166666667 0.025925925925926
52 0.66796875 0.29305555555556 0.016145833333333 0.025
52 0.33411458333333 0.074537037037037 0.040104166666667 0.060185185185185
52 0.39765625 0.24814814814815 0.0171875 0.027777777777778
52 0.34895833333333 0.94907407407407 0.019791666666667 0.02962962962963
52 0.43854166666667 0.064351851851852 0.019791666666667 0.030555555555556
52 0.98463541666667 0.27592592592593 0.015104166666667 0.025925925925926
52 0.81510416666667 0.23796296296296 0.017708333333333 0.022222222222222
52 0.15078125 0.55972222222222 0.021354166666667 0.036111111111111
52 0.49192708333333 0.49861111111111 0.016145833333333 0.028703703703704
52 0.31614583333333 0.20972222222222 0.038541666666667 0.065740740740741
52 0.75963541666667 0.15833333333333 0.0171875 0.024074074074074
52 0.14375 0.41527777777778 0.019791666666667 0.032407407407407
52 0.48567708333333 0.028240740740741 0.018229166666667 0.025
52 0.33385416666667 0.24444444444444 0.017708333333333 0.027777777777778
52 0.086458333333333 0.18611111111111 0.020833333333333 0.031481481481481
52 0.27916666666667 0.58055555555556 0.020833333333333 0.037037037037037
52 0.2296875 0.48055555555556 0.020833333333333 0.037037037037037
52 0.95546875 0.26944444444444 0.016145833333333 0.025925925925926
52 0.78802083333333 0.14537037037037 0.019791666666667 0.02962962962963
52 0.28489583333333 0.65324074074074 0.016666666666667 0.028703703703704
52 0.2265625 0.014351851851852 0.025 0.028703703703704
52 0.25911458333333 0.19305555555556 0.016145833333333 0.025
52 0.99348958333333 0.2537037037037 0.013020833333333 0.02962962962963
52 0.89270833333333 0.22037037037037 0.01875 0.031481481481481
52 0.940625 0.30324074074074 0.019791666666667 0.032407407407407
52 0.74166666666667 0.84398148148148 0.045833333333333 0.080555555555556
52 0.10338541666667 0.20509259259259 0.022395833333333 0.034259259259259
52 0.64296875 0.16990740740741 0.0234375 0.039814814814815
52 0.85625 0.40555555555556 0.014583333333333 0.025925925925926
52 0.39427083333333 0.3212962962963 0.016666666666667 0.037037037037037
52 0.26328125 0.39351851851852 0.018229166666667 0.033333333333333
52 0.6203125 0.6287037037037 0.016666666666667 0.027777777777778
52 0.46927083333333 0.32824074074074 0.020833333333333 0.036111111111111
52 0.0125 0.36944444444444 0.021875 0.042592592592593
52 0.95729166666667 0.3412037037037 0.026041666666667 0.037962962962963
52 0.11145833333333 0.6 0.017708333333333 0.027777777777778
52 0.43515625 0.40092592592593 0.0171875 0.02962962962963
52 0.52890625 0.28888888888889 0.0171875 0.027777777777778
52 0.26354166666667 0.375 0.019791666666667 0.033333333333333
52 0.10911458333333 0.71990740740741 0.015104166666667 0.025
52 0.29140625 0.23796296296296 0.018229166666667 0.025925925925926
52 0.87838541666667 0.58240740740741 0.016145833333333 0.025925925925926
52 0.87005208333333 0.62407407407407 0.016145833333333 0.027777777777778
52 0.09921875 0.81666666666667 0.018229166666667 0.027777777777778
52 0.86328125 0.40277777777778 0.016145833333333 0.025925925925926
52 0.89583333333333 0.22685185185185 0.015625 0.025925925925926
52 0.86875 0.35138888888889 0.015625 0.025
52 0.16432291666667 0.81296296296296 0.0171875 0.027777777777778
52 0.33958333333333 0.16851851851852 0.017708333333333 0.027777777777778
52 0.26796875 0.086574074074074 0.0328125 0.05462962962963
52 0.0578125 0.40833333333333 0.01875 0.025925925925926
52 0.19505208333333 0.27453703703704 0.0203125 0.034259259259259
52 0.73541666666667 0.53703703703704 0.01875 0.031481481481481
52 0.28333333333333 0.52037037037037 0.015625 0.027777777777778
52 0.965625 0.1287037037037 0.026041666666667 0.042592592592593
52 0.36927083333333 0.36157407407407 0.014583333333333 0.028703703703704
52 0.66536458333333 0.25 0.018229166666667 0.02962962962963
52 0.51848958333333 0.26203703703704 0.0171875 0.027777777777778
52 0.71588541666667 0.63287037037037 0.0203125 0.032407407407407
52 0.73359375 0.6037037037037 0.019270833333333 0.031481481481481
52 0.26119791666667 0.62175925925926 0.022395833333333 0.039814814814815
52 0.45182291666667 0.35555555555556 0.019270833333333 0.033333333333333
52 0.09609375 0.45601851851852 0.018229166666667 0.026851851851852
52 0.76536458333333 0.38935185185185 0.018229166666667 0.030555555555556
52 0.46484375 0.76342592592593 0.016145833333333 0.026851851851852
52 0.79010416666667 0.55555555555556 0.016666666666667 0.027777777777778
52 0.97734375 0.32268518518519 0.016145833333333 0.025
52 0.80078125 0.88796296296296 0.049479166666667 0.083333333333333
52 0.45390625 0.14212962962963 0.0234375 0.034259259259259
52 0.97708333333333 0.21018518518519 0.015625 0.025925925925926
52 0.571875 0.21759259259259 0.019791666666667 0.02962962962963
52 0.048958333333333 0.51805555555556 0.017708333333333 0.030555555555556
52 0.74010416666667 0.22638888888889 0.017708333333333 0.026851851851852
52 0.43880208333333 0.050925925925926 0.019270833333333 0.02962962962963
52 0.84036458333333 0.38935185185185 0.019270833333333 0.025
52 0.97239583333333 0.43518518518519 0.017708333333333 0.033333333333333
52 0.546875 0.048148148148148 0.019791666666667 0.02962962962963
52 0.2421875 0.28425925925926 0.022916666666667 0.037037037037037
52 0.01328125 0.5 0.024479166666667 0.044444444444444
52 0.16901041666667 0.30740740740741 0.018229166666667 0.027777777777778
52 0.68359375 0.45787037037037 0.016145833333333 0.026851851851852
52 0.67161458333333 0.40787037037037 0.019270833333333 0.032407407407407
52 0.5578125 0.18472222222222 0.016666666666667 0.023148148148148
52 0.5171875 0.41851851851852 0.017708333333333 0.031481481481481
52 0.88489583333333 0.18055555555556 0.016666666666667 0.024074074074074
52 0.64322916666667 0.34490740740741 0.015625 0.025
52 0.5796875 0.15648148148148 0.020833333333333 0.033333333333333
52 0.10833333333333 0.049074074074074 0.025 0.038888888888889
52 0.21041666666667 0.54351851851852 0.015625 0.027777777777778
52 0.6984375 0.35787037037037 0.015625 0.025
52 0.72005208333333 0.11851851851852 0.019270833333333 0.031481481481481
52 0.89322916666667 0.56435185185185 0.020833333333333 0.030555555555556
52 0.21432291666667 0.65092592592593 0.016145833333333 0.031481481481481
52 0.71197916666667 0.59027777777778 0.016666666666667 0.026851851851852
52 0.011458333333333 0.098148148148148 0.020833333333333 0.033333333333333
52 0.30859375 0.72777777777778 0.0203125 0.033333333333333
52 0.82994791666667 0.86157407407407 0.0171875 0.030555555555556
52 0.8328125 0.34537037037037 0.017708333333333 0.024074074074074
52 0.77916666666667 0.045833333333333 0.022916666666667 0.034259259259259
52 0.58359375 0.59537037037037 0.0171875 0.027777777777778
52 0.68880208333333 0.19907407407407 0.0265625 0.044444444444444
52 0.29635416666667 0.2462962962963 0.017708333333333 0.027777777777778