52 0.13541666666667 0.36203703703704 0.016666666666667 0.025925925925926
52 0.20416666666667 0.55972222222222 0.014583333333333 0.023148148148148
52 0.34713541666667 0.30462962962963 0.011979166666667 0.018518518518519
52 0.9453125 0.11712962962963 0.01875 0.030555555555556
52 0.29817708333333 0.23194444444444 0.011979166666667 0.019444444444444
52 0.76614583333333 0.53101851851852 0.013541666666667 0.023148148148148
52 0.71302083333333 0.58240740740741 0.015625 0.027777777777778
52 0.7375 0.47083333333333 0.016666666666667 0.030555555555556
52 0.1578125 0.24027777777778 0.011458333333333 0.017592592592593
52 0.71380208333333 0.089351851851852 0.015104166666667 0.025
52 0.14791666666667 0.086111111111111 0.016666666666667 0.022222222222222
52 0.20234375 0.26388888888889 0.013020833333333 0.02037037037037
52 0.32604166666667 0.41481481481481 0.011458333333333 0.018518518518519
52 0.2359375 0.41157407407407 0.011458333333333 0.019444444444444
52 0.92317708333333 0.34444444444444 0.0140625 0.022222222222222
52 0.29661458333333 0.34953703703704 0.022395833333333 0.039814814814815
52 0.25390625 0.66944444444444 0.016145833333333 0.027777777777778
52 0.87161458333333 0.175 0.013020833333333 0.02037037037037
52 0.15885416666667 0.070833333333333 0.011458333333333 0.017592592592593
52 0.83489583333333 0.32731481481481 0.015625 0.026851851851852
52 0.70625 0.53194444444444 0.017708333333333 0.032407407407407
52 0.47161458333333 0.28611111111111 0.011979166666667 0.018518518518519
52 0.59166666666667 0.13564814814815 0.03125 0.052777777777778
52 0.35260416666667 0.34490740740741 0.033333333333333 0.056481481481481
52 0.92135416666667 0.062962962962963 0.052083333333333 0.087037037037037
52 0.0796875 0.43425925925926 0.0125 0.02037037037037
52 0.23125 0.56296296296296 0.020833333333333 0.033333333333333
52 0.30364583333333 0.64305555555556 0.015625 0.026851851851852
52 0.92135416666667 0.84259259259259 0.04375 0.075925925925926
52 0.10364583333333 0.975 0.039583333333333 0.05
52 0.42239583333333 0.47777777777778 0.015625 0.02962962962963
52 0.43307291666667 0.50972222222222 0.013020833333333 0.023148148148148
52 0.084635416666667 0.67175925925926 0.0140625 0.023148148148148
52 0.3171875 0.45324074074074 0.016666666666667 0.026851851851852
52 0.25729166666667 0.43981481481481 0.011458333333333 0.018518518518519
52 0.15286458333333 0.36481481481481 0.0140625 0.022222222222222
52 0.40416666666667 0.40416666666667 0.026041666666667 0.04537037037037
52 0.9859375 0.52175925925926 0.011458333333333 0.023148148148148
52 0.28072916666667 0.37361111111111 0.010416666666667 0.015740740740741
52 0.74609375 0.78055555555556 0.022395833333333 0.040740740740741
52 0.90416666666667 0.40555555555556 0.0125 0.02037037037037
52 0.38411458333333 0.57546296296296 0.024479166666667 0.043518518518519
52 0.24270833333333 0.3462962962963 0.016666666666667 0.027777777777778
52 0.24088541666667 0.2712962962963 0.011979166666667 0.018518518518519
52 0.86640625 0.56111111111111 0.031770833333333 0.053703703703704
52 0.083072916666667 0.4837962962963 0.013020833333333 0.021296296296296
52 0.10208333333333 0.4625 0.015625 0.026851851851852
52 0.25703125 0.47453703703704 0.0109375 0.017592592592593
52 0.33958333333333 0.60509259259259 0.020833333333333 0.032407407407407
52 0.43046875 0.61944444444444 0.011979166666667 0.018518518518519
52 0.05078125 0.39490740740741 0.013020833333333 0.021296296296296
52 0.953125 0.19074074074074 0.0125 0.02037037037037
52 0.95364583333333 0.064351851851852 0.010416666666667 0.015740740740741
52 0.54609375 0.13518518518519 0.011979166666667 0.02037037037037
52 0.17057291666667 0.40787037037037 0.013020833333333 0.021296296296296
52 0.98203125 0.94907407407407 0.027604166666667 0.055555555555556
52 0.34010416666667 0.47407407407407 0.014583333333333 0.024074074074074
52 0.14609375 0.54027777777778 0.0140625 0.023148148148148
52 0.65885416666667 0.56435185185185 0.015625 0.026851851851852
52 0.084114583333333 0.30462962962963 0.011979166666667 0.018518518518519
52 0.15833333333333 0.76296296296296 0.029166666666667 0.05
52 0.3234375 0.052777777777778 0.014583333333333 0.022222222222222