52 0.36067708333333 0.29351851851852 0.011979166666667 0.02037037037037
52 0.17578125 0.29027777777778 0.015104166666667 0.023148148148148
52 0.18307291666667 0.062962962962963 0.015104166666667 0.022222222222222
52 0.17916666666667 0.17638888888889 0.015625 0.025
52 0.83645833333333 0.10601851851852 0.0125 0.021296296296296
52 0.55286458333333 0.58564814814815 0.024479166666667 0.043518518518519
52 0.97473958333333 0.13472222222222 0.013020833333333 0.023148148148148
52 0.23567708333333 0.10787037037037 0.0390625 0.073148148148148
52 0.1359375 0.56157407407407 0.015625 0.026851851851852
52 0.13541666666667 0.76342592592593 0.022916666666667 0.039814814814815
52 0.734375 0.44907407407407 0.05 0.094444444444444
52 0.44869791666667 0.41157407407407 0.0328125 0.056481481481481
52 0.0098958333333333 0.34675925925926 0.014583333333333 0.026851851851852
52 0.015364583333333 0.044444444444444 0.0098958333333333 0.016666666666667
52 0.20807291666667 0.78287037037037 0.015104166666667 0.025
52 0.95260416666667 0.29444444444444 0.016666666666667 0.02962962962963
52 0.4328125 0.12777777777778 0.040625 0.066666666666667
52 0.10260416666667 0.066666666666667 0.0125 0.018518518518519
52 0.81458333333333 0.70787037037037 0.016666666666667 0.028703703703704
52 0.14010416666667 0.17731481481481 0.011458333333333 0.017592592592593
52 0.14192708333333 0.81388888888889 0.019270833333333 0.02962962962963
52 0.27473958333333 0.54861111111111 0.016145833333333 0.026851851851852
52 0.85651041666667 0.038425925925926 0.013020833333333 0.019444444444444
52 0.8828125 0.081018518518519 0.010416666666667 0.015740740740741
52 0.0703125 0.53472222222222 0.016666666666667 0.028703703703704
52 0.11328125 0.17546296296296 0.013020833333333 0.019444444444444
52 0.95104166666667 0.18657407407407 0.013541666666667 0.021296296296296
52 0.87109375 0.39398148148148 0.011979166666667 0.019444444444444
52 0.085416666666667 0.0078703703703704 0.014583333333333 0.015740740740741
52 0.0578125 0.41759259259259 0.0125 0.022222222222222
52 0.98645833333333 0.2587962962963 0.010416666666667 0.017592592592593
52 0.24192708333333 0.018981481481481 0.030729166666667 0.037962962962963
52 0.93489583333333 0.44861111111111 0.013541666666667 0.023148148148148
52 0.25546875 0.67685185185185 0.016145833333333 0.025925925925926
52 0.75494791666667 0.82916666666667 0.036979166666667 0.062037037037037
52 0.10416666666667 0.37546296296296 0.017708333333333 0.028703703703704
52 0.052864583333333 0.17731481481481 0.013020833333333 0.021296296296296
52 0.01015625 0.47222222222222 0.0109375 0.02037037037037
52 0.0953125 0.19351851851852 0.0125 0.018518518518519
52 0.95104166666667 0.049074074074074 0.010416666666667 0.014814814814815
52 0.90859375 0.52962962962963 0.0171875 0.02962962962963
52 0.92578125 0.18842592592593 0.019270833333333 0.030555555555556
52 0.075260416666667 0.3287037037037 0.015104166666667 0.024074074074074
52 0.82421875 0.37407407407407 0.0421875 0.074074074074074
52 0.84713541666667 0.086574074074074 0.011979166666667 0.019444444444444