52 0.91302083333333 0.37222222222222 0.009375 0.014814814814815
52 0.73932291666667 0.45601851851852 0.021354166666667 0.037962962962963
52 0.27864583333333 0.36435185185185 0.014583333333333 0.023148148148148
52 0.77864583333333 0.42592592592593 0.013541666666667 0.024074074074074
52 0.91979166666667 0.19768518518519 0.010416666666667 0.017592592592593
52 0.24036458333333 0.72407407407407 0.015104166666667 0.024074074074074
52 0.7703125 0.087962962962963 0.022916666666667 0.040740740740741
52 0.72161458333333 0.016203703703704 0.0203125 0.026851851851852
52 0.24036458333333 0.52083333333333 0.015104166666667 0.025
52 0.48932291666667 0.2875 0.033854166666667 0.058333333333333
52 0.60572916666667 0.57777777777778 0.01875 0.033333333333333
52 0.74583333333333 0.39027777777778 0.019791666666667 0.034259259259259
52 0.35208333333333 0.59305555555556 0.015625 0.025
52 0.959375 0.76111111111111 0.01875 0.035185185185185
52 0.36276041666667 0.66018518518519 0.0171875 0.027777777777778
52 0.32838541666667 0.35416666666667 0.015104166666667 0.026851851851852
52 0.87317708333333 0.099537037037037 0.0171875 0.026851851851852
52 0.99244791666667 0.1287037037037 0.015104166666667 0.048148148148148
52 0.91640625 0.44490740740741 0.030729166666667 0.052777777777778
52 0.77734375 0.15046296296296 0.0171875 0.026851851851852
52 0.96171875 0.022685185185185 0.013020833333333 0.019444444444444
52 0.6671875 0.45833333333333 0.013541666666667 0.022222222222222
52 0.42161458333333 0.34861111111111 0.011979166666667 0.019444444444444
52 0.9046875 0.54074074074074 0.016666666666667 0.027777777777778
52 0.84296875 0.26712962962963 0.016145833333333 0.026851851851852
52 0.28411458333333 0.61157407407407 0.011979166666667 0.019444444444444
52 0.88463541666667 0.37453703703704 0.0140625 0.023148148148148
52 0.69010416666667 0.47546296296296 0.016666666666667 0.028703703703704
52 0.26067708333333 0.97685185185185 0.044270833333333 0.046296296296296
52 0.92864583333333 0.055555555555556 0.014583333333333 0.022222222222222
52 0.78828125 0.3587962962963 0.0171875 0.028703703703704
52 0.92916666666667 0.34768518518519 0.011458333333333 0.017592592592593
52 0.1703125 0.71805555555556 0.01875 0.032407407407407
52 0.62734375 0.64675925925926 0.016145833333333 0.028703703703704