52 0.89583333333333 0.62314814814815 0.023958333333333 0.042592592592593
52 0.34401041666667 0.76574074074074 0.018229166666667 0.02962962962963
52 0.26510416666667 0.61435185185185 0.01875 0.028703703703704
52 0.54505208333333 0.22962962962963 0.0171875 0.02962962962963
52 0.12708333333333 0.54583333333333 0.016666666666667 0.026851851851852
52 0.42421875 0.63564814814815 0.0171875 0.028703703703704
52 0.734375 0.83703703703704 0.017708333333333 0.027777777777778
52 0.37994791666667 0.16944444444444 0.019270833333333 0.031481481481481
52 0.063541666666667 0.35416666666667 0.027083333333333 0.049074074074074
52 0.68307291666667 0.13240740740741 0.021354166666667 0.031481481481481
52 0.34765625 0.62685185185185 0.015104166666667 0.025925925925926
52 0.64505208333333 0.075 0.0265625 0.044444444444444
52 0.20598958333333 0.62777777777778 0.015104166666667 0.027777777777778
52 0.48411458333333 0.39444444444444 0.015104166666667 0.025925925925926
52 0.26067708333333 0.23333333333333 0.0578125 0.10185185185185
52 0.65260416666667 0.49212962962963 0.016666666666667 0.028703703703704
52 0.159375 0.46666666666667 0.016666666666667 0.027777777777778
52 0.72864583333333 0.24212962962963 0.016666666666667 0.028703703703704
52 0.77916666666667 0.20972222222222 0.016666666666667 0.026851851851852
52 0.15052083333333 0.67361111111111 0.017708333333333 0.030555555555556
52 0.36927083333333 0.010648148148148 0.01875 0.021296296296296
52 0.65364583333333 0.14444444444444 0.021875 0.033333333333333
52 0.20052083333333 0.82962962962963 0.022916666666667 0.038888888888889
52 0.69348958333333 0.58888888888889 0.016145833333333 0.027777777777778
52 0.4390625 0.80046296296296 0.016666666666667 0.028703703703704
52 0.9046875 0.32546296296296 0.020833333333333 0.032407407407407
52 0.27291666666667 0.62638888888889 0.016666666666667 0.026851851851852
52 0.91822916666667 0.53888888888889 0.015625 0.025925925925926
52 0.55052083333333 0.26712962962963 0.020833333333333 0.034259259259259
52 0.50338541666667 0.18842592592593 0.021354166666667 0.032407407407407
52 0.0075520833333333 0.049537037037037 0.015104166666667 0.036111111111111
52 0.365625 0.38611111111111 0.017708333333333 0.02962962962963
52 0.49609375 0.46157407407407 0.0234375 0.034259259259259
52 0.34114583333333 0.32453703703704 0.016666666666667 0.026851851851852
52 0.93333333333333 0.55277777777778 0.016666666666667 0.02962962962963
52 0.78958333333333 0.23611111111111 0.01875 0.02962962962963
52 0.41041666666667 0.76805555555556 0.017708333333333 0.026851851851852
52 0.57395833333333 0.30787037037037 0.015625 0.026851851851852
52 0.29609375 0.78888888888889 0.0171875 0.02962962962963
52 0.62109375 0.43101851851852 0.015104166666667 0.026851851851852
52 0.43020833333333 0.33703703703704 0.017708333333333 0.031481481481481
52 0.54010416666667 0.27268518518519 0.016666666666667 0.026851851851852
52 0.56197916666667 0.45694444444444 0.015625 0.026851851851852
52 0.75390625 0.17962962962963 0.019270833333333 0.02962962962963
52 0.23307291666667 0.8087962962963 0.016145833333333 0.026851851851852
52 0.34427083333333 0.096759259259259 0.01875 0.028703703703704
52 0.80052083333333 0.41342592592593 0.016666666666667 0.028703703703704
52 0.72864583333333 0.60092592592593 0.052083333333333 0.092592592592593
52 0.23854166666667 0.33564814814815 0.021875 0.037962962962963
52 0.64479166666667 0.58888888888889 0.01875 0.031481481481481
52 0.11484375 0.47546296296296 0.036979166666667 0.067592592592593
52 0.26380208333333 0.33425925925926 0.021354166666667 0.035185185185185
52 0.25416666666667 0.1662037037037 0.01875 0.028703703703704
52 0.93671875 0.17592592592593 0.016145833333333 0.025925925925926
52 0.91770833333333 0.6625 0.019791666666667 0.032407407407407
52 0.84921875 0.21435185185185 0.018229166666667 0.028703703703704
52 0.13515625 0.96296296296296 0.0296875 0.05
52 0.84114583333333 0.80972222222222 0.016666666666667 0.025
52 0.54192708333333 0.36574074074074 0.016145833333333 0.025925925925926
52 0.04375 0.74490740740741 0.017708333333333 0.030555555555556
52 0.309375 0.64398148148148 0.017708333333333 0.028703703703704
52 0.403125 0.85555555555556 0.017708333333333 0.02962962962963
52 0.011979166666667 0.61018518518519 0.017708333333333 0.031481481481481
52 0.13984375 0.59074074074074 0.0234375 0.035185185185185
52 0.31223958333333 0.28564814814815 0.021354166666667 0.036111111111111
52 0.58489583333333 0.64907407407407 0.017708333333333 0.031481481481481
52 0.29192708333333 0.23796296296296 0.0171875 0.027777777777778
52 0.38802083333333 0.10694444444444 0.016666666666667 0.026851851851852
52 0.91875 0.48518518518519 0.017708333333333 0.031481481481481
52 0.039583333333333 0.42916666666667 0.022916666666667 0.039814814814815
52 0.125 0.43194444444444 0.021875 0.036111111111111
52 0.20078125 0.42361111111111 0.016145833333333 0.026851851851852
52 0.06171875 0.54861111111111 0.016145833333333 0.026851851851852
52 0.07734375 0.061574074074074 0.0265625 0.041666666666667
52 0.11276041666667 0.1912037037037 0.0203125 0.032407407407407
52 0.81119791666667 0.33564814814815 0.016145833333333 0.026851851851852
52 0.43541666666667 0.52592592592593 0.015625 0.025925925925926
52 0.18854166666667 0.95046296296296 0.017708333333333 0.026851851851852
52 0.52734375 0.45324074074074 0.018229166666667 0.023148148148148
52 0.5546875 0.099537037037037 0.05 0.084259259259259
52 0.71432291666667 0.48472222222222 0.018229166666667 0.030555555555556
52 0.546875 0.19490740740741 0.023958333333333 0.039814814814815
52 0.98776041666667 0.47777777777778 0.0203125 0.040740740740741
52 0.22526041666667 0.7537037037037 0.019270833333333 0.031481481481481
52 0.49765625 0.65462962962963 0.015104166666667 0.027777777777778
52 0.10677083333333 0.64768518518519 0.019791666666667 0.034259259259259
52 0.78385416666667 0.28287037037037 0.016666666666667 0.026851851851852
52 0.84739583333333 0.19814814814815 0.017708333333333 0.033333333333333
52 0.86067708333333 0.16898148148148 0.018229166666667 0.026851851851852
52 0.9515625 0.42685185185185 0.015625 0.025925925925926
52 0.48151041666667 0.94953703703704 0.0234375 0.037962962962963
52 0.11953125 0.51203703703704 0.0203125 0.033333333333333
52 0.36276041666667 0.52268518518519 0.016145833333333 0.025
52 0.34427083333333 0.052777777777778 0.026041666666667 0.05
52 0.16666666666667 0.1375 0.017708333333333 0.026851851851852
52 0.6140625 0.05462962962963 0.01875 0.02962962962963
52 0.703125 0.26064814814815 0.016666666666667 0.025
52 0.53697916666667 0.033333333333333 0.017708333333333 0.027777777777778
52 0.16354166666667 0.91805555555556 0.015625 0.026851851851852
52 0.20859375 0.16898148148148 0.0234375 0.039814814814815
52 0.94869791666667 0.60555555555556 0.021354166666667 0.035185185185185
52 0.14270833333333 0.025925925925926 0.021875 0.035185185185185
52 0.97734375 0.49675925925926 0.025520833333333 0.049074074074074
52 0.52135416666667 0.60555555555556 0.017708333333333 0.027777777777778
52 0.63203125 0.51990740740741 0.016145833333333 0.026851851851852
52 0.64453125 0.57314814814815 0.016145833333333 0.027777777777778
52 0.48255208333333 0.46481481481481 0.016145833333333 0.027777777777778
52 0.93203125 0.57175925925926 0.018229166666667 0.030555555555556
52 0.59166666666667 0.29212962962963 0.020833333333333 0.034259259259259
52 0.15052083333333 0.51712962962963 0.015625 0.025
52 0.42760416666667 0.59166666666667 0.017708333333333 0.025925925925926
52 0.91796875 0.14537037037037 0.0171875 0.027777777777778
52 0.22708333333333 0.70555555555556 0.020833333333333 0.037037037037037
52 0.140625 0.072222222222222 0.033333333333333 0.057407407407407
52 0.34765625 0.24675925925926 0.0171875 0.028703703703704
52 0.91276041666667 0.44814814814815 0.015104166666667 0.025925925925926
52 0.44609375 0.70185185185185 0.019270833333333 0.02962962962963
52 0.42005208333333 0.22777777777778 0.0171875 0.024074074074074
52 0.31171875 0.50833333333333 0.0203125 0.037037037037037
52 0.53229166666667 0.5625 0.016666666666667 0.026851851851852
52 0.37604166666667 0.44907407407407 0.039583333333333 0.07037037037037
52 0.88307291666667 0.76157407407407 0.018229166666667 0.028703703703704
52 0.69895833333333 0.15277777777778 0.016666666666667 0.027777777777778
52 0.73229166666667 0.2787037037037 0.015625 0.027777777777778
52 0.496875 0.34722222222222 0.01875 0.02962962962963
52 0.27734375 0.33888888888889 0.0171875 0.027777777777778
52 0.50651041666667 0.5375 0.016145833333333 0.025