52 0.54713541666667 0.72592592592593 0.018229166666667 0.02962962962963
52 0.15364583333333 0.62685185185185 0.017708333333333 0.027777777777778
52 0.53958333333333 0.92777777777778 0.017708333333333 0.02962962962963
52 0.7171875 0.87731481481481 0.034375 0.060185185185185
52 0.42135416666667 0.21666666666667 0.0125 0.02037037037037
52 0.43411458333333 0.50185185185185 0.0109375 0.018518518518519
52 0.67994791666667 0.32453703703704 0.028645833333333 0.047222222222222
52 0.66380208333333 0.5587962962963 0.043229166666667 0.080555555555556
52 0.46458333333333 0.44953703703704 0.010416666666667 0.017592592592593
52 0.28932291666667 0.6412037037037 0.016145833333333 0.026851851851852
52 0.4890625 0.26574074074074 0.011458333333333 0.018518518518519
52 0.08125 0.2912037037037 0.052083333333333 0.086111111111111
52 0.71380208333333 0.95694444444444 0.015104166666667 0.023148148148148
52 0.2921875 0.099537037037037 0.011458333333333 0.015740740740741
52 0.55546875 0.99166666666667 0.016145833333333 0.016666666666667
52 0.61614583333333 0.38055555555556 0.013541666666667 0.022222222222222
52 0.14270833333333 0.18518518518519 0.055208333333333 0.092592592592593
52 0.61979166666667 0.093055555555556 0.010416666666667 0.015740740740741
52 0.528125 0.39814814814815 0.010416666666667 0.016666666666667
52 0.30364583333333 0.067592592592593 0.011458333333333 0.016666666666667
52 0.34635416666667 0.125 0.010416666666667 0.014814814814815
52 0.096614583333333 0.79583333333333 0.0203125 0.032407407407407
52 0.61588541666667 0.51759259259259 0.011979166666667 0.02037037037037
52 0.46302083333333 0.64907407407407 0.0125 0.02037037037037
52 0.19479166666667 0.34166666666667 0.014583333333333 0.024074074074074
52 0.10338541666667 0.33935185185185 0.027604166666667 0.04537037037037
52 0.33515625 0.80555555555556 0.019270833333333 0.02962962962963
52 0.28802083333333 0.5287037037037 0.013541666666667 0.022222222222222
52 0.22552083333333 0.93518518518519 0.016666666666667 0.025925925925926
52 0.4609375 0.71944444444444 0.014583333333333 0.022222222222222
52 0.5125 0.66527777777778 0.011458333333333 0.017592592592593
52 0.060677083333333 0.75648148148148 0.025520833333333 0.044444444444444
52 0.68463541666667 0.12268518518519 0.0140625 0.021296296296296
52 0.45807291666667 0.16157407407407 0.0098958333333333 0.015740740740741
52 0.18776041666667 0.45231481481481 0.0140625 0.023148148148148
52 0.384375 0.36851851851852 0.0125 0.02037037037037
52 0.62161458333333 0.22962962962963 0.011979166666667 0.018518518518519
52 0.36953125 0.36203703703704 0.011979166666667 0.018518518518519
52 0.47786458333333 0.5875 0.030729166666667 0.052777777777778
52 0.67265625 0.94166666666667 0.015104166666667 0.022222222222222
52 0.16510416666667 0.57083333333333 0.023958333333333 0.041666666666667
52 0.31927083333333 0.16666666666667 0.011458333333333 0.016666666666667
52 0.42994791666667 0.86712962962963 0.0203125 0.032407407407407
52 0.50546875 0.082407407407407 0.013020833333333 0.018518518518519
52 0.44817708333333 0.67777777777778 0.0098958333333333 0.016666666666667
52 0.37682291666667 0.082407407407407 0.011979166666667 0.016666666666667
52 0.17916666666667 0.53657407407407 0.015625 0.025
52 0.73619791666667 0.17777777777778 0.0098958333333333 0.014814814814815
52 0.68489583333333 0.95185185185185 0.017708333333333 0.027777777777778
52 0.20833333333333 0.8412037037037 0.013541666666667 0.021296296296296
52 0.4703125 0.74583333333333 0.020833333333333 0.036111111111111
52 0.59635416666667 0.10648148148148 0.011458333333333 0.016666666666667
52 0.17526041666667 0.24861111111111 0.0109375 0.017592592592593
52 0.56328125 0.55601851851852 0.0140625 0.023148148148148
52 0.61588541666667 0.6 0.0140625 0.024074074074074
52 0.44140625 0.57546296296296 0.013020833333333 0.021296296296296
52 0.53619791666667 0.88194444444444 0.0140625 0.023148148148148
52 0.59401041666667 0.93657407407407 0.011979166666667 0.017592592592593
52 0.603125 0.21342592592593 0.011458333333333 0.015740740740741
52 0.43880208333333 0.75555555555556 0.0140625 0.022222222222222
52 0.63203125 0.61759259259259 0.0140625 0.022222222222222
52 0.4234375 0.13009259259259 0.010416666666667 0.015740740740741
52 0.20885416666667 0.69074074074074 0.013541666666667 0.022222222222222
52 0.55182291666667 0.24444444444444 0.0140625 0.022222222222222
52 0.3140625 0.76435185185185 0.013541666666667 0.021296296296296
52 0.43229166666667 0.44583333333333 0.0375 0.069444444444444
52 0.69817708333333 0.27731481481481 0.013020833333333 0.021296296296296
52 0.24401041666667 0.65787037037037 0.015104166666667 0.025
52 0.65546875 0.12083333333333 0.011979166666667 0.017592592592593
52 0.25703125 0.18564814814815 0.024479166666667 0.039814814814815
52 0.75963541666667 0.96805555555556 0.0203125 0.034259259259259
52 0.3859375 0.059722222222222 0.009375 0.013888888888889
52 0.73307291666667 0.48657407407407 0.011979166666667 0.021296296296296
52 0.50807291666667 0.86481481481481 0.013020833333333 0.02037037037037
52 0.33307291666667 0.64675925925926 0.015104166666667 0.025
52 0.60442708333333 0.68194444444444 0.013020833333333 0.021296296296296
52 0.033333333333333 0.34814814814815 0.039583333333333 0.068518518518519
52 0.28619791666667 0.25416666666667 0.013020833333333 0.021296296296296
52 0.54166666666667 0.62361111111111 0.013541666666667 0.021296296296296
52 0.48515625 0.87037037037037 0.016145833333333 0.024074074074074
52 0.50572916666667 0.38333333333333 0.011458333333333 0.018518518518519
52 0.640625 0.42037037037037 0.0125 0.02037037037037
52 0.48489583333333 0.80555555555556 0.0125 0.02037037037037
52 0.6875 0.1162037037037 0.011458333333333 0.017592592592593
52 0.38515625 0.4212962962963 0.0109375 0.018518518518519
52 0.69713541666667 0.3375 0.013020833333333 0.021296296296296
52 0.027083333333333 0.80092592592593 0.014583333333333 0.024074074074074
52 0.48567708333333 0.67546296296296 0.013020833333333 0.021296296296296
52 0.2875 0.20694444444444 0.0125 0.019444444444444
52 0.50208333333333 0.91203703703704 0.013541666666667 0.02037037037037
52 0.52005208333333 0.56342592592593 0.016145833333333 0.026851851851852
52 0.52942708333333 0.34398148148148 0.013020833333333 0.021296296296296
52 0.2765625 0.018518518518519 0.011458333333333 0.016666666666667
52 0.45807291666667 0.84305555555556 0.011979166666667 0.019444444444444
52 0.1515625 0.42731481481481 0.019791666666667 0.030555555555556
52 0.53697916666667 0.42777777777778 0.010416666666667 0.016666666666667
52 0.065885416666667 0.40324074074074 0.0140625 0.021296296296296
52 0.2828125 0.35092592592593 0.013541666666667 0.022222222222222
52 0.18307291666667 0.09537037037037 0.0098958333333333 0.014814814814815
52 0.32786458333333 0.80787037037037 0.018229166666667 0.026851851851852
52 0.69479166666667 0.8037037037037 0.013541666666667 0.02037037037037
52 0.62708333333333 0.88796296296296 0.044791666666667 0.074074074074074
52 0.35390625 0.56805555555556 0.013020833333333 0.021296296296296
52 0.3765625 0.41805555555556 0.0125 0.019444444444444
52 0.0080729166666667 0.34490740740741 0.016145833333333 0.043518518518519
52 0.26302083333333 0.75231481481481 0.020833333333333 0.036111111111111
52 0.35442708333333 0.53611111111111 0.011979166666667 0.02037037037037
52 0.68802083333333 0.3712962962963 0.0125 0.02037037037037
52 0.3203125 0.36944444444444 0.0125 0.02037037037037
52 0.40026041666667 0.30972222222222 0.011979166666667 0.019444444444444
52 0.334375 0.69259259259259 0.026041666666667 0.042592592592593
52 0.090364583333333 0.99027777777778 0.016145833333333 0.019444444444444
52 0.50989583333333 0.76064814814815 0.022916666666667 0.037962962962963
52 0.58125 0.13333333333333 0.011458333333333 0.016666666666667
52 0.26510416666667 0.47222222222222 0.015625 0.025925925925926
52 0.359375 0.28564814814815 0.010416666666667 0.017592592592593
52 0.54505208333333 0.38240740740741 0.011979166666667 0.018518518518519
52 0.47630208333333 0.77222222222222 0.013020833333333 0.02037037037037
52 0.50364583333333 0.19537037037037 0.014583333333333 0.022222222222222