52 0.28307291666667 0.65324074074074 0.0203125 0.034259259259259
52 0.071614583333333 0.57638888888889 0.018229166666667 0.030555555555556
52 0.50338541666667 0.29212962962963 0.021354166666667 0.039814814814815
52 0.45286458333333 0.60972222222222 0.0171875 0.028703703703704
52 0.8640625 0.19259259259259 0.017708333333333 0.027777777777778
52 0.12890625 0.51296296296296 0.016145833333333 0.027777777777778
52 0.01171875 0.1087962962963 0.0234375 0.05462962962963
52 0.1015625 0.39259259259259 0.022916666666667 0.038888888888889
52 0.80390625 0.47268518518519 0.044270833333333 0.078703703703704
52 0.27109375 0.7837962962963 0.018229166666667 0.028703703703704
52 0.42630208333333 0.04537037037037 0.018229166666667 0.02962962962963
52 0.309375 0.91759259259259 0.020833333333333 0.037037037037037
52 0.56536458333333 0.41157407407407 0.0203125 0.032407407407407
52 0.53958333333333 0.61666666666667 0.016666666666667 0.027777777777778
52 0.98776041666667 0.54675925925926 0.024479166666667 0.04537037037037
52 0.27083333333333 0.70694444444444 0.017708333333333 0.028703703703704
52 0.63645833333333 0.21388888888889 0.019791666666667 0.02962962962963
52 0.49739583333333 0.43703703703704 0.032291666666667 0.055555555555556
52 0.71171875 0.29722222222222 0.0171875 0.027777777777778
52 0.11223958333333 0.015277777777778 0.021354166666667 0.030555555555556
52 0.83541666666667 0.5462962962963 0.017708333333333 0.02962962962963
52 0.17630208333333 0.013888888888889 0.0234375 0.027777777777778
52 0.28932291666667 0.13703703703704 0.018229166666667 0.027777777777778
52 0.24765625 0.42546296296296 0.044270833333333 0.073148148148148
52 0.45911458333333 0.75092592592593 0.018229166666667 0.02962962962963
52 0.3453125 0.26990740740741 0.020833333333333 0.032407407407407
52 0.19140625 0.51805555555556 0.0171875 0.028703703703704
52 0.68177083333333 0.4125 0.016666666666667 0.026851851851852
52 0.32734375 0.58564814814815 0.022395833333333 0.036111111111111
52 0.61484375 0.6087962962963 0.0171875 0.028703703703704
52 0.041927083333333 0.51064814814815 0.033854166666667 0.058333333333333
52 0.82526041666667 0.2587962962963 0.0171875 0.028703703703704
52 0.088541666666667 0.72037037037037 0.021875 0.038888888888889
52 0.15260416666667 0.29814814814815 0.027083333333333 0.048148148148148
52 0.72682291666667 0.375 0.018229166666667 0.031481481481481
52 0.34609375 0.13888888888889 0.021354166666667 0.033333333333333
52 0.38125 0.93055555555556 0.038541666666667 0.07037037037037
52 0.32239583333333 0.28981481481481 0.021875 0.037037037037037
52 0.84375 0.10648148148148 0.020833333333333 0.031481481481481
52 0.66223958333333 0.031018518518519 0.047395833333333 0.062037037037037
52 0.31901041666667 0.77083333333333 0.018229166666667 0.030555555555556
52 0.74166666666667 0.72731481481481 0.017708333333333 0.030555555555556
52 0.48567708333333 0.50648148148148 0.016145833333333 0.027777777777778
52 0.77630208333333 0.24305555555556 0.0171875 0.030555555555556
52 0.74713541666667 0.81111111111111 0.0171875 0.02962962962963
52 0.26041666666667 0.98055555555556 0.025 0.038888888888889
52 0.98020833333333 0.58703703703704 0.029166666666667 0.05
52 0.84869791666667 0.52453703703704 0.016145833333333 0.028703703703704
52 0.16614583333333 0.60462962962963 0.020833333333333 0.035185185185185
52 0.3984375 0.086111111111111 0.064583333333333 0.11296296296296
52 0.74947916666667 0.082407407407407 0.020833333333333 0.035185185185185
52 0.41822916666667 0.90416666666667 0.023958333333333 0.041666666666667
52 0.37317708333333 0.18657407407407 0.021354166666667 0.034259259259259
52 0.46927083333333 0.56064814814815 0.016666666666667 0.028703703703704
52 0.94244791666667 0.55972222222222 0.018229166666667 0.032407407407407
52 0.44088541666667 0.85138888888889 0.018229166666667 0.032407407407407
52 0.23958333333333 0.78657407407407 0.021875 0.037962962962963
52 0.38098958333333 0.44537037037037 0.018229166666667 0.031481481481481
52 0.058072916666667 0.2587962962963 0.022395833333333 0.039814814814815
52 0.96197916666667 0.21064814814815 0.016666666666667 0.026851851851852
52 0.40755208333333 0.23055555555556 0.018229166666667 0.02962962962963
52 0.70182291666667 0.46111111111111 0.018229166666667 0.031481481481481
52 0.60234375 0.50046296296296 0.018229166666667 0.026851851851852
52 0.68151041666667 0.25138888888889 0.022395833333333 0.036111111111111
52 0.81432291666667 0.18194444444444 0.021354166666667 0.036111111111111
52 0.14140625 0.68240740740741 0.044270833333333 0.07962962962963
52 0.32864583333333 0.85462962962963 0.01875 0.031481481481481
52 0.19635416666667 0.38287037037037 0.021875 0.037962962962963
52 0.45286458333333 0.33240740740741 0.018229166666667 0.033333333333333
52 0.47239583333333 0.55185185185185 0.017708333333333 0.031481481481481
52 0.42083333333333 0.58472222222222 0.016666666666667 0.028703703703704
52 0.18151041666667 0.56898148148148 0.018229166666667 0.030555555555556
52 0.071875 0.34861111111111 0.028125 0.050925925925926
52 0.58046875 0.18796296296296 0.0171875 0.027777777777778
52 0.39583333333333 0.76388888888889 0.01875 0.02962962962963
52 0.46692708333333 0.05462962962963 0.018229166666667 0.027777777777778
52 0.62552083333333 0.16435185185185 0.022916666666667 0.041666666666667
52 0.27265625 0.64537037037037 0.0171875 0.033333333333333
52 0.21510416666667 0.13287037037037 0.019791666666667 0.030555555555556
52 0.1671875 0.91018518518519 0.03125 0.051851851851852
52 0.24609375 0.086574074074074 0.019270833333333 0.028703703703704
52 0.40755208333333 0.27546296296296 0.0171875 0.026851851851852
52 0.78177083333333 0.097222222222222 0.026041666666667 0.042592592592593
52 0.62552083333333 0.77592592592593 0.025 0.042592592592593
52 0.27682291666667 0.061574074074074 0.038020833333333 0.065740740740741
52 0.72994791666667 0.77685185185185 0.016145833333333 0.027777777777778
52 0.30651041666667 0.10277777777778 0.021354166666667 0.033333333333333
52 0.58645833333333 0.12777777777778 0.01875 0.031481481481481
52 0.45286458333333 0.12731481481481 0.018229166666667 0.030555555555556