52 0.559375 0.92731481481481 0.017708333333333 0.026851851851852
52 0.21171875 0.90833333333333 0.019270833333333 0.02962962962963
52 0.17057291666667 0.98240740740741 0.021354166666667 0.031481481481481
52 0.10807291666667 0.12962962962963 0.0296875 0.046296296296296
52 0.32057291666667 0.92962962962963 0.021354166666667 0.033333333333333
52 0.84791666666667 0.76851851851852 0.01875 0.02962962962963
52 0.019791666666667 0.16481481481481 0.025 0.042592592592593
52 0.97447916666667 0.94305555555556 0.015625 0.025
52 0.940625 0.50833333333333 0.016666666666667 0.025925925925926
52 0.52135416666667 0.98888888888889 0.01875 0.022222222222222
52 0.8234375 0.95 0.016666666666667 0.02037037037037
52 0.4859375 0.975 0.016666666666667 0.024074074074074
52 0.86848958333333 0.75462962962963 0.018229166666667 0.02962962962963
52 0.48046875 0.62037037037037 0.0171875 0.025925925925926
52 0.52447916666667 0.052314814814815 0.020833333333333 0.032407407407407
52 0.56119791666667 0.47592592592593 0.0203125 0.035185185185185
52 0.89739583333333 0.062037037037037 0.01875 0.02962962962963
52 0.87864583333333 0.71527777777778 0.016666666666667 0.026851851851852
52 0.59036458333333 0.1337962962963 0.047395833333333 0.084259259259259
52 0.86510416666667 0.98194444444444 0.019791666666667 0.026851851851852
52 0.031510416666667 0.9375 0.0234375 0.036111111111111
52 0.34244791666667 0.97638888888889 0.0234375 0.036111111111111
52 0.95859375 0.8 0.016145833333333 0.024074074074074
52 0.69348958333333 0.75509259259259 0.016145833333333 0.023148148148148
52 0.85286458333333 0.028703703703704 0.021354166666667 0.031481481481481
52 0.73958333333333 0.65416666666667 0.019791666666667 0.032407407407407
52 0.88958333333333 0.87175925925926 0.015625 0.023148148148148
52 0.10729166666667 0.87546296296296 0.022916666666667 0.037962962962963
52 0.56354166666667 0.55694444444444 0.015625 0.025
52 0.97083333333333 0.2625 0.017708333333333 0.028703703703704
52 0.73385416666667 0.24722222222222 0.020833333333333 0.033333333333333
52 0.4375 0.3912037037037 0.019791666666667 0.030555555555556
52 0.53385416666667 0.73009259259259 0.016666666666667 0.026851851851852
52 0.9703125 0.56388888888889 0.014583333333333 0.024074074074074
52 0.49114583333333 0.73842592592593 0.022916666666667 0.036111111111111
52 0.675 0.78148148148148 0.016666666666667 0.024074074074074
52 0.5328125 0.16574074074074 0.10208333333333 0.18518518518519
52 0.82447916666667 0.78101851851852 0.038541666666667 0.065740740740741
52 0.96822916666667 0.080555555555556 0.015625 0.022222222222222
52 0.99270833333333 0.5787037037037 0.014583333333333 0.025925925925926
52 0.971875 0.66898148148148 0.014583333333333 0.025
52 0.64895833333333 0.79814814814815 0.016666666666667 0.025925925925926
52 0.74765625 0.42731481481481 0.021354166666667 0.034259259259259
52 0.95286458333333 0.72962962962963 0.016145833333333 0.025925925925926
52 0.43359375 0.43935185185185 0.0203125 0.032407407407407
52 0.9109375 0.7337962962963 0.017708333333333 0.026851851851852
52 0.93567708333333 0.79305555555556 0.015104166666667 0.023148148148148
52 0.0296875 0.5587962962963 0.027083333333333 0.043518518518519
52 0.83802083333333 0.44768518518519 0.030208333333333 0.050925925925926
52 0.97395833333333 0.83657407407407 0.021875 0.032407407407407
52 0.65911458333333 0.9037037037037 0.0140625 0.02037037037037
52 0.1578125 0.14490740740741 0.033333333333333 0.05462962962963
52 0.82395833333333 0.50787037037037 0.036458333333333 0.062037037037037
52 0.48854166666667 0.83611111111111 0.016666666666667 0.025925925925926
52 0.74947916666667 0.71111111111111 0.014583333333333 0.022222222222222
52 0.58125 0.82685185185185 0.019791666666667 0.031481481481481
52 0.3453125 0.7462962962963 0.020833333333333 0.033333333333333
52 0.12395833333333 0.75277777777778 0.019791666666667 0.031481481481481
52 0.35208333333333 0.86157407407407 0.019791666666667 0.030555555555556
52 0.7671875 0.055555555555556 0.01875 0.027777777777778
52 0.84140625 0.56712962962963 0.0171875 0.026851851851852
52 0.64427083333333 0.54305555555556 0.01875 0.030555555555556
52 0.315625 0.040277777777778 0.085416666666667 0.080555555555556
52 0.859375 0.11157407407407 0.017708333333333 0.026851851851852
52 0.25963541666667 0.95138888888889 0.0203125 0.032407407407407
52 0.15390625 0.53657407407407 0.033854166666667 0.058333333333333
52 0.77421875 0.86759259259259 0.0140625 0.02037037037037
52 0.91484375 0.81157407407407 0.0203125 0.032407407407407
52 0.96588541666667 0.53657407407407 0.016145833333333 0.025
52 0.13697916666667 0.21898148148148 0.021875 0.034259259259259
52 0.7125 0.86018518518519 0.016666666666667 0.024074074074074
52 0.015885416666667 0.88981481481481 0.021354166666667 0.037037037037037
52 0.10677083333333 0.36944444444444 0.035416666666667 0.057407407407407
52 0.75286458333333 0.88194444444444 0.016145833333333 0.023148148148148
52 0.9015625 0.73333333333333 0.01875 0.027777777777778
52 0.99296875 0.64583333333333 0.0140625 0.036111111111111
52 0.99010416666667 0.45416666666667 0.015625 0.028703703703704