52 0.83020833333333 0.72407407407407 0.014583333333333 0.022222222222222
52 0.89192708333333 0.23981481481481 0.013020833333333 0.022222222222222
52 0.70078125 0.37592592592593 0.013020833333333 0.022222222222222
52 0.034895833333333 0.25092592592593 0.021875 0.037037037037037
52 0.91380208333333 0.77314814814815 0.016145833333333 0.027777777777778
52 0.62161458333333 0.9662037037037 0.0171875 0.026851851851852
52 0.91901041666667 0.80648148148148 0.0203125 0.02962962962963
52 0.18489583333333 0.62037037037037 0.016666666666667 0.027777777777778
52 0.596875 0.55231481481481 0.014583333333333 0.026851851851852
52 0.84140625 0.83425925925926 0.036979166666667 0.062962962962963
52 0.065364583333333 0.76898148148148 0.015104166666667 0.023148148148148
52 0.95390625 0.31944444444444 0.0203125 0.033333333333333
52 0.56953125 0.7125 0.015104166666667 0.025
52 0.67786458333333 0.15138888888889 0.0140625 0.021296296296296
52 0.63932291666667 0.87916666666667 0.036979166666667 0.062037037037037
52 0.1796875 0.51666666666667 0.016666666666667 0.027777777777778
52 0.76145833333333 0.34814814814815 0.013541666666667 0.024074074074074
52 0.90989583333333 0.38194444444444 0.013541666666667 0.021296296296296
52 0.44817708333333 0.20694444444444 0.0234375 0.039814814814815
52 0.14010416666667 0.68425925925926 0.013541666666667 0.022222222222222
52 0.84036458333333 0.47731481481481 0.016145833333333 0.026851851851852
52 0.7265625 0.3837962962963 0.025 0.04537037037037
52 0.67083333333333 0.42222222222222 0.013541666666667 0.024074074074074
52 0.26302083333333 0.25046296296296 0.014583333333333 0.023148148148148
52 0.0088541666666667 0.83009259259259 0.017708333333333 0.052777777777778
52 0.014583333333333 0.98935185185185 0.016666666666667 0.021296296296296
52 0.65520833333333 0.47175925925926 0.017708333333333 0.028703703703704
52 0.83619791666667 0.39027777777778 0.015104166666667 0.021296296296296
52 0.57083333333333 0.4537037037037 0.013541666666667 0.022222222222222
52 0.6546875 0.68842592592593 0.017708333333333 0.028703703703704
52 0.81171875 0.79212962962963 0.0203125 0.032407407407407
52 0.5328125 0.96435185185185 0.022916666666667 0.043518518518519
52 0.51901041666667 0.075925925925926 0.0203125 0.035185185185185
52 0.70442708333333 0.15509259259259 0.015104166666667 0.023148148148148
52 0.47291666666667 0.5212962962963 0.013541666666667 0.022222222222222
52 0.41380208333333 0.66435185185185 0.015104166666667 0.019444444444444
52 0.38697916666667 0.25231481481481 0.014583333333333 0.023148148148148
52 0.90963541666667 0.50046296296296 0.015104166666667 0.025
52 0.16067708333333 0.72638888888889 0.015104166666667 0.025
52 0.41380208333333 0.50092592592593 0.021354166666667 0.037037037037037
52 0.60416666666667 0.40601851851852 0.013541666666667 0.023148148148148
52 0.0075520833333333 0.93333333333333 0.0140625 0.024074074074074
52 0.011197916666667 0.70555555555556 0.013020833333333 0.024074074074074
52 0.23307291666667 0.28611111111111 0.0140625 0.022222222222222
52 0.57265625 0.82638888888889 0.016145833333333 0.025
52 0.57135416666667 0.34953703703704 0.013541666666667 0.023148148148148
52 0.80234375 0.38148148148148 0.0171875 0.02962962962963
52 0.42552083333333 0.81666666666667 0.015625 0.024074074074074
52 0.6140625 0.11527777777778 0.013541666666667 0.021296296296296
52 0.9640625 0.65185185185185 0.014583333333333 0.024074074074074
52 0.97447916666667 0.62037037037037 0.015625 0.027777777777778
52 0.921875 0.65833333333333 0.017708333333333 0.02962962962963
52 0.12786458333333 0.7712962962963 0.015104166666667 0.022222222222222
52 0.013541666666667 0.4537037037037 0.016666666666667 0.02962962962963
52 0.75286458333333 0.48333333333333 0.016145833333333 0.025925925925926
52 0.55677083333333 0.41574074074074 0.0125 0.024074074074074
52 0.058072916666667 0.85046296296296 0.021354166666667 0.034259259259259
52 0.18098958333333 0.42407407407407 0.015104166666667 0.024074074074074
52 0.44557291666667 0.78472222222222 0.0234375 0.039814814814815
52 0.85 0.35925925925926 0.023958333333333 0.042592592592593
52 0.46197916666667 0.62546296296296 0.015625 0.026851851851852
52 0.46484375 0.58518518518519 0.0140625 0.024074074074074
52 0.52526041666667 0.61203703703704 0.018229166666667 0.02962962962963
52 0.76145833333333 0.65277777777778 0.014583333333333 0.024074074074074
52 0.077864583333333 0.53796296296296 0.0171875 0.027777777777778
52 0.76770833333333 0.57037037037037 0.027083333333333 0.048148148148148
52 0.70963541666667 0.081944444444444 0.0140625 0.023148148148148
52 0.85755208333333 0.44259259259259 0.0140625 0.024074074074074
52 0.78671875 0.34907407407407 0.015104166666667 0.024074074074074
52 0.37604166666667 0.96388888888889 0.057291666666667 0.072222222222222
52 0.88463541666667 0.43796296296296 0.011979166666667 0.02037037037037
52 0.62473958333333 0.66018518518519 0.015104166666667 0.024074074074074
52 0.52682291666667 0.55277777777778 0.013020833333333 0.022222222222222
52 0.52291666666667 0.051388888888889 0.017708333333333 0.026851851851852
52 0.29817708333333 0.62777777777778 0.0140625 0.022222222222222
52 0.81302083333333 0.4912037037037 0.014583333333333 0.026851851851852
52 0.32552083333333 0.73981481481481 0.042708333333333 0.072222222222222
52 0.284375 0.59814814814815 0.013541666666667 0.022222222222222
52 0.8609375 0.64722222222222 0.030208333333333 0.055555555555556
52 0.047916666666667 0.80092592592593 0.014583333333333 0.022222222222222
52 0.34270833333333 0.63101851851852 0.025 0.041666666666667
52 0.471875 0.32037037037037 0.01875 0.02962962962963
52 0.32552083333333 0.49166666666667 0.016666666666667 0.02962962962963
52 0.93333333333333 0.8162037037037 0.016666666666667 0.026851851851852
52 0.24166666666667 0.63518518518519 0.014583333333333 0.022222222222222
52 0.52552083333333 0.58703703703704 0.0125 0.024074074074074
52 0.74713541666667 0.825 0.0140625 0.022222222222222
52 0.4234375 0.85925925925926 0.014583333333333 0.022222222222222
52 0.22578125 0.61759259259259 0.0265625 0.046296296296296
52 0.40390625 0.93935185185185 0.024479166666667 0.041666666666667
52 0.15833333333333 0.70509259259259 0.013541666666667 0.023148148148148
52 0.79765625 0.56203703703704 0.0140625 0.022222222222222
52 0.4578125 0.091666666666667 0.01875 0.02962962962963
52 0.80078125 0.625 0.040104166666667 0.072222222222222
52 0.48255208333333 0.11666666666667 0.024479166666667 0.040740740740741
52 0.2578125 0.33703703703704 0.014583333333333 0.022222222222222
52 0.93932291666667 0.35694444444444 0.0140625 0.025
52 0.2640625 0.64212962962963 0.013541666666667 0.023148148148148
52 0.093229166666667 0.027314814814815 0.039583333333333 0.05462962962963
52 0.51953125 0.51481481481481 0.0140625 0.022222222222222
52 0.25963541666667 0.32916666666667 0.016145833333333 0.026851851851852
52 0.64635416666667 0.25787037037037 0.023958333333333 0.043518518518519
52 0.077864583333333 0.25092592592593 0.018229166666667 0.02962962962963
52 0.76432291666667 0.53796296296296 0.0140625 0.024074074074074
52 0.49453125 0.43657407407407 0.016145833333333 0.026851851851852
52 0.921875 0.54444444444444 0.014583333333333 0.025925925925926
52 0.6 0.24675925925926 0.01875 0.034259259259259
52 0.39921875 0.54814814814815 0.016145833333333 0.027777777777778
52 0.49739583333333 0.4837962962963 0.013541666666667 0.023148148148148
52 0.68723958333333 0.8375 0.018229166666667 0.028703703703704
52 0.78359375 0.86064814814815 0.0203125 0.032407407407407
52 0.47161458333333 0.50277777777778 0.015104166666667 0.024074074074074
52 0.70989583333333 0.31712962962963 0.01875 0.030555555555556
52 0.1390625 0.2662037037037 0.033333333333333 0.056481481481481
52 0.9296875 0.61944444444444 0.0375 0.064814814814815
52 0.043489583333333 0.36759259259259 0.018229166666667 0.02962962962963
52 0.059895833333333 0.89444444444444 0.01875 0.02962962962963
52 0.575 0.56898148148148 0.013541666666667 0.021296296296296
52 0.97161458333333 0.61342592592593 0.015104166666667 0.025
52 0.36328125 0.060648148148148 0.0171875 0.025
52 0.44088541666667 0.28518518518519 0.015104166666667 0.024074074074074
52 0.90859375 0.26388888888889 0.018229166666667 0.031481481481481
52 0.396875 0.35 0.016666666666667 0.027777777777778
52 0.38932291666667 0.091666666666667 0.0203125 0.031481481481481
52 0.04921875 0.92824074074074 0.0171875 0.026851851851852
52 0.33229166666667 0.8537037037037 0.04375 0.075925925925926
52 0.57604166666667 0.49490740740741 0.016666666666667 0.025
52 0.013802083333333 0.89907407407407 0.013020833333333 0.022222222222222
52 0.93932291666667 0.2837962962963 0.0140625 0.025
52 0.25859375 0.11990740740741 0.015104166666667 0.023148148148148
52 0.0078125 0.58518518518519 0.013541666666667 0.024074074074074
52 0.87994791666667 0.31851851851852 0.015104166666667 0.02037037037037
52 0.346875 0.90324074074074 0.01875 0.026851851851852
52 0.60286458333333 0.5837962962963 0.0140625 0.021296296296296
52 0.5875 0.5125 0.01875 0.030555555555556