52 0.6484375 0.6037037037037 0.016666666666667 0.033333333333333
52 0.62734375 0.58935185185185 0.019270833333333 0.030555555555556
52 0.14270833333333 0.46944444444444 0.015625 0.025925925925926
52 0.28307291666667 0.076388888888889 0.0234375 0.037962962962963
52 0.64583333333333 0.90416666666667 0.032291666666667 0.052777777777778
52 0.89296875 0.82268518518519 0.016145833333333 0.025
52 0.10625 0.28055555555556 0.017708333333333 0.027777777777778
52 0.95104166666667 0.41481481481481 0.01875 0.035185185185185
52 0.30625 0.047222222222222 0.017708333333333 0.025925925925926
52 0.90833333333333 0.88703703703704 0.016666666666667 0.025925925925926
52 0.79270833333333 0.60833333333333 0.015625 0.025925925925926
52 0.011979166666667 0.46944444444444 0.015625 0.02962962962963
52 0.83229166666667 0.4625 0.019791666666667 0.030555555555556
52 0.42083333333333 0.036574074074074 0.01875 0.028703703703704
52 0.83177083333333 0.49722222222222 0.017708333333333 0.031481481481481
52 0.2765625 0.043518518518519 0.016666666666667 0.024074074074074
52 0.86119791666667 0.36898148148148 0.068229166666667 0.1212962962963
52 0.92734375 0.5125 0.015104166666667 0.028703703703704
52 0.14140625 0.48009259259259 0.022395833333333 0.037962962962963
52 0.26536458333333 0.53703703703704 0.0171875 0.02962962962963
52 0.84166666666667 0.15648148148148 0.020833333333333 0.037037037037037
52 0.46484375 0.52962962962963 0.016145833333333 0.027777777777778
52 0.17994791666667 0.56018518518519 0.016145833333333 0.027777777777778
52 0.065364583333333 0.74074074074074 0.0171875 0.027777777777778
52 0.13802083333333 0.5125 0.026041666666667 0.04537037037037
52 0.43229166666667 0.17407407407407 0.020833333333333 0.033333333333333
52 0.97760416666667 0.47592592592593 0.013541666666667 0.02962962962963
52 0.390625 0.70694444444444 0.016666666666667 0.028703703703704
52 0.64947916666667 0.48564814814815 0.022916666666667 0.041666666666667
52 0.094010416666667 0.42546296296296 0.016145833333333 0.026851851851852
52 0.26119791666667 0.10138888888889 0.0171875 0.026851851851852
52 0.80416666666667 0.42175925925926 0.040625 0.069444444444444
52 0.09140625 0.36018518518519 0.0203125 0.031481481481481
52 0.89635416666667 0.2125 0.015625 0.026851851851852
52 0.76145833333333 0.64212962962963 0.019791666666667 0.034259259259259
52 0.72057291666667 0.70925925925926 0.0296875 0.05
52 0.095572916666667 0.45787037037037 0.018229166666667 0.030555555555556
52 0.25182291666667 0.034259259259259 0.021354166666667 0.031481481481481
52 0.66171875 0.19166666666667 0.022395833333333 0.037037037037037
52 0.38671875 0.80787037037037 0.0171875 0.025
52 0.94947916666667 0.37592592592593 0.021875 0.038888888888889
52 0.22109375 0.18101851851852 0.0234375 0.037962962962963
52 0.35182291666667 0.88472222222222 0.016145833333333 0.025
52 0.42760416666667 0.02037037037037 0.019791666666667 0.027777777777778
52 0.42682291666667 0.64166666666667 0.015104166666667 0.025925925925926
52 0.81640625 0.026851851851852 0.018229166666667 0.027777777777778
52 0.0609375 0.53009259259259 0.015625 0.026851851851852
52 0.409375 0.93981481481481 0.073958333333333 0.11481481481481
52 0.59947916666667 0.65416666666667 0.033333333333333 0.056481481481481
52 0.57786458333333 0.77916666666667 0.0171875 0.023148148148148
52 0.87057291666667 0.8712962962963 0.047395833333333 0.075925925925926
52 0.72291666666667 0.39398148148148 0.017708333333333 0.026851851851852
52 0.78828125 0.75833333333333 0.0546875 0.088888888888889
52 0.85390625 0.5337962962963 0.033854166666667 0.060185185185185
52 0.9078125 0.7337962962963 0.028125 0.047222222222222
52 0.25703125 0.27777777777778 0.016145833333333 0.027777777777778
52 0.93958333333333 0.7087962962963 0.016666666666667 0.026851851851852
52 0.61197916666667 0.53796296296296 0.039583333333333 0.072222222222222
52 0.59505208333333 0.12037037037037 0.016145833333333 0.025925925925926
52 0.36588541666667 0.11342592592593 0.016145833333333 0.025