52 0.51484375 0.43240740740741 0.016145833333333 0.025925925925926
52 0.78984375 0.38472222222222 0.0140625 0.025
52 0.44322916666667 0.58703703703704 0.0125 0.02037037037037
52 0.95859375 0.25416666666667 0.013020833333333 0.021296296296296
52 0.98958333333333 0.38009259259259 0.014583333333333 0.025
52 0.05703125 0.47824074074074 0.015104166666667 0.025
52 0.46744791666667 0.2875 0.015104166666667 0.023148148148148
52 0.98515625 0.29722222222222 0.011979166666667 0.022222222222222
52 0.69505208333333 0.09212962962963 0.015104166666667 0.028703703703704
52 0.39244791666667 0.52592592592593 0.016145833333333 0.027777777777778
52 0.6828125 0.28333333333333 0.023958333333333 0.040740740740741
52 0.34010416666667 0.44027777777778 0.016666666666667 0.026851851851852
52 0.79557291666667 0.58703703703704 0.0140625 0.024074074074074
52 0.91276041666667 0.038425925925926 0.018229166666667 0.028703703703704
52 0.940625 0.34583333333333 0.014583333333333 0.025
52 0.22005208333333 0.69907407407407 0.016145833333333 0.025925925925926
52 0.79661458333333 0.87314814814815 0.0171875 0.027777777777778
52 0.34765625 0.55 0.015104166666667 0.025925925925926
52 0.73359375 0.43518518518519 0.011979166666667 0.024074074074074
52 0.0059895833333333 0.24444444444444 0.011979166666667 0.027777777777778
52 0.375 0.3712962962963 0.020833333333333 0.035185185185185
52 0.35989583333333 0.68101851851852 0.0125 0.019444444444444
52 0.47942708333333 0.19074074074074 0.0203125 0.031481481481481
52 0.077604166666667 0.71481481481481 0.011458333333333 0.02037037037037
52 0.165625 0.72361111111111 0.013541666666667 0.021296296296296
52 0.1609375 0.62962962962963 0.0125 0.02037037037037
52 0.84375 0.093518518518519 0.015625 0.024074074074074
52 0.50208333333333 0.67037037037037 0.014583333333333 0.024074074074074
52 0.30182291666667 0.1875 0.013020833333333 0.019444444444444
52 0.54869791666667 0.35231481481481 0.019270833333333 0.032407407407407
52 0.7671875 0.61574074074074 0.014583333333333 0.022222222222222
52 0.17161458333333 0.18472222222222 0.019270833333333 0.028703703703704
52 0.83411458333333 0.2962962962963 0.015104166666667 0.024074074074074
52 0.53958333333333 0.45509259259259 0.0125 0.021296296296296
52 0.12916666666667 0.6587962962963 0.013541666666667 0.021296296296296
52 0.58359375 0.61759259259259 0.0171875 0.027777777777778
52 0.81432291666667 0.27962962962963 0.013020833333333 0.022222222222222
52 0.92760416666667 0.10740740740741 0.01875 0.02962962962963
52 0.48984375 0.43703703703704 0.011979166666667 0.02037037037037
52 0.14635416666667 0.13055555555556 0.022916666666667 0.037037037037037
52 0.29270833333333 0.23240740740741 0.04375 0.074074074074074
52 0.51588541666667 0.56342592592593 0.011979166666667 0.021296296296296
52 0.24427083333333 0.325 0.01875 0.027777777777778
52 0.62786458333333 0.51157407407407 0.013020833333333 0.023148148148148
52 0.92369791666667 0.24861111111111 0.0140625 0.023148148148148
52 0.97265625 0.26064814814815 0.0140625 0.023148148148148
52 0.1375 0.91203703703704 0.0125 0.02037037037037
52 0.74114583333333 0.34814814814815 0.015625 0.024074074074074
52 0.8171875 0.027314814814815 0.01875 0.026851851851852
52 0.49739583333333 0.14305555555556 0.0125 0.019444444444444
52 0.48958333333333 0.58240740740741 0.019791666666667 0.031481481481481
52 0.55833333333333 0.18009259259259 0.017708333333333 0.028703703703704
52 0.67265625 0.69861111111111 0.0703125 0.1212962962963
52 0.07109375 0.10925925925926 0.030729166666667 0.05
52 0.91536458333333 0.18472222222222 0.0140625 0.021296296296296
52 0.70052083333333 0.52083333333333 0.01875 0.032407407407407
52 0.073177083333333 0.98564814814815 0.018229166666667 0.028703703703704
52 0.425 0.31435185185185 0.013541666666667 0.021296296296296
52 0.10651041666667 0.46296296296296 0.0234375 0.042592592592593
52 0.5796875 0.30185185185185 0.019791666666667 0.02962962962963
52 0.86432291666667 0.27222222222222 0.011979166666667 0.02037037037037
52 0.25234375 0.82083333333333 0.016145833333333 0.026851851851852
52 0.071614583333333 0.7462962962963 0.0140625 0.024074074074074
52 0.62838541666667 0.37685185185185 0.013020833333333 0.022222222222222
52 0.31302083333333 0.89212962962963 0.017708333333333 0.026851851851852
52 0.64140625 0.54444444444444 0.011979166666667 0.02037037037037
52 0.8109375 0.54907407407407 0.0125 0.02037037037037
52 0.68619791666667 0.58611111111111 0.013020833333333 0.022222222222222
52 0.57578125 0.71111111111111 0.0140625 0.025925925925926
52 0.20026041666667 0.91851851851852 0.011979166666667 0.02037037037037
52 0.77421875 0.87361111111111 0.015104166666667 0.025
52 0.13333333333333 0.75324074074074 0.013541666666667 0.023148148148148
52 0.009375 0.56111111111111 0.014583333333333 0.025925925925926
52 0.36041666666667 0.64444444444444 0.014583333333333 0.024074074074074
52 0.65338541666667 0.35046296296296 0.0171875 0.026851851851852
52 0.65052083333333 0.27268518518519 0.015625 0.025
52 0.59479166666667 0.5 0.016666666666667 0.027777777777778
52 0.59557291666667 0.36296296296296 0.0140625 0.024074074074074
52 0.26380208333333 0.76064814814815 0.015104166666667 0.025
52 0.53463541666667 0.45972222222222 0.015104166666667 0.023148148148148
52 0.023697916666667 0.43611111111111 0.047395833333333 0.13703703703704
52 0.79635416666667 0.092592592592593 0.022916666666667 0.035185185185185
52 0.54661458333333 0.65925925925926 0.013020833333333 0.02037037037037
52 0.65286458333333 0.58055555555556 0.0140625 0.024074074074074
52 0.72864583333333 0.85416666666667 0.0125 0.019444444444444
52 0.44348958333333 0.68518518518519 0.0171875 0.027777777777778
52 0.95989583333333 0.39166666666667 0.0125 0.02037037037037
52 0.12552083333333 0.39814814814815 0.020833333333333 0.033333333333333
52 0.815625 0.22592592592593 0.013541666666667 0.022222222222222
52 0.55859375 0.38796296296296 0.013020833333333 0.022222222222222
52 0.78411458333333 0.44907407407407 0.0140625 0.024074074074074
52 0.30338541666667 0.76990740740741 0.0140625 0.021296296296296
52 0.86458333333333 0.13518518518519 0.01875 0.02962962962963
52 0.34244791666667 0.27268518518519 0.015104166666667 0.021296296296296
52 0.65104166666667 0.49398148148148 0.0125 0.021296296296296
52 0.1828125 0.62731481481481 0.021875 0.036111111111111
52 0.77057291666667 0.47037037037037 0.013020833333333 0.022222222222222
52 0.20078125 0.4125 0.016145833333333 0.026851851851852
52 0.45989583333333 0.42731481481481 0.0125 0.021296296296296
52 0.23567708333333 0.98981481481481 0.0171875 0.02037037037037
52 0.471875 0.44722222222222 0.0125 0.02037037037037
52 0.6734375 0.085648148148148 0.014583333333333 0.021296296296296
52 0.83333333333333 0.24027777777778 0.017708333333333 0.025
52 0.0359375 0.93240740740741 0.013541666666667 0.022222222222222
52 0.984375 0.175 0.03125 0.061111111111111
52 0.71328125 0.013888888888889 0.0140625 0.018518518518519
52 0.946875 0.041666666666667 0.019791666666667 0.031481481481481
52 0.32864583333333 0.48287037037037 0.014583333333333 0.025
52 0.39791666666667 0.10972222222222 0.013541666666667 0.019444444444444
52 0.6578125 0.12962962962963 0.014583333333333 0.031481481481481
52 0.46276041666667 0.33981481481481 0.018229166666667 0.02962962962963
52 0.26041666666667 0.11712962962963 0.015625 0.023148148148148
52 0.18802083333333 0.27731481481481 0.013541666666667 0.021296296296296
52 0.22734375 0.26296296296296 0.0203125 0.033333333333333
52 0.38541666666667 0.65277777777778 0.016666666666667 0.027777777777778
52 0.60286458333333 0.90555555555556 0.0140625 0.022222222222222
52 0.52552083333333 0.46666666666667 0.013541666666667 0.024074074074074
52 0.66484375 0.45925925925926 0.0140625 0.024074074074074
52 0.80416666666667 0.30694444444444 0.015625 0.025
52 0.74661458333333 0.030555555555556 0.0203125 0.033333333333333
52 0.70078125 0.2037037037037 0.0140625 0.022222222222222
52 0.19010416666667 0.84722222222222 0.013541666666667 0.022222222222222
52 0.55989583333333 0.5625 0.017708333333333 0.030555555555556
52 0.029166666666667 0.60231481481481 0.015625 0.028703703703704
52 0.97083333333333 0.21805555555556 0.016666666666667 0.028703703703704
52 0.15364583333333 0.85046296296296 0.017708333333333 0.030555555555556
52 0.24817708333333 0.65509259259259 0.015104166666667 0.025
52 0.55963541666667 0.46157407407407 0.013020833333333 0.025
52 0.36848958333333 0.21898148148148 0.015104166666667 0.021296296296296
52 0.84348958333333 0.40416666666667 0.015104166666667 0.021296296296296
52 0.37682291666667 0.093518518518519 0.018229166666667 0.02962962962963
52 0.49166666666667 0.53194444444444 0.014583333333333 0.025
52 0.959375 0.28981481481481 0.0125 0.02037037037037
52 0.087760416666667 0.43472222222222 0.021354166666667 0.036111111111111
52 0.69166666666667 0.34351851851852 0.017708333333333 0.024074074074074
52 0.48177083333333 0.23564814814815 0.026041666666667 0.047222222222222
52 0.82083333333333 0.52824074074074 0.014583333333333 0.026851851851852
52 0.43776041666667 0.33333333333333 0.0171875 0.027777777777778
52 0.44036458333333 0.53935185185185 0.0171875 0.028703703703704
52 0.75911458333333 0.2787037037037 0.016145833333333 0.027777777777778
52 0.33203125 0.23796296296296 0.0140625 0.022222222222222
52 0.41770833333333 0.085185185185185 0.017708333333333 0.027777777777778
52 0.21666666666667 0.43703703703704 0.015625 0.024074074074074
52 0.3234375 0.83148148148148 0.013541666666667 0.022222222222222
52 0.73411458333333 0.30740740740741 0.0140625 0.022222222222222
52 0.87421875 0.096296296296296 0.0140625 0.022222222222222
52 0.23255208333333 0.4462962962963 0.013020833333333 0.022222222222222
52 0.75885416666667 0.32407407407407 0.015625 0.024074074074074
52 0.34114583333333 0.68194444444444 0.015625 0.025
52 0.43359375 0.37037037037037 0.013020833333333 0.022222222222222
52 0.35130208333333 0.80972222222222 0.015104166666667 0.025
52 0.14791666666667 0.68333333333333 0.014583333333333 0.024074074074074
52 0.50989583333333 0.11342592592593 0.013541666666667 0.021296296296296
52 0.6609375 0.14583333333333 0.0125 0.021296296296296
52 0.29869791666667 0.31574074074074 0.019270833333333 0.02962962962963
52 0.35130208333333 0.58333333333333 0.016145833333333 0.027777777777778
52 0.29921875 0.67083333333333 0.074479166666667 0.13055555555556
52 0.63802083333333 0.051851851851852 0.013541666666667 0.02037037037037
52 0.37942708333333 0.27361111111111 0.030729166666667 0.050925925925926
52 0.86484375 0.4787037037037 0.0203125 0.033333333333333
52 0.84557291666667 0.77731481481481 0.033854166666667 0.056481481481481
52 0.77265625 0.31435185185185 0.0140625 0.023148148148148
52 0.013020833333333 0.29537037037037 0.020833333333333 0.035185185185185
52 0.89557291666667 0.17083333333333 0.013020833333333 0.023148148148148
52 0.72421875 0.54722222222222 0.013020833333333 0.022222222222222
52 0.25130208333333 0.59861111111111 0.0140625 0.021296296296296
52 0.29713541666667 0.2787037037037 0.015104166666667 0.024074074074074
52 0.53255208333333 0.5375 0.013020833333333 0.021296296296296
52 0.56302083333333 0.16157407407407 0.015625 0.025
52 0.12317708333333 0.81990740740741 0.018229166666667 0.030555555555556
52 0.27447916666667 0.19398148148148 0.013541666666667 0.019444444444444
52 0.46484375 0.48055555555556 0.0140625 0.02037037037037
52 0.53125 0.31851851851852 0.014583333333333 0.024074074074074
52 0.84114583333333 0.050925925925926 0.013541666666667 0.02037037037037
52 0.39114583333333 0.48240740740741 0.013541666666667 0.022222222222222
52 0.22057291666667 0.92824074074074 0.013020833333333 0.019444444444444
52 0.11614583333333 0.33703703703704 0.019791666666667 0.031481481481481
52 0.070572916666667 0.64212962962963 0.0171875 0.030555555555556
52 0.165625 0.59212962962963 0.013541666666667 0.023148148148148
52 0.5265625 0.72268518518519 0.015625 0.025
52 0.96041666666667 0.35972222222222 0.014583333333333 0.025
52 0.3265625 0.41481481481481 0.013541666666667 0.02037037037037
52 0.41458333333333 0.53564814814815 0.0125 0.021296296296296
52 0.05078125 0.23518518518519 0.021354166666667 0.033333333333333
52 0.71536458333333 0.61296296296296 0.015104166666667 0.024074074074074
52 0.39973958333333 0.38796296296296 0.056770833333333 0.098148148148148
52 0.421875 0.73055555555556 0.019791666666667 0.031481481481481
52 0.709375 0.70462962962963 0.0125 0.022222222222222
52 0.98463541666667 0.31435185185185 0.013020833333333 0.025
52 0.91171875 0.32361111111111 0.015104166666667 0.025
52 0.94713541666667 0.1875 0.016145833333333 0.021296296296296
52 0.27708333333333 0.79259259259259 0.013541666666667 0.02037037037037
52 0.63932291666667 0.75648148148148 0.015104166666667 0.025925925925926
52 0.82057291666667 0.32361111111111 0.016145833333333 0.025
52 0.22682291666667 0.76203703703704 0.011979166666667 0.02037037037037
52 0.71354166666667 0.47268518518519 0.014583333333333 0.023148148148148
52 0.27786458333333 0.57083333333333 0.016145833333333 0.025
52 0.5015625 0.5287037037037 0.015625 0.025925925925926
52 0.49713541666667 0.39444444444444 0.019270833333333 0.02962962962963
52 0.36848958333333 0.49444444444444 0.013020833333333 0.022222222222222
52 0.42526041666667 0.4287037037037 0.013020833333333 0.02037037037037
52 0.4171875 0.013425925925926 0.019791666666667 0.026851851851852
52 0.85651041666667 0.97453703703704 0.0171875 0.026851851851852
52 0.36119791666667 0.35231481481481 0.0140625 0.023148148148148
52 0.578125 0.24398148148148 0.014583333333333 0.021296296296296
52 0.70859375 0.15185185185185 0.0140625 0.022222222222222
52 0.7203125 0.013425925925926 0.01875 0.021296296296296
52 0.6234375 0.65925925925926 0.016666666666667 0.027777777777778
52 0.42916666666667 0.84907407407407 0.015625 0.025925925925926
52 0.73671875 0.47037037037037 0.011979166666667 0.02037037037037
52 0.37838541666667 0.60740740740741 0.011979166666667 0.02037037037037
52 0.91875 0.35972222222222 0.014583333333333 0.019444444444444
52 0.18203125 0.21712962962963 0.0140625 0.021296296296296
52 0.61614583333333 0.7962962962963 0.015625 0.025925925925926
52 0.82083333333333 0.51064814814815 0.014583333333333 0.026851851851852
52 0.24036458333333 0.41157407407407 0.0140625 0.021296296296296
52 0.30364583333333 0.85740740740741 0.016666666666667 0.027777777777778
52 0.25963541666667 0.3037037037037 0.013020833333333 0.02037037037037
52 0.87161458333333 0.18287037037037 0.0140625 0.019444444444444
52 0.3796875 0.44722222222222 0.013541666666667 0.022222222222222
52 0.57447916666667 0.33981481481481 0.0125 0.02037037037037
52 0.5671875 0.25 0.013541666666667 0.022222222222222
52 0.32942708333333 0.31296296296296 0.0171875 0.027777777777778
52 0.28671875 0.31666666666667 0.019270833333333 0.02962962962963
52 0.03125 0.56064814814815 0.015625 0.026851851851852
52 0.44088541666667 0.20462962962963 0.013020833333333 0.02037037037037
52 0.95442708333333 0.32268518518519 0.011979166666667 0.021296296296296
52 0.77994791666667 0.93472222222222 0.013020833333333 0.019444444444444
52 0.85911458333333 0.42268518518519 0.011979166666667 0.023148148148148
52 0.16015625 0.21342592592593 0.024479166666667 0.041666666666667
52 0.010416666666667 0.53425925925926 0.017708333333333 0.031481481481481
52 0.4609375 0.66157407407407 0.014583333333333 0.025
52 0.49088541666667 0.4962962962963 0.021354166666667 0.02962962962963
52 0.91796875 0.31064814814815 0.015104166666667 0.026851851851852
52 0.84609375 0.30509259259259 0.0171875 0.028703703703704
52 0.73828125 0.59259259259259 0.016145833333333 0.027777777777778
52 0.80286458333333 0.48611111111111 0.0171875 0.031481481481481
52 0.4390625 0.26481481481481 0.014583333333333 0.022222222222222
52 0.40208333333333 0.76666666666667 0.013541666666667 0.022222222222222
52 0.18697916666667 0.50648148148148 0.013541666666667 0.022222222222222
52 0.56848958333333 0.19212962962963 0.016145833333333 0.023148148148148
52 0.1765625 0.91064814814815 0.021875 0.036111111111111
52 0.79583333333333 0.22638888888889 0.013541666666667 0.019444444444444
52 0.73880208333333 0.38148148148148 0.0140625 0.025925925925926
52 0.21770833333333 0.38564814814815 0.014583333333333 0.023148148148148
52 0.7296875 0.65277777777778 0.013541666666667 0.022222222222222
52 0.59244791666667 0.4125 0.018229166666667 0.026851851851852
52 0.3328125 0.29722222222222 0.014583333333333 0.027777777777778
52 0.25729166666667 0.94583333333333 0.019791666666667 0.032407407407407
52 0.603125 0.45185185185185 0.015625 0.027777777777778
52 0.40572916666667 0.65277777777778 0.014583333333333 0.02037037037037
52 0.3578125 0.44861111111111 0.014583333333333 0.023148148148148
52 0.21822916666667 0.21898148148148 0.019791666666667 0.030555555555556
52 0.11848958333333 0.53194444444444 0.0140625 0.023148148148148
52 0.59895833333333 0.22546296296296 0.016666666666667 0.025
52 0.12760416666667 0.69722222222222 0.0125 0.02037037037037
52 0.62265625 0.54953703703704 0.0140625 0.023148148148148
52 0.83307291666667 0.84907407407407 0.044270833333333 0.07962962962963
52 0.54869791666667 0.71759259259259 0.013020833333333 0.022222222222222
52 0.63359375 0.88425925925926 0.013020833333333 0.022222222222222
52 0.22421875 0.30787037037037 0.0140625 0.021296296296296
52 0.61145833333333 0.11712962962963 0.0125 0.019444444444444
52 0.76510416666667 0.70740740740741 0.015625 0.025925925925926
52 0.38151041666667 0.74675925925926 0.0171875 0.028703703703704
52 0.86770833333333 0.53888888888889 0.014583333333333 0.025925925925926
52 0.67057291666667 0.56342592592593 0.013020833333333 0.021296296296296
52 0.63020833333333 0.62453703703704 0.017708333333333 0.026851851851852
52 0.20859375 0.34444444444444 0.0140625 0.022222222222222
52 0.16979166666667 0.25787037037037 0.0125 0.019444444444444
52 0.44609375 0.12962962962963 0.0140625 0.022222222222222
52 0.42578125 0.39768518518519 0.018229166666667 0.032407407407407
52 0.578125 0.5287037037037 0.0125 0.022222222222222
52 0.54635416666667 0.79444444444444 0.055208333333333 0.096296296296296
52 0.33645833333333 0.77037037037037 0.013541666666667 0.022222222222222
52 0.60625 0.6375 0.0125 0.019444444444444
52 0.60807291666667 0.22638888888889 0.015104166666667 0.023148148148148
52 0.14895833333333 0.40833333333333 0.015625 0.024074074074074
52 0.86692708333333 0.43518518518519 0.011979166666667 0.02037037037037
52 0.196875 0.81296296296296 0.0125 0.022222222222222
52 0.025260416666667 0.10324074074074 0.022395833333333 0.036111111111111
52 0.11458333333333 0.85138888888889 0.0125 0.021296296296296
52 0.88802083333333 0.36111111111111 0.0125 0.02037037037037
52 0.41510416666667 0.67777777777778 0.013541666666667 0.022222222222222
52 0.16223958333333 0.54444444444444 0.040104166666667 0.07037037037037
52 0.98932291666667 0.225 0.0140625 0.027777777777778
52 0.61145833333333 0.31481481481481 0.0125 0.022222222222222
52 0.25442708333333 0.21203703703704 0.015104166666667 0.022222222222222
52 0.77552083333333 0.5412037037037 0.0125 0.021296296296296
52 0.25234375 0.068981481481481 0.015104166666667 0.023148148148148
52 0.35130208333333 0.73148148148148 0.013020833333333 0.02037037037037
52 0.2484375 0.83981481481481 0.016666666666667 0.027777777777778
52 0.83177083333333 0.25324074074074 0.015625 0.026851851851852
52 0.068229166666667 0.78333333333333 0.0125 0.02037037037037
52 0.3984375 0.25185185185185 0.014583333333333 0.022222222222222
52 0.51276041666667 0.28472222222222 0.0203125 0.030555555555556
52 0.55338541666667 0.59722222222222 0.011979166666667 0.02037037037037
52 0.18697916666667 0.6962962962963 0.0125 0.02037037037037
52 0.77916666666667 0.28518518518519 0.0125 0.02037037037037
52 0.64609375 0.30740740740741 0.019270833333333 0.02962962962963
52 0.28255208333333 0.056018518518519 0.0171875 0.025
52 0.93932291666667 0.27731481481481 0.0140625 0.023148148148148
52 0.953125 0.1837962962963 0.015625 0.025
52 0.038802083333333 0.27361111111111 0.018229166666667 0.028703703703704
52 0.734375 0.11018518518519 0.013541666666667 0.02037037037037
52 0.77552083333333 0.39212962962963 0.014583333333333 0.023148148148148
52 0.83385416666667 0.5912037037037 0.014583333333333 0.025
52 0.628125 0.25972222222222 0.014583333333333 0.023148148148148
52 0.821875 0.091666666666667 0.015625 0.025925925925926
52 0.44401041666667 0.16388888888889 0.019270833333333 0.02962962962963
52 0.43645833333333 0.037037037037037 0.014583333333333 0.02037037037037
52 0.2015625 0.60138888888889 0.014583333333333 0.023148148148148
52 0.20234375 0.48703703703704 0.022395833333333 0.037037037037037
52 0.16901041666667 0.67777777777778 0.021354166666667 0.035185185185185
52 0.70651041666667 0.47037037037037 0.016145833333333 0.024074074074074
52 0.75989583333333 0.34583333333333 0.015625 0.032407407407407
52 0.44869791666667 0.82824074074074 0.0140625 0.023148148148148
52 0.31041666666667 0.93425925925926 0.022916666666667 0.037037037037037
52 0.48229166666667 0.3212962962963 0.017708333333333 0.024074074074074
52 0.84713541666667 0.37175925925926 0.013020833333333 0.023148148148148
52 0.75260416666667 0.59074074074074 0.014583333333333 0.025925925925926
52 0.41796875 0.43564814814815 0.0140625 0.023148148148148
52 0.33619791666667 0.45740740740741 0.018229166666667 0.031481481481481
52 0.099479166666667 0.57083333333333 0.013541666666667 0.023148148148148
52 0.603125 0.52962962962963 0.015625 0.027777777777778
52 0.13098958333333 0.85462962962963 0.016145833333333 0.025925925925926
52 0.2703125 0.42268518518519 0.020833333333333 0.036111111111111
52 0.8359375 0.45555555555556 0.0125 0.02037037037037
52 0.11197916666667 0.059722222222222 0.01875 0.026851851851852
52 0.38385416666667 0.55972222222222 0.01875 0.028703703703704
52 0.3328125 0.85601851851852 0.013541666666667 0.021296296296296
52 0.6140625 0.16990740740741 0.014583333333333 0.021296296296296
52 0.63411458333333 0.46527777777778 0.015104166666667 0.025
52 0.89895833333333 0.13657407407407 0.021875 0.034259259259259
52 0.1890625 0.9787037037037 0.0125 0.02037037037037
52 0.56875 0.4875 0.019791666666667 0.034259259259259
52 0.81432291666667 0.92268518518519 0.013020833333333 0.021296296296296
52 0.71979166666667 0.10694444444444 0.014583333333333 0.021296296296296
52 0.5359375 0.38657407407407 0.013541666666667 0.023148148148148
52 0.34635416666667 0.31944444444444 0.0125 0.02037037037037
52 0.53385416666667 0.2287037037037 0.017708333333333 0.02962962962963
52 0.56614583333333 0.43611111111111 0.020833333333333 0.037037037037037
52 0.865625 0.23981481481481 0.014583333333333 0.022222222222222
52 0.33229166666667 0.21712962962963 0.015625 0.021296296296296
52 0.066145833333333 0.89814814814815 0.014583333333333 0.024074074074074
52 0.80885416666667 0.20648148148148 0.014583333333333 0.024074074074074
52 0.97864583333333 0.089814814814815 0.015625 0.025925925925926