52 0.75208333333333 0.077777777777778 0.01875 0.033333333333333
52 0.81848958333333 0.26296296296296 0.016145833333333 0.025925925925926
52 0.54505208333333 0.3037037037037 0.030729166666667 0.051851851851852
52 0.365625 0.45925925925926 0.014583333333333 0.024074074074074
52 0.28463541666667 0.68657407407407 0.0140625 0.023148148148148
52 0.23385416666667 0.47824074074074 0.014583333333333 0.025
52 0.56197916666667 0.6625 0.022916666666667 0.039814814814815
52 0.86145833333333 0.11712962962963 0.015625 0.025
52 0.28255208333333 0.46944444444444 0.011979166666667 0.022222222222222
52 0.26302083333333 0.97824074074074 0.040625 0.043518518518519
52 0.91354166666667 0.22685185185185 0.010416666666667 0.016666666666667
52 0.96119791666667 0.036574074074074 0.0109375 0.017592592592593
52 0.73723958333333 0.37777777777778 0.018229166666667 0.033333333333333
52 0.26119791666667 0.48333333333333 0.011979166666667 0.02037037037037
52 0.32213541666667 0.33425925925926 0.015104166666667 0.024074074074074
52 0.26015625 0.64027777777778 0.0171875 0.028703703703704
52 0.94609375 0.1337962962963 0.022395833333333 0.039814814814815
52 0.74322916666667 0.47175925925926 0.01875 0.030555555555556
52 0.65494791666667 0.58009259259259 0.0171875 0.028703703703704
52 0.92994791666667 0.45231481481481 0.024479166666667 0.039814814814815
52 0.97916666666667 0.57824074074074 0.011458333333333 0.021296296296296
52 0.92760416666667 0.060648148148148 0.014583333333333 0.021296296296296
52 0.96901041666667 0.84953703703704 0.0328125 0.060185185185185
52 0.88645833333333 0.49490740740741 0.013541666666667 0.023148148148148