52 0.31666666666667 0.80231481481481 0.028125 0.050925925925926
52 0.97291666666667 0.035185185185185 0.01875 0.027777777777778
52 0.9296875 0.55787037037037 0.039583333333333 0.065740740740741
52 0.015364583333333 0.19583333333333 0.0140625 0.025
52 0.97057291666667 0.33425925925926 0.0098958333333333 0.016666666666667
52 0.0859375 0.66203703703704 0.016666666666667 0.027777777777778
52 0.30755208333333 0.42314814814815 0.011979166666667 0.02037037037037
52 0.95260416666667 0.41990740740741 0.015625 0.025
52 0.33359375 0.43796296296296 0.015104166666667 0.025925925925926
52 0.64244791666667 0.63796296296296 0.025520833333333 0.046296296296296
52 0.8015625 0.49861111111111 0.021875 0.037962962962963
52 0.21588541666667 0.059722222222222 0.018229166666667 0.034259259259259
52 0.64348958333333 0.52824074074074 0.015104166666667 0.025
52 0.26197916666667 0.69351851851852 0.013541666666667 0.022222222222222
52 0.08515625 0.24722222222222 0.0098958333333333 0.016666666666667
52 0.14036458333333 0.46203703703704 0.0171875 0.02962962962963
52 0.18489583333333 0.60185185185185 0.04375 0.077777777777778
52 0.88463541666667 0.31435185185185 0.027604166666667 0.04537037037037
52 0.2359375 0.14907407407407 0.0125 0.02037037037037
52 0.92395833333333 0.2375 0.013541666666667 0.021296296296296
52 0.81901041666667 0.21712962962963 0.018229166666667 0.028703703703704
52 0.18125 0.68101851851852 0.0125 0.019444444444444
52 0.24505208333333 0.024537037037037 0.018229166666667 0.028703703703704
52 0.91588541666667 0.38009259259259 0.0098958333333333 0.015740740740741
52 0.1484375 0.28333333333333 0.013541666666667 0.022222222222222
52 0.26302083333333 0.56759259259259 0.016666666666667 0.027777777777778
52 0.91692708333333 0.67777777777778 0.022395833333333 0.037037037037037
52 0.53333333333333 0.20185185185185 0.032291666666667 0.053703703703704
52 0.2625 0.97777777777778 0.041666666666667 0.044444444444444
52 0.12630208333333 0.60277777777778 0.0140625 0.022222222222222
52 0.31875 0.91342592592593 0.020833333333333 0.034259259259259
52 0.21666666666667 0.98194444444444 0.029166666666667 0.036111111111111
52 0.51380208333333 0.61712962962963 0.019270833333333 0.036111111111111
52 0.65364583333333 0.48657407407407 0.016666666666667 0.028703703703704
52 0.92552083333333 0.053240740740741 0.019791666666667 0.028703703703704
52 0.11848958333333 0.825 0.015104166666667 0.024074074074074
52 0.18072916666667 0.02962962962963 0.013541666666667 0.018518518518519
52 0.92083333333333 0.20740740740741 0.0125 0.02037037037037
52 0.29895833333333 0.36759259259259 0.013541666666667 0.022222222222222