52 0.2078125 0.28657407407407 0.017708333333333 0.030555555555556
52 0.45 0.38009259259259 0.015625 0.026851851851852
52 0.057291666666667 0.49398148148148 0.021875 0.037962962962963
52 0.46484375 0.32222222222222 0.019270833333333 0.031481481481481
52 0.7140625 0.52083333333333 0.015625 0.025
52 0.075520833333333 0.575 0.016666666666667 0.02962962962963
52 0.88151041666667 0.76712962962963 0.0453125 0.080555555555556
52 0.088541666666667 0.18981481481481 0.01875 0.02962962962963
52 0.66067708333333 0.24166666666667 0.021354166666667 0.035185185185185
52 0.89609375 0.69861111111111 0.028645833333333 0.050925925925926
52 0.30625 0.16064814814815 0.01875 0.028703703703704
52 0.80677083333333 0.73518518518519 0.017708333333333 0.022222222222222
52 0.68802083333333 0.38842592592593 0.017708333333333 0.028703703703704
52 0.58203125 0.16203703703704 0.0234375 0.037037037037037
52 0.69739583333333 0.3162037037037 0.014583333333333 0.025
52 0.1296875 0.35046296296296 0.077083333333333 0.13611111111111
52 0.41953125 0.25138888888889 0.0203125 0.032407407407407
52 0.55651041666667 0.68888888888889 0.016145833333333 0.02962962962963
52 0.42291666666667 0.83148148148148 0.016666666666667 0.027777777777778
52 0.65729166666667 0.62407407407407 0.015625 0.025925925925926
52 0.32552083333333 0.93333333333333 0.021875 0.037037037037037
52 0.83984375 0.51712962962963 0.0171875 0.028703703703704
52 0.084895833333333 0.53888888888889 0.015625 0.027777777777778
52 0.43359375 0.16435185185185 0.0421875 0.078703703703704
52 0.209375 0.56481481481481 0.014583333333333 0.025925925925926
52 0.9640625 0.49861111111111 0.019791666666667 0.034259259259259
52 0.178125 0.88148148148148 0.019791666666667 0.031481481481481
52 0.43619791666667 0.79166666666667 0.016145833333333 0.025925925925926
52 0.12734375 0.45138888888889 0.0171875 0.028703703703704
52 0.47578125 0.64583333333333 0.015104166666667 0.026851851851852
52 0.18541666666667 0.39861111111111 0.025 0.043518518518519
52 0.71901041666667 0.66898148148148 0.0171875 0.030555555555556
52 0.15416666666667 0.20277777777778 0.021875 0.035185185185185
52 0.50104166666667 0.32638888888889 0.017708333333333 0.034259259259259
52 0.75885416666667 0.44675925925926 0.015625 0.025
52 0.88072916666667 0.2712962962963 0.015625 0.024074074074074
52 0.50729166666667 0.44768518518519 0.015625 0.025
52 0.21979166666667 0.65509259259259 0.01875 0.032407407407407
52 0.54505208333333 0.4962962962963 0.016145833333333 0.027777777777778
52 0.75338541666667 0.36851851851852 0.0171875 0.027777777777778
52 0.14010416666667 0.0375 0.022916666666667 0.034259259259259
52 0.31458333333333 0.28287037037037 0.016666666666667 0.025
52 0.92994791666667 0.4412037037037 0.016145833333333 0.025
52 0.17239583333333 0.96805555555556 0.017708333333333 0.028703703703704
52 0.35182291666667 0.3787037037037 0.0171875 0.02962962962963
52 0.72916666666667 0.24398148148148 0.017708333333333 0.030555555555556
52 0.93046875 0.54212962962963 0.028645833333333 0.052777777777778
52 0.48046875 0.47916666666667 0.018229166666667 0.028703703703704
52 0.31979166666667 0.86944444444444 0.016666666666667 0.027777777777778
52 0.0453125 0.072222222222222 0.020833333333333 0.033333333333333
52 0.61770833333333 0.18981481481481 0.015625 0.027777777777778
52 0.21901041666667 0.34583333333333 0.018229166666667 0.030555555555556
52 0.603125 0.52685185185185 0.015625 0.027777777777778
52 0.44921875 0.20231481481481 0.0578125 0.10092592592593
52 0.70807291666667 0.27546296296296 0.018229166666667 0.026851851851852
52 0.11484375 0.71018518518519 0.015104166666667 0.025925925925926
52 0.77057291666667 0.044907407407407 0.018229166666667 0.026851851851852
52 0.5625 0.15462962962963 0.030208333333333 0.048148148148148
52 0.98151041666667 0.4537037037037 0.016145833333333 0.027777777777778
52 0.10390625 0.61527777777778 0.019270833333333 0.030555555555556
52 0.16432291666667 0.72638888888889 0.015104166666667 0.025
52 0.17994791666667 0.029166666666667 0.0296875 0.049074074074074
52 0.34088541666667 0.87546296296296 0.0171875 0.030555555555556
52 0.68411458333333 0.71296296296296 0.0703125 0.12777777777778
52 0.81432291666667 0.83981481481481 0.018229166666667 0.02962962962963
52 0.315625 0.65231481481481 0.014583333333333 0.028703703703704
52 0.75182291666667 0.44305555555556 0.016145833333333 0.026851851851852
52 0.40677083333333 0.40046296296296 0.015625 0.026851851851852
52 0.56588541666667 0.37222222222222 0.015104166666667 0.025925925925926
52 0.97942708333333 0.54074074074074 0.024479166666667 0.040740740740741
52 0.17838541666667 0.76018518518519 0.0203125 0.033333333333333
52 0.64713541666667 0.65740740740741 0.016145833333333 0.027777777777778
52 0.85598958333333 0.46712962962963 0.0171875 0.028703703703704
52 0.25859375 0.4875 0.0359375 0.067592592592593
52 0.53229166666667 0.10925925925926 0.01875 0.031481481481481
52 0.25286458333333 0.13333333333333 0.031770833333333 0.053703703703704
52 0.84973958333333 0.68425925925926 0.0265625 0.046296296296296
52 0.74479166666667 0.49305555555556 0.01875 0.032407407407407
52 0.97317708333333 0.095833333333333 0.019270833333333 0.030555555555556
52 0.30729166666667 0.21481481481481 0.01875 0.02962962962963
52 0.38932291666667 0.2337962962963 0.016145833333333 0.023148148148148
52 0.84192708333333 0.35694444444444 0.018229166666667 0.030555555555556
52 0.081510416666667 0.50092592592593 0.018229166666667 0.033333333333333
52 0.57317708333333 0.1587962962963 0.031770833333333 0.049074074074074
52 0.67421875 0.51342592592593 0.016145833333333 0.026851851851852
52 0.86692708333333 0.18055555555556 0.019270833333333 0.025925925925926
52 0.57005208333333 0.45 0.0171875 0.024074074074074
52 0.90677083333333 0.058796296296296 0.01875 0.026851851851852
52 0.16432291666667 0.3875 0.0234375 0.041666666666667
52 0.88645833333333 0.37361111111111 0.015625 0.025
52 0.471875 0.34722222222222 0.014583333333333 0.025925925925926
52 0.41041666666667 0.40694444444444 0.017708333333333 0.028703703703704
52 0.11380208333333 0.22824074074074 0.025520833333333 0.039814814814815
52 0.90520833333333 0.45648148148148 0.017708333333333 0.027777777777778
52 0.27265625 0.36712962962963 0.016145833333333 0.030555555555556
52 0.4765625 0.39814814814815 0.016666666666667 0.027777777777778
52 0.91380208333333 0.20740740740741 0.018229166666667 0.027777777777778
52 0.86328125 0.5037037037037 0.0171875 0.027777777777778
52 0.38515625 0.23888888888889 0.016145833333333 0.024074074074074
52 0.63307291666667 0.12962962962963 0.0171875 0.025925925925926
52 0.35494791666667 0.27592592592593 0.018229166666667 0.02962962962963
52 0.45885416666667 0.23009259259259 0.052083333333333 0.09537037037037
52 0.63333333333333 0.43333333333333 0.017708333333333 0.025925925925926
52 0.63932291666667 0.30185185185185 0.0171875 0.027777777777778
52 0.52057291666667 0.41527777777778 0.015104166666667 0.026851851851852
52 0.31953125 0.54722222222222 0.018229166666667 0.027777777777778
52 0.83333333333333 0.30231481481481 0.016666666666667 0.026851851851852
52 0.5015625 0.35416666666667 0.017708333333333 0.030555555555556
52 0.67552083333333 0.29861111111111 0.016666666666667 0.028703703703704
52 0.28151041666667 0.4337962962963 0.019270833333333 0.032407407407407
52 0.041927083333333 0.68287037037037 0.021354166666667 0.036111111111111
52 0.55963541666667 0.46064814814815 0.018229166666667 0.030555555555556
52 0.38567708333333 0.64074074074074 0.015104166666667 0.027777777777778
52 0.3984375 0.4375 0.015625 0.025
52 0.059895833333333 0.53888888888889 0.016666666666667 0.027777777777778
52 0.89244791666667 0.56203703703704 0.016145833333333 0.025925925925926
52 0.28697916666667 0.42268518518519 0.017708333333333 0.030555555555556
52 0.94401041666667 0.49166666666667 0.016145833333333 0.027777777777778
52 0.6390625 0.72685185185185 0.055208333333333 0.1
52 0.88697916666667 0.046296296296296 0.025 0.038888888888889
52 0.52890625 0.46851851851852 0.015104166666667 0.025925925925926
52 0.41953125 0.71435185185185 0.0609375 0.10833333333333
52 0.24166666666667 0.56574074074074 0.021875 0.038888888888889
52 0.55260416666667 0.20555555555556 0.023958333333333 0.038888888888889
52 0.26614583333333 0.67314814814815 0.01875 0.031481481481481
52 0.4890625 0.030092592592593 0.017708333333333 0.026851851851852
52 0.90885416666667 0.68796296296296 0.017708333333333 0.027777777777778
52 0.59427083333333 0.43101851851852 0.01875 0.023148148148148
52 0.7515625 0.51111111111111 0.01875 0.035185185185185
52 0.01015625 0.24861111111111 0.0203125 0.037962962962963
52 0.459375 0.061574074074074 0.019791666666667 0.028703703703704
52 0.90989583333333 0.57962962962963 0.017708333333333 0.033333333333333
52 0.59635416666667 0.55185185185185 0.015625 0.027777777777778
52 0.4984375 0.5 0.016666666666667 0.027777777777778
52 0.259375 0.068981481481481 0.023958333333333 0.041666666666667
52 0.17734375 0.80694444444444 0.018229166666667 0.030555555555556
52 0.43125 0.49398148148148 0.01875 0.030555555555556
52 0.6515625 0.40648148148148 0.015625 0.027777777777778