52 0.23880208333333 0.011574074074074 0.0140625 0.021296296296296
52 0.96692708333333 0.31018518518519 0.027604166666667 0.05
52 0.12213541666667 0.03287037037037 0.015104166666667 0.023148148148148
52 0.18020833333333 0.26157407407407 0.014583333333333 0.023148148148148
52 0.69270833333333 0.54953703703704 0.022916666666667 0.041666666666667
52 0.85833333333333 0.33842592592593 0.026041666666667 0.04537037037037
52 0.34401041666667 0.10277777777778 0.025520833333333 0.044444444444444
52 0.24010416666667 0.21481481481481 0.015625 0.024074074074074
52 0.78645833333333 0.24675925925926 0.035416666666667 0.058333333333333
52 0.909375 0.49490740740741 0.022916666666667 0.041666666666667
52 0.34296875 0.061111111111111 0.0140625 0.02037037037037
52 0.80963541666667 0.53703703703704 0.046354166666667 0.087037037037037
52 0.094010416666667 0.018981481481481 0.018229166666667 0.026851851851852
52 0.21640625 0.066203703703704 0.0140625 0.023148148148148
52 0.52317708333333 0.56203703703704 0.0140625 0.024074074074074
52 0.79192708333333 0.064351851851852 0.030729166666667 0.050925925925926
52 0.54661458333333 0.5287037037037 0.0140625 0.025925925925926
52 0.60963541666667 0.5375 0.024479166666667 0.04537037037037
52 0.78098958333333 0.46990740740741 0.0171875 0.030555555555556
52 0.98072916666667 0.13935185185185 0.011458333333333 0.019444444444444
52 0.37552083333333 0.0074074074074074 0.013541666666667 0.014814814814815
52 0.41015625 0.5212962962963 0.019270833333333 0.035185185185185
52 0.87161458333333 0.040740740740741 0.0203125 0.033333333333333
52 0.017447916666667 0.35416666666667 0.034895833333333 0.086111111111111
52 0.81223958333333 0.45925925925926 0.0328125 0.057407407407407
52 0.19557291666667 0.16388888888889 0.0203125 0.02962962962963