52 0.33307291666667 0.45972222222222 0.011979166666667 0.019444444444444
52 0.38697916666667 0.10277777777778 0.01875 0.02962962962963
52 0.16614583333333 0.88935185185185 0.0125 0.019444444444444
52 0.98385416666667 0.6162037037037 0.0125 0.021296296296296
52 0.715625 0.82037037037037 0.0125 0.02037037037037
52 0.3421875 0.091203703703704 0.014583333333333 0.019444444444444
52 0.26979166666667 0.56990740740741 0.0125 0.019444444444444
52 0.17447916666667 0.55509259259259 0.013541666666667 0.021296296296296
52 0.27265625 0.36481481481481 0.0109375 0.018518518518519
52 0.82447916666667 0.5712962962963 0.013541666666667 0.024074074074074
52 0.32994791666667 0.71898148148148 0.013020833333333 0.021296296296296
52 0.64609375 0.73888888888889 0.0140625 0.022222222222222
52 0.32005208333333 0.74675925925926 0.013020833333333 0.023148148148148
52 0.023697916666667 0.92314814814815 0.013020833333333 0.02037037037037
52 0.2390625 0.41342592592593 0.020833333333333 0.034259259259259
52 0.96510416666667 0.10601851851852 0.013541666666667 0.019444444444444
52 0.25026041666667 0.93888888888889 0.0140625 0.022222222222222
52 0.33958333333333 0.51388888888889 0.014583333333333 0.025925925925926
52 0.18802083333333 0.49212962962963 0.011458333333333 0.019444444444444
52 0.884375 0.81203703703704 0.032291666666667 0.053703703703704
52 0.31276041666667 0.67962962962963 0.015104166666667 0.025925925925926
52 0.67161458333333 0.19305555555556 0.052604166666667 0.086111111111111
52 0.045833333333333 0.8625 0.015625 0.023148148148148
52 0.83072916666667 0.044907407407407 0.015625 0.023148148148148
52 0.74765625 0.66296296296296 0.013020833333333 0.022222222222222
52 0.95364583333333 0.84814814814815 0.027083333333333 0.046296296296296
52 0.5765625 0.98796296296296 0.015625 0.024074074074074
52 0.19791666666667 0.64953703703704 0.0125 0.019444444444444
52 0.18489583333333 0.49675925925926 0.0125 0.021296296296296
52 0.15520833333333 0.25925925925926 0.011458333333333 0.018518518518519
52 0.83489583333333 0.81990740740741 0.011458333333333 0.019444444444444
52 0.042708333333333 0.40833333333333 0.011458333333333 0.018518518518519
52 0.91484375 0.1 0.011979166666667 0.018518518518519
52 0.44036458333333 0.87314814814815 0.011979166666667 0.02037037037037
52 0.28880208333333 0.71203703703704 0.013020833333333 0.02037037037037
52 0.359375 0.75925925925926 0.013541666666667 0.024074074074074
52 0.24609375 0.30925925925926 0.013020833333333 0.022222222222222
52 0.684375 0.69166666666667 0.0125 0.022222222222222
52 0.87604166666667 0.70185185185185 0.013541666666667 0.022222222222222
52 0.31041666666667 0.14490740740741 0.0125 0.019444444444444
52 0.47630208333333 0.77685185185185 0.011979166666667 0.02037037037037
52 0.35546875 0.20416666666667 0.0109375 0.019444444444444
52 0.91432291666667 0.4212962962963 0.011979166666667 0.02037037037037
52 0.39010416666667 0.65648148148148 0.013541666666667 0.022222222222222
52 0.95286458333333 0.44537037037037 0.0140625 0.024074074074074
52 0.35989583333333 0.46157407407407 0.013541666666667 0.023148148148148
52 0.28489583333333 0.50462962962963 0.013541666666667 0.022222222222222
52 0.54505208333333 0.85416666666667 0.0140625 0.019444444444444
52 0.30885416666667 0.57175925925926 0.017708333333333 0.032407407407407
52 0.23098958333333 0.5662037037037 0.011979166666667 0.019444444444444
52 0.32109375 0.25277777777778 0.0140625 0.022222222222222
52 0.048697916666667 0.64953703703704 0.015104166666667 0.023148148148148
52 0.25963541666667 0.18240740740741 0.015104166666667 0.024074074074074
52 0.23723958333333 0.72777777777778 0.013020833333333 0.02037037037037
52 0.94036458333333 0.3875 0.011979166666667 0.019444444444444
52 0.24765625 0.16666666666667 0.013020833333333 0.02037037037037
52 0.020833333333333 0.44259259259259 0.013541666666667 0.022222222222222
52 0.64322916666667 0.79444444444444 0.013541666666667 0.02037037037037
52 0.35234375 0.85694444444444 0.013020833333333 0.017592592592593
52 0.31901041666667 0.4662037037037 0.011979166666667 0.017592592592593
52 0.90182291666667 0.050462962962963 0.013020833333333 0.019444444444444
52 0.39296875 0.16296296296296 0.0171875 0.027777777777778
52 0.66432291666667 0.72175925925926 0.011979166666667 0.021296296296296
52 0.5953125 0.85 0.014583333333333 0.022222222222222
52 0.20963541666667 0.18333333333333 0.0140625 0.022222222222222
52 0.01796875 0.073611111111111 0.011979166666667 0.019444444444444
52 0.90755208333333 0.19305555555556 0.015104166666667 0.021296296296296
52 0.97630208333333 0.11342592592593 0.013020833333333 0.021296296296296
52 0.95130208333333 0.72175925925926 0.0140625 0.023148148148148
52 0.94270833333333 0.27268518518519 0.016666666666667 0.030555555555556
52 0.36223958333333 0.074537037037037 0.019270833333333 0.026851851851852
52 0.18828125 0.55324074074074 0.0140625 0.021296296296296
52 0.66458333333333 0.68055555555556 0.013541666666667 0.022222222222222
52 0.465625 0.56064814814815 0.030208333333333 0.05462962962963
52 0.0390625 0.061574074074074 0.0125 0.017592592592593
52 0.37135416666667 0.7037037037037 0.011458333333333 0.018518518518519
52 0.24635416666667 0.49490740740741 0.010416666666667 0.019444444444444
52 0.90807291666667 0.37685185185185 0.0140625 0.024074074074074
52 0.8609375 0.72546296296296 0.016666666666667 0.026851851851852
52 0.0265625 0.55046296296296 0.03125 0.05462962962963
52 0.079166666666667 0.84953703703704 0.014583333333333 0.021296296296296
52 0.41770833333333 0.14398148148148 0.015625 0.025
52 0.34713541666667 0.65277777777778 0.013020833333333 0.022222222222222
52 0.066927083333333 0.79583333333333 0.015104166666667 0.021296296296296
52 0.31041666666667 0.50648148148148 0.013541666666667 0.024074074074074
52 0.28854166666667 0.28333333333333 0.0125 0.018518518518519
52 0.253125 0.53472222222222 0.0125 0.023148148148148
52 0.15911458333333 0.69537037037037 0.016145833333333 0.027777777777778
52 0.15911458333333 0.64537037037037 0.0140625 0.025925925925926
52 0.97057291666667 0.46574074074074 0.0109375 0.018518518518519
52 0.17291666666667 0.73981481481481 0.011458333333333 0.018518518518519
52 0.17265625 0.94444444444444 0.0140625 0.02037037037037
52 0.58020833333333 0.83472222222222 0.01875 0.030555555555556
52 0.0140625 0.66851851851852 0.020833333333333 0.035185185185185
52 0.05 0.31018518518519 0.011458333333333 0.018518518518519
52 0.1140625 0.75231481481481 0.013541666666667 0.021296296296296
52 0.29322916666667 0.20601851851852 0.023958333333333 0.036111111111111
52 0.72213541666667 0.86759259259259 0.0109375 0.018518518518519
52 0.14921875 0.43703703703704 0.0140625 0.022222222222222
52 0.19505208333333 0.22592592592593 0.015104166666667 0.024074074074074
52 0.40729166666667 0.85601851851852 0.014583333333333 0.023148148148148
52 0.24869791666667 0.30138888888889 0.0140625 0.021296296296296
52 0.86302083333333 0.065740740740741 0.011458333333333 0.018518518518519
52 0.89453125 0.30231481481481 0.0140625 0.023148148148148
52 0.15625 0.58888888888889 0.011458333333333 0.018518518518519
52 0.19635416666667 0.71851851851852 0.0125 0.018518518518519
52 0.82005208333333 0.75740740740741 0.011979166666667 0.02037037037037
52 0.23671875 0.48148148148148 0.011979166666667 0.02037037037037
52 0.02265625 0.50138888888889 0.013020833333333 0.026851851851852
52 0.34661458333333 0.71759259259259 0.015104166666667 0.024074074074074
52 0.859375 0.58703703703704 0.014583333333333 0.024074074074074
52 0.10130208333333 0.55 0.015104166666667 0.025925925925926
52 0.1609375 0.48842592592593 0.013541666666667 0.021296296296296
52 0.27708333333333 0.60462962962963 0.011458333333333 0.018518518518519
52 0.68671875 0.71342592592593 0.013020833333333 0.023148148148148
52 0.10572916666667 0.69953703703704 0.0125 0.019444444444444
52 0.215625 0.51203703703704 0.011458333333333 0.018518518518519
52 0.1109375 0.50972222222222 0.013541666666667 0.025
52 0.051302083333333 0.15648148148148 0.0140625 0.022222222222222
52 0.62526041666667 0.81851851851852 0.015104166666667 0.024074074074074
52 0.87760416666667 0.066666666666667 0.011458333333333 0.018518518518519
52 0.05390625 0.48425925925926 0.011979166666667 0.018518518518519
52 0.22682291666667 0.33101851851852 0.0140625 0.023148148148148
52 0.31614583333333 0.19074074074074 0.014583333333333 0.02037037037037
52 0.74713541666667 0.88981481481481 0.0109375 0.018518518518519
52 0.26380208333333 0.88240740740741 0.0140625 0.02037037037037
52 0.18984375 0.096296296296296 0.013020833333333 0.02037037037037
52 0.28645833333333 0.1125 0.0125 0.019444444444444
52 0.221875 0.41851851851852 0.0125 0.02037037037037
52 0.89114583333333 0.40462962962963 0.020833333333333 0.035185185185185
52 0.31145833333333 0.080092592592593 0.011458333333333 0.017592592592593
52 0.26822916666667 0.22638888888889 0.013541666666667 0.019444444444444
52 0.13854166666667 0.49074074074074 0.0125 0.02037037037037
52 0.54036458333333 0.95 0.0140625 0.022222222222222
52 0.57239583333333 0.86157407407407 0.014583333333333 0.023148148148148
52 0.928125 0.77546296296296 0.011458333333333 0.019444444444444
52 0.35130208333333 0.55648148148148 0.0140625 0.024074074074074
52 0.25546875 0.24907407407407 0.011979166666667 0.018518518518519
52 0.984375 0.026851851851852 0.017708333333333 0.027777777777778
52 0.18229166666667 0.14907407407407 0.015625 0.024074074074074
52 0.30390625 0.40648148148148 0.0109375 0.024074074074074
52 0.48489583333333 0.086111111111111 0.014583333333333 0.024074074074074
52 0.73385416666667 0.69953703703704 0.014583333333333 0.025
52 0.93880208333333 0.53425925925926 0.034895833333333 0.062962962962963
52 0.33203125 0.29583333333333 0.0140625 0.021296296296296
52 0.94557291666667 0.17546296296296 0.011979166666667 0.017592592592593
52 0.32838541666667 0.40601851851852 0.0140625 0.025
52 0.39140625 0.69212962962963 0.0140625 0.023148148148148
52 0.99348958333333 0.27824074074074 0.0109375 0.021296296296296
52 0.2234375 0.0092592592592593 0.015625 0.018518518518519
52 0.21119791666667 0.27268518518519 0.011979166666667 0.019444444444444
52 0.49140625 0.875 0.011979166666667 0.02037037037037
52 0.20208333333333 0.4537037037037 0.0125 0.02037037037037
52 0.083854166666667 0.91064814814815 0.011458333333333 0.017592592592593
52 0.04375 0.69953703703704 0.0125 0.019444444444444
52 0.98177083333333 0.24722222222222 0.011458333333333 0.02037037037037
52 0.054947916666667 0.82962962962963 0.0171875 0.025925925925926
52 0.15182291666667 0.53425925925926 0.0109375 0.018518518518519
52 0.27734375 0.4375 0.011979166666667 0.017592592592593
52 0.56354166666667 0.93518518518519 0.013541666666667 0.022222222222222
52 0.41640625 0.10462962962963 0.011979166666667 0.02037037037037
52 0.22109375 0.44722222222222 0.0109375 0.018518518518519
52 0.90885416666667 0.021296296296296 0.0125 0.018518518518519
52 0.2796875 0.054166666666667 0.015625 0.023148148148148
52 0.27734375 0.93194444444444 0.013020833333333 0.021296296296296