52 0.88385416666667 0.4662037037037 0.013541666666667 0.025
52 0.3953125 0.67638888888889 0.016666666666667 0.021296296296296
52 0.76953125 0.48009259259259 0.0140625 0.023148148148148
52 0.57890625 0.2912037037037 0.016145833333333 0.025
52 0.92760416666667 0.27685185185185 0.0125 0.022222222222222
52 0.47864583333333 0.95046296296296 0.040625 0.069444444444444
52 0.521875 0.26388888888889 0.0125 0.022222222222222
52 0.41875 0.82268518518519 0.01875 0.030555555555556
52 0.79635416666667 0.79722222222222 0.013541666666667 0.02037037037037
52 0.44140625 0.78796296296296 0.018229166666667 0.02962962962963
52 0.5796875 0.089351851851852 0.022916666666667 0.039814814814815
52 0.86953125 0.28148148148148 0.015104166666667 0.024074074074074
52 0.62760416666667 0.5162037037037 0.014583333333333 0.023148148148148
52 0.17604166666667 0.33009259259259 0.017708333333333 0.028703703703704
52 0.61979166666667 0.36712962962963 0.013541666666667 0.021296296296296
52 0.51328125 0.29861111111111 0.011979166666667 0.021296296296296
52 0.80494791666667 0.42546296296296 0.0203125 0.034259259259259
52 0.99140625 0.96481481481481 0.0171875 0.037037037037037
52 0.72630208333333 0.32731481481481 0.013020833333333 0.021296296296296
52 0.052864583333333 0.59305555555556 0.015104166666667 0.021296296296296
52 0.73645833333333 0.58333333333333 0.014583333333333 0.022222222222222
52 0.27447916666667 0.59027777777778 0.014583333333333 0.023148148148148
52 0.37473958333333 0.74814814814815 0.024479166666667 0.044444444444444
52 0.04453125 0.66944444444444 0.0140625 0.022222222222222
52 0.340625 0.34305555555556 0.013541666666667 0.019444444444444
52 0.20286458333333 0.62222222222222 0.030729166666667 0.053703703703704
52 0.84505208333333 0.56759259259259 0.0140625 0.024074074074074
52 0.22239583333333 0.13981481481481 0.019791666666667 0.027777777777778
52 0.70364583333333 0.55416666666667 0.0125 0.021296296296296
52 0.93098958333333 0.50555555555556 0.013020833333333 0.02037037037037
52 0.92083333333333 0.62592592592593 0.016666666666667 0.027777777777778
52 0.684375 0.93425925925926 0.014583333333333 0.022222222222222
52 0.23359375 0.45694444444444 0.013020833333333 0.021296296296296
52 0.84375 0.48472222222222 0.014583333333333 0.023148148148148
52 0.15182291666667 0.16435185185185 0.015104166666667 0.023148148148148
52 0.52395833333333 0.38564814814815 0.0125 0.021296296296296
52 0.45390625 0.86666666666667 0.013020833333333 0.022222222222222
52 0.2453125 0.54907407407407 0.017708333333333 0.025925925925926
52 0.32942708333333 0.34953703703704 0.016145833333333 0.026851851851852
52 0.73072916666667 0.64861111111111 0.014583333333333 0.023148148148148
52 0.5671875 0.73888888888889 0.014583333333333 0.022222222222222
52 0.42239583333333 0.2587962962963 0.0125 0.021296296296296
52 0.25026041666667 0.54444444444444 0.016145833333333 0.025925925925926
52 0.14140625 0.084259259259259 0.0171875 0.025925925925926
52 0.45130208333333 0.11481481481481 0.013020833333333 0.02037037037037
52 0.68046875 0.83333333333333 0.013020833333333 0.02037037037037
52 0.54140625 0.36388888888889 0.0140625 0.024074074074074
52 0.56015625 0.40509259259259 0.013020833333333 0.023148148148148
52 0.2421875 0.45648148148148 0.014583333333333 0.02037037037037
52 0.36692708333333 0.12222222222222 0.016145833333333 0.024074074074074
52 0.45260416666667 0.68842592592593 0.013541666666667 0.021296296296296
52 0.10807291666667 0.15324074074074 0.021354166666667 0.032407407407407
52 0.4765625 0.56759259259259 0.014583333333333 0.025925925925926
52 0.33385416666667 0.33935185185185 0.014583333333333 0.032407407407407
52 0.36979166666667 0.33611111111111 0.017708333333333 0.027777777777778
52 0.24505208333333 0.21435185185185 0.0328125 0.056481481481481
52 0.534375 0.79490740740741 0.013541666666667 0.021296296296296
52 0.42395833333333 0.1287037037037 0.016666666666667 0.025925925925926
52 0.90208333333333 0.8537037037037 0.032291666666667 0.055555555555556
52 0.4890625 0.19722222222222 0.032291666666667 0.051851851851852
52 0.64947916666667 0.41527777777778 0.015625 0.026851851851852
52 0.64661458333333 0.54953703703704 0.0140625 0.021296296296296
52 0.76041666666667 0.57175925925926 0.015625 0.026851851851852
52 0.56588541666667 0.24074074074074 0.011979166666667 0.022222222222222
52 0.60182291666667 0.91481481481481 0.019270833333333 0.025925925925926
52 0.08046875 0.23564814814815 0.071354166666667 0.11759259259259
52 0.69296875 0.67546296296296 0.013020833333333 0.021296296296296
52 0.56458333333333 0.48194444444444 0.013541666666667 0.021296296296296
52 0.31875 0.70972222222222 0.032291666666667 0.052777777777778
52 0.32734375 0.48287037037037 0.019270833333333 0.034259259259259
52 0.60911458333333 0.55277777777778 0.0328125 0.053703703703704
52 0.25260416666667 0.26296296296296 0.013541666666667 0.022222222222222
52 0.8546875 0.35046296296296 0.015625 0.025
52 0.2015625 0.18564814814815 0.014583333333333 0.021296296296296
52 0.59817708333333 0.35740740740741 0.015104166666667 0.025925925925926
52 0.57708333333333 0.72916666666667 0.014583333333333 0.023148148148148
52 0.30182291666667 0.525 0.0140625 0.024074074074074
52 0.22161458333333 0.18287037037037 0.0140625 0.019444444444444
52 0.76223958333333 0.9462962962963 0.078645833333333 0.10740740740741
52 0.8734375 0.41018518518519 0.014583333333333 0.024074074074074
52 0.425 0.11759259259259 0.017708333333333 0.02962962962963
52 0.07265625 0.40787037037037 0.0265625 0.047222222222222
52 0.28671875 0.49212962962963 0.015104166666667 0.025
52 0.58932291666667 0.65972222222222 0.015104166666667 0.023148148148148
52 0.75885416666667 0.87592592592593 0.013541666666667 0.022222222222222
52 0.35494791666667 0.49861111111111 0.016145833333333 0.023148148148148
52 0.5890625 0.5587962962963 0.034375 0.063888888888889
52 0.29375 0.073611111111111 0.020833333333333 0.032407407407407
52 0.49947916666667 0.33287037037037 0.013541666666667 0.021296296296296
52 0.80807291666667 0.91435185185185 0.015104166666667 0.028703703703704
52 0.90390625 0.50462962962963 0.016145833333333 0.027777777777778
52 0.853125 0.13194444444444 0.017708333333333 0.030555555555556
52 0.51510416666667 0.45046296296296 0.014583333333333 0.025
52 0.17317708333333 0.56435185185185 0.0140625 0.023148148148148
52 0.29427083333333 0.45277777777778 0.0125 0.022222222222222
52 0.83151041666667 0.53333333333333 0.011979166666667 0.024074074074074
52 0.55520833333333 0.31898148148148 0.013541666666667 0.021296296296296
52 0.51692708333333 0.048148148148148 0.0171875 0.027777777777778
52 0.64375 0.39166666666667 0.015625 0.024074074074074
52 0.74375 0.58425925925926 0.015625 0.025925925925926
52 0.45364583333333 0.29953703703704 0.017708333333333 0.026851851851852
52 0.74895833333333 0.084722222222222 0.021875 0.036111111111111
52 0.36744791666667 0.64768518518519 0.0203125 0.032407407407407
52 0.253125 0.58472222222222 0.019791666666667 0.030555555555556
52 0.8890625 0.31805555555556 0.013541666666667 0.025
52 0.59557291666667 0.84907407407407 0.0234375 0.040740740740741
52 0.8671875 0.86574074074074 0.047916666666667 0.083333333333333
52 0.46510416666667 0.084722222222222 0.013541666666667 0.021296296296296
52 0.13671875 0.056481481481481 0.0171875 0.024074074074074
52 0.79192708333333 0.725 0.0234375 0.038888888888889
52 0.69661458333333 0.65416666666667 0.013020833333333 0.023148148148148
52 0.20911458333333 0.32083333333333 0.0140625 0.021296296296296
52 0.41041666666667 0.5287037037037 0.015625 0.025925925925926
52 0.090625 0.15740740740741 0.01875 0.024074074074074
52 0.58359375 0.23981481481481 0.016145833333333 0.027777777777778
52 0.52604166666667 0.34166666666667 0.015625 0.025925925925926
52 0.090625 0.53935185185185 0.017708333333333 0.028703703703704
52 0.37473958333333 0.94722222222222 0.0421875 0.064814814814815
52 0.42421875 0.58055555555556 0.0171875 0.031481481481481
52 0.35416666666667 0.8837962962963 0.013541666666667 0.021296296296296
52 0.32708333333333 0.38101851851852 0.017708333333333 0.030555555555556
52 0.15234375 0.26203703703704 0.015104166666667 0.024074074074074
52 0.41588541666667 0.16203703703704 0.016145833333333 0.025925925925926
52 0.034895833333333 0.43472222222222 0.01875 0.030555555555556
52 0.43932291666667 0.4712962962963 0.011979166666667 0.022222222222222
52 0.04140625 0.59027777777778 0.016145833333333 0.023148148148148
52 0.63203125 0.049074074074074 0.046354166666667 0.07962962962963
52 0.27864583333333 0.43981481481481 0.013541666666667 0.02037037037037
52 0.80989583333333 0.92314814814815 0.015625 0.025925925925926
52 0.84713541666667 0.38055555555556 0.015104166666667 0.025925925925926
52 0.13151041666667 0.54953703703704 0.0171875 0.026851851851852
52 0.38203125 0.21018518518519 0.016145833333333 0.018518518518519
52 0.42916666666667 0.10185185185185 0.016666666666667 0.024074074074074
52 0.11223958333333 0.58148148148148 0.015104166666667 0.024074074074074
52 0.8203125 0.6625 0.013541666666667 0.021296296296296
52 0.89036458333333 0.59027777777778 0.0140625 0.023148148148148
52 0.7140625 0.92638888888889 0.01875 0.030555555555556
52 0.53385416666667 0.39259259259259 0.015625 0.024074074074074
52 0.40052083333333 0.5837962962963 0.017708333333333 0.030555555555556
52 0.20338541666667 0.58148148148148 0.016145833333333 0.025925925925926
52 0.61119791666667 0.67685185185185 0.016145833333333 0.025925925925926
52 0.67734375 0.71527777777778 0.013020833333333 0.021296296296296
52 0.20885416666667 0.86157407407407 0.0125 0.021296296296296
52 0.55182291666667 0.70601851851852 0.015104166666667 0.023148148148148
52 0.34791666666667 0.11990740740741 0.015625 0.023148148148148
52 0.89192708333333 0.43564814814815 0.013020833333333 0.023148148148148
52 0.77213541666667 0.41203703703704 0.013020833333333 0.02037037037037
52 0.55963541666667 0.70555555555556 0.0171875 0.025925925925926
52 0.39713541666667 0.42777777777778 0.0234375 0.044444444444444
52 0.53203125 0.47546296296296 0.0140625 0.021296296296296
52 0.59166666666667 0.44398148148148 0.013541666666667 0.023148148148148
52 0.2421875 0.38287037037037 0.026041666666667 0.041666666666667
52 0.61432291666667 0.47222222222222 0.013020833333333 0.022222222222222
52 0.46302083333333 0.29305555555556 0.0125 0.021296296296296
52 0.47005208333333 0.62175925925926 0.0171875 0.028703703703704
52 0.25598958333333 0.16759259259259 0.0171875 0.025925925925926
52 0.087239583333333 0.45277777777778 0.016145833333333 0.025925925925926
52 0.62239583333333 0.85324074074074 0.013541666666667 0.021296296296296
52 0.65234375 0.18518518518519 0.013020833333333 0.02037037037037
52 0.51302083333333 0.12453703703704 0.015625 0.021296296296296
52 0.62057291666667 0.55324074074074 0.021354166666667 0.036111111111111
52 0.84010416666667 0.48888888888889 0.013541666666667 0.022222222222222
52 0.97135416666667 0.23240740740741 0.014583333333333 0.027777777777778
52 0.97421875 0.675 0.0140625 0.024074074074074
52 0.10729166666667 0.30694444444444 0.015625 0.023148148148148
52 0.071614583333333 0.52083333333333 0.0140625 0.023148148148148
52 0.43307291666667 0.39305555555556 0.015104166666667 0.023148148148148
52 0.68489583333333 0.47361111111111 0.0125 0.021296296296296
52 0.33802083333333 0.33472222222222 0.013541666666667 0.026851851851852
52 0.67630208333333 0.49166666666667 0.013020833333333 0.022222222222222
52 0.5828125 0.37453703703704 0.015625 0.023148148148148
52 0.0875 0.60601851851852 0.014583333333333 0.021296296296296
52 0.34947916666667 0.61805555555556 0.013541666666667 0.021296296296296