52 0.3625 0.75972222222222 0.010416666666667 0.017592592592593
52 0.28463541666667 0.42407407407407 0.013020833333333 0.02037037037037
52 0.52109375 0.11851851851852 0.013020833333333 0.02037037037037
52 0.24713541666667 0.78009259259259 0.011979166666667 0.017592592592593
52 0.9375 0.59814814814815 0.015625 0.024074074074074
52 0.55807291666667 0.091666666666667 0.011979166666667 0.018518518518519
52 0.46927083333333 0.25185185185185 0.0125 0.02037037037037
52 0.1203125 0.51759259259259 0.01875 0.02962962962963
52 0.35625 0.35046296296296 0.0125 0.019444444444444
52 0.76015625 0.50416666666667 0.0109375 0.019444444444444
52 0.97708333333333 0.64861111111111 0.015625 0.026851851851852
52 0.94088541666667 0.88148148148148 0.011979166666667 0.018518518518519
52 0.7796875 0.47175925925926 0.011458333333333 0.019444444444444
52 0.90729166666667 0.42824074074074 0.01875 0.032407407407407
52 0.975 0.059722222222222 0.017708333333333 0.030555555555556
52 0.40572916666667 0.33796296296296 0.014583333333333 0.022222222222222
52 0.878125 0.47685185185185 0.013541666666667 0.022222222222222
52 0.63854166666667 0.46342592592593 0.013541666666667 0.023148148148148
52 0.84453125 0.17824074074074 0.013020833333333 0.023148148148148
52 0.75494791666667 0.093055555555556 0.013020833333333 0.021296296296296
52 0.57291666666667 0.58981481481481 0.011458333333333 0.018518518518519
52 0.0390625 0.39953703703704 0.019791666666667 0.032407407407407
52 0.94427083333333 0.21805555555556 0.017708333333333 0.028703703703704
52 0.47890625 0.85694444444444 0.021354166666667 0.036111111111111
52 0.22786458333333 0.87083333333333 0.0109375 0.017592592592593
52 0.26822916666667 0.87453703703704 0.0125 0.019444444444444
52 0.66015625 0.39212962962963 0.015104166666667 0.026851851851852
52 0.34296875 0.78425925925926 0.0109375 0.016666666666667
52 0.79739583333333 0.45185185185185 0.013541666666667 0.022222222222222
52 0.31979166666667 0.36712962962963 0.019791666666667 0.030555555555556
52 0.58541666666667 0.025925925925926 0.016666666666667 0.024074074074074
52 0.97604166666667 0.015277777777778 0.01875 0.030555555555556
52 0.62005208333333 0.35 0.016145833333333 0.022222222222222
52 0.52421875 0.39675925925926 0.011979166666667 0.021296296296296
52 0.74036458333333 0.43935185185185 0.011979166666667 0.019444444444444
52 0.26875 0.77083333333333 0.0125 0.017592592592593
52 0.590625 0.61296296296296 0.0125 0.02037037037037
52 0.70416666666667 0.25694444444444 0.013541666666667 0.021296296296296
52 0.5984375 0.51944444444444 0.011458333333333 0.02037037037037
52 0.87395833333333 0.18425925925926 0.0125 0.02037037037037
52 0.58151041666667 0.37407407407407 0.0140625 0.022222222222222
52 0.309375 0.63796296296296 0.010416666666667 0.018518518518519
52 0.38125 0.93240740740741 0.015625 0.025925925925926
52 0.58723958333333 0.41898148148148 0.011979166666667 0.021296296296296
52 0.34739583333333 0.97685185185185 0.013541666666667 0.022222222222222
52 0.013020833333333 0.47083333333333 0.026041666666667 0.050925925925926
52 0.47161458333333 0.69490740740741 0.013020833333333 0.021296296296296
52 0.70130208333333 0.64583333333333 0.0109375 0.017592592592593
52 0.09921875 0.4125 0.018229166666667 0.030555555555556
52 0.53020833333333 0.18148148148148 0.0125 0.018518518518519
52 0.32005208333333 0.1787037037037 0.024479166666667 0.042592592592593
52 0.28203125 0.56666666666667 0.016145833333333 0.024074074074074
52 0.24114583333333 0.74074074074074 0.027083333333333 0.046296296296296
52 0.84765625 0.64351851851852 0.013020833333333 0.022222222222222
52 0.40104166666667 0.42592592592593 0.0125 0.022222222222222
52 0.29713541666667 0.6837962962963 0.013020833333333 0.028703703703704
52 0.20260416666667 0.95601851851852 0.0125 0.017592592592593
52 0.4359375 0.5412037037037 0.0125 0.021296296296296
52 0.45885416666667 0.80462962962963 0.045833333333333 0.07962962962963
52 0.25755208333333 0.89444444444444 0.0109375 0.016666666666667
52 0.37135416666667 0.6587962962963 0.036458333333333 0.063888888888889
52 0.87916666666667 0.016666666666667 0.013541666666667 0.02037037037037
52 0.3046875 0.74351851851852 0.013541666666667 0.022222222222222
52 0.80182291666667 0.675 0.011979166666667 0.02037037037037
52 0.6609375 0.013888888888889 0.0125 0.014814814814815
52 0.77838541666667 0.39907407407407 0.0109375 0.018518518518519
52 0.890625 0.23611111111111 0.013541666666667 0.022222222222222
52 0.79192708333333 0.54351851851852 0.011979166666667 0.02037037037037
52 0.14635416666667 0.92962962962963 0.011458333333333 0.018518518518519
52 0.66614583333333 0.49907407407407 0.017708333333333 0.024074074074074
52 0.88671875 0.73888888888889 0.0109375 0.02037037037037
52 0.43229166666667 0.4537037037037 0.011458333333333 0.018518518518519
52 0.12916666666667 0.95231481481481 0.011458333333333 0.017592592592593
52 0.13932291666667 0.26064814814815 0.019270833333333 0.032407407407407
52 0.41614583333333 0.012962962962963 0.021875 0.025925925925926
52 0.25625 0.22314814814815 0.030208333333333 0.05
52 0.59713541666667 0.40046296296296 0.011979166666667 0.019444444444444
52 0.35651041666667 0.57175925925926 0.0109375 0.017592592592593
52 0.45807291666667 0.96296296296296 0.0140625 0.022222222222222
52 0.13984375 0.71203703703704 0.013020833333333 0.02037037037037
52 0.50364583333333 0.52777777777778 0.011458333333333 0.018518518518519
52 0.76354166666667 0.5625 0.011458333333333 0.019444444444444
52 0.80911458333333 0.26805555555556 0.0109375 0.017592592592593
52 0.65338541666667 0.66898148148148 0.011979166666667 0.017592592592593
52 0.8640625 0.091666666666667 0.0125 0.02037037037037
52 0.36640625 0.52037037037037 0.0140625 0.025925925925926
52 0.66432291666667 0.54305555555556 0.015104166666667 0.026851851851852
52 0.70989583333333 0.40787037037037 0.027083333333333 0.050925925925926
52 0.32734375 0.51527777777778 0.013020833333333 0.021296296296296
52 0.39635416666667 0.63101851851852 0.011458333333333 0.019444444444444
52 0.87838541666667 0.66574074074074 0.011979166666667 0.018518518518519
52 0.80052083333333 0.72824074074074 0.011458333333333 0.019444444444444
52 0.87057291666667 0.3875 0.011979166666667 0.019444444444444
52 0.25807291666667 0.65833333333333 0.0109375 0.016666666666667
52 0.77682291666667 0.6 0.013020833333333 0.02037037037037
52 0.41927083333333 0.52731481481481 0.017708333333333 0.030555555555556
52 0.5109375 0.05462962962963 0.032291666666667 0.055555555555556
52 0.6875 0.14259259259259 0.011458333333333 0.016666666666667
52 0.45026041666667 0.43148148148148 0.016145833333333 0.025925925925926
52 0.73880208333333 0.28101851851852 0.0140625 0.021296296296296
52 0.67890625 0.10833333333333 0.0109375 0.016666666666667
52 0.97135416666667 0.34398148148148 0.013541666666667 0.023148148148148
52 0.85234375 0.69490740740741 0.011979166666667 0.019444444444444
52 0.31979166666667 0.42962962962963 0.014583333333333 0.024074074074074
52 0.96536458333333 0.87453703703704 0.0203125 0.032407407407407
52 0.18723958333333 0.5912037037037 0.011979166666667 0.019444444444444
52 0.56223958333333 0.28194444444444 0.011979166666667 0.019444444444444
52 0.71822916666667 0.36666666666667 0.0125 0.022222222222222
52 0.38489583333333 0.08287037037037 0.0125 0.019444444444444
52 0.88723958333333 0.45046296296296 0.015104166666667 0.025
52 0.37161458333333 0.82407407407407 0.028645833333333 0.057407407407407
52 0.41588541666667 0.725 0.0140625 0.022222222222222
52 0.0234375 0.51481481481481 0.023958333333333 0.042592592592593
52 0.7890625 0.38148148148148 0.013541666666667 0.022222222222222
52 0.24114583333333 0.16111111111111 0.022916666666667 0.038888888888889
52 0.40859375 0.775 0.019270833333333 0.033333333333333
52 0.08984375 0.073611111111111 0.044270833333333 0.075
52 0.48619791666667 0.13194444444444 0.013020833333333 0.021296296296296
52 0.48880208333333 0.1462962962963 0.013020833333333 0.02037037037037
52 0.91692708333333 0.76990740740741 0.0140625 0.021296296296296
52 0.47786458333333 0.12268518518519 0.0171875 0.021296296296296
52 0.29166666666667 0.94768518518519 0.014583333333333 0.023148148148148
52 0.94479166666667 0.13981481481481 0.014583333333333 0.024074074074074
52 0.47760416666667 0.6837962962963 0.015625 0.023148148148148
52 0.93463541666667 0.3287037037037 0.011979166666667 0.02037037037037
52 0.30416666666667 0.83657407407407 0.0125 0.019444444444444
52 0.27057291666667 0.92777777777778 0.013020833333333 0.018518518518519
52 0.44765625 0.17777777777778 0.011979166666667 0.018518518518519
52 0.55651041666667 0.56018518518519 0.011979166666667 0.018518518518519
52 0.24479166666667 0.8125 0.011458333333333 0.017592592592593
52 0.61484375 0.66712962962963 0.013020833333333 0.019444444444444
52 0.76822916666667 0.2587962962963 0.013541666666667 0.019444444444444
52 0.80885416666667 0.74537037037037 0.0125 0.02037037037037
52 0.353125 0.65694444444444 0.0125 0.019444444444444
52 0.503125 0.8787037037037 0.01875 0.02962962962963
52 0.56588541666667 0.3212962962963 0.016145833333333 0.02037037037037
52 0.553125 0.63564814814815 0.015625 0.026851851851852
52 0.50651041666667 0.039814814814815 0.0296875 0.048148148148148
52 0.67083333333333 0.23009259259259 0.01875 0.030555555555556
52 0.99140625 0.80925925925926 0.0109375 0.018518518518519
52 0.28046875 0.97407407407407 0.011979166666667 0.016666666666667
52 0.65416666666667 0.16064814814815 0.011458333333333 0.019444444444444
52 0.340625 0.84027777777778 0.013541666666667 0.019444444444444
52 0.02734375 0.48842592592593 0.019270833333333 0.032407407407407
52 0.77109375 0.62361111111111 0.011979166666667 0.019444444444444
52 0.27239583333333 0.8125 0.011458333333333 0.017592592592593
52 0.58177083333333 0.25324074074074 0.011458333333333 0.019444444444444
52 0.73046875 0.22824074074074 0.016145833333333 0.025
52 0.484375 0.91481481481481 0.011458333333333 0.018518518518519
52 0.84114583333333 0.58981481481481 0.013541666666667 0.022222222222222
52 0.81796875 0.16666666666667 0.016145833333333 0.022222222222222
52 0.66588541666667 0.3037037037037 0.016145833333333 0.025925925925926
52 0.84713541666667 0.44074074074074 0.013020833333333 0.02037037037037
52 0.61458333333333 0.077777777777778 0.011458333333333 0.016666666666667
52 0.70390625 0.57268518518519 0.0109375 0.017592592592593
52 0.92552083333333 0.17175925925926 0.013541666666667 0.021296296296296
52 0.4453125 0.05 0.016666666666667 0.024074074074074
52 0.69088541666667 0.31898148148148 0.011979166666667 0.019444444444444
52 0.16536458333333 0.95648148148148 0.0109375 0.016666666666667
52 0.54036458333333 0.3037037037037 0.0171875 0.027777777777778
52 0.87552083333333 0.85416666666667 0.0125 0.017592592592593
52 0.78020833333333 0.09212962962963 0.026041666666667 0.037962962962963
52 0.90364583333333 0.5587962962963 0.010416666666667 0.017592592592593
52 0.65052083333333 0.13101851851852 0.011458333333333 0.017592592592593
52 0.475 0.49351851851852 0.010416666666667 0.018518518518519
52 0.68776041666667 0.53148148148148 0.015104166666667 0.025925925925926
52 0.73645833333333 0.3712962962963 0.014583333333333 0.024074074074074
52 0.2671875 0.43009259259259 0.014583333333333 0.023148148148148
52 0.55338541666667 0.5162037037037 0.011979166666667 0.021296296296296
52 0.7296875 0.019907407407407 0.017708333333333 0.026851851851852
52 0.30598958333333 0.79490740740741 0.011979166666667 0.017592592592593
52 0.35859375 0.41851851851852 0.0140625 0.024074074074074
52 0.28463541666667 0.61157407407407 0.016145833333333 0.025
52 0.70286458333333 0.52407407407407 0.015104166666667 0.025925925925926
52 0.64583333333333 0.37453703703704 0.011458333333333 0.017592592592593
52 0.57734375 0.11666666666667 0.019270833333333 0.02962962962963
52 0.10755208333333 0.71759259259259 0.011979166666667 0.018518518518519
52 0.28697916666667 0.49907407407407 0.021875 0.035185185185185
52 0.85833333333333 0.50462962962963 0.011458333333333 0.02037037037037
52 0.98098958333333 0.69861111111111 0.011979166666667 0.019444444444444
52 0.5828125 0.31527777777778 0.010416666666667 0.017592592592593
52 0.75130208333333 0.69907407407407 0.011979166666667 0.02037037037037
52 0.15364583333333 0.9787037037037 0.0125 0.018518518518519
52 0.61145833333333 0.43194444444444 0.011458333333333 0.019444444444444
52 0.98567708333333 0.18935185185185 0.013020833333333 0.021296296296296
52 0.41223958333333 0.79583333333333 0.018229166666667 0.032407407407407
52 0.53359375 0.25416666666667 0.0109375 0.017592592592593
52 0.73098958333333 0.47962962962963 0.0140625 0.022222222222222
52 0.87760416666667 0.27083333333333 0.016666666666667 0.028703703703704
52 0.45390625 0.73657407407407 0.011979166666667 0.017592592592593
52 0.83723958333333 0.71759259259259 0.011979166666667 0.018518518518519
52 0.34427083333333 0.52685185185185 0.0125 0.018518518518519
52 0.24114583333333 0.44907407407407 0.025 0.042592592592593
52 0.43072916666667 0.64583333333333 0.011458333333333 0.017592592592593
52 0.14322916666667 0.74305555555556 0.0125 0.019444444444444
52 0.90234375 0.50324074074074 0.016145833333333 0.028703703703704
52 0.72291666666667 0.4537037037037 0.014583333333333 0.025925925925926
52 0.565625 0.43703703703704 0.014583333333333 0.022222222222222
52 0.31614583333333 0.73703703703704 0.013541666666667 0.018518518518519
52 0.19921875 0.48287037037037 0.0171875 0.028703703703704
52 0.27369791666667 0.88101851851852 0.015104166666667 0.019444444444444
52 0.67786458333333 0.44722222222222 0.015104166666667 0.025925925925926
52 0.93515625 0.47592592592593 0.068229166666667 0.11666666666667
52 0.56770833333333 0.015740740740741 0.013541666666667 0.016666666666667
52 0.21328125 0.625 0.011979166666667 0.018518518518519
52 0.75182291666667 0.41759259259259 0.0098958333333333 0.018518518518519
52 0.7828125 0.67824074074074 0.013541666666667 0.021296296296296
52 0.74817708333333 0.60648148148148 0.0140625 0.022222222222222
52 0.58541666666667 0.65 0.014583333333333 0.025925925925926
52 0.56536458333333 0.49351851851852 0.013020833333333 0.022222222222222
52 0.19375 0.17916666666667 0.020833333333333 0.032407407407407
52 0.66015625 0.57453703703704 0.016145833333333 0.028703703703704
52 0.32291666666667 0.51990740740741 0.013541666666667 0.021296296296296
52 0.84609375 0.098148148148148 0.011979166666667 0.018518518518519
52 0.90260416666667 0.27222222222222 0.015625 0.024074074074074
52 0.684375 0.38703703703704 0.0125 0.02037037037037
52 0.85416666666667 0.40185185185185 0.013541666666667 0.02037037037037
52 0.5359375 0.1462962962963 0.020833333333333 0.031481481481481
52 0.44869791666667 0.225 0.013020833333333 0.02037037037037
52 0.11171875 0.51296296296296 0.0171875 0.027777777777778
52 0.41067708333333 0.4787037037037 0.0109375 0.018518518518519
52 0.734375 0.078240740740741 0.0125 0.019444444444444
52 0.22890625 0.68888888888889 0.011979166666667 0.018518518518519
52 0.48776041666667 0.43287037037037 0.011979166666667 0.019444444444444
52 0.2015625 0.7212962962963 0.0125 0.02037037037037
52 0.19010416666667 0.90416666666667 0.0125 0.019444444444444
52 0.82708333333333 0.24398148148148 0.015625 0.026851851851852
52 0.65885416666667 0.62453703703704 0.013541666666667 0.025
52 0.92734375 0.54027777777778 0.011979166666667 0.019444444444444
52 0.28072916666667 0.52222222222222 0.014583333333333 0.025925925925926
52 0.21432291666667 0.54861111111111 0.0140625 0.023148148148148
52 0.8609375 0.59722222222222 0.016666666666667 0.025925925925926
52 0.41458333333333 0.80787037037037 0.014583333333333 0.023148148148148
52 0.89791666666667 0.98240740740741 0.014583333333333 0.02037037037037
52 0.63125 0.20277777777778 0.023958333333333 0.033333333333333
52 0.75546875 0.71481481481481 0.011979166666667 0.016666666666667
52 0.39557291666667 0.53009259259259 0.018229166666667 0.030555555555556
52 0.80494791666667 0.7037037037037 0.013020833333333 0.022222222222222
52 0.0890625 0.52268518518519 0.020833333333333 0.034259259259259
52 0.32213541666667 0.56435185185185 0.015104166666667 0.025
52 0.49791666666667 0.29675925925926 0.014583333333333 0.025
52 0.96979166666667 0.3037037037037 0.011458333333333 0.018518518518519
52 0.56119791666667 0.096759259259259 0.018229166666667 0.023148148148148
52 0.51979166666667 0.50833333333333 0.010416666666667 0.018518518518519
52 0.47135416666667 0.49675925925926 0.015625 0.021296296296296
52 0.68828125 0.038425925925926 0.011979166666667 0.017592592592593
52 0.65078125 0.7412037037037 0.015104166666667 0.026851851851852
52 0.45364583333333 0.48055555555556 0.011458333333333 0.016666666666667
52 0.50729166666667 0.46111111111111 0.011458333333333 0.018518518518519
52 0.5453125 0.2662037037037 0.0125 0.017592592592593
52 0.71875 0.54583333333333 0.011458333333333 0.019444444444444
52 0.52578125 0.38101851851852 0.013020833333333 0.021296296296296
52 0.80078125 0.64212962962963 0.013020833333333 0.021296296296296
52 0.3578125 0.72453703703704 0.020833333333333 0.032407407407407
52 0.95234375 0.36944444444444 0.011979166666667 0.02037037037037
52 0.56276041666667 0.050462962962963 0.016145833333333 0.028703703703704
52 0.45182291666667 0.55833333333333 0.011979166666667 0.018518518518519
52 0.35989583333333 0.61527777777778 0.01875 0.034259259259259
52 0.95859375 0.75462962962963 0.0109375 0.018518518518519
52 0.45390625 0.6912037037037 0.0109375 0.017592592592593
52 0.90364583333333 0.74675925925926 0.014583333333333 0.023148148148148
52 0.36276041666667 0.27592592592593 0.0203125 0.035185185185185
52 0.31901041666667 0.52453703703704 0.0109375 0.019444444444444
52 0.51510416666667 0.51990740740741 0.014583333333333 0.025
52 0.55390625 0.45833333333333 0.0098958333333333 0.018518518518519
52 0.81901041666667 0.49675925925926 0.015104166666667 0.025
52 0.46770833333333 0.53472222222222 0.016666666666667 0.026851851851852
52 0.73567708333333 0.51990740740741 0.015104166666667 0.025
52 0.86432291666667 0.1462962962963 0.0203125 0.031481481481481
52 0.56458333333333 0.14861111111111 0.014583333333333 0.023148148148148
52 0.50260416666667 0.19027777777778 0.019791666666667 0.032407407407407
52 0.63802083333333 0.55138888888889 0.014583333333333 0.025
52 0.88203125 0.70694444444444 0.0140625 0.023148148148148
52 0.85078125 0.81990740740741 0.011979166666667 0.017592592592593
52 0.40286458333333 0.41388888888889 0.0109375 0.016666666666667
52 0.35911458333333 0.60185185185185 0.016145833333333 0.027777777777778
52 0.19036458333333 0.75416666666667 0.013020833333333 0.021296296296296
52 0.61145833333333 0.25601851851852 0.010416666666667 0.017592592592593
52 0.60963541666667 0.3712962962963 0.0109375 0.02037037037037
52 0.38151041666667 0.34490740740741 0.016145833333333 0.025
52 0.7859375 0.043981481481481 0.013541666666667 0.019444444444444
52 0.80598958333333 0.21898148148148 0.016145833333333 0.025
52 0.746875 0.18425925925926 0.0125 0.02037037037037
52 0.2953125 0.66851851851852 0.011458333333333 0.02037037037037
52 0.76328125 0.86712962962963 0.016145833333333 0.025
52 0.14192708333333 0.1375 0.0296875 0.049074074074074
52 0.63880208333333 0.093981481481481 0.013020833333333 0.019444444444444
52 0.53697916666667 0.25833333333333 0.014583333333333 0.02037037037037
52 0.72057291666667 0.58842592592593 0.013020833333333 0.021296296296296
52 0.68802083333333 0.35555555555556 0.011458333333333 0.018518518518519
52 0.62630208333333 0.35 0.0140625 0.022222222222222
52 0.63229166666667 0.49814814814815 0.013541666666667 0.022222222222222
52 0.68984375 0.44583333333333 0.015104166666667 0.023148148148148
52 0.65859375 0.12222222222222 0.0140625 0.018518518518519
52 0.809375 0.040277777777778 0.013541666666667 0.021296296296296
52 0.86223958333333 0.36388888888889 0.0140625 0.022222222222222
52 0.51432291666667 0.66712962962963 0.011979166666667 0.017592592592593
52 0.240625 0.30648148148148 0.020833333333333 0.033333333333333
52 0.97083333333333 0.51712962962963 0.011458333333333 0.019444444444444
52 0.76432291666667 0.7125 0.011979166666667 0.019444444444444
52 0.82942708333333 0.75972222222222 0.0109375 0.017592592592593
52 0.71145833333333 0.30833333333333 0.016666666666667 0.027777777777778
52 0.54713541666667 0.49675925925926 0.0140625 0.026851851851852
52 0.75833333333333 0.12777777777778 0.011458333333333 0.018518518518519
52 0.60598958333333 0.47083333333333 0.013020833333333 0.021296296296296
52 0.9140625 0.36944444444444 0.011458333333333 0.018518518518519
52 0.39947916666667 0.43935185185185 0.011458333333333 0.019444444444444
52 0.44244791666667 0.77407407407407 0.011979166666667 0.016666666666667
52 0.83229166666667 0.1212962962963 0.01875 0.031481481481481
52 0.42239583333333 0.62361111111111 0.011458333333333 0.019444444444444
52 0.75520833333333 0.46944444444444 0.0125 0.02037037037037
52 0.99140625 0.53055555555556 0.013020833333333 0.022222222222222
52 0.76223958333333 0.21574074074074 0.013020833333333 0.02037037037037
52 0.14739583333333 0.38472222222222 0.019791666666667 0.032407407407407
52 0.49791666666667 0.32916666666667 0.032291666666667 0.058333333333333
52 0.16848958333333 0.66157407407407 0.019270833333333 0.032407407407407
52 0.61015625 0.36157407407407 0.0109375 0.025
52 0.19791666666667 0.9625 0.0125 0.019444444444444
52 0.771875 0.16851851851852 0.015625 0.024074074074074
52 0.9875 0.31712962962963 0.0125 0.021296296296296
52 0.78359375 0.22824074074074 0.0109375 0.017592592592593
52 0.26822916666667 0.8337962962963 0.011458333333333 0.017592592592593
52 0.42421875 0.086111111111111 0.011979166666667 0.018518518518519
52 0.32682291666667 0.69953703703704 0.022395833333333 0.037962962962963
52 0.94557291666667 0.74027777777778 0.015104166666667 0.023148148148148
52 0.41276041666667 0.66435185185185 0.013020833333333 0.021296296296296
52 0.596875 0.625 0.011458333333333 0.02037037037037
52 0.63463541666667 0.27361111111111 0.0140625 0.021296296296296
52 0.97265625 0.14675925925926 0.019270833333333 0.034259259259259
52 0.64609375 0.23101851851852 0.011979166666667 0.017592592592593
52 0.49609375 0.25694444444444 0.011979166666667 0.019444444444444
52 0.71354166666667 0.5087962962963 0.014583333333333 0.025
52 0.44427083333333 0.51018518518519 0.019791666666667 0.02962962962963
52 0.77734375 0.31712962962963 0.013020833333333 0.023148148148148
52 0.33802083333333 0.46574074074074 0.035416666666667 0.061111111111111
52 0.95078125 0.71203703703704 0.011979166666667 0.02037037037037
52 0.6796875 0.57731481481481 0.010416666666667 0.017592592592593
52 0.47864583333333 0.61666666666667 0.0125 0.018518518518519
52 0.5171875 0.074537037037037 0.023958333333333 0.037962962962963
52 0.45104166666667 0.33657407407407 0.0125 0.019444444444444
52 0.55729166666667 0.14027777777778 0.016666666666667 0.023148148148148
52 0.92161458333333 0.61296296296296 0.011979166666667 0.018518518518519
52 0.4703125 0.11990740740741 0.0125 0.019444444444444
52 0.79817708333333 0.40324074074074 0.013020833333333 0.021296296296296
52 0.5234375 0.4462962962963 0.014583333333333 0.024074074074074
52 0.60286458333333 0.097222222222222 0.016145833333333 0.024074074074074
52 0.51041666666667 0.5712962962963 0.011458333333333 0.018518518518519
52 0.59921875 0.46296296296296 0.0171875 0.02962962962963
52 0.571875 0.19398148148148 0.013541666666667 0.021296296296296
52 0.63255208333333 0.63425925925926 0.0109375 0.02037037037037
52 0.59921875 0.10092592592593 0.013020833333333 0.02037037037037
52 0.6453125 0.30324074074074 0.014583333333333 0.026851851851852
52 0.84609375 0.63657407407407 0.0140625 0.023148148148148
52 0.56640625 0.37361111111111 0.013020833333333 0.021296296296296
52 0.46484375 0.23009259259259 0.011979166666667 0.019444444444444
52 0.62447916666667 0.20740740740741 0.020833333333333 0.033333333333333
52 0.67890625 0.26805555555556 0.011979166666667 0.019444444444444