52 0.8890625 0.11157407407407 0.017708333333333 0.028703703703704
52 0.30703125 0.39212962962963 0.0296875 0.050925925925926
52 0.15859375 0.052777777777778 0.019270833333333 0.027777777777778
52 0.71197916666667 0.52824074074074 0.017708333333333 0.030555555555556
52 0.08671875 0.027314814814815 0.027604166666667 0.043518518518519
52 0.70859375 0.41342592592593 0.0171875 0.026851851851852
52 0.34661458333333 0.023148148148148 0.018229166666667 0.027777777777778
52 0.74427083333333 0.012037037037037 0.019791666666667 0.024074074074074
52 0.796875 0.52314814814815 0.017708333333333 0.02962962962963
52 0.24765625 0.27175925925926 0.022395833333333 0.036111111111111
52 0.81848958333333 0.57546296296296 0.0171875 0.028703703703704
52 0.396875 0.64351851851852 0.019791666666667 0.031481481481481
52 0.23802083333333 0.9787037037037 0.021875 0.037037037037037
52 0.19713541666667 0.38009259259259 0.0265625 0.04537037037037
52 0.17838541666667 0.26805555555556 0.0171875 0.026851851851852
52 0.75234375 0.062037037037037 0.018229166666667 0.02962962962963
52 0.87734375 0.45509259259259 0.0171875 0.026851851851852
52 0.81692708333333 0.52777777777778 0.0171875 0.027777777777778
52 0.53072916666667 0.23148148148148 0.01875 0.02962962962963
52 0.82708333333333 0.053240740740741 0.019791666666667 0.028703703703704
52 0.44270833333333 0.45 0.025 0.046296296296296
52 0.5046875 0.40694444444444 0.016666666666667 0.028703703703704
52 0.83333333333333 0.77546296296296 0.016666666666667 0.026851851851852
52 0.271875 0.41527777777778 0.016666666666667 0.028703703703704
52 0.64765625 0.43101851851852 0.021354166666667 0.034259259259259
52 0.70208333333333 0.1712962962963 0.020833333333333 0.027777777777778
52 0.75911458333333 0.1712962962963 0.021354166666667 0.033333333333333
52 0.022395833333333 0.41018518518519 0.044791666666667 0.087037037037037
52 0.20833333333333 0.023611111111111 0.017708333333333 0.026851851851852
52 0.46432291666667 0.099537037037037 0.018229166666667 0.028703703703704
52 0.11171875 0.49074074074074 0.019270833333333 0.031481481481481
52 0.77083333333333 0.11759259259259 0.019791666666667 0.02962962962963
52 0.86692708333333 0.5162037037037 0.0203125 0.034259259259259
52 0.14166666666667 0.4162037037037 0.021875 0.037962962962963
52 0.83515625 0.26481481481481 0.0171875 0.02962962962963
52 0.35104166666667 0.78194444444444 0.017708333333333 0.028703703703704
52 0.53125 0.4037037037037 0.025 0.042592592592593
52 0.10677083333333 0.38888888888889 0.016666666666667 0.027777777777778
52 0.28619791666667 0.25092592592593 0.024479166666667 0.040740740740741
52 0.52395833333333 0.46898148148148 0.016666666666667 0.030555555555556
52 0.86640625 0.16990740740741 0.018229166666667 0.025
52 0.25703125 0.020833333333333 0.018229166666667 0.026851851851852
52 0.1015625 0.4037037037037 0.016666666666667 0.02962962962963
52 0.8703125 0.34027777777778 0.022916666666667 0.036111111111111
52 0.76692708333333 0.16759259259259 0.0234375 0.037037037037037
52 0.86354166666667 0.33194444444444 0.032291666666667 0.05462962962963
52 0.6625 0.37824074074074 0.017708333333333 0.026851851851852
52 0.41380208333333 0.47962962962963 0.0171875 0.02962962962963
52 0.51822916666667 0.47685185185185 0.016666666666667 0.027777777777778
52 0.20885416666667 0.98055555555556 0.022916666666667 0.037037037037037
52 0.60364583333333 0.18333333333333 0.026041666666667 0.038888888888889
52 0.77916666666667 0.12407407407407 0.019791666666667 0.02962962962963
52 0.46276041666667 0.36064814814815 0.0171875 0.026851851851852
52 0.19791666666667 0.44166666666667 0.020833333333333 0.035185185185185
52 0.26380208333333 0.83287037037037 0.019270833333333 0.028703703703704
52 0.35338541666667 0.30972222222222 0.0171875 0.026851851851852
52 0.43359375 0.61759259259259 0.016145833333333 0.027777777777778
52 0.18333333333333 0.87638888888889 0.01875 0.032407407407407
52 0.74765625 0.089351851851852 0.018229166666667 0.028703703703704
52 0.521875 0.091203703703704 0.019791666666667 0.032407407407407
52 0.45338541666667 0.59259259259259 0.0171875 0.02962962962963
52 0.73177083333333 0.22361111111111 0.020833333333333 0.034259259259259
52 0.73385416666667 0.45416666666667 0.019791666666667 0.028703703703704
52 0.128125 0.6412037037037 0.084375 0.16018518518519
52 0.42057291666667 0.38703703703704 0.0171875 0.02962962962963
52 0.33072916666667 0.72916666666667 0.01875 0.028703703703704
52 0.80989583333333 0.080555555555556 0.021875 0.037037037037037
52 0.54869791666667 0.47638888888889 0.0171875 0.030555555555556
52 0.62369791666667 0.093055555555556 0.028645833333333 0.050925925925926
52 0.17942708333333 0.12685185185185 0.025520833333333 0.042592592592593
52 0.21380208333333 0.058333333333333 0.018229166666667 0.025925925925926
52 0.22682291666667 0.29537037037037 0.018229166666667 0.027777777777778
52 0.046354166666667 0.35324074074074 0.01875 0.028703703703704
52 0.39010416666667 0.017592592592593 0.019791666666667 0.02962962962963
52 0.47317708333333 0.31111111111111 0.018229166666667 0.031481481481481
52 0.028645833333333 0.35046296296296 0.016666666666667 0.026851851851852
52 0.60989583333333 0.43101851851852 0.016666666666667 0.028703703703704
52 0.9390625 0.30462962962963 0.017708333333333 0.02962962962963
52 0.13515625 0.15046296296296 0.0171875 0.026851851851852
52 0.48515625 0.42453703703704 0.018229166666667 0.032407407407407
52 0.56536458333333 0.088888888888889 0.0171875 0.027777777777778
52 0.13151041666667 0.39444444444444 0.019270833333333 0.027777777777778
52 0.051822916666667 0.48055555555556 0.019270833333333 0.031481481481481
52 0.54713541666667 0.48703703703704 0.0171875 0.031481481481481
52 0.359375 0.54398148148148 0.017708333333333 0.026851851851852
52 0.46067708333333 0.48657407407407 0.016145833333333 0.030555555555556
52 0.16692708333333 0.93148148148148 0.022395833333333 0.038888888888889
52 0.196875 0.16759259259259 0.021875 0.033333333333333
52 0.12473958333333 0.73703703703704 0.016145833333333 0.027777777777778
52 0.21041666666667 0.038425925925926 0.017708333333333 0.032407407407407
52 0.30911458333333 0.12777777777778 0.0171875 0.025925925925926
52 0.16692708333333 0.075 0.022395833333333 0.035185185185185
52 0.25234375 0.75046296296296 0.019270833333333 0.034259259259259
52 0.2453125 0.34768518518519 0.021875 0.037962962962963
52 0.23723958333333 0.40833333333333 0.022395833333333 0.040740740740741
52 0.87916666666667 0.29351851851852 0.016666666666667 0.027777777777778
52 0.25989583333333 0.19490740740741 0.01875 0.028703703703704
52 0.011979166666667 0.46435185185185 0.016666666666667 0.028703703703704
52 0.840625 0.25462962962963 0.017708333333333 0.027777777777778
52 0.32161458333333 0.81898148148148 0.0171875 0.028703703703704
52 0.59921875 0.10185185185185 0.018229166666667 0.02962962962963
52 0.74453125 0.55694444444444 0.016145833333333 0.028703703703704
52 0.28229166666667 0.29444444444444 0.016666666666667 0.027777777777778
52 0.31354166666667 0.50324074074074 0.017708333333333 0.030555555555556
52 0.75703125 0.30046296296296 0.019270833333333 0.025
52 0.27552083333333 0.47453703703704 0.01875 0.030555555555556
52 0.33984375 0.60787037037037 0.0171875 0.028703703703704
52 0.28776041666667 0.69953703703704 0.059895833333333 0.10648148148148
52 0.55494791666667 0.12546296296296 0.021354166666667 0.034259259259259
52 0.97369791666667 0.34907407407407 0.016145833333333 0.027777777777778
52 0.39791666666667 0.28657407407407 0.016666666666667 0.026851851851852
52 0.3765625 0.44166666666667 0.01875 0.033333333333333
52 0.28333333333333 0.069907407407407 0.026041666666667 0.043518518518519