52 0.92786458333333 0.12083333333333 0.0171875 0.028703703703704
52 0.84140625 0.23935185185185 0.022395833333333 0.041666666666667
52 0.91458333333333 0.15277777777778 0.025 0.046296296296296
52 0.984375 0.21851851851852 0.014583333333333 0.024074074074074
52 0.76119791666667 0.1087962962963 0.0234375 0.039814814814815
52 0.15911458333333 0.12037037037037 0.021354166666667 0.02962962962963
52 0.78020833333333 0.18657407407407 0.016666666666667 0.026851851851852
52 0.84453125 0.057407407407407 0.016145833333333 0.024074074074074
52 0.95442708333333 0.026388888888889 0.0390625 0.052777777777778
52 0.13072916666667 0.011574074074074 0.021875 0.023148148148148
52 0.36380208333333 0.055092592592593 0.018229166666667 0.028703703703704
52 0.74322916666667 0.076388888888889 0.015625 0.026851851851852
52 0.65442708333333 0.26064814814815 0.021354166666667 0.036111111111111
52 0.79036458333333 0.25694444444444 0.016145833333333 0.026851851851852
52 0.23828125 0.1625 0.018229166666667 0.028703703703704
52 0.40130208333333 0.096296296296296 0.018229166666667 0.02962962962963
52 0.76927083333333 0.065277777777778 0.016666666666667 0.026851851851852
52 0.69244791666667 0.22638888888889 0.018229166666667 0.028703703703704
52 0.3671875 0.10462962962963 0.017708333333333 0.027777777777778
52 0.30625 0.2037037037037 0.017708333333333 0.027777777777778
52 0.22395833333333 0.42361111111111 0.077083333333333 0.13611111111111
52 0.37135416666667 0.21111111111111 0.022916666666667 0.037037037037037
52 0.5296875 0.018981481481481 0.019791666666667 0.032407407407407
52 0.10598958333333 0.22222222222222 0.015104166666667 0.024074074074074
52 0.48255208333333 0.31944444444444 0.024479166666667 0.038888888888889
52 0.034895833333333 0.37638888888889 0.027083333333333 0.050925925925926
52 0.17161458333333 0.16712962962963 0.016145833333333 0.025
52 0.87994791666667 0.11574074074074 0.016145833333333 0.025925925925926
52 0.79166666666667 0.12361111111111 0.016666666666667 0.026851851851852
52 0.39895833333333 0.19027777777778 0.027083333333333 0.047222222222222
52 0.79947916666667 0.043518518518519 0.015625 0.024074074074074
52 0.52526041666667 0.27175925925926 0.0171875 0.030555555555556
52 0.26588541666667 0.18240740740741 0.021354166666667 0.035185185185185
52 0.040885416666667 0.12916666666667 0.021354166666667 0.036111111111111
52 0.390625 0.045833333333333 0.028125 0.047222222222222
52 0.07734375 0.16388888888889 0.019270833333333 0.031481481481481
52 0.24505208333333 0.11111111111111 0.028645833333333 0.05
52 0.69010416666667 0.024537037037037 0.016666666666667 0.026851851851852
52 0.015104166666667 0.08287037037037 0.017708333333333 0.030555555555556
52 0.86848958333333 0.063888888888889 0.0296875 0.051851851851852
52 0.1703125 0.29537037037037 0.015625 0.025925925925926
52 0.27057291666667 0.28703703703704 0.018229166666667 0.033333333333333
52 0.2 0.3087962962963 0.015625 0.026851851851852
52 0.36458333333333 0.275 0.013541666666667 0.024074074074074
52 0.32578125 0.05787037037037 0.022395833333333 0.036111111111111
52 0.69140625 0.28240740740741 0.018229166666667 0.033333333333333
52 0.55208333333333 0.30648148148148 0.015625 0.025925925925926
52 0.63177083333333 0.16527777777778 0.016666666666667 0.028703703703704
52 0.97057291666667 0.13148148148148 0.0140625 0.024074074074074
52 0.69192708333333 0.063425925925926 0.015104166666667 0.025
52 0.9296875 0.20833333333333 0.014583333333333 0.024074074074074
52 0.069010416666667 0.26296296296296 0.018229166666667 0.02962962962963
52 0.41145833333333 0.12268518518519 0.017708333333333 0.028703703703704
52 0.92760416666667 0.28194444444444 0.016666666666667 0.026851851851852
52 0.54270833333333 0.22638888888889 0.014583333333333 0.026851851851852
52 0.13463541666667 0.042592592592593 0.0171875 0.025925925925926
52 0.65182291666667 0.19305555555556 0.015104166666667 0.025
52 0.19140625 0.18148148148148 0.0171875 0.027777777777778
52 0.91614583333333 0.027777777777778 0.036458333333333 0.055555555555556
52 0.60833333333333 0.075 0.019791666666667 0.035185185185185
52 0.35911458333333 0.12361111111111 0.0171875 0.028703703703704
52 0.06171875 0.051851851851852 0.015104166666667 0.022222222222222
52 0.88880208333333 0.17083333333333 0.019270833333333 0.030555555555556
52 0.60598958333333 0.26944444444444 0.015104166666667 0.025925925925926
52 0.22708333333333 0.13935185185185 0.023958333333333 0.039814814814815
52 0.45755208333333 0.27361111111111 0.018229166666667 0.032407407407407
52 0.42109375 0.037962962962963 0.024479166666667 0.042592592592593
52 0.10494791666667 0.16111111111111 0.0203125 0.033333333333333
52 0.30703125 0.16574074074074 0.0171875 0.027777777777778
52 0.22552083333333 0.17962962962963 0.023958333333333 0.040740740740741
52 0.65494791666667 0.019444444444444 0.027604166666667 0.038888888888889
52 0.121875 0.011574074074074 0.019791666666667 0.023148148148148
52 0.84765625 0.0125 0.0171875 0.025
52 0.74244791666667 0.20185185185185 0.0140625 0.024074074074074
52 0.62526041666667 0.21805555555556 0.0140625 0.023148148148148
52 0.54609375 0.24768518518519 0.013020833333333 0.023148148148148
52 0.2 0.028240740740741 0.020833333333333 0.030555555555556
52 0.65364583333333 0.045833333333333 0.032291666666667 0.056481481481481
52 0.71484375 0.19953703703704 0.015104166666667 0.025
52 0.81770833333333 0.027777777777778 0.040625 0.055555555555556
52 0.90442708333333 0.060648148148148 0.021354166666667 0.034259259259259
52 0.87552083333333 0.025925925925926 0.017708333333333 0.027777777777778
52 0.84270833333333 0.1962962962963 0.019791666666667 0.031481481481481
52 0.34505208333333 0.27777777777778 0.0140625 0.024074074074074
52 0.86276041666667 0.17361111111111 0.0140625 0.023148148148148
52 0.28177083333333 0.11435185185185 0.017708333333333 0.028703703703704
52 0.5953125 0.1087962962963 0.015625 0.026851851851852
52 0.659375 0.15833333333333 0.021875 0.038888888888889
52 0.65390625 0.010648148148148 0.019270833333333 0.021296296296296
52 0.31171875 0.29537037037037 0.016145833333333 0.027777777777778