52 0.05859375 0.36296296296296 0.021354166666667 0.037037037037037
52 0.41145833333333 0.3837962962963 0.059375 0.10833333333333
52 0.64453125 0.54537037037037 0.040104166666667 0.072222222222222
52 0.85755208333333 0.031944444444444 0.0484375 0.063888888888889
52 0.67630208333333 0.17731481481481 0.059895833333333 0.11018518518519
52 0.95598958333333 0.22037037037037 0.056770833333333 0.10185185185185
52 0.6296875 0.36805555555556 0.035416666666667 0.060185185185185
52 0.3515625 0.048148148148148 0.066666666666667 0.096296296296296
52 0.34583333333333 0.63564814814815 0.076041666666667 0.13240740740741
52 0.4640625 0.58148148148148 0.04375 0.077777777777778
52 0.184375 0.72546296296296 0.046875 0.082407407407407
52 0.98098958333333 0.62592592592593 0.0359375 0.072222222222222
52 0.89635416666667 0.018518518518519 0.035416666666667 0.037037037037037
52 0.55546875 0.7 0.055729166666667 0.10555555555556
52 0.67265625 0.093055555555556 0.047395833333333 0.080555555555556
52 0.55494791666667 0.3462962962963 0.0515625 0.087037037037037
52 0.87135416666667 0.17407407407407 0.05 0.087037037037037
52 0.74583333333333 0.36481481481481 0.01875 0.033333333333333
52 0.796875 0.425 0.04375 0.074074074074074
52 0.81901041666667 0.44074074074074 0.030729166666667 0.055555555555556
52 0.1609375 0.52083333333333 0.022916666666667 0.039814814814815
52 0.0890625 0.29027777777778 0.025 0.041666666666667
52 0.96067708333333 0.36388888888889 0.031770833333333 0.053703703703704
52 0.53854166666667 0.60555555555556 0.042708333333333 0.072222222222222
52 0.45859375 0.07037037037037 0.080729166666667 0.14074074074074
52 0.23854166666667 0.61944444444444 0.046875 0.081481481481481
52 0.88984375 0.51064814814815 0.053645833333333 0.086111111111111
52 0.70703125 0.35694444444444 0.018229166666667 0.030555555555556
52 0.51302083333333 0.46944444444444 0.042708333333333 0.075925925925926
52 0.8625 0.13148148148148 0.023958333333333 0.037037037037037
52 0.75520833333333 0.021759259259259 0.0375 0.043518518518519
52 0.76223958333333 0.49398148148148 0.0359375 0.063888888888889
52 0.63177083333333 0.66898148148148 0.034375 0.058333333333333
52 0.7078125 0.55416666666667 0.053125 0.09537037037037
52 0.90833333333333 0.25231481481481 0.021875 0.037962962962963
52 0.50833333333333 0.6087962962963 0.042708333333333 0.076851851851852
52 0.39609375 0.48981481481481 0.044270833333333 0.077777777777778
52 0.57239583333333 0.21851851851852 0.034375 0.059259259259259
52 0.64713541666667 0.40046296296296 0.025520833333333 0.043518518518519
52 0.94427083333333 0.425 0.055208333333333 0.096296296296296
52 0.046354166666667 0.69074074074074 0.071875 0.13333333333333
52 0.85807291666667 0.45416666666667 0.0578125 0.10833333333333
52 0.83255208333333 0.18472222222222 0.025520833333333 0.047222222222222
52 0.19114583333333 0.28194444444444 0.022916666666667 0.039814814814815
52 0.57057291666667 0.5037037037037 0.0203125 0.035185185185185
52 0.49583333333333 0.37824074074074 0.019791666666667 0.032407407407407
52 0.00703125 0.52175925925926 0.0140625 0.039814814814815
52 0.80703125 0.026851851851852 0.044270833333333 0.053703703703704
52 0.315625 0.53981481481481 0.057291666666667 0.083333333333333
52 0.70520833333333 0.17685185185185 0.016666666666667 0.027777777777778
52 0.0203125 0.59166666666667 0.040625 0.1037037037037
52 0.5109375 0.68564814814815 0.035416666666667 0.060185185185185
52 0.39791666666667 0.072222222222222 0.076041666666667 0.14259259259259
52 0.6234375 0.13657407407407 0.051041666666667 0.089814814814815
52 0.28880208333333 0.52407407407407 0.043229166666667 0.077777777777778
52 0.87161458333333 0.47731481481481 0.066145833333333 0.11203703703704
52 0.409375 0.19814814814815 0.053125 0.096296296296296
52 0.80026041666667 0.5587962962963 0.052604166666667 0.093518518518519
52 0.4375 0.64814814814815 0.05625 0.090740740740741
52 0.57057291666667 0.45324074074074 0.036979166666667 0.067592592592593