52 0.95078125 0.10277777777778 0.0453125 0.068518518518519
52 0.97213541666667 0.89074074074074 0.0421875 0.07037037037037
52 0.43359375 0.33101851851852 0.0390625 0.060185185185185
52 0.98359375 0.76527777777778 0.030729166666667 0.063888888888889
52 0.61119791666667 0.11574074074074 0.034895833333333 0.046296296296296
52 0.91197916666667 0.52361111111111 0.032291666666667 0.043518518518519
52 0.21640625 0.73981481481481 0.0296875 0.040740740740741
52 0.0098958333333333 0.5162037037037 0.019791666666667 0.052777777777778
52 0.054427083333333 0.66759259259259 0.025520833333333 0.037037037037037
52 0.98177083333333 0.98564814814815 0.041666666666667 0.026851851851852
52 0.42395833333333 0.55787037037037 0.026041666666667 0.036111111111111
52 0.3359375 0.3412037037037 0.026041666666667 0.036111111111111
52 0.21145833333333 0.90185185185185 0.025 0.033333333333333
52 0.371875 0.63101851851852 0.022916666666667 0.028703703703704
52 0.11276041666667 0.11805555555556 0.022395833333333 0.028703703703704
52 0.43255208333333 0.35787037037037 0.022395833333333 0.028703703703704
52 0.26796875 0.5125 0.021354166666667 0.028703703703704
52 0.99010416666667 0.018055555555556 0.01875 0.032407407407407
52 0.17135416666667 0.36064814814815 0.021875 0.026851851851852
52 0.93385416666667 0.10092592592593 0.020833333333333 0.027777777777778
52 0.28567708333333 0.66203703703704 0.021354166666667 0.025925925925926
52 0.018229166666667 0.55046296296296 0.019791666666667 0.026851851851852
52 0.59557291666667 0.18194444444444 0.0203125 0.025
52 0.26979166666667 0.34074074074074 0.019791666666667 0.025925925925926
52 0.13515625 0.45555555555556 0.019270833333333 0.024074074074074
52 0.71588541666667 0.5125 0.018229166666667 0.023148148148148
52 0.063020833333333 0.60694444444444 0.017708333333333 0.023148148148148
52 0.73697916666667 0.44861111111111 0.017708333333333 0.021296296296296
52 0.66302083333333 0.55046296296296 0.016666666666667 0.021296296296296
52 0.72135416666667 0.56851851851852 0.016666666666667 0.02037037037037
52 0.17161458333333 0.54814814814815 0.016145833333333 0.02037037037037
52 0.43958333333333 0.46388888888889 0.016666666666667 0.02037037037037
52 0.98359375 0.62638888888889 0.016145833333333 0.021296296296296
52 0.7265625 0.10740740740741 0.015625 0.02037037037037
52 0.23046875 0.56296296296296 0.016145833333333 0.02037037037037
52 0.33385416666667 0.45231481481481 0.015625 0.019444444444444
52 0.97369791666667 0.51296296296296 0.015104166666667 0.02037037037037
52 0.825 0.3162037037037 0.015625 0.019444444444444
52 0.10286458333333 0.41898148148148 0.015104166666667 0.019444444444444
52 0.26484375 0.55787037037037 0.015104166666667 0.019444444444444
52 0.27005208333333 0.27175925925926 0.015104166666667 0.019444444444444
52 0.353125 0.05787037037037 0.014583333333333 0.019444444444444
52 0.95390625 0.19953703703704 0.0140625 0.019444444444444
52 0.82369791666667 0.12314814814815 0.015104166666667 0.018518518518519
52 0.11041666666667 0.66018518518519 0.014583333333333 0.018518518518519
52 0.44322916666667 0.49537037037037 0.014583333333333 0.018518518518519
52 0.22317708333333 0.26296296296296 0.0140625 0.018518518518519
52 0.35572916666667 0.46527777777778 0.013541666666667 0.017592592592593
52 0.18802083333333 0.39861111111111 0.013541666666667 0.017592592592593
52 0.10026041666667 0.46898148148148 0.013020833333333 0.017592592592593
52 0.89739583333333 0.40416666666667 0.013541666666667 0.017592592592593
52 0.27552083333333 0.43518518518519 0.0125 0.016666666666667