52 0.30286458333333 0.018518518518519 0.013020833333333 0.016666666666667
52 0.053385416666667 0.07037037037037 0.0265625 0.042592592592593
52 0.98072916666667 0.011111111111111 0.013541666666667 0.018518518518519
52 0.93046875 0.24722222222222 0.0265625 0.046296296296296
52 0.9875 0.32962962962963 0.01875 0.031481481481481
52 0.36458333333333 0.041666666666667 0.013541666666667 0.02037037037037
52 0.28697916666667 0.018518518518519 0.0125 0.018518518518519
52 0.88177083333333 0.49953703703704 0.029166666666667 0.050925925925926
52 0.65052083333333 0.46759259259259 0.021875 0.037037037037037
52 0.57161458333333 0.57175925925926 0.0359375 0.063888888888889
52 0.01640625 0.015277777777778 0.021354166666667 0.030555555555556
52 0.02734375 0.19675925925926 0.0234375 0.04537037037037
52 0.89583333333333 0.052314814814815 0.011458333333333 0.017592592592593
52 0.13463541666667 0.50833333333333 0.0484375 0.085185185185185
52 0.90625 0.30555555555556 0.0375 0.068518518518519
52 0.11041666666667 0.049537037037037 0.016666666666667 0.025
52 0.96067708333333 0.37777777777778 0.0203125 0.035185185185185
52 0.40807291666667 0.015740740740741 0.0140625 0.018518518518519
52 0.23307291666667 0.028240740740741 0.013020833333333 0.019444444444444
52 0.85286458333333 0.058796296296296 0.015104166666667 0.019444444444444