52 0.44296875 0.74166666666667 0.0140625 0.022222222222222
52 0.63541666666667 0.48194444444444 0.01875 0.036111111111111
52 0.67265625 0.2162037037037 0.0140625 0.021296296296296
52 0.24791666666667 0.010648148148148 0.014583333333333 0.021296296296296
52 0.23151041666667 0.52453703703704 0.013020833333333 0.021296296296296
52 0.32760416666667 0.84722222222222 0.013541666666667 0.02037037037037
52 0.070572916666667 0.59537037037037 0.013020833333333 0.022222222222222
52 0.42213541666667 0.65231481481481 0.015104166666667 0.023148148148148
52 0.73671875 0.98472222222222 0.018229166666667 0.026851851851852
52 0.98489583333333 0.81435185185185 0.030208333333333 0.099074074074074
52 0.66640625 0.28333333333333 0.0140625 0.024074074074074
52 0.5703125 0.3712962962963 0.0125 0.022222222222222
52 0.13932291666667 0.17175925925926 0.0171875 0.026851851851852
52 0.43203125 0.54351851851852 0.013020833333333 0.022222222222222
52 0.92083333333333 0.46666666666667 0.021875 0.040740740740741
52 0.97552083333333 0.55092592592593 0.0125 0.022222222222222
52 0.32630208333333 0.11203703703704 0.018229166666667 0.02962962962963
52 0.68229166666667 0.68888888888889 0.022916666666667 0.042592592592593
52 0.35104166666667 0.60925925925926 0.014583333333333 0.024074074074074
52 0.82890625 0.28240740740741 0.0171875 0.027777777777778
52 0.85885416666667 0.25833333333333 0.020833333333333 0.025925925925926
52 0.92786458333333 0.38935185185185 0.0140625 0.021296296296296
52 0.99114583333333 0.62037037037037 0.0125 0.022222222222222
52 0.6671875 0.88472222222222 0.016666666666667 0.025
52 0.6453125 0.12314814814815 0.013541666666667 0.02037037037037
52 0.71380208333333 0.83657407407407 0.016145833333333 0.026851851851852
52 0.73020833333333 0.72314814814815 0.013541666666667 0.02037037037037
52 0.36822916666667 0.67824074074074 0.014583333333333 0.023148148148148
52 0.13307291666667 0.52407407407407 0.0359375 0.068518518518519
52 0.35755208333333 0.1337962962963 0.0140625 0.023148148148148
52 0.34166666666667 0.69583333333333 0.013541666666667 0.021296296296296
52 0.64557291666667 0.38240740740741 0.0140625 0.02037037037037
52 0.62838541666667 0.53518518518519 0.013020833333333 0.022222222222222
52 0.77109375 0.081481481481481 0.015104166666667 0.025925925925926
52 0.91510416666667 0.59722222222222 0.013541666666667 0.022222222222222
52 0.571875 0.60509259259259 0.019791666666667 0.032407407407407
52 0.71458333333333 0.78796296296296 0.016666666666667 0.027777777777778
52 0.059895833333333 0.25185185185185 0.014583333333333 0.024074074074074
52 0.14635416666667 0.3837962962963 0.013541666666667 0.021296296296296
52 0.40104166666667 0.6537037037037 0.015625 0.024074074074074
52 0.684375 0.46018518518519 0.015625 0.02962962962963
52 0.09375 0.38333333333333 0.019791666666667 0.033333333333333
52 0.048177083333333 0.5962962962963 0.015104166666667 0.025925925925926
52 0.87526041666667 0.87175925925926 0.055729166666667 0.087962962962963
52 0.50520833333333 0.62777777777778 0.026041666666667 0.042592592592593
52 0.82473958333333 0.98842592592593 0.021354166666667 0.023148148148148
52 0.6890625 0.093981481481481 0.021875 0.036111111111111
52 0.15651041666667 0.068518518518519 0.016145833333333 0.024074074074074
52 0.63411458333333 0.91481481481481 0.024479166666667 0.042592592592593
52 0.70416666666667 0.42916666666667 0.013541666666667 0.021296296296296
52 0.97005208333333 0.59768518518519 0.013020833333333 0.023148148148148
52 0.98671875 0.3587962962963 0.0140625 0.025
52 0.7734375 0.55277777777778 0.013541666666667 0.022222222222222
52 0.038802083333333 0.82037037037037 0.013020833333333 0.022222222222222
52 0.44921875 0.50092592592593 0.021354166666667 0.037037037037037
52 0.87552083333333 0.59351851851852 0.016666666666667 0.02962962962963
52 0.28541666666667 0.2125 0.017708333333333 0.028703703703704
52 0.52708333333333 0.76157407407407 0.01875 0.030555555555556
52 0.86354166666667 0.67824074074074 0.025 0.043518518518519
52 0.65234375 0.50787037037037 0.015104166666667 0.023148148148148
52 0.082291666666667 0.15 0.059375 0.11111111111111
52 0.47395833333333 0.7162037037037 0.013541666666667 0.021296296296296
52 0.65234375 0.049074074074074 0.015104166666667 0.024074074074074
52 0.71119791666667 0.56064814814815 0.016145833333333 0.026851851851852
52 0.65651041666667 0.088425925925926 0.018229166666667 0.030555555555556
52 0.78984375 0.83981481481481 0.0171875 0.02962962962963
52 0.290625 0.67638888888889 0.015625 0.023148148148148
52 0.7046875 0.62546296296296 0.038541666666667 0.067592592592593
52 0.82604166666667 0.95462962962963 0.019791666666667 0.033333333333333
52 0.48463541666667 0.19537037037037 0.0140625 0.022222222222222
52 0.48880208333333 0.82546296296296 0.015104166666667 0.023148148148148
52 0.17161458333333 0.34166666666667 0.0171875 0.027777777777778
52 0.65260416666667 0.67175925925926 0.014583333333333 0.026851851851852
52 0.77395833333333 0.25185185185185 0.014583333333333 0.025925925925926
52 0.24036458333333 0.25416666666667 0.016145833333333 0.026851851851852
52 0.032552083333333 0.78564814814815 0.016145833333333 0.026851851851852
52 0.084114583333333 0.8375 0.0171875 0.028703703703704
52 0.090104166666667 0.46157407407407 0.013541666666667 0.023148148148148
52 0.35911458333333 0.51296296296296 0.013020833333333 0.022222222222222
52 0.85625 0.18611111111111 0.014583333333333 0.022222222222222
52 0.69739583333333 0.73564814814815 0.013541666666667 0.021296296296296
52 0.63229166666667 0.2375 0.013541666666667 0.023148148148148
52 0.74817708333333 0.5875 0.016145833333333 0.025
52 0.74583333333333 0.037962962962963 0.01875 0.02962962962963
52 0.62447916666667 0.6 0.013541666666667 0.022222222222222
52 0.63932291666667 0.30694444444444 0.015104166666667 0.023148148148148
52 0.25885416666667 0.46064814814815 0.014583333333333 0.025
52 0.94583333333333 0.24861111111111 0.015625 0.023148148148148
52 0.66979166666667 0.81018518518519 0.015625 0.025925925925926
52 0.42578125 0.79212962962963 0.0140625 0.021296296296296
52 0.3375 0.87546296296296 0.015625 0.025
52 0.84817708333333 0.38518518518519 0.016145833333333 0.025925925925926
52 0.871875 0.78425925925926 0.019791666666667 0.033333333333333
52 0.61041666666667 0.49907407407407 0.015625 0.024074074074074
52 0.049479166666667 0.42083333333333 0.014583333333333 0.025
52 0.82526041666667 0.15509259259259 0.0203125 0.034259259259259
52 0.77005208333333 0.67731481481481 0.013020833333333 0.021296296296296
52 0.35859375 0.55277777777778 0.013020833333333 0.022222222222222
52 0.58802083333333 0.23333333333333 0.014583333333333 0.024074074074074
52 0.79296875 0.39722222222222 0.015104166666667 0.024074074074074
52 0.81927083333333 0.38518518518519 0.0125 0.022222222222222
52 0.40260416666667 0.78055555555556 0.020833333333333 0.035185185185185
52 0.6734375 0.53611111111111 0.013541666666667 0.024074074074074
52 0.375 0.96296296296296 0.061458333333333 0.074074074074074
52 0.57213541666667 0.26712962962963 0.013020833333333 0.021296296296296
52 0.48567708333333 0.23287037037037 0.013020833333333 0.021296296296296
52 0.74140625 0.075 0.0140625 0.022222222222222
52 0.71640625 0.32962962962963 0.0140625 0.022222222222222
52 0.42682291666667 0.65509259259259 0.0171875 0.025
52 0.96171875 0.20046296296296 0.022395833333333 0.041666666666667
52 0.15338541666667 0.52083333333333 0.0171875 0.028703703703704
52 0.90208333333333 0.37037037037037 0.013541666666667 0.022222222222222
52 0.63854166666667 0.46898148148148 0.01875 0.034259259259259
52 0.83307291666667 0.61851851851852 0.0296875 0.051851851851852
52 0.033333333333333 0.010185185185185 0.019791666666667 0.02037037037037
52 0.73411458333333 0.68240740740741 0.027604166666667 0.05
52 0.99375 0.65231481481481 0.0125 0.025
52 0.35677083333333 0.010648148148148 0.019791666666667 0.021296296296296
52 0.45807291666667 0.79305555555556 0.0140625 0.021296296296296
52 0.37526041666667 0.67222222222222 0.0140625 0.022222222222222
52 0.41067708333333 0.12083333333333 0.031770833333333 0.058333333333333
52 0.85338541666667 0.97314814814815 0.015104166666667 0.024074074074074
52 0.97265625 0.49259259259259 0.013020833333333 0.022222222222222
52 0.41015625 0.32037037037037 0.015104166666667 0.024074074074074
52 0.2734375 0.34675925925926 0.014583333333333 0.023148148148148
52 0.42161458333333 0.59722222222222 0.0140625 0.022222222222222
52 0.045833333333333 0.31990740740741 0.01875 0.032407407407407
52 0.8546875 0.72916666666667 0.014583333333333 0.023148148148148
52 0.78671875 0.15648148148148 0.0171875 0.02962962962963
52 0.019010416666667 0.47824074074074 0.016145833333333 0.030555555555556
52 0.72421875 0.72314814814815 0.0140625 0.02037037037037
52 0.48411458333333 0.54027777777778 0.0234375 0.039814814814815
52 0.60208333333333 0.0375 0.014583333333333 0.021296296296296
52 0.76510416666667 0.43009259259259 0.013541666666667 0.023148148148148
52 0.36588541666667 0.43842592592593 0.013020833333333 0.023148148148148