52 0.55963541666667 0.74074074074074 0.0140625 0.022222222222222
52 0.30885416666667 0.22962962962963 0.020833333333333 0.033333333333333
52 0.81588541666667 0.63981481481481 0.015104166666667 0.024074074074074
52 0.046614583333333 0.50833333333333 0.016145833333333 0.025925925925926
52 0.6734375 0.7037037037037 0.067708333333333 0.14259259259259
52 0.11848958333333 0.33518518518519 0.016145833333333 0.024074074074074
52 0.41770833333333 0.56157407407407 0.0125 0.021296296296296
52 0.01328125 0.70833333333333 0.013020833333333 0.022222222222222
52 0.10364583333333 0.60509259259259 0.014583333333333 0.023148148148148
52 0.80885416666667 0.84583333333333 0.014583333333333 0.023148148148148
52 0.32682291666667 0.85046296296296 0.0140625 0.021296296296296
52 0.44244791666667 0.52962962962963 0.013020833333333 0.02037037037037
52 0.35364583333333 0.19537037037037 0.016666666666667 0.025925925925926
52 0.5265625 0.69490740740741 0.044791666666667 0.075
52 0.81380208333333 0.39953703703704 0.0171875 0.030555555555556
52 0.109375 0.64398148148148 0.014583333333333 0.023148148148148
52 0.13776041666667 0.29768518518519 0.016145833333333 0.025
52 0.4125 0.42453703703704 0.0125 0.021296296296296
52 0.75260416666667 0.15694444444444 0.022916666666667 0.039814814814815
52 0.75338541666667 0.47685185185185 0.0203125 0.033333333333333
52 0.82135416666667 0.36527777777778 0.013541666666667 0.023148148148148
52 0.33645833333333 0.66712962962963 0.015625 0.025
52 0.69036458333333 0.8962962962963 0.015104166666667 0.025925925925926
52 0.60234375 0.076388888888889 0.015104166666667 0.023148148148148
52 0.85859375 0.68703703703704 0.0171875 0.02962962962963
52 0.076302083333333 0.65740740740741 0.0171875 0.027777777777778
52 0.84166666666667 0.88009259259259 0.013541666666667 0.021296296296296
52 0.62317708333333 0.61805555555556 0.0140625 0.023148148148148
52 0.58489583333333 0.65231481481481 0.016666666666667 0.026851851851852
52 0.073958333333333 0.31527777777778 0.015625 0.026851851851852
52 0.78307291666667 0.87453703703704 0.030729166666667 0.050925925925926
52 0.48828125 0.88518518518519 0.016145833333333 0.024074074074074
52 0.4765625 0.66898148148148 0.017708333333333 0.026851851851852
52 0.671875 0.79675925925926 0.014583333333333 0.023148148148148
52 0.60963541666667 0.65046296296296 0.0140625 0.023148148148148
52 0.81901041666667 0.40648148148148 0.018229166666667 0.031481481481481
52 0.24973958333333 0.33472222222222 0.0140625 0.021296296296296
52 0.0890625 0.15787037037037 0.015625 0.023148148148148
52 0.83828125 0.4837962962963 0.011979166666667 0.021296296296296
52 0.603125 0.72037037037037 0.013541666666667 0.022222222222222
52 0.78463541666667 0.325 0.015104166666667 0.024074074074074
52 0.29583333333333 0.35972222222222 0.0125 0.021296296296296
52 0.44557291666667 0.96666666666667 0.052604166666667 0.066666666666667
52 0.5421875 0.61342592592593 0.01875 0.032407407407407
52 0.097916666666667 0.68055555555556 0.015625 0.025925925925926
52 0.64817708333333 0.4587962962963 0.015104166666667 0.025
52 0.09453125 0.090277777777778 0.030729166666667 0.049074074074074
52 0.68671875 0.15787037037037 0.0140625 0.021296296296296
52 0.88958333333333 0.49768518518519 0.021875 0.036111111111111
52 0.4828125 0.78009259259259 0.014583333333333 0.023148148148148
52 0.40963541666667 0.59351851851852 0.016145833333333 0.025925925925926
52 0.67786458333333 0.022222222222222 0.0171875 0.025925925925926
52 0.10338541666667 0.15092592592593 0.0171875 0.024074074074074
52 0.77135416666667 0.42453703703704 0.0125 0.021296296296296
52 0.38098958333333 0.96574074074074 0.0546875 0.068518518518519
52 0.77864583333333 0.50462962962963 0.013541666666667 0.02037037037037
52 0.36354166666667 0.8875 0.016666666666667 0.025
52 0.50989583333333 0.14953703703704 0.013541666666667 0.021296296296296
52 0.553125 0.66203703703704 0.013541666666667 0.022222222222222
52 0.8015625 0.73148148148148 0.013541666666667 0.022222222222222
52 0.51640625 0.3712962962963 0.0140625 0.022222222222222
52 0.071875 0.29814814814815 0.014583333333333 0.024074074074074
52 0.28776041666667 0.33657407407407 0.013020833333333 0.021296296296296
52 0.26536458333333 0.1125 0.021354166666667 0.034259259259259
52 0.13828125 0.068518518518519 0.019270833333333 0.02962962962963
52 0.57265625 0.61435185185185 0.016145833333333 0.025
52 0.53151041666667 0.27685185185185 0.0265625 0.048148148148148
52 0.063541666666667 0.011574074074074 0.021875 0.023148148148148
52 0.7625 0.6587962962963 0.015625 0.026851851851852
52 0.840625 0.25972222222222 0.013541666666667 0.021296296296296
52 0.3375 0.30648148148148 0.013541666666667 0.022222222222222
52 0.37552083333333 0.73240740740741 0.017708333333333 0.027777777777778
52 0.52161458333333 0.52916666666667 0.0140625 0.023148148148148
52 0.78697916666667 0.33148148148148 0.021875 0.033333333333333
52 0.21380208333333 0.56574074074074 0.0140625 0.024074074074074
52 0.39453125 0.82638888888889 0.013020833333333 0.019444444444444
52 0.71458333333333 0.66990740740741 0.020833333333333 0.034259259259259
52 0.80260416666667 0.27175925925926 0.014583333333333 0.025
52 0.4890625 0.81944444444444 0.029166666666667 0.046296296296296
52 0.65989583333333 0.39675925925926 0.01875 0.028703703703704
52 0.06953125 0.2375 0.0296875 0.049074074074074
52 0.07109375 0.5662037037037 0.0140625 0.023148148148148
52 0.809375 0.60277777777778 0.0125 0.022222222222222
52 0.93880208333333 0.49953703703704 0.015104166666667 0.025
52 0.89635416666667 0.7462962962963 0.016666666666667 0.027777777777778
52 0.0059895833333333 0.63101851851852 0.011979166666667 0.037962962962963
52 0.75807291666667 0.54907407407407 0.0140625 0.024074074074074
52 0.0088541666666667 0.27361111111111 0.015625 0.028703703703704
52 0.525 0.83148148148148 0.01875 0.02962962962963
52 0.087760416666667 0.61898148148148 0.0140625 0.023148148148148
52 0.99088541666667 0.94722222222222 0.016145833333333 0.027777777777778
52 0.8703125 0.42916666666667 0.029166666666667 0.052777777777778
52 0.94375 0.44722222222222 0.022916666666667 0.040740740740741
52 0.84088541666667 0.15185185185185 0.0140625 0.022222222222222
52 0.12994791666667 0.096296296296296 0.016145833333333 0.024074074074074
52 0.30807291666667 0.037962962962963 0.015104166666667 0.022222222222222
52 0.55729166666667 0.58194444444444 0.021875 0.036111111111111
52 0.045833333333333 0.78611111111111 0.054166666666667 0.087037037037037
52 0.85286458333333 0.75185185185185 0.019270833333333 0.033333333333333
52 0.96458333333333 0.86944444444444 0.015625 0.025925925925926
52 0.87526041666667 0.53194444444444 0.016145833333333 0.028703703703704
52 0.7046875 0.58425925925926 0.033333333333333 0.059259259259259
52 0.86536458333333 0.82222222222222 0.018229166666667 0.02962962962963
52 0.06015625 0.70185185185185 0.013020833333333 0.022222222222222
52 0.91927083333333 0.71296296296296 0.019791666666667 0.033333333333333
52 0.940625 0.30277777777778 0.017708333333333 0.024074074074074
52 0.8046875 0.80833333333333 0.015625 0.024074074074074
52 0.95520833333333 0.98703703703704 0.022916666666667 0.025925925925926
52 0.48619791666667 0.13842592592593 0.015104166666667 0.021296296296296
52 0.3515625 0.51805555555556 0.014583333333333 0.025
52 0.7875 0.62037037037037 0.034375 0.061111111111111
52 0.346875 0.34166666666667 0.0125 0.02037037037037
52 0.63385416666667 0.82685185185185 0.022916666666667 0.038888888888889
52 0.21380208333333 0.20185185185185 0.016145833333333 0.024074074074074
52 0.26640625 0.48287037037037 0.015104166666667 0.025
52 0.62239583333333 0.56342592592593 0.017708333333333 0.026851851851852
52 0.75078125 0.50740740740741 0.0203125 0.031481481481481
52 0.05703125 0.66712962962963 0.0171875 0.028703703703704
52 0.8578125 0.6287037037037 0.013541666666667 0.022222222222222