52 0.42265625 0.1712962962963 0.0359375 0.061111111111111
52 0.98567708333333 0.36111111111111 0.018229166666667 0.033333333333333
52 0.28697916666667 0.1337962962963 0.01875 0.028703703703704
52 0.84583333333333 0.4837962962963 0.016666666666667 0.026851851851852
52 0.52395833333333 0.30601851851852 0.015625 0.026851851851852
52 0.4125 0.21990740740741 0.017708333333333 0.028703703703704
52 0.19817708333333 0.55787037037037 0.0171875 0.028703703703704
52 0.91927083333333 0.4287037037037 0.014583333333333 0.02962962962963
52 0.38932291666667 0.82962962962963 0.0171875 0.025925925925926
52 0.76119791666667 0.9587962962963 0.056770833333333 0.082407407407407
52 0.36692708333333 0.15509259259259 0.019270833333333 0.030555555555556
52 0.52734375 0.08287037037037 0.053645833333333 0.087962962962963
52 0.053385416666667 0.063888888888889 0.0171875 0.025925925925926
52 0.76588541666667 0.29166666666667 0.040104166666667 0.07037037037037
52 0.23072916666667 0.60787037037037 0.017708333333333 0.026851851851852
52 0.2140625 0.11342592592593 0.021875 0.036111111111111
52 0.984375 0.81944444444444 0.03125 0.1
52 0.3171875 0.42361111111111 0.03125 0.05462962962963
52 0.93098958333333 0.23055555555556 0.0484375 0.083333333333333
52 0.54869791666667 0.38425925925926 0.0171875 0.025925925925926
52 0.50963541666667 0.34351851851852 0.0171875 0.02962962962963
52 0.02578125 0.17175925925926 0.018229166666667 0.028703703703704
52 0.19947916666667 0.59583333333333 0.020833333333333 0.034259259259259
52 0.43098958333333 0.97037037037037 0.0484375 0.059259259259259
52 0.6890625 0.96435185185185 0.01875 0.030555555555556
52 0.35963541666667 0.10740740740741 0.0171875 0.025925925925926
52 0.058333333333333 0.091203703703704 0.016666666666667 0.025
52 0.98411458333333 0.67222222222222 0.031770833333333 0.088888888888889
52 0.23359375 0.51759259259259 0.016145833333333 0.027777777777778
52 0.83802083333333 0.98564814814815 0.020833333333333 0.028703703703704
52 0.90520833333333 0.67916666666667 0.015625 0.026851851851852
52 0.98229166666667 0.15462962962963 0.017708333333333 0.033333333333333
52 0.60833333333333 0.91898148148148 0.021875 0.030555555555556
52 0.5546875 0.77175925925926 0.016666666666667 0.025
52 0.52421875 0.4162037037037 0.016145833333333 0.026851851851852
52 0.31614583333333 0.74259259259259 0.021875 0.037037037037037
52 0.87083333333333 0.86157407407407 0.060416666666667 0.10462962962963
52 0.98463541666667 0.56342592592593 0.0203125 0.037962962962963
52 0.15963541666667 0.38009259259259 0.024479166666667 0.041666666666667
52 0.79973958333333 0.15138888888889 0.016145833333333 0.026851851851852
52 0.16510416666667 0.18472222222222 0.017708333333333 0.028703703703704
52 0.038802083333333 0.5587962962963 0.016145833333333 0.026851851851852
52 0.18723958333333 0.46388888888889 0.0171875 0.02962962962963
52 0.41302083333333 0.83333333333333 0.017708333333333 0.027777777777778
52 0.140625 0.16203703703704 0.019791666666667 0.02962962962963
52 0.10859375 0.35648148148148 0.018229166666667 0.031481481481481
52 0.90859375 0.17175925925926 0.018229166666667 0.028703703703704
52 0.41770833333333 0.10231481481481 0.017708333333333 0.025
52 0.39192708333333 0.325 0.016145833333333 0.025925925925926
52 0.15520833333333 0.28842592592593 0.041666666666667 0.071296296296296
52 0.24088541666667 0.014351851851852 0.019270833333333 0.025
52 0.51901041666667 0.26666666666667 0.016145833333333 0.027777777777778
52 0.54427083333333 0.85046296296296 0.025 0.043518518518519
52 0.56380208333333 0.5962962962963 0.025520833333333 0.046296296296296
52 0.22552083333333 0.74907407407407 0.022916666666667 0.042592592592593
52 0.37109375 0.60972222222222 0.022395833333333 0.030555555555556
52 0.86015625 0.77546296296296 0.016145833333333 0.026851851851852
52 0.7640625 0.4212962962963 0.019791666666667 0.035185185185185
52 0.29609375 0.5212962962963 0.018229166666667 0.031481481481481
52 0.53411458333333 0.14398148148148 0.022395833333333 0.037962962962963
52 0.01328125 0.46805555555556 0.015104166666667 0.026851851851852
52 0.61171875 0.4537037037037 0.018229166666667 0.02962962962963
52 0.29296875 0.13888888888889 0.018229166666667 0.027777777777778
52 0.086197916666667 0.28842592592593 0.0171875 0.026851851851852
52 0.47447916666667 0.43842592592593 0.016666666666667 0.030555555555556
52 0.70052083333333 0.10092592592593 0.020833333333333 0.035185185185185
52 0.52630208333333 0.66388888888889 0.0328125 0.062962962962963
52 0.77135416666667 0.74490740740741 0.017708333333333 0.030555555555556
52 0.27630208333333 0.3912037037037 0.019270833333333 0.030555555555556
52 0.434375 0.060648148148148 0.019791666666667 0.030555555555556
52 0.34895833333333 0.17638888888889 0.019791666666667 0.028703703703704