52 0.57005208333333 0.088425925925926 0.0109375 0.017592592592593
52 0.82916666666667 0.16018518518519 0.010416666666667 0.014814814814815
52 0.96875 0.058796296296296 0.011458333333333 0.017592592592593
52 0.54609375 0.23518518518519 0.041145833333333 0.072222222222222
52 0.5484375 0.056944444444444 0.010416666666667 0.017592592592593
52 0.90625 0.41481481481481 0.010416666666667 0.016666666666667
52 0.91197916666667 0.23657407407407 0.014583333333333 0.023148148148148
52 0.65364583333333 0.23611111111111 0.0125 0.018518518518519
52 0.740625 0.31527777777778 0.009375 0.015740740740741
52 0.86302083333333 0.35509259259259 0.009375 0.015740740740741
52 0.71145833333333 0.16203703703704 0.0125 0.018518518518519
52 0.77395833333333 0.21666666666667 0.011458333333333 0.018518518518519
52 0.28229166666667 0.86296296296296 0.039583333333333 0.068518518518519
52 0.39895833333333 0.099074074074074 0.022916666666667 0.040740740740741
52 0.92708333333333 0.41759259259259 0.010416666666667 0.016666666666667
52 0.47135416666667 0.027777777777778 0.010416666666667 0.014814814814815
52 0.8328125 0.56018518518519 0.009375 0.016666666666667
52 0.59427083333333 0.017592592592593 0.01875 0.027777777777778
52 0.75963541666667 0.21805555555556 0.022395833333333 0.034259259259259
52 0.90963541666667 0.32685185185185 0.013020833333333 0.022222222222222
52 0.83385416666667 0.25925925925926 0.009375 0.014814814814815
52 0.60885416666667 0.2375 0.011458333333333 0.019444444444444
52 0.38802083333333 0.53009259259259 0.025 0.047222222222222
52 0.63567708333333 0.25277777777778 0.016145833333333 0.027777777777778
52 0.70442708333333 0.42268518518519 0.013020833333333 0.021296296296296
52 0.87161458333333 0.60509259259259 0.011979166666667 0.019444444444444
52 0.71171875 0.31018518518519 0.0098958333333333 0.016666666666667
52 0.86536458333333 0.30694444444444 0.011979166666667 0.019444444444444
52 0.89166666666667 0.50694444444444 0.013541666666667 0.021296296296296
52 0.60703125 0.049074074074074 0.013020833333333 0.018518518518519
52 0.85703125 0.87592592592593 0.0234375 0.038888888888889
52 0.05546875 0.3962962962963 0.068229166666667 0.11666666666667
52 0.74557291666667 0.375 0.011979166666667 0.02037037037037
52 0.79401041666667 0.30972222222222 0.0098958333333333 0.015740740740741
52 0.7578125 0.11018518518519 0.010416666666667 0.014814814814815
52 0.65677083333333 0.42685185185185 0.011458333333333 0.018518518518519
52 0.66067708333333 0.03287037037037 0.0140625 0.021296296296296
52 0.84322916666667 0.22777777777778 0.010416666666667 0.016666666666667
52 0.19921875 0.23564814814815 0.021354166666667 0.036111111111111
52 0.95390625 0.3587962962963 0.0109375 0.017592592592593
52 0.65442708333333 0.18009259259259 0.0453125 0.075
52 0.78958333333333 0.17824074074074 0.015625 0.025
52 0.83046875 0.31203703703704 0.0098958333333333 0.014814814814815
52 0.91875 0.48703703703704 0.010416666666667 0.016666666666667
52 0.64609375 0.093981481481481 0.0098958333333333 0.015740740740741
52 0.76979166666667 0.70509259259259 0.058333333333333 0.11203703703704
52 0.34635416666667 0.05787037037037 0.011458333333333 0.015740740740741
52 0.82421875 0.47314814814815 0.0109375 0.018518518518519
52 0.72734375 0.14675925925926 0.013020833333333 0.019444444444444
52 0.6921875 0.17592592592593 0.011458333333333 0.018518518518519
52 0.49739583333333 0.10833333333333 0.009375 0.016666666666667
52 0.73880208333333 0.12314814814815 0.0109375 0.016666666666667
52 0.91640625 0.51666666666667 0.0088541666666667 0.014814814814815
52 0.76432291666667 0.47777777777778 0.011979166666667 0.02037037037037
52 0.25911458333333 0.60462962962963 0.028645833333333 0.05
52 0.69635416666667 0.36805555555556 0.010416666666667 0.017592592592593
52 0.67291666666667 0.25046296296296 0.011458333333333 0.017592592592593
52 0.78541666666667 0.47175925925926 0.011458333333333 0.019444444444444
52 0.93411458333333 0.68796296296296 0.0098958333333333 0.016666666666667
52 0.94453125 0.29212962962963 0.0140625 0.023148148148148