52 0.94869791666667 0.052314814814815 0.013020833333333 0.019444444444444
52 0.33229166666667 0.40694444444444 0.014583333333333 0.023148148148148
52 0.26536458333333 0.27546296296296 0.011979166666667 0.019444444444444
52 0.3046875 0.45601851851852 0.014583333333333 0.023148148148148
52 0.715625 0.60694444444444 0.022916666666667 0.036111111111111
52 0.99088541666667 0.16342592592593 0.015104166666667 0.026851851851852
52 0.271875 0.2037037037037 0.010416666666667 0.016666666666667
52 0.88307291666667 0.12638888888889 0.0171875 0.028703703703704
52 0.30416666666667 0.62361111111111 0.019791666666667 0.034259259259259
52 0.46302083333333 0.059259259259259 0.0625 0.10740740740741
52 0.96588541666667 0.41898148148148 0.015104166666667 0.026851851851852
52 0.68411458333333 0.46666666666667 0.013020833333333 0.024074074074074
52 0.3484375 0.55601851851852 0.015625 0.026851851851852
52 0.37760416666667 0.29537037037037 0.0125 0.02037037037037
52 0.24817708333333 0.18287037037037 0.0171875 0.025
52 0.2171875 0.45648148148148 0.017708333333333 0.02962962962963
52 0.44739583333333 0.56203703703704 0.014583333333333 0.024074074074074
52 0.35755208333333 0.37175925925926 0.052604166666667 0.093518518518519
52 0.59557291666667 0.28148148148148 0.0234375 0.040740740740741
52 0.71432291666667 0.75740740740741 0.0890625 0.17962962962963
52 0.62109375 0.56574074074074 0.0203125 0.035185185185185
52 0.92005208333333 0.056481481481481 0.013020833333333 0.018518518518519
52 0.64010416666667 0.6375 0.019791666666667 0.032407407407407
52 0.75677083333333 0.48657407407407 0.015625 0.026851851851852
52 0.89322916666667 0.41342592592593 0.01875 0.032407407407407
52 0.22109375 0.089814814814815 0.018229166666667 0.027777777777778