52 0.15520833333333 0.5162037037037 0.028125 0.058333333333333
52 0.621875 0.27592592592593 0.015625 0.025925925925926
52 0.52526041666667 0.61435185185185 0.025520833333333 0.04537037037037
52 0.275 0.6712962962963 0.01875 0.031481481481481
52 0.05078125 0.45231481481481 0.031770833333333 0.058333333333333
52 0.61796875 0.19814814814815 0.0328125 0.055555555555556
52 0.84427083333333 0.3087962962963 0.042708333333333 0.075
52 0.9359375 0.31574074074074 0.041666666666667 0.075925925925926
52 0.12682291666667 0.39675925925926 0.0296875 0.05462962962963
52 0.31953125 0.44583333333333 0.018229166666667 0.032407407407407
52 0.13697916666667 0.56712962962963 0.020833333333333 0.036111111111111
52 0.20260416666667 0.26666666666667 0.016666666666667 0.027777777777778
52 0.81979166666667 0.023611111111111 0.01875 0.030555555555556
52 0.90911458333333 0.3162037037037 0.040104166666667 0.069444444444444
52 0.71666666666667 0.47175925925926 0.01875 0.032407407407407
52 0.1546875 0.60509259259259 0.025 0.04537037037037
52 0.95755208333333 0.04212962962963 0.0140625 0.021296296296296
52 0.88645833333333 0.5462962962963 0.036458333333333 0.064814814814815
52 0.11328125 0.60740740740741 0.0171875 0.02962962962963
52 0.5203125 0.53101851851852 0.039583333333333 0.067592592592593
52 0.10963541666667 0.65833333333333 0.0265625 0.048148148148148
52 0.32213541666667 0.56111111111111 0.0640625 0.11481481481481
52 0.9140625 0.43888888888889 0.051041666666667 0.096296296296296
52 0.96614583333333 0.26111111111111 0.027083333333333 0.048148148148148
52 0.074479166666667 0.54398148148148 0.022916666666667 0.039814814814815
52 0.54557291666667 0.52453703703704 0.022395833333333 0.037962962962963
52 0.65963541666667 0.54351851851852 0.019270833333333 0.035185185185185
52 0.359375 0.20509259259259 0.020833333333333 0.034259259259259
52 0.77682291666667 0.2787037037037 0.024479166666667 0.040740740740741
52 0.37630208333333 0.58703703703704 0.036979166666667 0.07037037037037
52 0.30104166666667 0.62083333333333 0.022916666666667 0.039814814814815
52 0.96484375 0.53287037037037 0.024479166666667 0.043518518518519
52 0.803125 0.088425925925926 0.013541666666667 0.021296296296296
52 0.81380208333333 0.2912037037037 0.011979166666667 0.019444444444444
52 0.59869791666667 0.5162037037037 0.0265625 0.050925925925926
52 0.20104166666667 0.57916666666667 0.022916666666667 0.039814814814815
52 0.009375 0.58564814814815 0.015625 0.030555555555556
52 0.56171875 0.63611111111111 0.018229166666667 0.031481481481481
52 0.67708333333333 0.28240740740741 0.0125 0.02037037037037
52 0.75364583333333 0.25092592592593 0.042708333333333 0.074074074074074
52 0.072916666666667 0.20787037037037 0.073958333333333 0.14351851851852
52 0.27708333333333 0.46388888888889 0.044791666666667 0.085185185185185
52 0.72447916666667 0.15092592592593 0.066666666666667 0.11666666666667
52 0.0072916666666667 0.010648148148148 0.014583333333333 0.021296296296296
52 0.62552083333333 0.57407407407407 0.073958333333333 0.12962962962963
52 0.0080729166666667 0.50138888888889 0.016145833333333 0.043518518518519
52 0.98541666666667 0.42407407407407 0.029166666666667 0.081481481481481
52 0.60416666666667 0.047685185185185 0.038541666666667 0.069444444444444
52 0.75729166666667 0.44398148148148 0.05625 0.10092592592593
52 0.99296875 0.089814814814815 0.0140625 0.033333333333333
52 0.41328125 0.64259259259259 0.0765625 0.13333333333333
52 0.93515625 0.36666666666667 0.0484375 0.088888888888889
52 0.58307291666667 0.38472222222222 0.0171875 0.028703703703704
52 0.063020833333333 0.4962962962963 0.026041666666667 0.046296296296296
52 0.45338541666667 0.47592592592593 0.0390625 0.072222222222222
52 0.46119791666667 0.42685185185185 0.0234375 0.038888888888889
52 0.6859375 0.42916666666667 0.013541666666667 0.023148148148148
52 0.23255208333333 0.6412037037037 0.022395833333333 0.039814814814815
52 0.79270833333333 0.2375 0.035416666666667 0.058333333333333
52 0.74739583333333 0.018055555555556 0.015625 0.021296296296296
52 0.84947916666667 0.47407407407407 0.061458333333333 0.11296296296296
52 0.29921875 0.67824074074074 0.024479166666667 0.043518518518519
52 0.13515625 0.093981481481481 0.0546875 0.097222222222222
52 0.094010416666667 0.029166666666667 0.044270833333333 0.058333333333333
52 0.63463541666667 0.39212962962963 0.0140625 0.023148148148148
52 0.49479166666667 0.59953703703704 0.038541666666667 0.069444444444444
52 0.50989583333333 0.39444444444444 0.030208333333333 0.055555555555556
52 0.65911458333333 0.44722222222222 0.058854166666667 0.10925925925926
52 0.040885416666667 0.2837962962963 0.053645833333333 0.087962962962963
52 0.93828125 0.22916666666667 0.0359375 0.062037037037037
52 0.11536458333333 0.058796296296296 0.063020833333333 0.10092592592593
52 0.36927083333333 0.53611111111111 0.022916666666667 0.040740740740741
52 0.49609375 0.35046296296296 0.0328125 0.062037037037037
52 0.71614583333333 0.55740740740741 0.017708333333333 0.031481481481481
52 0.3515625 0.68518518518519 0.021875 0.040740740740741
52 0.040104166666667 0.62222222222222 0.030208333333333 0.055555555555556
52 0.15755208333333 0.43055555555556 0.019270833333333 0.031481481481481
52 0.54140625 0.73518518518519 0.027604166666667 0.048148148148148
52 0.1015625 0.40694444444444 0.030208333333333 0.05462962962963
52 0.056770833333333 0.3912037037037 0.01875 0.032407407407407
52 0.54114583333333 0.67592592592593 0.019791666666667 0.035185185185185
52 0.67734375 0.63425925925926 0.030729166666667 0.053703703703704
52 0.46614583333333 0.6712962962963 0.032291666666667 0.055555555555556
52 0.43671875 0.53425925925926 0.021354166666667 0.037037037037037
52 0.38697916666667 0.41296296296296 0.036458333333333 0.061111111111111
52 0.7 0.31388888888889 0.034375 0.061111111111111
52 0.26822916666667 0.18425925925926 0.020833333333333 0.035185185185185
52 0.58984375 0.67175925925926 0.0171875 0.028703703703704
52 0.88463541666667 0.4 0.0234375 0.042592592592593
52 0.87916666666667 0.33240740740741 0.046875 0.083333333333333
52 0.75755208333333 0.050925925925926 0.028645833333333 0.05
52 0.68984375 0.49027777777778 0.030729166666667 0.052777777777778