52 0.40442708333333 0.4912037037037 0.0328125 0.058333333333333
52 0.42369791666667 0.67083333333333 0.019270833333333 0.032407407407407
52 0.50859375 0.525 0.0171875 0.02962962962963
52 0.53932291666667 0.74722222222222 0.016145833333333 0.025925925925926
52 0.067447916666667 0.46342592592593 0.015104166666667 0.025
52 0.18203125 0.048148148148148 0.022395833333333 0.031481481481481
52 0.49348958333333 0.28518518518519 0.015104166666667 0.024074074074074
52 0.31744791666667 0.052314814814815 0.019270833333333 0.028703703703704
52 0.71328125 0.7625 0.022395833333333 0.037962962962963
52 0.23723958333333 0.64166666666667 0.019270833333333 0.02962962962963
52 0.09140625 0.1212962962963 0.022395833333333 0.035185185185185
52 0.53203125 0.6125 0.015104166666667 0.025
52 0.083333333333333 0.98703703703704 0.019791666666667 0.025925925925926
52 0.590625 0.82361111111111 0.016666666666667 0.026851851851852
52 0.503125 0.82824074074074 0.017708333333333 0.026851851851852
52 0.38489583333333 0.18287037037037 0.041666666666667 0.071296296296296
52 0.69036458333333 0.90787037037037 0.016145833333333 0.025
52 0.023958333333333 0.77731481481481 0.015625 0.026851851851852
52 0.0059895833333333 0.31111111111111 0.011979166666667 0.044444444444444
52 0.5125 0.57453703703704 0.016666666666667 0.028703703703704
52 0.27552083333333 0.15185185185185 0.016666666666667 0.025925925925926
52 0.5375 0.44398148148148 0.036458333333333 0.063888888888889
52 0.12578125 0.4837962962963 0.015104166666667 0.025
52 0.42239583333333 0.43564814814815 0.014583333333333 0.025
52 0.50234375 0.95462962962963 0.016145833333333 0.024074074074074
52 0.73125 0.77777777777778 0.017708333333333 0.027777777777778
52 0.56041666666667 0.67361111111111 0.016666666666667 0.028703703703704
52 0.15859375 0.42962962962963 0.015104166666667 0.025925925925926
52 0.18723958333333 0.68518518518519 0.015104166666667 0.024074074074074
52 0.63489583333333 0.61157407407407 0.017708333333333 0.030555555555556
52 0.091927083333333 0.51759259259259 0.0171875 0.027777777777778
52 0.37760416666667 0.375 0.01875 0.031481481481481
52 0.0140625 0.022222222222222 0.015625 0.025925925925926
52 0.20703125 0.94768518518519 0.016145833333333 0.023148148148148
52 0.3109375 0.6962962962963 0.01875 0.02962962962963
52 0.03359375 0.87592592592593 0.0171875 0.027777777777778
52 0.42161458333333 0.076851851851852 0.015104166666667 0.024074074074074
52 0.078125 0.5712962962963 0.014583333333333 0.024074074074074
52 0.59635416666667 0.89583333333333 0.054166666666667 0.097222222222222
52 0.52630208333333 0.85509259259259 0.018229166666667 0.028703703703704
52 0.10651041666667 0.64398148148148 0.0515625 0.091666666666667
52 0.0375 0.20231481481481 0.01875 0.032407407407407
52 0.46015625 0.46342592592593 0.0140625 0.025
52 0.015364583333333 0.69444444444444 0.015104166666667 0.025925925925926
52 0.041927083333333 0.66666666666667 0.0171875 0.02962962962963
52 0.45989583333333 0.63564814814815 0.022916666666667 0.039814814814815
52 0.89375 0.28333333333333 0.034375 0.059259259259259
52 0.48984375 0.5912037037037 0.015104166666667 0.023148148148148
52 0.84296875 0.39305555555556 0.0265625 0.04537037037037
52 0.95234375 0.67638888888889 0.018229166666667 0.030555555555556
52 0.346875 0.60555555555556 0.017708333333333 0.025925925925926
52 0.17395833333333 0.043981481481481 0.020833333333333 0.030555555555556
52 0.29166666666667 0.96944444444444 0.01875 0.027777777777778
52 0.2078125 0.49351851851852 0.017708333333333 0.02962962962963
52 0.12708333333333 0.065740740740741 0.023958333333333 0.040740740740741
52 0.1921875 0.018981481481481 0.033333333333333 0.037962962962963
52 0.28177083333333 0.13981481481481 0.017708333333333 0.031481481481481
52 0.90208333333333 0.64814814814815 0.016666666666667 0.027777777777778
52 0.45442708333333 0.21481481481481 0.019270833333333 0.031481481481481
52 0.65286458333333 0.71898148148148 0.016145833333333 0.025
52 0.22708333333333 0.7 0.017708333333333 0.025925925925926
52 0.54713541666667 0.80648148148148 0.0203125 0.031481481481481
52 0.26692708333333 0.043981481481481 0.024479166666667 0.037962962962963
52 0.086197916666667 0.66157407407407 0.019270833333333 0.030555555555556
52 0.3125 0.59444444444444 0.015625 0.025925925925926