52 0.47734375 0.42916666666667 0.0484375 0.084259259259259
52 0.4125 0.57314814814815 0.054166666666667 0.1
52 0.84088541666667 0.59861111111111 0.0203125 0.034259259259259
52 0.22708333333333 0.29583333333333 0.078125 0.15462962962963
52 0.85625 0.31527777777778 0.039583333333333 0.071296296296296
52 0.9453125 0.30925925925926 0.0125 0.022222222222222
52 0.49765625 0.62824074074074 0.033854166666667 0.062037037037037
52 0.051822916666667 0.3212962962963 0.0390625 0.068518518518519
52 0.44244791666667 0.64166666666667 0.0203125 0.035185185185185
52 0.99114583333333 0.325 0.013541666666667 0.025925925925926
52 0.19322916666667 0.59537037037037 0.041666666666667 0.072222222222222
52 0.69010416666667 0.4912037037037 0.036458333333333 0.063888888888889
52 0.25130208333333 0.18148148148148 0.0140625 0.022222222222222
52 0.78671875 0.49398148148148 0.0265625 0.047222222222222
52 0.68776041666667 0.25416666666667 0.0609375 0.11018518518519
52 0.54348958333333 0.50046296296296 0.034895833333333 0.062037037037037
52 0.72109375 0.49907407407407 0.025520833333333 0.046296296296296
52 0.94453125 0.53564814814815 0.016145833333333 0.026851851851852
52 0.70807291666667 0.7462962962963 0.0171875 0.031481481481481
52 0.6578125 0.39074074074074 0.042708333333333 0.074074074074074
52 0.4359375 0.51944444444444 0.023958333333333 0.040740740740741
52 0.47734375 0.60648148148148 0.031770833333333 0.055555555555556
52 0.74869791666667 0.63611111111111 0.0203125 0.035185185185185
52 0.40885416666667 0.16203703703704 0.011458333333333 0.018518518518519
52 0.36145833333333 0.50092592592593 0.071875 0.12222222222222
52 0.38567708333333 0.67175925925926 0.024479166666667 0.041666666666667
52 0.61848958333333 0.4375 0.011979166666667 0.019444444444444
52 0.13411458333333 0.28101851851852 0.0453125 0.076851851851852
52 0.11640625 0.58240740740741 0.053645833333333 0.098148148148148
52 0.81822916666667 0.51064814814815 0.041666666666667 0.071296296296296
52 0.14140625 0.58518518518519 0.031770833333333 0.053703703703704
52 0.059114583333333 0.52638888888889 0.0234375 0.041666666666667
52 0.19453125 0.54166666666667 0.027604166666667 0.05
52 0.66484375 0.7037037037037 0.021354166666667 0.037037037037037
52 0.61901041666667 0.58657407407407 0.013020833333333 0.021296296296296
52 0.09375 0.23796296296296 0.051041666666667 0.085185185185185
52 0.29166666666667 0.56342592592593 0.023958333333333 0.039814814814815
52 0.25572916666667 0.68472222222222 0.028125 0.052777777777778
52 0.00859375 0.038425925925926 0.0171875 0.067592592592593
52 0.57135416666667 0.69583333333333 0.022916666666667 0.039814814814815
52 0.015364583333333 0.525 0.025520833333333 0.044444444444444
52 0.26380208333333 0.4375 0.047395833333333 0.086111111111111
52 0.081770833333333 0.59027777777778 0.022916666666667 0.039814814814815
52 0.76354166666667 0.57407407407407 0.025 0.044444444444444
52 0.10729166666667 0.25509259259259 0.0625 0.091666666666667
52 0.94557291666667 0.61342592592593 0.019270833333333 0.034259259259259
52 0.47395833333333 0.71203703703704 0.041666666666667 0.075925925925926
52 0.67682291666667 0.62638888888889 0.025520833333333 0.04537037037037
52 0.39140625 0.067592592592593 0.0453125 0.075925925925926
52 0.12786458333333 0.51759259259259 0.0390625 0.066666666666667
52 0.97760416666667 0.011574074074074 0.017708333333333 0.023148148148148
52 0.0625 0.047685185185185 0.077083333333333 0.09537037037037
52 0.81927083333333 0.25046296296296 0.058333333333333 0.10277777777778
52 0.91770833333333 0.37222222222222 0.065625 0.10925925925926
52 0.78489583333333 0.61342592592593 0.036458333333333 0.067592592592593
52 0.4015625 0.52777777777778 0.026041666666667 0.042592592592593
52 0.73333333333333 0.71851851851852 0.035416666666667 0.066666666666667
52 0.10625 0.14583333333333 0.06875 0.11388888888889
52 0.478125 0.68240740740741 0.025 0.044444444444444
52 0.9296875 0.14675925925926 0.014583333333333 0.023148148148148
52 0.91536458333333 0.26111111111111 0.059895833333333 0.11111111111111
52 0.73098958333333 0.43842592592593 0.041145833333333 0.071296296296296
52 0.25755208333333 0.55462962962963 0.0265625 0.046296296296296
52 0.85807291666667 0.54490740740741 0.041145833333333 0.073148148148148
52 0.92447916666667 0.43009259259259 0.03125 0.052777777777778
52 0.1953125 0.058796296296296 0.042708333333333 0.073148148148148
52 0.087760416666667 0.45416666666667 0.0578125 0.10277777777778
52 0.30703125 0.41990740740741 0.058854166666667 0.11574074074074
52 0.33723958333333 0.61666666666667 0.091145833333333 0.15555555555556
52 0.871875 0.525 0.03125 0.053703703703704
52 0.35078125 0.29074074074074 0.018229166666667 0.02962962962963
52 0.50963541666667 0.25555555555556 0.053645833333333 0.098148148148148
52 0.51692708333333 0.65046296296296 0.0484375 0.086111111111111
52 0.60989583333333 0.33518518518519 0.013541666666667 0.022222222222222
52 0.959375 0.47592592592593 0.027083333333333 0.051851851851852
52 0.1546875 0.44074074074074 0.036458333333333 0.053703703703704
52 0.72708333333333 0.58240740740741 0.021875 0.038888888888889
52 0.78697916666667 0.11203703703704 0.051041666666667 0.085185185185185
52 0.57395833333333 0.39166666666667 0.05625 0.1037037037037
52 0.98828125 0.50092592592593 0.021354166666667 0.040740740740741
52 0.16510416666667 0.43842592592593 0.026041666666667 0.043518518518519
52 0.25703125 0.50231481481481 0.0296875 0.05462962962963
52 0.78177083333333 0.53981481481481 0.030208333333333 0.053703703703704
52 0.19036458333333 0.15462962962963 0.0546875 0.094444444444444
52 0.13984375 0.44583333333333 0.0359375 0.056481481481481