52 0.95520833333333 0.44953703703704 0.021875 0.036111111111111
52 0.78359375 0.2 0.021354166666667 0.033333333333333
52 0.83125 0.58935185185185 0.070833333333333 0.14166666666667
52 0.19765625 0.41527777777778 0.0265625 0.04537037037037
52 0.77734375 0.45185185185185 0.0203125 0.031481481481481
52 0.26354166666667 0.52824074074074 0.027083333333333 0.047222222222222
52 0.42578125 0.2412037037037 0.0234375 0.037962962962963
52 0.35234375 0.5212962962963 0.028645833333333 0.048148148148148
52 0.89401041666667 0.28194444444444 0.024479166666667 0.039814814814815
52 0.26041666666667 0.60509259259259 0.022916666666667 0.039814814814815
52 0.29296875 0.74537037037037 0.0265625 0.044444444444444
52 0.36380208333333 0.17175925925926 0.038020833333333 0.065740740740741
52 0.23229166666667 0.79212962962963 0.058333333333333 0.091666666666667
52 0.30625 0.55925925925926 0.025 0.040740740740741
52 0.023958333333333 0.96527777777778 0.044791666666667 0.069444444444444
52 0.10885416666667 0.28703703703704 0.038541666666667 0.062962962962963
52 0.019791666666667 0.73101851851852 0.039583333333333 0.080555555555556
52 0.14869791666667 0.81898148148148 0.034895833333333 0.060185185185185
52 0.49947916666667 0.53564814814815 0.021875 0.037962962962963
52 0.033072916666667 0.31342592592593 0.0265625 0.043518518518519
52 0.27213541666667 0.68333333333333 0.021354166666667 0.033333333333333
52 0.16796875 0.95185185185185 0.047395833333333 0.081481481481481
52 0.12838541666667 0.64490740740741 0.036979166666667 0.062037037037037
52 0.26640625 0.72546296296296 0.0234375 0.037962962962963