52 0.20442708333333 0.89259259259259 0.0171875 0.027777777777778
52 0.052083333333333 0.37037037037037 0.01875 0.027777777777778
52 0.90442708333333 0.31574074074074 0.0203125 0.02962962962963
52 0.77369791666667 0.6462962962963 0.015104166666667 0.02962962962963
52 0.72682291666667 0.57407407407407 0.0265625 0.046296296296296
52 0.55442708333333 0.3712962962963 0.016145833333333 0.02037037037037
52 0.51223958333333 0.78009259259259 0.018229166666667 0.030555555555556
52 0.84036458333333 0.56388888888889 0.022395833333333 0.035185185185185
52 0.16510416666667 0.52592592592593 0.022916666666667 0.040740740740741
52 0.1015625 0.54444444444444 0.013541666666667 0.024074074074074
52 0.55026041666667 0.46851851851852 0.016145833333333 0.025925925925926
52 0.97421875 0.3037037037037 0.011979166666667 0.02037037037037
52 0.05703125 0.76759259259259 0.015104166666667 0.024074074074074
52 0.60416666666667 0.42685185185185 0.014583333333333 0.024074074074074
52 0.29921875 0.55972222222222 0.0171875 0.028703703703704
52 0.25416666666667 0.87962962962963 0.013541666666667 0.022222222222222
52 0.45520833333333 0.60046296296296 0.015625 0.025
52 0.04765625 0.66898148148148 0.013020833333333 0.023148148148148
52 0.49583333333333 0.6662037037037 0.009375 0.017592592592593
52 0.043489583333333 0.2537037037037 0.018229166666667 0.027777777777778
52 0.90833333333333 0.30972222222222 0.013541666666667 0.021296296296296
52 0.57083333333333 0.73148148148148 0.015625 0.025925925925926
52 0.42109375 0.35694444444444 0.0109375 0.017592592592593
52 0.62708333333333 0.60601851851852 0.016666666666667 0.026851851851852
52 0.61015625 0.77268518518519 0.0171875 0.028703703703704
52 0.44036458333333 0.041666666666667 0.015104166666667 0.022222222222222
52 0.66927083333333 0.65 0.014583333333333 0.024074074074074
52 0.98255208333333 0.26805555555556 0.0109375 0.019444444444444
52 0.97942708333333 0.51759259259259 0.0234375 0.042592592592593
52 0.45807291666667 0.72685185185185 0.0328125 0.059259259259259
52 0.68359375 0.43796296296296 0.0140625 0.024074074074074
52 0.28776041666667 0.84537037037037 0.016145833333333 0.02962962962963
52 0.57942708333333 0.49444444444444 0.0098958333333333 0.016666666666667
52 0.44088541666667 0.425 0.013020833333333 0.022222222222222
52 0.14791666666667 0.70509259259259 0.0125 0.021296296296296
52 0.95260416666667 0.28657407407407 0.01875 0.030555555555556
52 0.87890625 0.49490740740741 0.0140625 0.023148148148148
52 0.2125 0.84166666666667 0.0125 0.02037037037037
52 0.090104166666667 0.79814814814815 0.013541666666667 0.024074074074074
52 0.04609375 0.70046296296296 0.013020833333333 0.025
52 0.85390625 0.88425925925926 0.0140625 0.022222222222222
52 0.40833333333333 0.48842592592593 0.014583333333333 0.023148148148148
52 0.33151041666667 0.85 0.015104166666667 0.025925925925926
52 0.73411458333333 0.47361111111111 0.0140625 0.023148148148148
52 0.15807291666667 0.40833333333333 0.0140625 0.022222222222222
52 0.088020833333333 0.76342592592593 0.0125 0.021296296296296
52 0.038541666666667 0.4037037037037 0.013541666666667 0.02037037037037
52 0.69765625 0.24953703703704 0.015104166666667 0.023148148148148
52 0.84479166666667 0.59583333333333 0.011458333333333 0.017592592592593
52 0.0065104166666667 0.49907407407407 0.0109375 0.02037037037037
52 0.80911458333333 0.41851851851852 0.0140625 0.024074074074074
52 0.56302083333333 0.63518518518519 0.017708333333333 0.02962962962963
52 0.54635416666667 0.50462962962963 0.0125 0.022222222222222
52 0.990625 0.44027777777778 0.015625 0.026851851851852
52 0.32135416666667 0.34768518518519 0.0125 0.019444444444444
52 0.90989583333333 0.10046296296296 0.022916666666667 0.037962962962963
52 0.063802083333333 0.52592592592593 0.0140625 0.022222222222222
52 0.63697916666667 0.3162037037037 0.0125 0.019444444444444
52 0.4484375 0.77592592592593 0.015625 0.027777777777778
52 0.23385416666667 0.48981481481481 0.015625 0.025925925925926
52 0.20963541666667 0.58055555555556 0.0109375 0.018518518518519
52 0.0875 0.70601851851852 0.014583333333333 0.025
52 0.60338541666667 0.62962962962963 0.015104166666667 0.025925925925926
52 0.93541666666667 0.46018518518519 0.034375 0.066666666666667
52 0.43489583333333 0.37731481481481 0.019791666666667 0.032407407407407
52 0.53828125 0.6962962962963 0.015104166666667 0.024074074074074
52 0.37630208333333 0.52824074074074 0.0140625 0.023148148148148
52 0.44192708333333 0.5712962962963 0.016145833333333 0.024074074074074
52 0.28385416666667 0.29074074074074 0.0125 0.02037037037037
52 0.026302083333333 0.31990740740741 0.022395833333333 0.036111111111111
52 0.56276041666667 0.77453703703704 0.016145833333333 0.028703703703704
52 0.72161458333333 0.4037037037037 0.0203125 0.033333333333333
52 0.653125 0.62453703703704 0.014583333333333 0.025
52 0.77083333333333 0.59074074074074 0.014583333333333 0.025925925925926
52 0.63828125 0.046296296296296 0.022395833333333 0.033333333333333
52 0.71276041666667 0.47546296296296 0.013020833333333 0.021296296296296
52 0.95885416666667 0.29537037037037 0.020833333333333 0.037037037037037
52 0.62890625 0.37731481481481 0.036979166666667 0.062037037037037
52 0.45807291666667 0.41712962962963 0.015104166666667 0.025
52 0.93723958333333 0.39861111111111 0.019270833333333 0.032407407407407
52 0.44453125 0.30046296296296 0.016145833333333 0.026851851851852
52 0.42942708333333 0.51435185185185 0.013020833333333 0.021296296296296
52 0.48359375 0.46435185185185 0.0098958333333333 0.017592592592593
52 0.82682291666667 0.38888888888889 0.0140625 0.022222222222222
52 0.71119791666667 0.29305555555556 0.011979166666667 0.019444444444444
52 0.29036458333333 0.59814814814815 0.011979166666667 0.02037037037037
52 0.82239583333333 0.43935185185185 0.011458333333333 0.019444444444444
52 0.27213541666667 0.81203703703704 0.011979166666667 0.02037037037037
52 0.93984375 0.60833333333333 0.0140625 0.024074074074074
52 0.88645833333333 0.6787037037037 0.0125 0.02037037037037
52 0.9921875 0.47824074074074 0.014583333333333 0.028703703703704
52 0.69739583333333 0.49814814814815 0.019791666666667 0.033333333333333
52 0.584375 0.45462962962963 0.013541666666667 0.022222222222222
52 0.85234375 0.40694444444444 0.015104166666667 0.023148148148148
52 0.5125 0.57685185185185 0.021875 0.035185185185185
52 0.64348958333333 0.52083333333333 0.0203125 0.030555555555556
52 0.44609375 0.81990740740741 0.011979166666667 0.021296296296296
52 0.76276041666667 0.34398148148148 0.027604166666667 0.049074074074074
52 0.04453125 0.60972222222222 0.0140625 0.026851851851852
52 0.22630208333333 0.21574074074074 0.0140625 0.02037037037037
52 0.22786458333333 0.69490740740741 0.016145833333333 0.026851851851852
52 0.953125 0.36805555555556 0.0125 0.019444444444444
52 0.52421875 0.61527777777778 0.011979166666667 0.019444444444444
52 0.23723958333333 0.80462962962963 0.0140625 0.022222222222222
52 0.159375 0.26018518518519 0.019791666666667 0.031481481481481
52 0.6078125 0.575 0.017708333333333 0.02962962962963
52 0.47890625 0.63240740740741 0.013020833333333 0.02037037037037
52 0.284375 0.31944444444444 0.013541666666667 0.022222222222222
52 0.14036458333333 0.5837962962963 0.013020833333333 0.021296296296296
52 0.859375 0.67962962962963 0.015625 0.027777777777778
52 0.821875 0.52314814814815 0.017708333333333 0.02962962962963
52 0.35729166666667 0.38240740740741 0.016666666666667 0.025925925925926
52 0.27604166666667 0.6912037037037 0.014583333333333 0.025
52 0.84817708333333 0.19259259259259 0.013020833333333 0.02037037037037
52 0.17630208333333 0.84027777777778 0.016145833333333 0.026851851851852
52 0.503125 0.5212962962963 0.015625 0.024074074074074
52 0.784375 0.19074074074074 0.017708333333333 0.027777777777778
52 0.55807291666667 0.375 0.0109375 0.016666666666667
52 0.56354166666667 0.078703703703704 0.023958333333333 0.038888888888889
52 0.4640625 0.32777777777778 0.026041666666667 0.044444444444444
52 0.89973958333333 0.40694444444444 0.015104166666667 0.025
52 0.17291666666667 0.28657407407407 0.034375 0.062037037037037
52 0.77291666666667 0.0074074074074074 0.017708333333333 0.014814814814815
52 0.54114583333333 0.08287037037037 0.023958333333333 0.039814814814815
52 0.221875 0.25555555555556 0.014583333333333 0.022222222222222
52 0.1 0.040277777777778 0.04375 0.065740740740741
52 0.34140625 0.61944444444444 0.019270833333333 0.033333333333333
52 0.19739583333333 0.93564814814815 0.01875 0.030555555555556
52 0.059114583333333 0.97268518518519 0.013020833333333 0.021296296296296
52 0.12291666666667 0.23703703703704 0.014583333333333 0.022222222222222
52 0.11588541666667 0.84305555555556 0.013020833333333 0.021296296296296
52 0.91041666666667 0.45 0.013541666666667 0.022222222222222
52 0.49661458333333 0.61574074074074 0.0109375 0.018518518518519
52 0.88489583333333 0.48472222222222 0.013541666666667 0.023148148148148
52 0.425 0.46990740740741 0.011458333333333 0.019444444444444
52 0.89713541666667 0.3212962962963 0.0203125 0.031481481481481
52 0.24921875 0.71712962962963 0.0109375 0.017592592592593
52 0.46640625 0.2037037037037 0.016145833333333 0.024074074074074
52 0.03828125 0.53564814814815 0.0140625 0.025
52 0.478125 0.70185185185185 0.013541666666667 0.022222222222222
52 0.1859375 0.60462962962963 0.017708333333333 0.027777777777778
52 0.0078125 0.66481481481481 0.011458333333333 0.02037037037037
52 0.31744791666667 0.67175925925926 0.0171875 0.030555555555556
52 0.68619791666667 0.54953703703704 0.0140625 0.023148148148148
52 0.095052083333333 0.60277777777778 0.0140625 0.02037037037037
52 0.65260416666667 0.46805555555556 0.014583333333333 0.023148148148148
52 0.98567708333333 0.15972222222222 0.0098958333333333 0.015740740740741
52 0.69322916666667 0.39259259259259 0.021875 0.037037037037037
52 0.421875 0.73564814814815 0.016666666666667 0.028703703703704
52 0.26770833333333 0.52222222222222 0.0125 0.02037037037037
52 0.67630208333333 0.64305555555556 0.018229166666667 0.026851851851852
52 0.96666666666667 0.20972222222222 0.0125 0.019444444444444
52 0.51744791666667 0.51342592592593 0.015104166666667 0.023148148148148
52 0.50026041666667 0.40555555555556 0.0140625 0.022222222222222
52 0.38463541666667 0.42638888888889 0.013020833333333 0.021296296296296
52 0.59739583333333 0.65416666666667 0.01875 0.032407407407407
52 0.625 0.45740740740741 0.015625 0.025925925925926
52 0.56875 0.32407407407407 0.015625 0.024074074074074
52 0.21432291666667 0.63425925925926 0.015104166666667 0.024074074074074
52 0.1234375 0.7912037037037 0.016666666666667 0.026851851851852
52 0.87760416666667 0.46296296296296 0.010416666666667 0.016666666666667
52 0.28802083333333 0.51990740740741 0.0125 0.023148148148148
52 0.12864583333333 0.6375 0.0125 0.021296296296296
52 0.36640625 0.45648148148148 0.0203125 0.031481481481481
52 0.14947916666667 0.2087962962963 0.015625 0.023148148148148
52 0.35885416666667 0.25694444444444 0.022916666666667 0.041666666666667
52 0.23098958333333 0.52592592592593 0.013020833333333 0.018518518518519
52 0.55286458333333 0.55277777777778 0.0109375 0.016666666666667
52 0.92161458333333 0.53472222222222 0.013020833333333 0.021296296296296
52 0.12682291666667 0.45138888888889 0.0171875 0.028703703703704
52 0.79166666666667 0.61759259259259 0.0125 0.02037037037037
52 0.21927083333333 0.34074074074074 0.01875 0.025925925925926
52 0.79140625 0.10648148148148 0.011979166666667 0.016666666666667
52 0.56536458333333 0.44953703703704 0.0109375 0.017592592592593
52 0.15234375 0.58842592592593 0.013020833333333 0.021296296296296
52 0.65026041666667 0.42175925925926 0.0171875 0.030555555555556
52 0.078645833333333 0.53703703703704 0.010416666666667 0.016666666666667
52 0.940625 0.6412037037037 0.016666666666667 0.025
52 0.73619791666667 0.0097222222222222 0.0234375 0.019444444444444
52 0.46510416666667 0.54027777777778 0.0125 0.021296296296296
52 0.79609375 0.50462962962963 0.013020833333333 0.022222222222222
52 0.34609375 0.56898148148148 0.0140625 0.023148148148148
52 0.54453125 0.60509259259259 0.015104166666667 0.025
52 0.80885416666667 0.68472222222222 0.011458333333333 0.019444444444444
52 0.14739583333333 0.74398148148148 0.01875 0.023148148148148
52 0.48776041666667 0.51342592592593 0.011979166666667 0.019444444444444
52 0.095833333333333 0.51574074074074 0.010416666666667 0.018518518518519
52 0.66927083333333 0.54212962962963 0.014583333333333 0.025
52 0.082291666666667 0.5962962962963 0.011458333333333 0.018518518518519
52 0.90989583333333 0.48240740740741 0.014583333333333 0.024074074074074
52 0.32421875 0.37222222222222 0.013020833333333 0.02037037037037
52 0.7921875 0.47824074074074 0.0125 0.019444444444444
52 0.20598958333333 0.23657407407407 0.0140625 0.021296296296296
52 0.8390625 0.15 0.022916666666667 0.037037037037037
52 0.753125 0.37407407407407 0.016666666666667 0.027777777777778
52 0.45338541666667 0.36296296296296 0.0171875 0.027777777777778
52 0.10520833333333 0.73981481481481 0.0125 0.02037037037037
52 0.44557291666667 0.61666666666667 0.013020833333333 0.022222222222222
52 0.59869791666667 0.31296296296296 0.0140625 0.022222222222222
52 0.26171875 0.50509259259259 0.011979166666667 0.023148148148148
52 0.48333333333333 0.30324074074074 0.017708333333333 0.028703703703704
52 0.28333333333333 0.4837962962963 0.0125 0.021296296296296
52 0.23307291666667 0.64444444444444 0.0171875 0.033333333333333
52 0.84635416666667 0.77361111111111 0.013541666666667 0.023148148148148
52 0.96614583333333 0.45231481481481 0.015625 0.026851851851852
52 0.78802083333333 0.55231481481481 0.014583333333333 0.025
52 0.40677083333333 0.50185185185185 0.013541666666667 0.025925925925926
52 0.83411458333333 0.46759259259259 0.015104166666667 0.027777777777778
52 0.81901041666667 0.2787037037037 0.022395833333333 0.035185185185185
52 0.088020833333333 0.26944444444444 0.042708333333333 0.072222222222222
52 0.53880208333333 0.60046296296296 0.015104166666667 0.025
52 0.8109375 0.27592592592593 0.022916666666667 0.035185185185185
52 0.70208333333333 0.71898148148148 0.014583333333333 0.025
52 0.25442708333333 0.61898148148148 0.011979166666667 0.019444444444444
52 0.11822916666667 0.42592592592593 0.027083333333333 0.044444444444444
52 0.32708333333333 0.12361111111111 0.034375 0.058333333333333
52 0.27760416666667 0.62824074074074 0.014583333333333 0.026851851851852
52 0.24921875 0.83888888888889 0.013020833333333 0.022222222222222
52 0.76536458333333 0.48425925925926 0.016145833333333 0.025925925925926
52 0.04375 0.55787037037037 0.015625 0.026851851851852
52 0.37057291666667 0.31296296296296 0.022395833333333 0.035185185185185
52 0.64791666666667 0.58518518518519 0.036458333333333 0.062962962962963
52 0.11458333333333 0.57314814814815 0.016666666666667 0.027777777777778
52 0.088802083333333 0.83425925925926 0.0140625 0.024074074074074
52 0.5296875 0.65787037037037 0.011458333333333 0.017592592592593
52 0.42890625 0.69907407407407 0.013020833333333 0.022222222222222
52 0.016927083333333 0.36944444444444 0.016145833333333 0.025925925925926
52 0.080989583333333 0.030555555555556 0.041145833333333 0.061111111111111
52 0.46328125 0.64074074074074 0.011979166666667 0.02037037037037
52 0.83255208333333 0.73981481481481 0.015104166666667 0.025925925925926
52 0.95859375 0.0092592592592593 0.019270833333333 0.018518518518519
52 0.3234375 0.71666666666667 0.016666666666667 0.027777777777778
52 0.9734375 0.39398148148148 0.015625 0.025
52 0.13333333333333 0.72916666666667 0.013541666666667 0.026851851851852
52 0.03828125 0.78981481481481 0.011979166666667 0.02037037037037
52 0.049739583333333 0.68842592592593 0.016145833333333 0.026851851851852
52 0.16484375 0.6375 0.0140625 0.021296296296296
52 0.98776041666667 0.39490740740741 0.016145833333333 0.026851851851852
52 0.37838541666667 0.73240740740741 0.013020833333333 0.022222222222222
52 0.15755208333333 0.34027777777778 0.030729166666667 0.052777777777778
52 0.57942708333333 0.77916666666667 0.013020833333333 0.021296296296296
52 0.30286458333333 0.63842592592593 0.015104166666667 0.025
52 0.44947916666667 0.51296296296296 0.013541666666667 0.022222222222222
52 0.45364583333333 0.47222222222222 0.011458333333333 0.018518518518519
52 0.070572916666667 0.73472222222222 0.019270833333333 0.032407407407407
52 0.23828125 0.45046296296296 0.0203125 0.034259259259259
52 0.27239583333333 0.43611111111111 0.014583333333333 0.024074074074074
52 0.28984375 0.67962962962963 0.011979166666667 0.02037037037037
52 0.5875 0.10972222222222 0.021875 0.034259259259259
52 0.671875 0.52083333333333 0.015625 0.026851851851852
52 0.30234375 0.38935185185185 0.013020833333333 0.021296296296296
52 0.67421875 0.3787037037037 0.011979166666667 0.018518518518519
52 0.84791666666667 0.81527777777778 0.016666666666667 0.028703703703704
52 0.82109375 0.62731481481481 0.019270833333333 0.032407407407407
52 0.11145833333333 0.18518518518519 0.020833333333333 0.031481481481481
52 0.17630208333333 0.2337962962963 0.016145833333333 0.025
52 0.32421875 0.58194444444444 0.016145833333333 0.028703703703704
52 0.83463541666667 0.66111111111111 0.018229166666667 0.02962962962963
52 0.062239583333333 0.82824074074074 0.021354166666667 0.036111111111111
52 0.34192708333333 0.46666666666667 0.034895833333333 0.057407407407407
52 0.87447916666667 0.39768518518519 0.01875 0.028703703703704
52 0.38359375 0.35833333333333 0.013020833333333 0.022222222222222
52 0.17994791666667 0.7212962962963 0.0140625 0.024074074074074
52 0.1859375 0.39351851851852 0.021875 0.037037037037037
52 0.19114583333333 0.52407407407407 0.019791666666667 0.033333333333333
52 0.31614583333333 0.47083333333333 0.011458333333333 0.019444444444444
52 0.5265625 0.4412037037037 0.015625 0.026851851851852
52 0.50234375 0.72222222222222 0.011979166666667 0.02037037037037
52 0.98098958333333 0.39398148148148 0.019270833333333 0.028703703703704
52 0.5828125 0.63055555555556 0.011458333333333 0.018518518518519
52 0.87526041666667 0.25648148148148 0.022395833333333 0.035185185185185
52 0.72838541666667 0.81435185185185 0.0140625 0.023148148148148
52 0.90572916666667 0.41296296296296 0.01875 0.031481481481481
52 0.22916666666667 0.92685185185185 0.011458333333333 0.018518518518519
52 0.26588541666667 0.5912037037037 0.011979166666667 0.019444444444444
52 0.74479166666667 0.54305555555556 0.014583333333333 0.025
52 0.30494791666667 0.74027777777778 0.015104166666667 0.025
52 0.90442708333333 0.51851851851852 0.016145833333333 0.027777777777778
52 0.5796875 0.27962962962963 0.0125 0.02037037037037
52 0.77213541666667 0.42453703703704 0.0140625 0.023148148148148
52 0.559375 0.57731481481481 0.010416666666667 0.019444444444444
52 0.059635416666667 0.25648148148148 0.018229166666667 0.025925925925926
52 0.0453125 0.62037037037037 0.013541666666667 0.024074074074074
52 0.5421875 0.36064814814815 0.013541666666667 0.021296296296296
52 0.38958333333333 0.48564814814815 0.0125 0.021296296296296
52 0.88723958333333 0.35277777777778 0.0140625 0.022222222222222
52 0.69166666666667 0.62546296296296 0.013541666666667 0.019444444444444
52 0.37421875 0.48888888888889 0.015104166666667 0.024074074074074
52 0.81119791666667 0.475 0.016145833333333 0.024074074074074
52 0.15104166666667 0.48611111111111 0.028125 0.05
52 0.76510416666667 0.51666666666667 0.01875 0.031481481481481
52 0.86171875 0.50092592592593 0.0140625 0.024074074074074
52 0.51770833333333 0.56712962962963 0.022916666666667 0.036111111111111
52 0.38229166666667 0.37222222222222 0.014583333333333 0.025925925925926
52 0.51119791666667 0.68240740740741 0.013020833333333 0.022222222222222
52 0.24036458333333 0.0078703703703704 0.0171875 0.015740740740741
52 0.96614583333333 0.25416666666667 0.020833333333333 0.030555555555556
52 0.765625 0.70555555555556 0.0125 0.02037037037037
52 0.0057291666666667 0.72314814814815 0.011458333333333 0.025925925925926
52 0.3203125 0.8212962962963 0.013541666666667 0.024074074074074
52 0.5578125 0.45972222222222 0.014583333333333 0.021296296296296
52 0.41588541666667 0.0092592592592593 0.021354166666667 0.018518518518519
52 0.013020833333333 0.60833333333333 0.01875 0.033333333333333
52 0.093229166666667 0.40277777777778 0.013541666666667 0.02037037037037
52 0.06796875 0.52083333333333 0.0171875 0.026851851851852
52 0.86484375 0.58796296296296 0.015104166666667 0.025925925925926
52 0.40026041666667 0.63518518518519 0.016145833333333 0.027777777777778
52 0.40677083333333 0.25324074074074 0.019791666666667 0.032407407407407
52 0.92265625 0.1962962962963 0.0109375 0.016666666666667
52 0.18541666666667 0.40833333333333 0.01875 0.033333333333333
52 0.36067708333333 0.21296296296296 0.011979166666667 0.02037037037037
52 0.23385416666667 0.66574074074074 0.015625 0.025925925925926
52 0.50390625 0.58564814814815 0.0140625 0.023148148148148
52 0.082291666666667 0.66111111111111 0.01875 0.02962962962963
52 0.31302083333333 0.50092592592593 0.011458333333333 0.018518518518519
52 0.90546875 0.55833333333333 0.0171875 0.027777777777778
52 0.41015625 0.29768518518519 0.011979166666667 0.019444444444444
52 0.45390625 0.11805555555556 0.0265625 0.04537037037037
52 0.2484375 0.54074074074074 0.014583333333333 0.025925925925926
52 0.80859375 0.22916666666667 0.011979166666667 0.017592592592593
52 0.95260416666667 0.34861111111111 0.015625 0.026851851851852
52 0.88359375 0.6462962962963 0.011979166666667 0.02037037037037
52 0.07734375 0.43425925925926 0.0265625 0.044444444444444
52 0.2921875 0.8162037037037 0.014583333333333 0.025
52 0.35885416666667 0.58888888888889 0.019791666666667 0.035185185185185
52 0.209375 0.67222222222222 0.0125 0.02037037037037
52 0.85625 0.44212962962963 0.015625 0.026851851851852
52 0.80442708333333 0.26805555555556 0.0140625 0.023148148148148
52 0.47083333333333 0.47592592592593 0.0125 0.022222222222222
52 0.66640625 0.42407407407407 0.013020833333333 0.022222222222222
52 0.35026041666667 0.33842592592593 0.018229166666667 0.026851851851852
52 0.18072916666667 0.80925925925926 0.0125 0.02037037037037
52 0.128125 0.69351851851852 0.0125 0.02037037037037
52 0.31744791666667 0.76898148148148 0.0140625 0.023148148148148
52 0.22239583333333 0.18703703703704 0.019791666666667 0.031481481481481
52 0.25052083333333 0.58194444444444 0.014583333333333 0.025
52 0.91536458333333 0.76851851851852 0.0140625 0.022222222222222
52 0.0049479166666667 0.53981481481481 0.0098958333333333 0.02037037037037
52 0.8 0.57731481481481 0.015625 0.025
52 0.37864583333333 0.3 0.019791666666667 0.031481481481481
52 0.18880208333333 0.46944444444444 0.0140625 0.022222222222222
52 0.29583333333333 0.42685185185185 0.014583333333333 0.024074074074074
52 0.021354166666667 0.7337962962963 0.021875 0.039814814814815
52 0.61927083333333 0.54166666666667 0.016666666666667 0.027777777777778
52 0.25260416666667 0.98564814814815 0.013541666666667 0.019444444444444
52 0.22083333333333 0.40648148148148 0.014583333333333 0.024074074074074
52 0.35390625 0.18333333333333 0.018229166666667 0.02962962962963
52 0.04609375 0.73611111111111 0.013020833333333 0.022222222222222
52 0.1359375 0.60787037037037 0.0125 0.025
52 0.71354166666667 0.60092592592593 0.013541666666667 0.022222222222222
52 0.82942708333333 0.41898148148148 0.013020833333333 0.021296296296296
52 0.40494791666667 0.4037037037037 0.013020833333333 0.02037037037037
52 0.055729166666667 0.41203703703704 0.014583333333333 0.024074074074074
52 0.83072916666667 0.50972222222222 0.015625 0.026851851851852
52 0.8625 0.33564814814815 0.021875 0.036111111111111
52 0.83854166666667 0.25740740740741 0.027083333333333 0.046296296296296
52 0.94322916666667 0.53472222222222 0.020833333333333 0.036111111111111
52 0.184375 0.76111111111111 0.014583333333333 0.022222222222222
52 0.65182291666667 0.041666666666667 0.018229166666667 0.025925925925926
52 0.74010416666667 0.64722222222222 0.023958333333333 0.040740740740741
52 0.32838541666667 0.2162037037037 0.013020833333333 0.019444444444444
52 0.57630208333333 0.55972222222222 0.016145833333333 0.026851851851852
52 0.91848958333333 0.63194444444444 0.011979166666667 0.019444444444444
52 0.21692708333333 0.79814814814815 0.0109375 0.016666666666667
52 0.41770833333333 0.25925925925926 0.021875 0.033333333333333
52 0.33072916666667 0.41435185185185 0.013541666666667 0.021296296296296
52 0.22109375 0.375 0.021354166666667 0.037037037037037
52 0.96666666666667 0.19305555555556 0.0125 0.019444444444444