52 0.95807291666667 0.11388888888889 0.0098958333333333 0.016666666666667
52 0.088541666666667 0.26342592592593 0.011458333333333 0.017592592592593
52 0.17604166666667 0.17824074074074 0.011458333333333 0.017592592592593
52 0.17109375 0.062962962962963 0.011979166666667 0.018518518518519
52 0.22083333333333 0.57083333333333 0.014583333333333 0.025
52 0.89609375 0.46898148148148 0.016145833333333 0.028703703703704
52 0.10286458333333 0.55231481481481 0.015104166666667 0.025
52 0.23802083333333 0.59398148148148 0.017708333333333 0.030555555555556
52 0.9828125 0.44398148148148 0.0125 0.023148148148148
52 0.12265625 0.039814814814815 0.013020833333333 0.018518518518519
52 0.25234375 0.70046296296296 0.0171875 0.026851851851852
52 0.33385416666667 0.18657407407407 0.01875 0.030555555555556
52 0.38177083333333 0.36064814814815 0.027083333333333 0.04537037037037
52 0.21145833333333 0.24907407407407 0.011458333333333 0.018518518518519
52 0.94166666666667 0.16851851851852 0.015625 0.025925925925926
52 0.20338541666667 0.52546296296296 0.0140625 0.023148148148148
52 0.85885416666667 0.55324074074074 0.020833333333333 0.036111111111111
52 0.80911458333333 0.56851851851852 0.0171875 0.02962962962963
52 0.014322916666667 0.11203703703704 0.015104166666667 0.025925925925926
52 0.13697916666667 0.33611111111111 0.010416666666667 0.016666666666667
52 0.033333333333333 0.12546296296296 0.011458333333333 0.017592592592593
52 0.05234375 0.58287037037037 0.025520833333333 0.04537037037037
52 0.1875 0.44768518518519 0.010416666666667 0.017592592592593
52 0.17447916666667 0.62268518518519 0.017708333333333 0.028703703703704
52 0.30182291666667 0.94583333333333 0.0234375 0.041666666666667
52 0.94583333333333 0.088888888888889 0.013541666666667 0.022222222222222
52 0.0328125 0.22777777777778 0.011458333333333 0.018518518518519
52 0.011458333333333 0.48518518518519 0.022916666666667 0.055555555555556
52 0.17135416666667 0.42962962962963 0.011458333333333 0.018518518518519
52 0.076822916666667 0.2375 0.0109375 0.015740740740741
52 0.98776041666667 0.50555555555556 0.011979166666667 0.022222222222222
52 0.18151041666667 0.23796296296296 0.018229166666667 0.02962962962963
52 0.23880208333333 0.26666666666667 0.011979166666667 0.018518518518519
52 0.12708333333333 0.37824074074074 0.011458333333333 0.017592592592593
52 0.18177083333333 0.37222222222222 0.0125 0.016666666666667
52 0.06328125 0.26064814814815 0.0098958333333333 0.015740740740741
52 0.49296875 0.50185185185185 0.015104166666667 0.025925925925926
52 0.21276041666667 0.7287037037037 0.018229166666667 0.02962962962963
52 0.81901041666667 0.078703703703704 0.018229166666667 0.031481481481481
52 0.20104166666667 0.022222222222222 0.032291666666667 0.044444444444444
52 0.4890625 0.6787037037037 0.020833333333333 0.038888888888889
52 0.37604166666667 0.57731481481481 0.042708333333333 0.069444444444444
52 0.13645833333333 0.16944444444444 0.010416666666667 0.016666666666667
52 0.30260416666667 0.054166666666667 0.011458333333333 0.017592592592593
52 0.27734375 0.083333333333333 0.016145833333333 0.025925925925926
52 0.2359375 0.87824074074074 0.019791666666667 0.032407407407407
52 0.03984375 0.27824074074074 0.019270833333333 0.032407407407407
52 0.19140625 0.27685185185185 0.011979166666667 0.018518518518519
52 0.029427083333333 0.073611111111111 0.024479166666667 0.037962962962963
52 0.18411458333333 0.31851851851852 0.011979166666667 0.018518518518519
52 0.90182291666667 0.14027777777778 0.013020833333333 0.019444444444444
52 0.934375 0.33101851851852 0.011458333333333 0.017592592592593
52 0.040104166666667 0.47546296296296 0.017708333333333 0.030555555555556
52 0.9765625 0.33611111111111 0.0125 0.02037037037037