52 0.091666666666667 0.36944444444444 0.017708333333333 0.02962962962963
52 0.059635416666667 0.04212962962963 0.025520833333333 0.037962962962963
52 0.76067708333333 0.066203703703704 0.021354166666667 0.034259259259259
52 0.88098958333333 0.19907407407407 0.0203125 0.033333333333333
52 0.17421875 0.05 0.0203125 0.02962962962963
52 0.66015625 0.11388888888889 0.018229166666667 0.027777777777778
52 0.25208333333333 0.19953703703704 0.01875 0.032407407407407
52 0.80104166666667 0.022222222222222 0.016666666666667 0.02962962962963
52 0.76927083333333 0.25925925925926 0.016666666666667 0.027777777777778
52 0.29270833333333 0.19490740740741 0.026041666666667 0.043518518518519
52 0.690625 0.030555555555556 0.019791666666667 0.02962962962963
52 0.59947916666667 0.034259259259259 0.019791666666667 0.031481481481481
52 0.41588541666667 0.36666666666667 0.016145833333333 0.027777777777778
52 0.74296875 0.16990740740741 0.0171875 0.026851851851852
52 0.62526041666667 0.28564814814815 0.0171875 0.028703703703704
52 0.49505208333333 0.3625 0.016145833333333 0.028703703703704
52 0.25338541666667 0.30462962962963 0.0171875 0.025925925925926
52 0.94453125 0.21851851851852 0.0171875 0.025925925925926
52 0.22265625 0.30462962962963 0.0171875 0.02962962962963
52 0.34036458333333 0.24537037037037 0.019270833333333 0.033333333333333
52 0.87109375 0.14953703703704 0.038020833333333 0.065740740740741
52 0.40364583333333 0.028240740740741 0.027083333333333 0.043518518518519
52 0.31979166666667 0.28055555555556 0.032291666666667 0.055555555555556
52 0.82630208333333 0.069444444444444 0.031770833333333 0.055555555555556
52 0.67708333333333 0.14722222222222 0.021875 0.035185185185185
52 0.51614583333333 0.32361111111111 0.021875 0.034259259259259
52 0.41041666666667 0.11111111111111 0.017708333333333 0.027777777777778
52 0.61328125 0.23657407407407 0.0171875 0.028703703703704
52 0.70052083333333 0.11666666666667 0.01875 0.02962962962963
52 0.12005208333333 0.19768518518519 0.0203125 0.034259259259259
52 0.42838541666667 0.40462962962963 0.019270833333333 0.035185185185185
52 0.87395833333333 0.30833333333333 0.017708333333333 0.031481481481481
52 0.84036458333333 0.21851851851852 0.021354166666667 0.035185185185185
52 0.33854166666667 0.14212962962963 0.020833333333333 0.036111111111111
52 0.5265625 0.014814814814815 0.022916666666667 0.02962962962963
52 0.35651041666667 0.012962962962963 0.021354166666667 0.025925925925926
52 0.82109375 0.098148148148148 0.018229166666667 0.02962962962963
52 0.57213541666667 0.16064814814815 0.0203125 0.032407407407407
52 0.32447916666667 0.049537037037037 0.019791666666667 0.028703703703704
52 0.64036458333333 0.13240740740741 0.018229166666667 0.02962962962963
52 0.79713541666667 0.078703703703704 0.019270833333333 0.02962962962963
52 0.21875 0.24444444444444 0.016666666666667 0.027777777777778
52 0.6796875 0.32453703703704 0.016666666666667 0.026851851851852
52 0.92942708333333 0.17175925925926 0.019270833333333 0.030555555555556
52 0.57473958333333 0.25324074074074 0.025520833333333 0.04537037037037
52 0.78229166666667 0.18981481481481 0.017708333333333 0.02962962962963
52 0.80130208333333 0.036574074074074 0.0171875 0.026851851851852
52 0.29114583333333 0.24814814814815 0.016666666666667 0.02962962962963
52 0.22578125 0.019907407407407 0.019270833333333 0.028703703703704
52 0.017447916666667 0.018981481481481 0.021354166666667 0.032407407407407
52 0.68177083333333 0.2625 0.054166666666667 0.093518518518519
52 0.31744791666667 0.15 0.0171875 0.027777777777778
52 0.73984375 0.10462962962963 0.018229166666667 0.027777777777778
52 0.85026041666667 0.12962962962963 0.019270833333333 0.031481481481481
52 0.20286458333333 0.053703703703704 0.0359375 0.059259259259259
52 0.16354166666667 0.27777777777778 0.035416666666667 0.061111111111111
52 0.34609375 0.094444444444444 0.024479166666667 0.042592592592593
52 0.73880208333333 0.26805555555556 0.018229166666667 0.032407407407407
52 0.54635416666667 0.36111111111111 0.023958333333333 0.040740740740741
52 0.859375 0.014814814814815 0.019791666666667 0.025925925925926
52 0.95729166666667 0.36527777777778 0.021875 0.039814814814815
52 0.16380208333333 0.097685185185185 0.027604166666667 0.04537037037037
52 0.10234375 0.14861111111111 0.018229166666667 0.028703703703704
52 0.8375 0.27638888888889 0.021875 0.036111111111111
52 0.54270833333333 0.10509259259259 0.022916666666667 0.039814814814815
52 0.70520833333333 0.011574074074074 0.021875 0.023148148148148
52 0.85729166666667 0.075925925925926 0.020833333333333 0.035185185185185
52 0.60052083333333 0.12268518518519 0.0375 0.067592592592593
52 0.96015625 0.034259259259259 0.0203125 0.033333333333333
52 0.98567708333333 0.030555555555556 0.028645833333333 0.061111111111111
52 0.71354166666667 0.11018518518519 0.01875 0.02962962962963
52 0.84296875 0.038425925925926 0.0203125 0.032407407407407
52 0.42109375 0.059259259259259 0.021354166666667 0.035185185185185
52 0.90625 0.12175925925926 0.054166666666667 0.09537037037037
52 0.14244791666667 0.30555555555556 0.018229166666667 0.02962962962963
52 0.06875 0.24490740740741 0.016666666666667 0.028703703703704
52 0.091145833333333 0.069444444444444 0.030208333333333 0.046296296296296
52 0.56927083333333 0.11759259259259 0.027083333333333 0.048148148148148
52 0.55885416666667 0.18796296296296 0.017708333333333 0.02962962962963
52 0.21015625 0.13981481481481 0.019270833333333 0.02962962962963
52 0.069791666666667 0.18194444444444 0.025 0.037962962962963
52 0.92916666666667 0.28194444444444 0.01875 0.028703703703704
52 0.6609375 0.15972222222222 0.01875 0.030555555555556