52 0.14739583333333 0.38472222222222 0.013541666666667 0.021296296296296
52 0.84583333333333 0.24861111111111 0.025 0.04537037037037
52 0.92057291666667 0.20601851851852 0.011979166666667 0.019444444444444
52 0.26484375 0.97777777777778 0.041145833333333 0.044444444444444
52 0.621875 0.47407407407407 0.01875 0.031481481481481
52 0.37083333333333 0.33842592592593 0.011458333333333 0.019444444444444
52 0.1375 0.5875 0.020833333333333 0.036111111111111
52 0.571875 0.73518518518519 0.025 0.044444444444444
52 0.17916666666667 0.23981481481481 0.010416666666667 0.014814814814815
52 0.89973958333333 0.65092592592593 0.0421875 0.072222222222222
52 0.10833333333333 0.36805555555556 0.015625 0.023148148148148
52 0.05546875 0.48842592592593 0.019270833333333 0.032407407407407
52 0.12630208333333 0.025 0.011979166666667 0.016666666666667
52 0.98229166666667 0.052777777777778 0.032291666666667 0.074074074074074
52 0.18880208333333 0.52638888888889 0.018229166666667 0.030555555555556
52 0.196875 0.31203703703704 0.0125 0.02037037037037
52 0.9265625 0.23703703703704 0.013541666666667 0.022222222222222
52 0.37890625 0.94907407407407 0.066145833333333 0.10185185185185
52 0.13541666666667 0.69351851851852 0.013541666666667 0.022222222222222
52 0.196875 0.97037037037037 0.046875 0.059259259259259
52 0.22682291666667 0.69814814814815 0.015104166666667 0.024074074074074
52 0.621875 0.2837962962963 0.019791666666667 0.032407407407407
52 0.29114583333333 0.076851851851852 0.013541666666667 0.022222222222222
52 0.86484375 0.47222222222222 0.0109375 0.018518518518519
52 0.89817708333333 0.34953703703704 0.030729166666667 0.05462962962963
52 0.082552083333333 0.28796296296296 0.0140625 0.022222222222222
52 0.47708333333333 0.25509259259259 0.035416666666667 0.065740740740741
52 0.97552083333333 0.053703703703704 0.026041666666667 0.044444444444444
52 0.16302083333333 0.037037037037037 0.020833333333333 0.031481481481481
52 0.18671875 0.16111111111111 0.013020833333333 0.02037037037037
52 0.30494791666667 0.24953703703704 0.0140625 0.023148148148148
52 0.95286458333333 0.52916666666667 0.0109375 0.017592592592593
52 0.8890625 0.76759259259259 0.020833333333333 0.033333333333333
52 0.94557291666667 0.28564814814815 0.0109375 0.019444444444444
52 0.07734375 0.62314814814815 0.0140625 0.022222222222222
52 0.93958333333333 0.13472222222222 0.014583333333333 0.023148148148148
52 0.37916666666667 0.029166666666667 0.01875 0.028703703703704
52 0.23958333333333 0.88333333333333 0.03125 0.051851851851852
52 0.79661458333333 0.54305555555556 0.0234375 0.041666666666667
52 0.98958333333333 0.42824074074074 0.017708333333333 0.034259259259259
52 0.38359375 0.56111111111111 0.011979166666667 0.02037037037037
52 0.63307291666667 0.56203703703704 0.015104166666667 0.027777777777778
52 0.55859375 0.51944444444444 0.0140625 0.022222222222222
52 0.97786458333333 0.33888888888889 0.0098958333333333 0.016666666666667
52 0.27786458333333 0.45787037037037 0.011979166666667 0.019444444444444