52 0.94557291666667 0.19444444444444 0.0171875 0.027777777777778
52 0.5234375 0.21203703703704 0.019791666666667 0.031481481481481
52 0.75026041666667 0.13935185185185 0.0109375 0.017592592592593
52 0.84166666666667 0.59768518518519 0.042708333333333 0.073148148148148
52 0.94583333333333 0.37175925925926 0.0125 0.021296296296296
52 0.1359375 0.10138888888889 0.0375 0.060185185185185
52 0.46692708333333 0.13009259259259 0.0171875 0.028703703703704
52 0.7859375 0.4912037037037 0.010416666666667 0.017592592592593
52 0.60052083333333 0.87546296296296 0.026041666666667 0.047222222222222
52 0.41328125 0.65833333333333 0.025520833333333 0.046296296296296
52 0.51536458333333 0.57592592592593 0.022395833333333 0.042592592592593
52 0.54427083333333 0.12083333333333 0.014583333333333 0.023148148148148
52 0.70286458333333 0.14814814814815 0.0109375 0.016666666666667
52 0.65963541666667 0.19722222222222 0.016145833333333 0.027777777777778
52 0.11276041666667 0.23333333333333 0.034895833333333 0.059259259259259
52 0.94583333333333 0.45601851851852 0.0125 0.021296296296296
52 0.64739583333333 0.17361111111111 0.011458333333333 0.019444444444444
52 0.36744791666667 0.030092592592593 0.025520833333333 0.039814814814815
52 0.81614583333333 0.28657407407407 0.038541666666667 0.063888888888889
52 0.43255208333333 0.85648148148148 0.0328125 0.057407407407407
52 0.61067708333333 0.53564814814815 0.021354166666667 0.039814814814815
52 0.76666666666667 0.57175925925926 0.0125 0.021296296296296
52 0.99296875 0.42777777777778 0.011979166666667 0.022222222222222
52 0.32578125 0.51111111111111 0.046354166666667 0.07962962962963
52 0.7640625 0.24861111111111 0.010416666666667 0.017592592592593
52 0.98411458333333 0.46990740740741 0.0098958333333333 0.017592592592593
52 0.70677083333333 0.64490740740741 0.019791666666667 0.032407407407407
52 0.94088541666667 0.91342592592593 0.021354166666667 0.034259259259259
52 0.019270833333333 0.28194444444444 0.022916666666667 0.041666666666667
52 0.84375 0.32268518518519 0.015625 0.025
52 0.99166666666667 0.16018518518519 0.010416666666667 0.018518518518519
52 0.85234375 0.048611111111111 0.015104166666667 0.021296296296296
52 0.86328125 0.31296296296296 0.022395833333333 0.035185185185185
52 0.35182291666667 0.33194444444444 0.0203125 0.036111111111111