52 0.23880208333333 0.32731481481481 0.036979166666667 0.063888888888889
52 0.80442708333333 0.61990740740741 0.034895833333333 0.062037037037037
52 0.90885416666667 0.4337962962963 0.030208333333333 0.058333333333333
52 0.609375 0.51296296296296 0.013541666666667 0.024074074074074
52 0.51927083333333 0.39398148148148 0.042708333333333 0.075
52 0.021875 0.078703703703704 0.036458333333333 0.064814814814815
52 0.82890625 0.14074074074074 0.0328125 0.055555555555556
52 0.86536458333333 0.64074074074074 0.013020833333333 0.02037037037037
52 0.079947916666667 0.14490740740741 0.034895833333333 0.058333333333333
52 0.74401041666667 0.073148148148148 0.0296875 0.05
52 0.59817708333333 0.048611111111111 0.040104166666667 0.069444444444444
52 0.696875 0.55555555555556 0.027083333333333 0.05
52 0.91432291666667 0.58101851851852 0.016145833333333 0.026851851851852
52 0.61510416666667 0.40462962962963 0.017708333333333 0.031481481481481
52 0.62265625 0.33194444444444 0.016145833333333 0.026851851851852
52 0.52994791666667 0.29490740740741 0.022395833333333 0.037962962962963
52 0.37578125 0.39074074074074 0.0234375 0.038888888888889
52 0.046614583333333 0.0083333333333333 0.016145833333333 0.016666666666667
52 0.72057291666667 0.15185185185185 0.033854166666667 0.055555555555556
52 0.76979166666667 0.47175925925926 0.01875 0.032407407407407
52 0.77526041666667 0.54861111111111 0.0171875 0.028703703703704
52 0.88984375 0.64953703703704 0.021354166666667 0.039814814814815
52 0.080729166666667 0.20185185185185 0.023958333333333 0.037037037037037
52 0.74713541666667 0.4412037037037 0.0265625 0.04537037037037
52 0.46979166666667 0.33518518518519 0.023958333333333 0.040740740740741
52 0.87109375 0.25787037037037 0.028645833333333 0.049074074074074
52 0.88723958333333 0.013425925925926 0.0234375 0.026851851851852
52 0.31223958333333 0.51712962962963 0.0203125 0.032407407407407
52 0.82317708333333 0.44166666666667 0.027604166666667 0.05
52 0.928125 0.48148148148148 0.014583333333333 0.025925925925926
52 0.88828125 0.54212962962963 0.016145833333333 0.025
52 0.0125 0.33287037037037 0.025 0.052777777777778
52 0.84739583333333 0.028240740740741 0.025 0.039814814814815
52 0.32578125 0.23287037037037 0.0234375 0.039814814814815
52 0.83359375 0.5462962962963 0.019270833333333 0.031481481481481
52 0.184375 0.17268518518519 0.047916666666667 0.084259259259259
52 0.57265625 0.42916666666667 0.018229166666667 0.032407407407407
52 0.11432291666667 0.028240740740741 0.016145833333333 0.023148148148148
52 0.50338541666667 0.43888888888889 0.055729166666667 0.1
52 0.97083333333333 0.29212962962963 0.023958333333333 0.041666666666667
52 0.64375 0.47962962962963 0.047916666666667 0.088888888888889
52 0.78411458333333 0.19675925925926 0.061979166666667 0.11388888888889
52 0.77708333333333 0.3037037037037 0.0375 0.066666666666667
52 0.38020833333333 0.43472222222222 0.01875 0.028703703703704
52 0.89869791666667 0.039814814814815 0.013020833333333 0.018518518518519
52 0.95104166666667 0.21388888888889 0.023958333333333 0.037037037037037
52 0.6609375 0.18472222222222 0.063541666666667 0.11018518518519
52 0.90052083333333 0.6162037037037 0.015625 0.026851851851852
52 0.94401041666667 0.57083333333333 0.0140625 0.023148148148148
52 0.76223958333333 0.5837962962963 0.015104166666667 0.025
52 0.26302083333333 0.074537037037037 0.06875 0.11759259259259
52 0.95442708333333 0.41851851851852 0.0203125 0.035185185185185
52 0.20703125 0.46851851851852 0.0171875 0.02962962962963
52 0.68125 0.48425925925926 0.015625 0.024074074074074
52 0.90052083333333 0.096759259259259 0.027083333333333 0.04537037037037
52 0.33151041666667 0.44490740740741 0.018229166666667 0.032407407407407
52 0.49505208333333 0.34351851851852 0.018229166666667 0.031481481481481
52 0.64947916666667 0.53888888888889 0.020833333333333 0.037037037037037
52 0.70494791666667 0.46990740740741 0.018229166666667 0.030555555555556
52 0.82630208333333 0.10138888888889 0.021354166666667 0.036111111111111
52 0.99140625 0.4212962962963 0.015104166666667 0.027777777777778
52 0.42239583333333 0.26481481481481 0.017708333333333 0.02962962962963
52 0.90651041666667 0.31990740740741 0.022395833333333 0.037962962962963
52 0.92005208333333 0.39583333333333 0.016145833333333 0.025
52 0.1171875 0.13888888888889 0.032291666666667 0.051851851851852
52 0.40989583333333 0.30925925925926 0.034375 0.059259259259259
52 0.97942708333333 0.42777777777778 0.016145833333333 0.027777777777778
52 0.93125 0.16342592592593 0.025 0.041666666666667
52 0.25104166666667 0.37037037037037 0.041666666666667 0.072222222222222
52 0.96276041666667 0.38194444444444 0.015104166666667 0.025
52 0.45286458333333 0.3287037037037 0.018229166666667 0.031481481481481
52 0.82161458333333 0.32407407407407 0.018229166666667 0.02962962962963
52 0.41145833333333 0.24212962962963 0.025 0.04537037037037
52 0.74635416666667 0.50694444444444 0.019791666666667 0.032407407407407
52 0.40442708333333 0.39074074074074 0.018229166666667 0.02962962962963
52 0.57994791666667 0.47361111111111 0.0203125 0.034259259259259
52 0.49973958333333 0.27222222222222 0.0453125 0.07962962962963
52 0.62890625 0.23472222222222 0.028645833333333 0.050925925925926
52 0.43098958333333 0.073148148148148 0.0140625 0.02037037037037
52 0.78984375 0.42222222222222 0.018229166666667 0.031481481481481
52 0.5625 0.36435185185185 0.020833333333333 0.034259259259259
52 0.70286458333333 0.20462962962963 0.044270833333333 0.074074074074074
52 0.73567708333333 0.24166666666667 0.024479166666667 0.040740740740741
52 0.98385416666667 0.64537037037037 0.032291666666667 0.068518518518519
52 0.82057291666667 0.38935185185185 0.016145833333333 0.026851851851852
52 0.34583333333333 0.089814814814815 0.03125 0.048148148148148
52 0.53515625 0.31712962962963 0.0234375 0.039814814814815
52 0.52552083333333 0.031481481481481 0.040625 0.062962962962963
52 0.95911458333333 0.50509259259259 0.021354166666667 0.037962962962963
52 0.45911458333333 0.18518518518519 0.0328125 0.055555555555556
52 0.59921875 0.34305555555556 0.021354166666667 0.034259259259259
52 0.55364583333333 0.48796296296296 0.027083333333333 0.048148148148148
52 0.68463541666667 0.33888888888889 0.022395833333333 0.038888888888889
52 0.14661458333333 0.02037037037037 0.0453125 0.040740740740741
52 0.59244791666667 0.42685185185185 0.024479166666667 0.040740740740741
52 0.56953125 0.28611111111111 0.022395833333333 0.038888888888889
52 0.73854166666667 0.30648148148148 0.021875 0.040740740740741
52 0.055989583333333 0.087962962962963 0.024479166666667 0.037037037037037
52 0.446875 0.11296296296296 0.029166666666667 0.051851851851852
52 0.79270833333333 0.49166666666667 0.020833333333333 0.035185185185185
52 0.590625 0.094444444444444 0.029166666666667 0.05
52 0.92552083333333 0.55185185185185 0.017708333333333 0.031481481481481
52 0.6421875 0.41666666666667 0.016666666666667 0.027777777777778
52 0.35338541666667 0.37731481481481 0.0140625 0.023148148148148
52 0.309375 0.46990740740741 0.017708333333333 0.028703703703704
52 0.46692708333333 0.40555555555556 0.0203125 0.035185185185185
52 0.67161458333333 0.57268518518519 0.016145833333333 0.026851851851852
52 0.33333333333333 0.4875 0.019791666666667 0.030555555555556
52 0.75416666666667 0.55046296296296 0.014583333333333 0.023148148148148
52 0.87760416666667 0.36851851851852 0.013541666666667 0.022222222222222
52 0.83984375 0.23611111111111 0.0265625 0.044444444444444
52 0.98359375 0.20324074074074 0.0328125 0.060185185185185
52 0.36770833333333 0.22731481481481 0.027083333333333 0.04537037037037
52 0.83463541666667 0.35046296296296 0.0296875 0.049074074074074
52 0.28151041666667 0.35 0.027604166666667 0.046296296296296
52 0.71614583333333 0.42592592592593 0.013541666666667 0.022222222222222
52 0.25625 0.46666666666667 0.022916666666667 0.042592592592593
52 0.56119791666667 0.1375 0.0171875 0.026851851851852
52 0.85729166666667 0.29583333333333 0.025 0.039814814814815
52 0.40208333333333 0.15972222222222 0.076041666666667 0.12685185185185
52 0.22604166666667 0.12037037037037 0.032291666666667 0.055555555555556
52 0.26536458333333 0.065740740740741 0.084895833333333 0.11851851851852
52 0.66171875 0.17268518518519 0.0859375 0.125
52 0.78567708333333 0.20046296296296 0.072395833333333 0.10092592592593
52 0.8375 0.50185185185185 0.067708333333333 0.07962962962963
52 0.64453125 0.47916666666667 0.0546875 0.084259259259259
52 0.40208333333333 0.16064814814815 0.085416666666667 0.11018518518519
52 0.18359375 0.17222222222222 0.056770833333333 0.07962962962963
52 0.50442708333333 0.44259259259259 0.059895833333333 0.075925925925926
52 0.5 0.27361111111111 0.051041666666667 0.071296296296296
52 0.70390625 0.20601851851852 0.053645833333333 0.065740740740741
52 0.51848958333333 0.39444444444444 0.047395833333333 0.064814814814815
52 0.59921875 0.05 0.0484375 0.062962962962963
52 0.52552083333333 0.032407407407407 0.051041666666667 0.059259259259259
52 0.25130208333333 0.37083333333333 0.046354166666667 0.060185185185185
52 0.97005208333333 0.21064814814815 0.046354166666667 0.056481481481481
52 0.021354166666667 0.081481481481481 0.042708333333333 0.061111111111111
52 0.778125 0.30694444444444 0.041666666666667 0.058333333333333
52 0.98385416666667 0.20925925925926 0.034375 0.07037037037037
52 0.72135416666667 0.15138888888889 0.040625 0.05462962962963
52 0.80338541666667 0.61759259259259 0.041145833333333 0.051851851851852
52 0.83489583333333 0.35185185185185 0.041666666666667 0.05
52 0.23802083333333 0.33055555555556 0.038541666666667 0.053703703703704
52 0.14713541666667 0.018055555555556 0.056770833333333 0.036111111111111
52 0.40911458333333 0.30694444444444 0.036979166666667 0.052777777777778
52 0.44765625 0.11481481481481 0.038020833333333 0.048148148148148
52 0.74557291666667 0.073611111111111 0.038020833333333 0.050925925925926
52 0.46041666666667 0.18703703703704 0.0375 0.046296296296296
52 0.83020833333333 0.1412037037037 0.036458333333333 0.047222222222222
52 0.22578125 0.11851851851852 0.036979166666667 0.046296296296296
52 0.015364583333333 0.33287037037037 0.030729166666667 0.05462962962963
52 0.08046875 0.14537037037037 0.0359375 0.046296296296296
52 0.62942708333333 0.23425925925926 0.036979166666667 0.044444444444444
52 0.90078125 0.097685185185185 0.034895833333333 0.04537037037037
52 0.28203125 0.35046296296296 0.0359375 0.043518518518519
52 0.34661458333333 0.090277777777778 0.034895833333333 0.043518518518519
52 0.84791666666667 0.028703703703704 0.035416666666667 0.042592592592593
52 0.59166666666667 0.094907407407407 0.034375 0.043518518518519
52 0.11875 0.13981481481481 0.034375 0.042592592592593
52 0.82317708333333 0.44074074074074 0.0328125 0.044444444444444
52 0.87057291666667 0.25787037037037 0.033854166666667 0.041666666666667
52 0.84036458333333 0.23611111111111 0.0328125 0.040740740740741
52 0.74791666666667 0.44259259259259 0.03125 0.042592592592593
52 0.010677083333333 0.22824074074074 0.021354166666667 0.062037037037037
52 0.93151041666667 0.16481481481481 0.031770833333333 0.040740740740741
52 0.55390625 0.48796296296296 0.033854166666667 0.038888888888889
52 0.4140625 0.24166666666667 0.032291666666667 0.038888888888889
52 0.73723958333333 0.24305555555556 0.031770833333333 0.037962962962963
52 0.46692708333333 0.33518518518519 0.031770833333333 0.037037037037037
52 0.36848958333333 0.22777777777778 0.0296875 0.038888888888889
52 0.53671875 0.31805555555556 0.031770833333333 0.036111111111111
52 0.37786458333333 0.38981481481481 0.0296875 0.037037037037037
52 0.85729166666667 0.30046296296296 0.030208333333333 0.036111111111111
52 0.05625 0.088888888888889 0.029166666666667 0.035185185185185
52 0.90677083333333 0.32222222222222 0.027083333333333 0.037037037037037
52 0.97239583333333 0.29259259259259 0.028125 0.035185185185185
52 0.25520833333333 0.46851851851852 0.028125 0.035185185185185
52 0.68541666666667 0.33935185185185 0.028125 0.034259259259259
52 0.325 0.23287037037037 0.028125 0.034259259259259
52 0.95182291666667 0.2162037037037 0.027604166666667 0.034259259259259
52 0.59869791666667 0.34398148148148 0.027604166666667 0.034259259259259
52 0.82630208333333 0.10231481481481 0.027604166666667 0.034259259259259
52 0.56953125 0.28611111111111 0.027604166666667 0.033333333333333
52 0.59244791666667 0.42685185185185 0.0265625 0.033333333333333
52 0.85104166666667 0.30972222222222 0.027083333333333 0.032407407407407
52 0.89114583333333 0.012962962962963 0.032291666666667 0.025925925925926
52 0.080729166666667 0.20324074074074 0.026041666666667 0.032407407407407
52 0.7390625 0.30972222222222 0.026041666666667 0.030555555555556
52 0.70494791666667 0.46990740740741 0.025520833333333 0.030555555555556
52 0.33307291666667 0.44490740740741 0.024479166666667 0.030555555555556
52 0.365625 0.40231481481481 0.023958333333333 0.028703703703704
52 0.57369791666667 0.42824074074074 0.0234375 0.028703703703704
52 0.094791666666667 0.46481481481481 0.023958333333333 0.027777777777778
52 0.45364583333333 0.33055555555556 0.023958333333333 0.027777777777778
52 0.64296875 0.41851851851852 0.0234375 0.027777777777778
52 0.74765625 0.50787037037037 0.022395833333333 0.028703703703704
52 0.58020833333333 0.47407407407407 0.022916666666667 0.027777777777778
52 0.79088541666667 0.42222222222222 0.022395833333333 0.027777777777778
52 0.95494791666667 0.41851851851852 0.022395833333333 0.027777777777778
52 0.82161458333333 0.32407407407407 0.022395833333333 0.027777777777778
52 0.40625 0.3912037037037 0.022916666666667 0.026851851851852
52 0.46666666666667 0.40601851851852 0.022916666666667 0.026851851851852
52 0.5296875 0.2912037037037 0.022916666666667 0.026851851851852
52 0.77083333333333 0.47222222222222 0.021875 0.027777777777778
52 0.79322916666667 0.49166666666667 0.021875 0.027777777777778
52 0.56328125 0.36435185185185 0.022395833333333 0.026851851851852
52 0.20807291666667 0.46851851851852 0.022395833333333 0.025925925925926
52 0.4953125 0.34444444444444 0.021875 0.025925925925926
52 0.61614583333333 0.40509259259259 0.021875 0.026851851851852
52 0.91484375 0.58333333333333 0.021354166666667 0.025925925925926
52 0.62291666666667 0.3337962962963 0.020833333333333 0.025
52 0.56145833333333 0.13703703703704 0.020833333333333 0.024074074074074
52 0.4234375 0.26574074074074 0.020833333333333 0.024074074074074
52 0.82083333333333 0.38981481481481 0.019791666666667 0.024074074074074
52 0.30911458333333 0.46944444444444 0.019270833333333 0.024074074074074
52 0.35390625 0.37824074074074 0.018229166666667 0.021296296296296
52 0.92057291666667 0.3962962962963 0.018229166666667 0.022222222222222
52 0.87916666666667 0.36898148148148 0.017708333333333 0.021296296296296
52 0.9625 0.38101851851852 0.017708333333333 0.021296296296296
52 0.61041666666667 0.5125 0.017708333333333 0.021296296296296
52 0.045833333333333 0.0069444444444444 0.016666666666667 0.013888888888889