52 0.88776041666667 0.5037037037037 0.055729166666667 0.10185185185185
52 0.81692708333333 0.55046296296296 0.016145833333333 0.026851851851852
52 0.96119791666667 0.25833333333333 0.075520833333333 0.13333333333333
52 0.78098958333333 0.31296296296296 0.0734375 0.14074074074074
52 0.36145833333333 0.51527777777778 0.0625 0.11759259259259
52 0.96484375 0.35925925925926 0.0171875 0.02962962962963
52 0.091666666666667 0.30555555555556 0.09375 0.17962962962963
52 0.72786458333333 0.47962962962963 0.1046875 0.20555555555556
52 0.94479166666667 0.23842592592593 0.057291666666667 0.10462962962963
52 0.75338541666667 0.60833333333333 0.0640625 0.11666666666667
52 0.62890625 0.63518518518519 0.0484375 0.085185185185185
52 0.9046875 0.35277777777778 0.088541666666667 0.18518518518519
52 0.72786458333333 0.41712962962963 0.0890625 0.17685185185185
52 0.40885416666667 0.78518518518519 0.054166666666667 0.094444444444444
52 0.66432291666667 0.57916666666667 0.021354166666667 0.037962962962963
52 0.028385416666667 0.29953703703704 0.056770833333333 0.11574074074074
52 0.54140625 0.75231481481481 0.050520833333333 0.087962962962963
52 0.82682291666667 0.20740740740741 0.063020833333333 0.10925925925926
52 0.57161458333333 0.79814814814815 0.043229166666667 0.075925925925926
52 0.80755208333333 0.25 0.077604166666667 0.15185185185185
52 0.57109375 0.16342592592593 0.058854166666667 0.10462962962963
52 0.47526041666667 0.48240740740741 0.050520833333333 0.090740740740741
52 0.9296875 0.6375 0.01875 0.032407407407407
52 0.646875 0.69259259259259 0.051041666666667 0.090740740740741
52 0.81848958333333 0.66296296296296 0.0484375 0.085185185185185
52 0.31848958333333 0.57777777777778 0.066145833333333 0.12407407407407
52 0.659375 0.12175925925926 0.073958333333333 0.13055555555556
52 0.96119791666667 0.61712962962963 0.047395833333333 0.082407407407407
52 0.64375 0.04537037037037 0.0625 0.090740740740741
52 0.51302083333333 0.89027777777778 0.028125 0.049074074074074
52 0.35911458333333 0.72777777777778 0.0859375 0.16666666666667
52 0.98333333333333 0.10416666666667 0.033333333333333 0.10277777777778
52 0.79270833333333 0.055555555555556 0.021875 0.035185185185185
52 0.49609375 0.78333333333333 0.059895833333333 0.10925925925926
52 0.066145833333333 0.81527777777778 0.10625 0.19166666666667
52 0.49166666666667 0.53935185185185 0.063541666666667 0.11388888888889
52 0.71927083333333 0.69768518518519 0.058333333333333 0.10277777777778
52 0.67161458333333 0.30694444444444 0.088020833333333 0.1712962962963
52 0.70625 0.125 0.103125 0.20185185185185
52 0.80729166666667 0.41805555555556 0.01875 0.030555555555556
52 0.86223958333333 0.49305555555556 0.019270833333333 0.032407407407407
52 0.83489583333333 0.023611111111111 0.040625 0.047222222222222