52 0.14635416666667 0.084722222222222 0.029166666666667 0.049074074074074
52 0.16588541666667 0.48611111111111 0.018229166666667 0.031481481481481
52 0.95651041666667 0.8287037037037 0.015104166666667 0.025925925925926
52 0.81588541666667 0.74444444444444 0.0140625 0.024074074074074
52 0.36145833333333 0.14490740740741 0.019791666666667 0.034259259259259
52 0.68723958333333 0.91388888888889 0.015104166666667 0.025925925925926
52 0.50625 0.51342592592593 0.016666666666667 0.028703703703704
52 0.84453125 0.85509259259259 0.015104166666667 0.025
52 0.63854166666667 0.94722222222222 0.030208333333333 0.05
52 0.053645833333333 0.6037037037037 0.015625 0.027777777777778
52 0.75078125 0.21388888888889 0.015104166666667 0.024074074074074
52 0.18515625 0.67453703703704 0.015104166666667 0.025
52 0.9453125 0.56296296296296 0.014583333333333 0.024074074074074
52 0.39921875 0.48564814814815 0.016145833333333 0.026851851851852
52 0.80182291666667 0.10231481481481 0.024479166666667 0.037962962962963
52 0.94140625 0.89212962962963 0.015104166666667 0.023148148148148
52 0.76354166666667 0.010185185185185 0.016666666666667 0.02037037037037
52 0.72057291666667 0.56018518518519 0.0140625 0.024074074074074
52 0.89036458333333 0.19907407407407 0.019270833333333 0.02962962962963
52 0.27005208333333 0.43333333333333 0.0140625 0.024074074074074
52 0.21432291666667 0.30277777777778 0.019270833333333 0.031481481481481
52 0.95911458333333 0.66157407407407 0.0140625 0.025
52 0.50052083333333 0.76342592592593 0.015625 0.023148148148148
52 0.95755208333333 0.09537037037037 0.019270833333333 0.02962962962963
52 0.7375 0.97962962962963 0.015625 0.024074074074074
52 0.43802083333333 0.10833333333333 0.01875 0.02962962962963
52 0.08359375 0.62083333333333 0.015104166666667 0.025
52 0.24401041666667 0.55787037037037 0.019270833333333 0.032407407407407
52 0.87317708333333 0.18935185185185 0.016145833333333 0.023148148148148
52 0.1109375 0.69259259259259 0.014583333333333 0.024074074074074
52 0.884375 0.64768518518519 0.017708333333333 0.026851851851852
52 0.24921875 0.79490740740741 0.016145833333333 0.026851851851852
52 0.253125 0.25231481481481 0.032291666666667 0.058333333333333
52 0.98411458333333 0.93009259259259 0.0140625 0.025
52 0.044270833333333 0.69722222222222 0.014583333333333 0.024074074074074
52 0.7609375 0.085185185185185 0.015625 0.02037037037037
52 0.39166666666667 0.80046296296296 0.016666666666667 0.026851851851852
52 0.21223958333333 0.20601851851852 0.018229166666667 0.028703703703704
52 0.61067708333333 0.98194444444444 0.016145833333333 0.028703703703704
52 0.45208333333333 0.1537037037037 0.017708333333333 0.02962962962963
52 0.83567708333333 0.23148148148148 0.016145833333333 0.024074074074074
52 0.28723958333333 0.77175925925926 0.016145833333333 0.025
52 0.9734375 0.5662037037037 0.014583333333333 0.026851851851852
52 0.88385416666667 0.84907407407407 0.020833333333333 0.033333333333333
52 0.82786458333333 0.98888888888889 0.0203125 0.022222222222222
52 0.43828125 0.38935185185185 0.018229166666667 0.032407407407407
52 0.77864583333333 0.40833333333333 0.016666666666667 0.027777777777778
52 0.16484375 0.33564814814815 0.021354166666667 0.037962962962963
52 0.22838541666667 0.46018518518519 0.018229166666667 0.031481481481481
52 0.1046875 0.61527777777778 0.014583333333333 0.023148148148148
52 0.02890625 0.83703703703704 0.015104166666667 0.027777777777778
52 0.8421875 0.53981481481481 0.017708333333333 0.02962962962963
52 0.2046875 0.79583333333333 0.015625 0.025
52 0.65104166666667 0.29768518518519 0.015625 0.025
52 0.53984375 0.21898148148148 0.016145833333333 0.025
52 0.12395833333333 0.21481481481481 0.028125 0.046296296296296
52 0.73333333333333 0.27407407407407 0.014583333333333 0.024074074074074
52 0.79322916666667 0.6662037037037 0.014583333333333 0.025
52 0.11666666666667 0.98148148148148 0.016666666666667 0.025925925925926