52 0.33958333333333 0.036111111111111 0.017708333333333 0.025925925925926
52 0.52682291666667 0.1337962962963 0.013020833333333 0.017592592592593
52 0.7984375 0.37222222222222 0.011458333333333 0.02037037037037
52 0.51380208333333 0.85185185185185 0.0088541666666667 0.012962962962963
52 0.45963541666667 0.42268518518519 0.013020833333333 0.023148148148148
52 0.44973958333333 0.21574074074074 0.011979166666667 0.018518518518519
52 0.92734375 0.33194444444444 0.0140625 0.025
52 0.81328125 0.6337962962963 0.013020833333333 0.021296296296296
52 0.79765625 0.23425925925926 0.0140625 0.025925925925926
52 0.67604166666667 0.44583333333333 0.015625 0.026851851851852
52 0.74166666666667 0.8125 0.013541666666667 0.019444444444444
52 0.049739583333333 0.4125 0.0140625 0.023148148148148
52 0.54166666666667 0.63148148148148 0.010416666666667 0.016666666666667
52 0.47057291666667 0.32638888888889 0.013020833333333 0.019444444444444
52 0.24166666666667 0.34722222222222 0.016666666666667 0.025925925925926
52 0.503125 0.46296296296296 0.013541666666667 0.024074074074074
52 0.75833333333333 0.42685185185185 0.013541666666667 0.018518518518519
52 0.41979166666667 0.78703703703704 0.020833333333333 0.033333333333333
52 0.37421875 0.45925925925926 0.011979166666667 0.02037037037037
52 0.22760416666667 0.34212962962963 0.01875 0.026851851851852
52 0.52109375 0.21342592592593 0.016145833333333 0.026851851851852
52 0.70911458333333 0.75925925925926 0.0109375 0.018518518518519
52 0.58463541666667 0.2375 0.0140625 0.021296296296296
52 0.82291666666667 0.76666666666667 0.035416666666667 0.059259259259259
52 0.37239583333333 0.42638888888889 0.010416666666667 0.017592592592593
52 0.69140625 0.69166666666667 0.015104166666667 0.024074074074074
52 0.25651041666667 0.5375 0.011979166666667 0.019444444444444
52 0.68385416666667 0.39259259259259 0.019791666666667 0.033333333333333
52 0.45494791666667 0.07037037037037 0.0109375 0.016666666666667
52 0.56067708333333 0.50277777777778 0.028645833333333 0.051851851851852
52 0.54088541666667 0.62083333333333 0.0109375 0.019444444444444
52 0.52057291666667 0.57407407407407 0.015104166666667 0.022222222222222
52 0.56640625 0.16064814814815 0.0140625 0.023148148148148
52 0.90416666666667 0.61481481481481 0.0125 0.018518518518519
52 0.58151041666667 0.58703703703704 0.0098958333333333 0.014814814814815
52 0.83307291666667 0.46712962962963 0.0140625 0.023148148148148
52 0.70260416666667 0.64212962962963 0.014583333333333 0.023148148148148
52 0.84427083333333 0.83194444444444 0.017708333333333 0.026851851851852
52 0.88541666666667 0.41203703703704 0.010416666666667 0.02037037037037
52 0.55520833333333 0.10601851851852 0.011458333333333 0.017592592592593
52 0.53177083333333 0.53472222222222 0.020833333333333 0.036111111111111
52 0.36979166666667 0.76018518518519 0.009375 0.014814814814815
52 0.36510416666667 0.56712962962963 0.013541666666667 0.023148148148148
52 0.047395833333333 0.40416666666667 0.017708333333333 0.032407407407407
52 0.87291666666667 0.87175925925926 0.05625 0.087962962962963
52 0.15494791666667 0.51805555555556 0.013020833333333 0.021296296296296
52 0.47916666666667 0.59490740740741 0.010416666666667 0.015740740740741
52 0.49661458333333 0.57222222222222 0.0098958333333333 0.016666666666667
52 0.54661458333333 0.46851851851852 0.0140625 0.024074074074074
52 0.96041666666667 0.59490740740741 0.011458333333333 0.017592592592593
52 0.94661458333333 0.54814814814815 0.0140625 0.025925925925926
52 0.67083333333333 0.48703703703704 0.015625 0.02962962962963
52 0.37083333333333 0.98518518518519 0.034375 0.02962962962963
52 0.086197916666667 0.64675925925926 0.013020833333333 0.021296296296296
52 0.50807291666667 0.5287037037037 0.019270833333333 0.031481481481481
52 0.96796875 0.41111111111111 0.0171875 0.02962962962963
52 0.75598958333333 0.82685185185185 0.016145833333333 0.024074074074074
52 0.034114583333333 0.58333333333333 0.011979166666667 0.02037037037037
52 0.29921875 0.49814814814815 0.011979166666667 0.02037037037037
52 0.22578125 0.29675925925926 0.0296875 0.052777777777778
52 0.50572916666667 0.33611111111111 0.011458333333333 0.016666666666667
52 0.61953125 0.55046296296296 0.015104166666667 0.025
52 0.82864583333333 0.29398148148148 0.025 0.041666666666667
52 0.41614583333333 0.84490740740741 0.010416666666667 0.015740740740741
52 0.34114583333333 0.35972222222222 0.011458333333333 0.017592592592593
52 0.36067708333333 0.66342592592593 0.013020833333333 0.021296296296296
52 0.12760416666667 0.091203703703704 0.016666666666667 0.025
52 0.83854166666667 0.725 0.010416666666667 0.016666666666667
52 0.553125 0.28240740740741 0.010416666666667 0.016666666666667
52 0.5953125 0.44814814814815 0.009375 0.016666666666667
52 0.50286458333333 0.33287037037037 0.011979166666667 0.017592592592593
52 0.65338541666667 0.39444444444444 0.0109375 0.016666666666667
52 0.39583333333333 0.62638888888889 0.011458333333333 0.019444444444444
52 0.56276041666667 0.30925925925926 0.0109375 0.018518518518519
52 0.60260416666667 0.67685185185185 0.009375 0.014814814814815
52 0.75520833333333 0.56574074074074 0.014583333333333 0.022222222222222
52 0.37994791666667 0.92453703703704 0.0140625 0.021296296296296
52 0.44817708333333 0.37407407407407 0.0098958333333333 0.016666666666667
52 0.63619791666667 0.48333333333333 0.015104166666667 0.027777777777778
52 0.54739583333333 0.71990740740741 0.010416666666667 0.017592592592593
52 0.49140625 0.64814814814815 0.0171875 0.02962962962963
52 0.98828125 0.52638888888889 0.0109375 0.019444444444444
52 0.6703125 0.75277777777778 0.010416666666667 0.016666666666667
52 0.67395833333333 0.57175925925926 0.0125 0.019444444444444
52 0.3796875 0.61064814814815 0.015625 0.023148148148148
52 0.37734375 0.36018518518519 0.0098958333333333 0.016666666666667
52 0.65182291666667 0.52222222222222 0.0140625 0.025925925925926
52 0.665625 0.96111111111111 0.014583333333333 0.022222222222222
52 0.76796875 0.89351851851852 0.0203125 0.031481481481481
52 0.27239583333333 0.0097222222222222 0.014583333333333 0.019444444444444
52 0.42213541666667 0.42546296296296 0.016145833333333 0.026851851851852
52 0.88359375 0.45138888888889 0.0109375 0.017592592592593
52 0.44375 0.30277777777778 0.010416666666667 0.016666666666667
52 0.64348958333333 0.82453703703704 0.047395833333333 0.080555555555556
52 0.56484375 0.27407407407407 0.018229166666667 0.031481481481481
52 0.80859375 0.45138888888889 0.0109375 0.019444444444444
52 0.33854166666667 0.53148148148148 0.011458333333333 0.02037037037037
52 0.79635416666667 0.61851851851852 0.011458333333333 0.018518518518519
52 0.98984375 0.68842592592593 0.0140625 0.025
52 0.48046875 0.013888888888889 0.018229166666667 0.025925925925926
52 0.062760416666667 0.77962962962963 0.013020833333333 0.022222222222222
52 0.50572916666667 0.12777777777778 0.011458333333333 0.016666666666667
52 0.81692708333333 0.8462962962963 0.024479166666667 0.040740740740741
52 0.40260416666667 0.46018518518519 0.015625 0.024074074074074
52 0.77552083333333 0.48842592592593 0.0125 0.021296296296296
52 0.74114583333333 0.0625 0.016666666666667 0.028703703703704
52 0.75833333333333 0.64814814814815 0.0083333333333333 0.014814814814815
52 0.0083333333333333 0.65138888888889 0.010416666666667 0.019444444444444
52 0.010416666666667 0.2537037037037 0.013541666666667 0.024074074074074
52 0.446875 0.50509259259259 0.0125 0.021296296296296
52 0.9 0.57222222222222 0.0125 0.02037037037037
52 0.51458333333333 0.26481481481481 0.011458333333333 0.018518518518519
52 0.90182291666667 0.76435185185185 0.0140625 0.023148148148148
52 0.38463541666667 0.60601851851852 0.018229166666667 0.026851851851852
52 0.67630208333333 0.35509259259259 0.011979166666667 0.019444444444444
52 0.63541666666667 0.31527777777778 0.013541666666667 0.021296296296296
52 0.62864583333333 0.12037037037037 0.015625 0.024074074074074
52 0.84661458333333 0.56898148148148 0.0109375 0.017592592592593
52 0.14270833333333 0.15231481481481 0.017708333333333 0.026851851851852
52 0.63854166666667 0.22638888888889 0.010416666666667 0.017592592592593
52 0.52552083333333 0.35138888888889 0.017708333333333 0.028703703703704
52 0.33619791666667 0.6462962962963 0.0140625 0.022222222222222
52 0.74453125 0.98703703703704 0.021354166666667 0.025925925925926
52 0.209375 0.54537037037037 0.011458333333333 0.018518518518519
52 0.31901041666667 0.35787037037037 0.018229166666667 0.030555555555556
52 0.7578125 0.87268518518519 0.032291666666667 0.056481481481481
52 0.6890625 0.56990740740741 0.014583333333333 0.023148148148148
52 0.34557291666667 0.67916666666667 0.0098958333333333 0.015740740740741
52 0.91276041666667 0.46851851851852 0.0098958333333333 0.016666666666667
52 0.78697916666667 0.46157407407407 0.011458333333333 0.019444444444444
52 0.9734375 0.4875 0.011458333333333 0.019444444444444
52 0.80208333333333 0.8962962962963 0.011458333333333 0.018518518518519
52 0.59322916666667 0.33333333333333 0.011458333333333 0.02037037037037
52 0.0828125 0.17453703703704 0.016666666666667 0.025
52 0.52578125 0.27685185185185 0.0140625 0.024074074074074
52 0.87994791666667 0.5962962962963 0.0098958333333333 0.014814814814815
52 0.60651041666667 0.0097222222222222 0.016145833333333 0.019444444444444
52 0.56197916666667 0.42685185185185 0.017708333333333 0.02962962962963
52 0.45989583333333 0.60185185185185 0.016666666666667 0.024074074074074
52 0.51510416666667 0.040740740740741 0.016666666666667 0.025925925925926
52 0.86640625 0.49305555555556 0.0098958333333333 0.015740740740741
52 0.61015625 0.7037037037037 0.011979166666667 0.02037037037037
52 0.471875 0.39305555555556 0.011458333333333 0.019444444444444
52 0.73802083333333 0.57962962962963 0.010416666666667 0.016666666666667
52 0.41041666666667 0.20185185185185 0.010416666666667 0.016666666666667
52 0.53385416666667 0.86342592592593 0.0125 0.017592592592593
52 0.25807291666667 0.45925925925926 0.018229166666667 0.02962962962963
52 0.96458333333333 0.81018518518519 0.021875 0.035185185185185
52 0.045833333333333 0.65833333333333 0.011458333333333 0.018518518518519
52 0.83515625 0.62037037037037 0.013020833333333 0.025925925925926
52 0.099479166666667 0.825 0.022916666666667 0.040740740740741
52 0.3484375 0.45509259259259 0.0125 0.021296296296296
52 0.91354166666667 0.51342592592593 0.011458333333333 0.017592592592593
52 0.45911458333333 0.11898148148148 0.0098958333333333 0.015740740740741
52 0.020052083333333 0.81064814814815 0.0098958333333333 0.017592592592593
52 0.27604166666667 0.55648148148148 0.0125 0.02037037037037
52 0.11588541666667 0.525 0.011979166666667 0.02037037037037
52 0.66927083333333 0.89814814814815 0.014583333333333 0.022222222222222
52 0.59609375 0.25138888888889 0.0109375 0.017592592592593
52 0.09921875 0.56435185185185 0.011979166666667 0.019444444444444
52 0.28359375 0.68657407407407 0.0098958333333333 0.017592592592593
52 0.73619791666667 0.67222222222222 0.0098958333333333 0.016666666666667
52 0.60625 0.17175925925926 0.014583333333333 0.017592592592593
52 0.51614583333333 0.56388888888889 0.016666666666667 0.025925925925926
52 0.440625 0.17268518518519 0.0125 0.019444444444444
52 0.9640625 0.63518518518519 0.009375 0.016666666666667
52 0.08671875 0.75925925925926 0.011979166666667 0.02037037037037
52 0.45703125 0.051851851851852 0.0109375 0.018518518518519
52 0.30625 0.037037037037037 0.016666666666667 0.024074074074074
52 0.684375 0.094907407407407 0.015625 0.025
52 0.89010416666667 0.51018518518519 0.014583333333333 0.024074074074074
52 0.9625 0.51388888888889 0.010416666666667 0.018518518518519
52 0.16770833333333 0.61527777777778 0.0125 0.019444444444444
52 0.875 0.54722222222222 0.011458333333333 0.018518518518519
52 0.49583333333333 0.21666666666667 0.010416666666667 0.016666666666667
52 0.790625 0.52638888888889 0.009375 0.015740740740741
52 0.2390625 0.41481481481481 0.013541666666667 0.022222222222222
52 0.52890625 0.43148148148148 0.011979166666667 0.02037037037037
52 0.61067708333333 0.051388888888889 0.0140625 0.023148148148148
52 0.8453125 0.76018518518519 0.013541666666667 0.02037037037037
52 0.85416666666667 0.25648148148148 0.0125 0.022222222222222
52 0.30546875 0.54166666666667 0.011979166666667 0.02037037037037
52 0.65364583333333 0.29351851851852 0.010416666666667 0.016666666666667
52 0.58515625 0.12685185185185 0.011979166666667 0.02037037037037
52 0.08984375 0.67268518518519 0.013020833333333 0.021296296296296
52 0.69036458333333 0.78055555555556 0.0140625 0.022222222222222
52 0.37291666666667 0.69907407407407 0.013541666666667 0.022222222222222
52 0.55989583333333 0.58935185185185 0.0125 0.019444444444444
52 0.045833333333333 0.3912037037037 0.015625 0.025
52 0.40963541666667 0.35231481481481 0.015104166666667 0.023148148148148
52 0.41328125 0.25 0.011979166666667 0.018518518518519
52 0.79036458333333 0.41712962962963 0.016145833333333 0.026851851851852
52 0.32890625 0.17962962962963 0.021354166666667 0.035185185185185
52 0.95130208333333 0.38009259259259 0.027604166666667 0.049074074074074
52 0.50911458333333 0.98611111111111 0.0234375 0.027777777777778
52 0.93385416666667 0.45694444444444 0.013541666666667 0.023148148148148
52 0.38828125 0.60092592592593 0.015104166666667 0.024074074074074
52 0.32239583333333 0.53657407407407 0.013541666666667 0.019444444444444
52 0.73463541666667 0.31018518518519 0.0515625 0.088888888888889
52 0.72630208333333 0.69027777777778 0.0088541666666667 0.013888888888889
52 0.96614583333333 0.46296296296296 0.010416666666667 0.016666666666667
52 0.098697916666667 0.61111111111111 0.011979166666667 0.018518518518519
52 0.49427083333333 0.84814814814815 0.015625 0.022222222222222
52 0.57291666666667 0.46296296296296 0.0125 0.02037037037037
52 0.55833333333333 0.35601851851852 0.021875 0.036111111111111
52 0.041145833333333 0.63472222222222 0.013541666666667 0.021296296296296
52 0.72161458333333 0.46666666666667 0.0098958333333333 0.018518518518519
52 0.6234375 0.50138888888889 0.010416666666667 0.021296296296296
52 0.54036458333333 0.23287037037037 0.0140625 0.021296296296296
52 0.56744791666667 0.7162037037037 0.011979166666667 0.019444444444444
52 0.23255208333333 0.5912037037037 0.028645833333333 0.047222222222222
52 0.39713541666667 0.046759259259259 0.024479166666667 0.041666666666667
52 0.5265625 0.37592592592593 0.011458333333333 0.022222222222222
52 0.55651041666667 0.031944444444444 0.011979166666667 0.019444444444444
52 0.12526041666667 0.66157407407407 0.0140625 0.021296296296296
52 0.37760416666667 0.50694444444444 0.010416666666667 0.017592592592593
52 0.40260416666667 0.14861111111111 0.013541666666667 0.021296296296296
52 0.35260416666667 0.26944444444444 0.017708333333333 0.02962962962963
52 0.65338541666667 0.62824074074074 0.0109375 0.017592592592593
52 0.6359375 0.475 0.013541666666667 0.024074074074074
52 0.44296875 0.34305555555556 0.019270833333333 0.032407407407407
52 0.024479166666667 0.73842592592593 0.0125 0.021296296296296
52 0.66484375 0.0087962962962963 0.0109375 0.015740740740741
52 0.13984375 0.60138888888889 0.0109375 0.017592592592593
52 0.011458333333333 0.575 0.0125 0.022222222222222
52 0.6703125 0.49861111111111 0.0125 0.021296296296296
52 0.76223958333333 0.43055555555556 0.013020833333333 0.02037037037037
52 0.73385416666667 0.52175925925926 0.027083333333333 0.050925925925926
52 0.35182291666667 0.3162037037037 0.0109375 0.017592592592593
52 0.71510416666667 0.53101851851852 0.013541666666667 0.025
52 0.83776041666667 0.59768518518519 0.011979166666667 0.021296296296296
52 0.57604166666667 0.55046296296296 0.017708333333333 0.030555555555556
52 0.34140625 0.85972222222222 0.0234375 0.039814814814815
52 0.25234375 0.3837962962963 0.0171875 0.026851851851852
52 0.5875 0.18657407407407 0.011458333333333 0.017592592592593
52 0.45208333333333 0.75185185185185 0.015625 0.025925925925926
52 0.39375 0.42361111111111 0.011458333333333 0.017592592592593
52 0.53854166666667 0.78101851851852 0.010416666666667 0.015740740740741
52 0.43046875 0.48611111111111 0.013020833333333 0.02037037037037
52 0.23828125 0.13703703703704 0.021354166666667 0.033333333333333
52 0.5625 0.17175925925926 0.0125 0.021296296296296
52 0.71432291666667 0.4412037037037 0.013020833333333 0.023148148148148
52 0.39609375 0.57453703703704 0.015104166666667 0.026851851851852
52 0.46119791666667 0.12175925925926 0.015104166666667 0.023148148148148
52 0.43359375 0.84907407407407 0.0109375 0.016666666666667
52 0.98046875 0.6037037037037 0.0078125 0.012962962962963
52 0.52135416666667 0.7875 0.0125 0.019444444444444
52 0.77239583333333 0.58009259259259 0.0125 0.021296296296296
52 0.55026041666667 0.7537037037037 0.013020833333333 0.02037037037037
52 0.28489583333333 0.64305555555556 0.011458333333333 0.017592592592593
52 0.77265625 0.3912037037037 0.016145833333333 0.028703703703704
52 0.41875 0.025925925925926 0.013541666666667 0.018518518518519
52 0.10234375 0.75046296296296 0.013020833333333 0.017592592592593
52 0.051302083333333 0.82685185185185 0.0140625 0.022222222222222
52 0.48125 0.18703703703704 0.0125 0.018518518518519
52 0.896875 0.63564814814815 0.017708333333333 0.025
52 0.4203125 0.82916666666667 0.011458333333333 0.019444444444444
52 0.35807291666667 0.62638888888889 0.0140625 0.023148148148148
52 0.86953125 0.75 0.0203125 0.035185185185185
52 0.056770833333333 0.65509259259259 0.013541666666667 0.021296296296296
52 0.9328125 0.20555555555556 0.0125 0.02037037037037
52 0.23541666666667 0.16759259259259 0.014583333333333 0.022222222222222
52 0.76744791666667 0.34953703703704 0.0140625 0.023148148148148
52 0.12369791666667 0.39305555555556 0.0140625 0.021296296296296
52 0.90338541666667 0.38148148148148 0.016145833333333 0.027777777777778
52 0.68151041666667 0.30138888888889 0.015104166666667 0.023148148148148
52 0.63619791666667 0.68148148148148 0.0296875 0.053703703703704
52 0.79479166666667 0.50231481481481 0.011458333333333 0.019444444444444
52 0.47083333333333 0.13888888888889 0.016666666666667 0.025925925925926
52 0.57578125 0.069444444444444 0.0098958333333333 0.016666666666667
52 0.61119791666667 0.31759259259259 0.011979166666667 0.018518518518519
52 0.73697916666667 0.77222222222222 0.013541666666667 0.02037037037037
52 0.87057291666667 0.68194444444444 0.013020833333333 0.021296296296296
52 0.0078125 0.77268518518519 0.010416666666667 0.019444444444444
52 0.79817708333333 0.27175925925926 0.0140625 0.023148148148148
52 0.50390625 0.40972222222222 0.011979166666667 0.019444444444444
52 0.83776041666667 0.24027777777778 0.0171875 0.026851851851852
52 0.5640625 0.76111111111111 0.015625 0.025925925925926
52 0.65078125 0.6087962962963 0.011979166666667 0.021296296296296
52 0.63411458333333 0.62407407407407 0.0098958333333333 0.016666666666667
52 0.615625 0.13611111111111 0.010416666666667 0.016666666666667
52 0.47239583333333 0.52731481481481 0.010416666666667 0.023148148148148
52 0.98489583333333 0.26018518518519 0.010416666666667 0.02037037037037
52 0.52786458333333 0.425 0.013020833333333 0.022222222222222
52 0.4890625 0.1837962962963 0.0125 0.017592592592593
52 0.440625 0.57361111111111 0.014583333333333 0.025
52 0.45260416666667 0.20972222222222 0.0125 0.019444444444444
52 0.27265625 0.62824074074074 0.011979166666667 0.017592592592593
52 0.67109375 0.66064814814815 0.013020833333333 0.021296296296296
52 0.40833333333333 0.74722222222222 0.010416666666667 0.016666666666667
52 0.83385416666667 0.42592592592593 0.011458333333333 0.02037037037037
52 0.43723958333333 0.081481481481481 0.011979166666667 0.018518518518519
52 0.53020833333333 0.32638888888889 0.025 0.039814814814815
52 0.32239583333333 0.57777777777778 0.011458333333333 0.02037037037037
52 0.56640625 0.23935185185185 0.013020833333333 0.019444444444444
52 0.047135416666667 0.29861111111111 0.0171875 0.026851851851852
52 0.22005208333333 0.54675925925926 0.0140625 0.021296296296296
52 0.05390625 0.725 0.0140625 0.024074074074074
52 0.4875 0.26064814814815 0.013541666666667 0.025
52 0.57786458333333 0.10787037037037 0.013020833333333 0.019444444444444
52 0.026822916666667 0.31388888888889 0.013020833333333 0.022222222222222
52 0.33880208333333 0.099074074074074 0.018229166666667 0.027777777777778
52 0.47083333333333 0.73009259259259 0.013541666666667 0.021296296296296
52 0.4078125 0.52685185185185 0.010416666666667 0.018518518518519
52 0.2359375 0.50972222222222 0.0125 0.021296296296296
52 0.37265625 0.25138888888889 0.013020833333333 0.021296296296296
52 0.48125 0.5462962962963 0.010416666666667 0.016666666666667
52 0.27213541666667 0.15324074074074 0.0296875 0.050925925925926
52 0.56796875 0.78888888888889 0.0098958333333333 0.014814814814815