52 0.85677083333333 0.38611111111111 0.053125 0.094444444444444
52 0.019010416666667 0.6087962962963 0.036979166666667 0.080555555555556
52 0.29947916666667 0.62037037037037 0.052083333333333 0.090740740740741
52 0.95755208333333 0.35555555555556 0.0484375 0.087037037037037
52 0.61692708333333 0.54583333333333 0.046354166666667 0.082407407407407
52 0.81380208333333 0.44074074074074 0.056770833333333 0.1
52 0.17135416666667 0.54398148148148 0.05625 0.10277777777778
52 0.25390625 0.48611111111111 0.033854166666667 0.059259259259259
52 0.64609375 0.46342592592593 0.034895833333333 0.062037037037037
52 0.030208333333333 0.475 0.060416666666667 0.1037037037037
52 0.39739583333333 0.6037037037037 0.039583333333333 0.07037037037037
52 0.82265625 0.024074074074074 0.047395833333333 0.048148148148148
52 0.090885416666667 0.47546296296296 0.0328125 0.056481481481481
52 0.34322916666667 0.64814814814815 0.053125 0.096296296296296
52 0.409375 0.49074074074074 0.04375 0.077777777777778
52 0.93489583333333 0.12685185185185 0.034375 0.059259259259259
52 0.57916666666667 0.51388888888889 0.05625 0.096296296296296
52 0.57682291666667 0.32222222222222 0.0359375 0.062962962962963
52 0.91145833333333 0.33287037037037 0.045833333333333 0.078703703703704
52 0.42942708333333 0.47083333333333 0.0640625 0.11018518518519
52 0.52578125 0.43101851851852 0.0359375 0.062037037037037
52 0.40963541666667 0.43981481481481 0.053645833333333 0.096296296296296
52 0.72734375 0.30601851851852 0.052604166666667 0.097222222222222
52 0.93072916666667 0.073611111111111 0.03125 0.056481481481481
52 0.78255208333333 0.31574074074074 0.033854166666667 0.057407407407407
52 0.58046875 0.25231481481481 0.075520833333333 0.13796296296296
52 0.62421875 0.38703703703704 0.050520833333333 0.088888888888889
52 0.653125 0.24027777777778 0.05625 0.10092592592593
52 0.66901041666667 0.12407407407407 0.0484375 0.083333333333333
52 0.86848958333333 0.30462962962963 0.0453125 0.077777777777778
52 0.76875 0.053703703703704 0.055208333333333 0.10185185185185
52 0.140625 0.64398148148148 0.041666666666667 0.073148148148148
52 0.52552083333333 0.12268518518519 0.058333333333333 0.10277777777778
52 0.95598958333333 0.51944444444444 0.0421875 0.077777777777778
52 0.36692708333333 0.55277777777778 0.0546875 0.098148148148148
52 0.095833333333333 0.59675925925926 0.042708333333333 0.078703703703704
52 0.63958333333333 0.31435185185185 0.033333333333333 0.058333333333333
52 0.53333333333333 0.69907407407407 0.039583333333333 0.07037037037037
52 0.77317708333333 0.1212962962963 0.033854166666667 0.057407407407407
52 0.2921875 0.24166666666667 0.034375 0.055555555555556
52 0.50494791666667 0.52731481481481 0.0765625 0.13796296296296
52 0.56015625 0.05462962962963 0.063020833333333 0.10925925925926
52 0.96458333333333 0.26759259259259 0.0625 0.11851851851852
52 0.68463541666667 0.36435185185185 0.059895833333333 0.10833333333333
52 0.7625 0.39398148148148 0.053125 0.091666666666667
52 0.309375 0.60277777777778 0.038541666666667 0.068518518518519
52 0.97734375 0.072222222222222 0.0453125 0.098148148148148
52 0.23880208333333 0.73194444444444 0.0484375 0.089814814814815
52 0.7046875 0.060648148148148 0.035416666666667 0.056481481481481
52 0.25598958333333 0.68518518518519 0.046354166666667 0.083333333333333
52 0.5921875 0.43472222222222 0.033333333333333 0.058333333333333
52 0.59635416666667 0.63888888888889 0.05 0.088888888888889
52 0.81458333333333 0.31990740740741 0.034375 0.060185185185185
52 0.146875 0.31481481481481 0.030208333333333 0.051851851851852
52 0.19401041666667 0.2412037037037 0.034895833333333 0.056481481481481
52 0.49765625 0.45046296296296 0.021354166666667 0.036111111111111
52 0.69114583333333 0.49351851851852 0.04375 0.077777777777778
52 0.20260416666667 0.64212962962963 0.077083333333333 0.13425925925926