52 0.65286458333333 0.89490740740741 0.0109375 0.017592592592593
52 0.30390625 0.61435185185185 0.016145833333333 0.026851851851852
52 0.059635416666667 0.79537037037037 0.018229166666667 0.02962962962963
52 0.59817708333333 0.060648148148148 0.011979166666667 0.017592592592593
52 0.75260416666667 0.30972222222222 0.020833333333333 0.036111111111111
52 0.53515625 0.20555555555556 0.0140625 0.022222222222222
52 0.45859375 0.74722222222222 0.0140625 0.022222222222222
52 0.39427083333333 0.85601851851852 0.01875 0.026851851851852
52 0.51041666666667 0.85324074074074 0.0125 0.019444444444444
52 0.4546875 0.64212962962963 0.010416666666667 0.015740740740741
52 0.21197916666667 0.62037037037037 0.019791666666667 0.033333333333333
52 0.34609375 0.056018518518519 0.011979166666667 0.017592592592593
52 0.59609375 0.20462962962963 0.0109375 0.016666666666667
52 0.56588541666667 0.90740740740741 0.013020833333333 0.018518518518519
52 0.43697916666667 0.80925925925926 0.013541666666667 0.02037037037037
52 0.515625 0.59305555555556 0.013541666666667 0.023148148148148
52 0.36119791666667 0.38703703703704 0.015104166666667 0.024074074074074
52 0.085416666666667 0.33194444444444 0.052083333333333 0.089814814814815
52 0.70234375 0.9712962962963 0.018229166666667 0.02962962962963
52 0.89635416666667 0.81435185185185 0.021875 0.034259259259259
52 0.39583333333333 0.078240740740741 0.011458333333333 0.015740740740741
52 0.65182291666667 0.37175925925926 0.030729166666667 0.05462962962963
52 0.07109375 0.96481481481481 0.016145833333333 0.025925925925926
52 0.42161458333333 0.72222222222222 0.0140625 0.022222222222222
52 0.24505208333333 0.45509259259259 0.015104166666667 0.025
52 0.11536458333333 0.61851851851852 0.016145833333333 0.025925925925926
52 0.68098958333333 0.86805555555556 0.0390625 0.063888888888889
52 0.50651041666667 0.89027777777778 0.016145833333333 0.025
52 0.94166666666667 0.71805555555556 0.026041666666667 0.043518518518519
52 0.59114583333333 0.48518518518519 0.013541666666667 0.022222222222222
52 0.26041666666667 0.21018518518519 0.014583333333333 0.022222222222222
52 0.15703125 0.56805555555556 0.028645833333333 0.05462962962963
52 0.49479166666667 0.52962962962963 0.013541666666667 0.022222222222222
52 0.17421875 0.30324074074074 0.0140625 0.023148148148148
52 0.1078125 0.42638888888889 0.020833333333333 0.036111111111111
52 0.265625 0.48240740740741 0.0125 0.02037037037037
52 0.34401041666667 0.33148148148148 0.011979166666667 0.018518518518519
52 0.038541666666667 0.7537037037037 0.021875 0.040740740740741
52 0.60390625 0.59259259259259 0.0140625 0.022222222222222
52 0.44192708333333 0.61851851851852 0.011979166666667 0.018518518518519
52 0.23776041666667 0.9837962962963 0.0140625 0.021296296296296
52 0.41458333333333 0.55092592592593 0.014583333333333 0.024074074074074
52 0.709375 0.46435185185185 0.013541666666667 0.023148148148148
52 0.47994791666667 0.1712962962963 0.0140625 0.02037037037037
52 0.271875 0.16805555555556 0.013541666666667 0.021296296296296
52 0.478125 0.88472222222222 0.014583333333333 0.019444444444444
52 0.34661458333333 0.033333333333333 0.011979166666667 0.016666666666667
52 0.45390625 0.36805555555556 0.016145833333333 0.025
52 0.43333333333333 0.41851851851852 0.011458333333333 0.02037037037037
52 0.37395833333333 0.28425925925926 0.0125 0.02037037037037
52 0.50598958333333 0.31574074074074 0.013020833333333 0.022222222222222
52 0.69635416666667 0.0125 0.020833333333333 0.025
52 0.38359375 0.87824074074074 0.018229166666667 0.028703703703704
52 0.25859375 0.59907407407407 0.016145833333333 0.025925925925926
52 0.29244791666667 0.72777777777778 0.0140625 0.022222222222222
52 0.62083333333333 0.85092592592593 0.0125 0.02037037037037
52 0.70651041666667 0.65509259259259 0.0796875 0.13796296296296
52 0.48307291666667 0.34305555555556 0.016145833333333 0.025
52 0.67630208333333 0.30509259259259 0.013020833333333 0.021296296296296
52 0.75416666666667 0.79027777777778 0.017708333333333 0.026851851851852
52 0.57552083333333 0.080092592592593 0.014583333333333 0.021296296296296
52 0.18880208333333 0.81018518518519 0.013020833333333 0.02037037037037
52 0.57890625 0.18333333333333 0.013020833333333 0.018518518518519
52 0.48515625 0.83101851851852 0.0140625 0.021296296296296
52 0.18984375 0.65925925925926 0.015104166666667 0.024074074074074
52 0.32942708333333 0.25555555555556 0.011979166666667 0.018518518518519
52 0.415625 0.44768518518519 0.034375 0.058333333333333
52 0.29791666666667 0.12638888888889 0.013541666666667 0.021296296296296
52 0.19817708333333 0.9 0.015104166666667 0.024074074074074
52 0.044791666666667 0.41898148148148 0.039583333333333 0.067592592592593
52 0.678125 0.06712962962963 0.011458333333333 0.017592592592593
52 0.3015625 0.3337962962963 0.015625 0.025
52 0.6953125 0.078240740740741 0.013541666666667 0.019444444444444
52 0.22682291666667 0.22222222222222 0.0234375 0.038888888888889
52 0.58098958333333 0.65046296296296 0.0140625 0.021296296296296
52 0.40963541666667 0.65648148148148 0.011979166666667 0.018518518518519
52 0.00703125 0.77314814814815 0.011979166666667 0.02037037037037
52 0.095572916666667 0.38055555555556 0.024479166666667 0.040740740740741
52 0.39973958333333 0.17083333333333 0.018229166666667 0.026851851851852
52 0.14557291666667 0.056944444444444 0.0109375 0.013888888888889
52 0.50833333333333 0.39953703703704 0.011458333333333 0.017592592592593
52 0.4296875 0.34444444444444 0.0125 0.018518518518519
52 0.22291666666667 0.75092592592593 0.019791666666667 0.031481481481481
52 0.5875 0.85925925925926 0.040625 0.066666666666667
52 0.33619791666667 0.51574074074074 0.016145833333333 0.027777777777778
52 0.30520833333333 0.69351851851852 0.022916666666667 0.044444444444444
52 0.43333333333333 0.75972222222222 0.023958333333333 0.037962962962963
52 0.26614583333333 0.32962962962963 0.014583333333333 0.024074074074074
52 0.14869791666667 0.22268518518519 0.050520833333333 0.076851851851852
52 0.45442708333333 0.60231481481481 0.0328125 0.05462962962963
52 0.29557291666667 0.78657407407407 0.021354166666667 0.032407407407407
52 0.35859375 0.38101851851852 0.013020833333333 0.021296296296296
52 0.16666666666667 0.4125 0.013541666666667 0.023148148148148
52 0.12916666666667 0.39814814814815 0.014583333333333 0.024074074074074
52 0.59010416666667 0.56759259259259 0.015625 0.025925925925926
52 0.58697916666667 0.79768518518519 0.011458333333333 0.017592592592593
52 0.16328125 0.51296296296296 0.015104166666667 0.025925925925926
52 0.48619791666667 0.049537037037037 0.015104166666667 0.019444444444444
52 0.44713541666667 0.68842592592593 0.011979166666667 0.019444444444444
52 0.65130208333333 0.92962962962963 0.016145833333333 0.025925925925926
52 0.52265625 0.70648148148148 0.0171875 0.027777777777778
52 0.69895833333333 0.16064814814815 0.011458333333333 0.017592592592593
52 0.43697916666667 0.68564814814815 0.014583333333333 0.021296296296296
52 0.67942708333333 0.9375 0.013020833333333 0.019444444444444
52 0.52682291666667 0.97268518518519 0.015104166666667 0.023148148148148
52 0.62109375 0.56527777777778 0.036979166666667 0.067592592592593
52 0.66770833333333 0.775 0.014583333333333 0.022222222222222
52 0.465625 0.85046296296296 0.015625 0.023148148148148
52 0.49088541666667 0.63101851851852 0.0140625 0.021296296296296
52 0.12994791666667 0.98842592592593 0.016145833333333 0.023148148148148
52 0.49192708333333 0.98935185185185 0.013020833333333 0.019444444444444
52 0.496875 0.36805555555556 0.011458333333333 0.019444444444444
52 0.36171875 0.32777777777778 0.013020833333333 0.022222222222222
52 0.53489583333333 0.53194444444444 0.014583333333333 0.025
52 0.48489583333333 0.5625 0.015625 0.025
52 0.46276041666667 0.78287037037037 0.0203125 0.032407407407407