52 0.20052083333333 0.42222222222222 0.011458333333333 0.02037037037037
52 0.13802083333333 0.014814814814815 0.017708333333333 0.025925925925926
52 0.31536458333333 0.27314814814815 0.011979166666667 0.018518518518519
52 0.27317708333333 0.4912037037037 0.0098958333333333 0.017592592592593
52 0.15364583333333 0.23842592592593 0.0125 0.019444444444444
52 0.965625 0.50972222222222 0.010416666666667 0.017592592592593
52 0.92109375 0.38287037037037 0.013020833333333 0.021296296296296
52 0.15729166666667 0.63101851851852 0.0125 0.021296296296296
52 0.018489583333333 0.27731481481481 0.0098958333333333 0.017592592592593
52 0.93177083333333 0.081481481481481 0.011458333333333 0.016666666666667
52 0.34583333333333 0.13935185185185 0.017708333333333 0.028703703703704
52 0.7875 0.54953703703704 0.015625 0.026851851851852
52 0.96276041666667 0.17962962962963 0.0109375 0.016666666666667
52 0.046354166666667 0.030092592592593 0.011458333333333 0.015740740740741
52 0.02265625 0.14166666666667 0.011979166666667 0.02037037037037
52 0.05 0.33194444444444 0.011458333333333 0.019444444444444
52 0.18411458333333 0.45277777777778 0.011979166666667 0.02037037037037
52 0.246875 0.26296296296296 0.020833333333333 0.037037037037037
52 0.43125 0.9662037037037 0.052083333333333 0.067592592592593
52 0.74713541666667 0.34027777777778 0.0171875 0.028703703703704
52 0.88359375 0.69675925925926 0.021354166666667 0.037962962962963
52 0.19895833333333 0.76435185185185 0.033333333333333 0.058333333333333
52 0.083072916666667 0.20092592592593 0.0098958333333333 0.014814814814815
52 0.453125 0.66388888888889 0.014583333333333 0.024074074074074
52 0.90130208333333 0.12453703703704 0.0171875 0.026851851851852
52 0.21145833333333 0.22731481481481 0.014583333333333 0.023148148148148
52 0.16041666666667 0.79583333333333 0.015625 0.025
52 0.081770833333333 0.39166666666667 0.011458333333333 0.018518518518519
52 0.10260416666667 0.039351851851852 0.011458333333333 0.015740740740741
52 0.94973958333333 0.4412037037037 0.011979166666667 0.021296296296296
52 0.17213541666667 0.65601851851852 0.015104166666667 0.025
52 0.07109375 0.048611111111111 0.0098958333333333 0.013888888888889
52 0.0265625 0.59212962962963 0.016666666666667 0.028703703703704
52 0.8296875 0.59074074074074 0.016666666666667 0.027777777777778
52 0.19114583333333 0.97083333333333 0.036458333333333 0.058333333333333
52 0.10859375 0.36342592592593 0.0109375 0.017592592592593
52 0.36432291666667 0.4962962962963 0.016145833333333 0.027777777777778
52 0.10286458333333 0.78472222222222 0.018229166666667 0.028703703703704
52 0.10885416666667 0.18009259259259 0.009375 0.015740740740741
52 0.4703125 0.84583333333333 0.071875 0.11388888888889
52 0.96744791666667 0.0069444444444444 0.011979166666667 0.013888888888889
52 0.76796875 0.5625 0.022395833333333 0.036111111111111
52 0.36119791666667 0.53796296296296 0.0088541666666667 0.016666666666667
52 0.39895833333333 0.81759259259259 0.026041666666667 0.046296296296296
52 0.43776041666667 0.55694444444444 0.016145833333333 0.030555555555556
52 0.10572916666667 0.45833333333333 0.010416666666667 0.016666666666667
52 0.78359375 0.36666666666667 0.021354166666667 0.037037037037037
52 0.26145833333333 0.53009259259259 0.010416666666667 0.017592592592593
52 0.95130208333333 0.13425925925926 0.015104166666667 0.024074074074074
52 0.33098958333333 0.25833333333333 0.015104166666667 0.022222222222222
52 0.19453125 0.47222222222222 0.0098958333333333 0.016666666666667
52 0.97786458333333 0.4337962962963 0.013020833333333 0.023148148148148
52 0.92604166666667 0.21064814814815 0.015625 0.025
52 0.1359375 0.56435185185185 0.014583333333333 0.025
52 0.83489583333333 0.11851851851852 0.023958333333333 0.040740740740741
52 0.064322916666667 0.27592592592593 0.021354166666667 0.037037037037037
52 0.87057291666667 0.12546296296296 0.0296875 0.052777777777778
52 0.91328125 0.48240740740741 0.0171875 0.02962962962963
52 0.95677083333333 0.10185185185185 0.015625 0.024074074074074
52 0.27421875 0.41851851851852 0.031770833333333 0.055555555555556
52 0.07890625 0.66296296296296 0.0171875 0.02962962962963
52 0.91666666666667 0.55092592592593 0.017708333333333 0.031481481481481
52 0.08046875 0.43564814814815 0.0109375 0.017592592592593
52 0.34635416666667 0.34444444444444 0.011458333333333 0.018518518518519
52 0.94479166666667 0.32037037037037 0.0125 0.02037037037037
52 0.16953125 0.36944444444444 0.0109375 0.016666666666667
52 0.29296875 0.40601851851852 0.016145833333333 0.025
52 0.80911458333333 0.11481481481481 0.016145833333333 0.027777777777778
52 0.12864583333333 0.28240740740741 0.011458333333333 0.018518518518519
52 0.94791666666667 0.18981481481481 0.016666666666667 0.025925925925926
52 0.2484375 0.63240740740741 0.029166666666667 0.053703703703704