52 0.32291666666667 0.58009259259259 0.021875 0.039814814814815
52 0.90260416666667 0.12962962962963 0.019791666666667 0.037037037037037
52 0.75286458333333 0.4837962962963 0.018229166666667 0.030555555555556
52 0.98072916666667 0.42083333333333 0.013541666666667 0.025
52 0.90546875 0.43703703703704 0.019270833333333 0.031481481481481
52 0.58020833333333 0.65416666666667 0.017708333333333 0.028703703703704
52 0.359375 0.30787037037037 0.014583333333333 0.023148148148148
52 0.72916666666667 0.028703703703704 0.015625 0.024074074074074
52 0.584375 0.2962962962963 0.026041666666667 0.046296296296296
52 0.57057291666667 0.56111111111111 0.024479166666667 0.042592592592593
52 0.67291666666667 0.5962962962963 0.016666666666667 0.027777777777778
52 0.21328125 0.49583333333333 0.015104166666667 0.026851851851852
52 0.43515625 0.56481481481481 0.0140625 0.024074074074074
52 0.27395833333333 0.48981481481481 0.046875 0.090740740740741
52 0.26302083333333 0.6787037037037 0.019791666666667 0.031481481481481
52 0.29791666666667 0.12407407407407 0.076041666666667 0.14444444444444
52 0.68125 0.45416666666667 0.013541666666667 0.023148148148148
52 0.71796875 0.64768518518519 0.021354166666667 0.036111111111111