52 0.63307291666667 0.96064814814815 0.0453125 0.067592592592593
52 0.82265625 0.63101851851852 0.024479166666667 0.043518518518519
52 0.26822916666667 0.5587962962963 0.017708333333333 0.030555555555556
52 0.42734375 0.044907407407407 0.0234375 0.04537037037037
52 0.036979166666667 0.081018518518519 0.017708333333333 0.026851851851852
52 0.90546875 0.47824074074074 0.018229166666667 0.026851851851852
52 0.22265625 0.60694444444444 0.016145833333333 0.026851851851852
52 0.91770833333333 0.36527777777778 0.015625 0.025
52 0.4578125 0.72175925925926 0.01875 0.028703703703704
52 0.503125 0.47037037037037 0.014583333333333 0.024074074074074
52 0.94895833333333 0.54583333333333 0.016666666666667 0.028703703703704
52 0.30911458333333 0.099074074074074 0.016145833333333 0.024074074074074
52 0.97578125 0.65601851851852 0.019270833333333 0.034259259259259
52 0.70416666666667 0.32592592592593 0.045833333333333 0.07962962962963
52 0.78984375 0.36990740740741 0.0171875 0.026851851851852
52 0.12473958333333 0.38472222222222 0.034895833333333 0.065740740740741
52 0.50026041666667 0.93333333333333 0.019270833333333 0.02962962962963
52 0.08125 0.38009259259259 0.020833333333333 0.034259259259259
52 0.97604166666667 0.48148148148148 0.013541666666667 0.024074074074074
52 0.225 0.40833333333333 0.0625 0.11111111111111
52 0.73046875 0.54305555555556 0.031770833333333 0.056481481481481
52 0.029166666666667 0.59351851851852 0.014583333333333 0.027777777777778
52 0.6984375 0.52268518518519 0.015625 0.028703703703704
52 0.016666666666667 0.77037037037037 0.033333333333333 0.085185185185185
52 0.45572916666667 0.84490740740741 0.016666666666667 0.026851851851852
52 0.97239583333333 0.64351851851852 0.017708333333333 0.031481481481481
52 0.065364583333333 0.95787037037037 0.015104166666667 0.023148148148148
52 0.73932291666667 0.67592592592593 0.015104166666667 0.024074074074074
52 0.94869791666667 0.40092592592593 0.031770833333333 0.055555555555556
52 0.353125 0.76296296296296 0.014583333333333 0.024074074074074
52 0.32057291666667 0.47824074074074 0.0171875 0.025
52 0.89635416666667 0.74861111111111 0.015625 0.025
52 0.89322916666667 0.53101851851852 0.046875 0.082407407407407
52 0.30651041666667 0.40833333333333 0.025520833333333 0.046296296296296
52 0.36380208333333 0.60648148148148 0.018229166666667 0.031481481481481
52 0.37083333333333 0.13888888888889 0.020833333333333 0.035185185185185
52 0.81614583333333 0.86064814814815 0.036458333333333 0.062037037037037
52 0.73385416666667 0.375 0.019791666666667 0.031481481481481
52 0.9640625 0.83055555555556 0.017708333333333 0.02962962962963
52 0.20963541666667 0.72638888888889 0.043229166666667 0.076851851851852
52 0.16119791666667 0.46944444444444 0.015104166666667 0.025925925925926
52 0.96015625 0.72638888888889 0.019270833333333 0.032407407407407
52 0.019270833333333 0.31481481481481 0.017708333333333 0.031481481481481
52 0.77942708333333 0.13935185185185 0.024479166666667 0.037962962962963
52 0.59947916666667 0.68518518518519 0.014583333333333 0.024074074074074
52 0.2484375 0.71851851851852 0.015625 0.025925925925926
52 0.9015625 0.44398148148148 0.015625 0.026851851851852
52 0.55755208333333 0.12361111111111 0.0171875 0.028703703703704
52 0.088541666666667 0.15972222222222 0.019791666666667 0.030555555555556
52 0.23098958333333 0.24027777777778 0.0140625 0.025
52 0.33020833333333 0.47175925925926 0.015625 0.025
52 0.92161458333333 0.17268518518519 0.018229166666667 0.030555555555556
52 0.646875 0.89814814814815 0.035416666666667 0.053703703703704
52 0.37369791666667 0.23888888888889 0.0171875 0.027777777777778
52 0.70963541666667 0.56851851851852 0.018229166666667 0.02962962962963
52 0.24635416666667 0.4462962962963 0.015625 0.02962962962963
52 0.42864583333333 0.063888888888889 0.022916666666667 0.038888888888889
52 0.63567708333333 0.7087962962963 0.015104166666667 0.025
52 0.4265625 0.033796296296296 0.01875 0.028703703703704
52 0.12109375 0.36759259259259 0.024479166666667 0.038888888888889
52 0.52682291666667 0.4587962962963 0.016145833333333 0.026851851851852
52 0.90208333333333 0.26157407407407 0.027083333333333 0.047222222222222
52 0.22213541666667 0.3412037037037 0.0171875 0.026851851851852
52 0.38619791666667 0.93518518518519 0.015104166666667 0.024074074074074
52 0.43619791666667 0.74768518518519 0.0140625 0.025
52 0.2203125 0.30185185185185 0.017708333333333 0.025925925925926
52 0.234375 0.21851851851852 0.016666666666667 0.025925925925926
52 0.99270833333333 0.97824074074074 0.014583333333333 0.032407407407407
52 0.47708333333333 0.66157407407407 0.015625 0.026851851851852
52 0.3734375 0.87361111111111 0.015625 0.025
52 0.72317708333333 0.81712962962963 0.043229166666667 0.069444444444444
52 0.29192708333333 0.87824074074074 0.015104166666667 0.023148148148148
52 0.083333333333333 0.96898148148148 0.03125 0.049074074074074
52 0.87552083333333 0.86805555555556 0.063541666666667 0.09537037037037
52 0.93463541666667 0.97268518518519 0.036979166666667 0.05462962962963
52 0.19114583333333 0.24861111111111 0.015625 0.025
52 0.070572916666667 0.64953703703704 0.072395833333333 0.13240740740741
52 0.76276041666667 0.49351851851852 0.015104166666667 0.025925925925926
52 0.33125 0.5875 0.016666666666667 0.025
52 0.47135416666667 0.27638888888889 0.016666666666667 0.023148148148148
52 0.46302083333333 0.032407407407407 0.017708333333333 0.025925925925926
52 0.92630208333333 0.77962962962963 0.015104166666667 0.024074074074074
52 0.82161458333333 0.54814814814815 0.015104166666667 0.024074074074074
52 0.40078125 0.68564814814815 0.049479166666667 0.087962962962963