52 0.54192708333333 0.61388888888889 0.041145833333333 0.072222222222222
52 0.29661458333333 0.039351851851852 0.015104166666667 0.023148148148148
52 0.82864583333333 0.19675925925926 0.036458333333333 0.058333333333333
52 0.15546875 0.035648148148148 0.015104166666667 0.023148148148148
52 0.64010416666667 0.52777777777778 0.022916666666667 0.042592592592593
52 0.25182291666667 0.19074074074074 0.0203125 0.033333333333333
52 0.87395833333333 0.071759259259259 0.017708333333333 0.028703703703704
52 0.39375 0.034722222222222 0.0125 0.019444444444444
52 0.22604166666667 0.021296296296296 0.015625 0.024074074074074
52 0.71666666666667 0.52453703703704 0.022916666666667 0.039814814814815
52 0.3296875 0.018518518518519 0.015625 0.024074074074074
52 0.86145833333333 0.46944444444444 0.053125 0.092592592592593
52 0.0890625 0.052314814814815 0.017708333333333 0.026851851851852
52 0.78776041666667 0.55648148148148 0.030729166666667 0.057407407407407
52 0.82057291666667 0.086111111111111 0.031770833333333 0.051851851851852
52 0.068489583333333 0.38564814814815 0.049479166666667 0.091666666666667
52 0.98203125 0.3587962962963 0.022395833333333 0.041666666666667