52 0.21067708333333 0.10509259259259 0.0171875 0.026851851851852
52 0.20651041666667 0.57037037037037 0.0671875 0.11296296296296
52 0.63697916666667 0.037962962962963 0.016666666666667 0.024074074074074
52 0.083072916666667 0.0125 0.0234375 0.025
52 0.4015625 0.013425925925926 0.019791666666667 0.026851851851852
52 0.7078125 0.41990740740741 0.014583333333333 0.026851851851852
52 0.60625 0.77037037037037 0.01875 0.027777777777778
52 0.46744791666667 0.59444444444444 0.016145833333333 0.025925925925926
52 0.296875 0.47685185185185 0.01875 0.02962962962963
52 0.90130208333333 0.023148148148148 0.022395833333333 0.035185185185185
52 0.12526041666667 0.44907407407407 0.0171875 0.02962962962963
52 0.028385416666667 0.53009259259259 0.022395833333333 0.04537037037037
52 0.77109375 0.41898148148148 0.016145833333333 0.025
52 0.78411458333333 0.54351851851852 0.0171875 0.027777777777778
52 0.0390625 0.67222222222222 0.016666666666667 0.02962962962963
52 0.87109375 0.079166666666667 0.016145833333333 0.025
52 0.033854166666667 0.10601851851852 0.017708333333333 0.026851851851852
52 0.12473958333333 0.28842592592593 0.018229166666667 0.032407407407407
52 0.30208333333333 0.59027777777778 0.017708333333333 0.030555555555556
52 0.89765625 0.21759259259259 0.0171875 0.025925925925926
52 0.020572916666667 0.50509259259259 0.0265625 0.058333333333333
52 0.39609375 0.31666666666667 0.0265625 0.046296296296296
52 0.26614583333333 0.925 0.019791666666667 0.033333333333333
52 0.50104166666667 0.7625 0.015625 0.028703703703704
52 0.37890625 0.21898148148148 0.0234375 0.037962962962963
52 0.24010416666667 0.35416666666667 0.020833333333333 0.036111111111111
52 0.66822916666667 0.45509259259259 0.014583333333333 0.026851851851852
52 0.1203125 0.8625 0.019791666666667 0.030555555555556
52 0.48411458333333 0.73796296296296 0.015104166666667 0.025925925925926
52 0.71640625 0.0375 0.0328125 0.05462962962963
52 0.51223958333333 0.46018518518519 0.0171875 0.02962962962963
52 0.42005208333333 0.42962962962963 0.019270833333333 0.031481481481481
52 0.45911458333333 0.39861111111111 0.022395833333333 0.037962962962963
52 0.92604166666667 0.3037037037037 0.016666666666667 0.027777777777778
52 0.44609375 0.56527777777778 0.015104166666667 0.026851851851852
52 0.21197916666667 0.35740740740741 0.015625 0.025925925925926
52 0.3484375 0.14537037037037 0.019791666666667 0.025925925925926
52 0.53619791666667 0.27222222222222 0.018229166666667 0.027777777777778
52 0.70130208333333 0.13888888888889 0.021354166666667 0.035185185185185
52 0.77265625 0.13287037037037 0.0171875 0.026851851851852
52 0.52109375 0.6 0.016145833333333 0.027777777777778
52 0.14427083333333 0.5212962962963 0.015625 0.025925925925926
52 0.84140625 0.048611111111111 0.016145833333333 0.023148148148148
52 0.92682291666667 0.25277777777778 0.036979166666667 0.061111111111111
52 0.8234375 0.49953703703704 0.017708333333333 0.028703703703704
52 0.82942708333333 0.012962962962963 0.018229166666667 0.024074074074074
52 0.82213541666667 0.17638888888889 0.022395833333333 0.034259259259259
52 0.45572916666667 0.31898148148148 0.017708333333333 0.028703703703704
52 0.3359375 0.62638888888889 0.016666666666667 0.025
52 0.30911458333333 0.81712962962963 0.015104166666667 0.025
52 0.96770833333333 0.22037037037037 0.016666666666667 0.025925925925926
52 0.34765625 0.30787037037037 0.024479166666667 0.043518518518519
52 0.27682291666667 0.4837962962963 0.0171875 0.030555555555556
52 0.8703125 0.52824074074074 0.014583333333333 0.026851851851852
52 0.290625 0.28148148148148 0.015625 0.025925925925926
52 0.82083333333333 0.85694444444444 0.059375 0.10648148148148
52 0.6609375 0.54768518518519 0.020833333333333 0.036111111111111
52 0.71015625 0.625 0.015104166666667 0.025925925925926
52 0.022916666666667 0.38425925925926 0.019791666666667 0.031481481481481
52 0.26822916666667 0.69907407407407 0.01875 0.025925925925926
52 0.8765625 0.15231481481481 0.015625 0.025
52 0.34791666666667 0.2212962962963 0.022916666666667 0.038888888888889
52 0.42552083333333 0.61527777777778 0.015625 0.025
52 0.0296875 0.44907407407407 0.022916666666667 0.038888888888889
52 0.23515625 0.36944444444444 0.018229166666667 0.02962962962963
52 0.35598958333333 0.37407407407407 0.016145833333333 0.025925925925926
52 0.16875 0.72175925925926 0.017708333333333 0.028703703703704
52 0.71171875 0.71203703703704 0.0171875 0.02962962962963
52 0.076041666666667 0.61712962962963 0.036458333333333 0.065740740740741
52 0.92473958333333 0.12824074074074 0.016145833333333 0.025
52 0.69739583333333 0.34074074074074 0.014583333333333 0.025925925925926
52 0.27682291666667 0.5162037037037 0.015104166666667 0.026851851851852
52 0.48984375 0.35648148148148 0.016145833333333 0.027777777777778
52 0.59869791666667 0.53055555555556 0.016145833333333 0.027777777777778
52 0.54453125 0.039814814814815 0.021354166666667 0.033333333333333
52 0.02265625 0.46296296296296 0.027604166666667 0.053703703703704
52 0.85859375 0.10694444444444 0.019270833333333 0.030555555555556
52 0.5015625 0.41990740740741 0.016666666666667 0.026851851851852
52 0.28489583333333 0.0097222222222222 0.019791666666667 0.019444444444444
52 0.30026041666667 0.069444444444444 0.024479166666667 0.037037037037037
52 0.75598958333333 0.13888888888889 0.019270833333333 0.024074074074074
52 0.21223958333333 0.61990740740741 0.081770833333333 0.1712962962963
52 0.54557291666667 0.26296296296296 0.0171875 0.024074074074074
52 0.58567708333333 0.66111111111111 0.0203125 0.02962962962963
52 0.98802083333333 0.067592592592593 0.016666666666667 0.024074074074074
52 0.12578125 0.6875 0.018229166666667 0.030555555555556
52 0.34114583333333 0.1412037037037 0.020833333333333 0.030555555555556
52 0.809375 0.076388888888889 0.016666666666667 0.023148148148148
52 0.57109375 0.5662037037037 0.016145833333333 0.026851851851852
52 0.062760416666667 0.87268518518519 0.018229166666667 0.032407407407407
52 0.465625 0.45972222222222 0.016666666666667 0.026851851851852
52 0.4796875 0.23194444444444 0.01875 0.030555555555556
52 0.58177083333333 0.78981481481481 0.016666666666667 0.027777777777778
52 0.19973958333333 0.16111111111111 0.016145833333333 0.024074074074074
52 0.5140625 0.6375 0.015625 0.025
52 0.18958333333333 0.12175925925926 0.016666666666667 0.025
52 0.95833333333333 0.44074074074074 0.017708333333333 0.031481481481481
52 0.18151041666667 0.35925925925926 0.022395833333333 0.035185185185185
52 0.98958333333333 0.26342592592593 0.017708333333333 0.028703703703704
52 0.15364583333333 0.3125 0.044791666666667 0.076851851851852
52 0.18776041666667 0.25138888888889 0.018229166666667 0.028703703703704
52 0.12630208333333 0.27222222222222 0.016145833333333 0.02962962962963
52 0.34583333333333 0.44398148148148 0.015625 0.037962962962963
52 0.29609375 0.71944444444444 0.016145833333333 0.027777777777778
52 0.067708333333333 0.29305555555556 0.03125 0.052777777777778
52 0.32604166666667 0.25462962962963 0.015625 0.025925925925926
52 0.95442708333333 0.063888888888889 0.0171875 0.02962962962963
52 0.34583333333333 0.54398148148148 0.058333333333333 0.10648148148148
52 0.23463541666667 0.96203703703704 0.018229166666667 0.031481481481481
52 0.21692708333333 0.85416666666667 0.021354166666667 0.030555555555556
52 0.30963541666667 0.8537037037037 0.015104166666667 0.025925925925926
52 0.50833333333333 0.38333333333333 0.020833333333333 0.037037037037037
52 0.57864583333333 0.3462962962963 0.01875 0.031481481481481
52 0.58567708333333 0.035648148148148 0.0171875 0.025
52 0.084114583333333 0.23148148148148 0.021354166666667 0.035185185185185
52 0.75520833333333 0.50694444444444 0.016666666666667 0.028703703703704
52 0.175 0.92546296296296 0.020833333333333 0.036111111111111
52 0.9546875 0.076851851851852 0.016666666666667 0.027777777777778
52 0.28958333333333 0.32037037037037 0.027083333333333 0.048148148148148
52 0.75130208333333 0.2287037037037 0.016145833333333 0.024074074074074
52 0.36041666666667 0.46666666666667 0.016666666666667 0.02962962962963
52 0.29453125 0.08287037037037 0.0203125 0.030555555555556
52 0.1921875 0.45231481481481 0.01875 0.032407407407407
52 0.27916666666667 0.25740740740741 0.01875 0.027777777777778
52 0.12682291666667 0.53703703703704 0.0203125 0.037037037037037
52 0.31536458333333 0.36898148148148 0.022395833333333 0.036111111111111
52 0.033333333333333 0.19027777777778 0.025 0.043518518518519
52 0.59427083333333 0.58611111111111 0.015625 0.025925925925926
52 0.38567708333333 0.5712962962963 0.0203125 0.035185185185185
52 0.0140625 0.48657407407407 0.022916666666667 0.047222222222222
52 0.68020833333333 0.3875 0.016666666666667 0.028703703703704
52 0.77239583333333 0.30092592592593 0.016666666666667 0.035185185185185
52 0.81510416666667 0.27592592592593 0.015625 0.025925925925926
52 0.44557291666667 0.27083333333333 0.0203125 0.032407407407407
52 0.5984375 0.90509259259259 0.015625 0.025
52 0.17890625 0.46712962962963 0.0171875 0.026851851851852
52 0.080208333333333 0.43842592592593 0.015625 0.025
52 0.384375 0.75648148148148 0.01875 0.02962962962963
52 0.28567708333333 0.41157407407407 0.0171875 0.030555555555556
52 0.509375 0.53796296296296 0.019791666666667 0.033333333333333
52 0.94322916666667 0.18194444444444 0.016666666666667 0.025
52 0.28828125 0.12777777777778 0.018229166666667 0.02962962962963
52 0.65364583333333 0.074537037037037 0.021875 0.032407407407407