52 0.3703125 0.23796296296296 0.0125 0.02037037037037
52 0.45859375 0.016666666666667 0.0234375 0.033333333333333
52 0.68411458333333 0.10462962962963 0.015104166666667 0.022222222222222
52 0.80364583333333 0.10648148148148 0.014583333333333 0.022222222222222
52 0.86484375 0.034722222222222 0.0328125 0.05462962962963
52 0.29557291666667 0.046296296296296 0.0265625 0.040740740740741
52 0.77604166666667 0.068518518518519 0.019791666666667 0.02962962962963
52 0.77578125 0.099074074074074 0.0171875 0.027777777777778
52 0.25755208333333 0.21574074074074 0.0203125 0.035185185185185
52 0.97421875 0.29583333333333 0.038020833333333 0.069444444444444
52 0.19088541666667 0.081018518518519 0.0140625 0.021296296296296
52 0.5640625 0.20092592592593 0.013541666666667 0.022222222222222
52 0.41875 0.078703703703704 0.021875 0.031481481481481
52 0.68932291666667 0.22731481481481 0.019270833333333 0.032407407407407
52 0.89010416666667 0.11296296296296 0.014583333333333 0.024074074074074
52 0.56171875 0.22453703703704 0.0140625 0.023148148148148
52 0.51484375 0.27916666666667 0.0265625 0.04537037037037
52 0.0057291666666667 0.086111111111111 0.011458333333333 0.025925925925926
52 0.20052083333333 0.26064814814815 0.017708333333333 0.030555555555556
52 0.92942708333333 0.19444444444444 0.0140625 0.022222222222222
52 0.64322916666667 0.20092592592593 0.013541666666667 0.022222222222222
52 0.671875 0.028703703703704 0.027083333333333 0.046296296296296
52 0.73411458333333 0.055092592592593 0.015104166666667 0.023148148148148
52 0.34817708333333 0.15833333333333 0.0171875 0.025925925925926
52 0.70625 0.13796296296296 0.023958333333333 0.038888888888889
52 0.17161458333333 0.061111111111111 0.0109375 0.014814814814815
52 0.85052083333333 0.2162037037037 0.019791666666667 0.030555555555556
52 0.63645833333333 0.095833333333333 0.016666666666667 0.025
52 0.70546875 0.28055555555556 0.0421875 0.074074074074074
52 0.44895833333333 0.1587962962963 0.025 0.04537037037037
52 0.83411458333333 0.18333333333333 0.013020833333333 0.02037037037037
52 0.14270833333333 0.12037037037037 0.016666666666667 0.025925925925926
52 0.21041666666667 0.060185185185185 0.015625 0.024074074074074
52 0.6390625 0.05787037037037 0.01875 0.028703703703704
52 0.059635416666667 0.010648148148148 0.0171875 0.021296296296296
52 0.35989583333333 0.10925925925926 0.017708333333333 0.027777777777778
52 0.090104166666667 0.2125 0.01875 0.030555555555556
52 0.86744791666667 0.15555555555556 0.016145833333333 0.024074074074074
52 0.88984375 0.28009259259259 0.018229166666667 0.032407407407407
52 0.95885416666667 0.012037037037037 0.022916666666667 0.024074074074074
52 0.0203125 0.040277777777778 0.011458333333333 0.017592592592593
52 0.384375 0.018055555555556 0.020833333333333 0.032407407407407
52 0.47786458333333 0.018055555555556 0.0203125 0.030555555555556
52 0.73255208333333 0.016203703703704 0.0171875 0.026851851851852
52 0.65260416666667 0.15925925925926 0.013541666666667 0.022222222222222
52 0.20963541666667 0.13472222222222 0.0203125 0.028703703703704
52 0.78854166666667 0.17962962962963 0.015625 0.025925925925926
52 0.79739583333333 0.065277777777778 0.014583333333333 0.023148148148148
52 0.3875 0.24074074074074 0.014583333333333 0.024074074074074
52 0.1765625 0.097685185185185 0.011458333333333 0.017592592592593
52 0.33489583333333 0.066203703703704 0.017708333333333 0.026851851851852
52 0.05859375 0.30694444444444 0.036979166666667 0.065740740740741
52 0.58411458333333 0.2787037037037 0.0421875 0.074074074074074
52 0.0390625 0.093981481481481 0.019791666666667 0.032407407407407
52 0.93619791666667 0.14490740740741 0.0234375 0.039814814814815
52 0.9015625 0.17314814814815 0.01875 0.02962962962963
52 0.30885416666667 0.13842592592593 0.020833333333333 0.032407407407407
52 0.47838541666667 0.23796296296296 0.015104166666667 0.024074074074074
52 0.32291666666667 0.19305555555556 0.013541666666667 0.021296296296296
52 0.72213541666667 0.2412037037037 0.0203125 0.034259259259259
52 0.23463541666667 0.12685185185185 0.018229166666667 0.027777777777778
52 0.34244791666667 0.16296296296296 0.018229166666667 0.025925925925926
52 0.28385416666667 0.11111111111111 0.014583333333333 0.024074074074074
52 0.46015625 0.06712962962963 0.021354166666667 0.037962962962963
52 0.76953125 0.10462962962963 0.016145833333333 0.024074074074074
52 0.409375 0.19027777777778 0.019791666666667 0.034259259259259
52 0.98333333333333 0.010185185185185 0.014583333333333 0.02037037037037
52 0.15963541666667 0.25972222222222 0.022395833333333 0.039814814814815
52 0.21197916666667 0.21712962962963 0.014583333333333 0.025
52 0.88125 0.30972222222222 0.013541666666667 0.025
52 0.21770833333333 0.2412037037037 0.017708333333333 0.030555555555556
52 0.815625 0.19166666666667 0.011458333333333 0.018518518518519
52 0.58046875 0.012962962962963 0.019270833333333 0.025925925925926
52 0.92890625 0.28009259259259 0.018229166666667 0.028703703703704
52 0.72578125 0.19166666666667 0.019270833333333 0.02962962962963
52 0.94140625 0.074074074074074 0.033854166666667 0.057407407407407
52 0.890625 0.064814814814815 0.021875 0.035185185185185
52 0.91770833333333 0.043981481481481 0.019791666666667 0.032407407407407
52 0.896875 0.033333333333333 0.015625 0.024074074074074
52 0.67395833333333 0.18564814814815 0.01875 0.030555555555556
52 0.31015625 0.25277777777778 0.019270833333333 0.031481481481481
52 0.11822916666667 0.09537037037037 0.01875 0.02962962962963
52 0.62291666666667 0.24537037037037 0.0125 0.022222222222222
52 0.092447916666667 0.05462962962963 0.022395833333333 0.033333333333333
52 0.82890625 0.046296296296296 0.015104166666667 0.022222222222222
52 0.85208333333333 0.1875 0.017708333333333 0.028703703703704
52 0.97083333333333 0.1125 0.013541666666667 0.023148148148148
52 0.14401041666667 0.21712962962963 0.013020833333333 0.019444444444444
52 0.43046875 0.011574074074074 0.015104166666667 0.019444444444444
52 0.27708333333333 0.079166666666667 0.025 0.039814814814815
52 0.92890625 0.10694444444444 0.016145833333333 0.026851851851852
52 0.13515625 0.16759259259259 0.0140625 0.022222222222222
52 0.90807291666667 0.30416666666667 0.015104166666667 0.025
52 0.30208333333333 0.19398148148148 0.014583333333333 0.021296296296296
52 0.26328125 0.12361111111111 0.022395833333333 0.037962962962963