52 0.596875 0.56712962962963 0.0375 0.067592592592593
52 0.96041666666667 0.36342592592593 0.01875 0.030555555555556
52 0.13229166666667 0.13888888888889 0.020833333333333 0.037037037037037
52 0.84713541666667 0.011574074074074 0.0171875 0.021296296296296
52 0.97109375 0.019907407407407 0.013020833333333 0.019444444444444
52 0.27864583333333 0.026388888888889 0.013541666666667 0.019444444444444
52 0.010677083333333 0.019907407407407 0.0109375 0.017592592592593
52 0.044791666666667 0.03287037037037 0.013541666666667 0.021296296296296
52 0.9078125 0.51018518518519 0.025 0.046296296296296
52 0.99322916666667 0.013888888888889 0.0125 0.02037037037037
52 0.95260416666667 0.21342592592593 0.022916666666667 0.037962962962963
52 0.078125 0.043981481481481 0.020833333333333 0.032407407407407
52 0.15572916666667 0.062962962962963 0.016666666666667 0.024074074074074
52 0.97708333333333 0.33703703703704 0.015625 0.027777777777778
52 0.83619791666667 0.10555555555556 0.0234375 0.037037037037037
52 0.93125 0.24398148148148 0.033333333333333 0.056481481481481
52 0.209375 0.068981481481481 0.013541666666667 0.021296296296296
52 0.89609375 0.065740740740741 0.011979166666667 0.018518518518519
52 0.12161458333333 0.044907407407407 0.024479166666667 0.036111111111111