52 0.83411458333333 0.60509259259259 0.0098958333333333 0.015740740740741
52 0.32760416666667 0.26296296296296 0.013541666666667 0.022222222222222
52 0.46041666666667 0.19351851851852 0.011458333333333 0.018518518518519
52 0.80078125 0.6037037037037 0.0140625 0.024074074074074
52 0.42395833333333 0.2212962962963 0.011458333333333 0.018518518518519
52 0.53333333333333 0.49814814814815 0.011458333333333 0.018518518518519
52 0.93828125 0.41712962962963 0.019270833333333 0.030555555555556
52 0.73671875 0.59768518518519 0.013020833333333 0.021296296296296
52 0.64739583333333 0.67361111111111 0.011458333333333 0.019444444444444
52 0.98515625 0.80462962962963 0.015104166666667 0.027777777777778
52 0.82604166666667 0.78842592592593 0.0125 0.019444444444444
52 0.052083333333333 0.56712962962963 0.010416666666667 0.017592592592593
52 0.2671875 0.21805555555556 0.021875 0.037962962962963
52 0.54036458333333 0.013888888888889 0.021354166666667 0.027777777777778
52 0.86197916666667 0.63796296296296 0.011458333333333 0.018518518518519
52 0.54401041666667 0.066666666666667 0.0171875 0.027777777777778
52 0.371875 0.5 0.015625 0.025925925925926
52 0.091666666666667 0.52592592592593 0.013541666666667 0.022222222222222
52 0.63411458333333 0.58518518518519 0.013020833333333 0.02037037037037
52 0.66145833333333 0.79166666666667 0.013541666666667 0.022222222222222
52 0.50208333333333 0.38981481481481 0.013541666666667 0.022222222222222
52 0.066145833333333 0.17685185185185 0.01875 0.02962962962963
52 0.17760416666667 0.15833333333333 0.036458333333333 0.057407407407407
52 0.52786458333333 0.87083333333333 0.011979166666667 0.017592592592593
52 0.81744791666667 0.57638888888889 0.011979166666667 0.019444444444444
52 0.39088541666667 0.59675925925926 0.015104166666667 0.025
52 0.50390625 0.62453703703704 0.013020833333333 0.021296296296296
52 0.43333333333333 0.33287037037037 0.009375 0.017592592592593
52 0.28020833333333 0.5837962962963 0.0125 0.019444444444444
52 0.89427083333333 0.52268518518519 0.0125 0.019444444444444
52 0.88515625 0.79305555555556 0.013020833333333 0.021296296296296
52 0.49635416666667 0.44814814814815 0.011458333333333 0.02037037037037
52 0.58255208333333 0.18287037037037 0.013020833333333 0.019444444444444
52 0.45416666666667 0.75 0.0125 0.02037037037037
52 0.36067708333333 0.61574074074074 0.016145833333333 0.027777777777778
52 0.78541666666667 0.41388888888889 0.022916666666667 0.037037037037037
52 0.42291666666667 0.49444444444444 0.011458333333333 0.02037037037037
52 0.99088541666667 0.47083333333333 0.013020833333333 0.023148148148148
52 0.67291666666667 0.65925925925926 0.013541666666667 0.025925925925926
52 0.37734375 0.49351851851852 0.016145833333333 0.031481481481481
52 0.73359375 0.425 0.016145833333333 0.027777777777778
52 0.65755208333333 0.039814814814815 0.015104166666667 0.024074074074074
52 0.55989583333333 0.8037037037037 0.010416666666667 0.016666666666667
52 0.3453125 0.62962962962963 0.015625 0.027777777777778
52 0.7421875 0.85277777777778 0.015625 0.024074074074074
52 0.421875 0.84861111111111 0.0125 0.017592592592593
52 0.96536458333333 0.53055555555556 0.011979166666667 0.02037037037037
52 0.59713541666667 0.53657407407407 0.0098958333333333 0.017592592592593
52 0.45729166666667 0.26759259259259 0.010416666666667 0.018518518518519
52 0.28854166666667 0.65925925925926 0.011458333333333 0.018518518518519
52 0.42161458333333 0.62777777777778 0.016145833333333 0.024074074074074
52 0.89765625 0.4462962962963 0.0109375 0.018518518518519
52 0.6578125 0.71157407407407 0.013541666666667 0.023148148148148
52 0.34036458333333 0.51296296296296 0.0098958333333333 0.016666666666667
52 0.76380208333333 0.53518518518519 0.0109375 0.02037037037037
52 0.43723958333333 0.50324074074074 0.0088541666666667 0.015740740740741
52 0.52760416666667 0.45555555555556 0.016666666666667 0.02962962962963
52 0.41015625 0.56064814814815 0.013020833333333 0.021296296296296
52 0.72708333333333 0.78425925925926 0.011458333333333 0.018518518518519
52 0.50989583333333 0.58425925925926 0.013541666666667 0.02037037037037
52 0.59765625 0.62685185185185 0.011979166666667 0.018518518518519
52 0.43203125 0.54074074074074 0.013020833333333 0.024074074074074
52 0.61822916666667 0.53981481481481 0.015625 0.024074074074074
52 0.85416666666667 0.5375 0.014583333333333 0.025
52 0.43880208333333 0.47175925925926 0.0098958333333333 0.017592592592593
52 0.69244791666667 0.5587962962963 0.0140625 0.023148148148148
52 0.52161458333333 0.29814814814815 0.019270833333333 0.031481481481481
52 0.67057291666667 0.66574074074074 0.013020833333333 0.022222222222222
52 0.61614583333333 0.61435185185185 0.013541666666667 0.023148148148148
52 0.7640625 0.50648148148148 0.011458333333333 0.022222222222222
52 0.35625 0.57037037037037 0.011458333333333 0.018518518518519
52 0.42213541666667 0.41898148148148 0.011979166666667 0.021296296296296
52 0.52682291666667 0.11527777777778 0.0109375 0.017592592592593
52 0.39739583333333 0.098611111111111 0.014583333333333 0.023148148148148
52 0.26276041666667 0.50787037037037 0.011979166666667 0.019444444444444
52 0.621875 0.63796296296296 0.011458333333333 0.02037037037037
52 0.39609375 0.51527777777778 0.013020833333333 0.023148148148148
52 0.3953125 0.75833333333333 0.009375 0.014814814814815
52 0.565625 0.45416666666667 0.011458333333333 0.019444444444444
52 0.89427083333333 0.55972222222222 0.013541666666667 0.019444444444444
52 0.095052083333333 0.61296296296296 0.0109375 0.018518518518519
52 0.76145833333333 0.46898148148148 0.011458333333333 0.019444444444444
52 0.465625 0.89212962962963 0.014583333333333 0.023148148148148
52 0.77630208333333 0.85694444444444 0.0234375 0.037962962962963
52 0.77838541666667 0.22546296296296 0.027604166666667 0.049074074074074
52 0.89557291666667 0.075462962962963 0.0203125 0.032407407407407
52 0.97447916666667 0.71157407407407 0.015625 0.026851851851852
52 0.68854166666667 0.37638888888889 0.0125 0.021296296296296
52 0.17734375 0.37222222222222 0.019270833333333 0.027777777777778
52 0.74817708333333 0.4962962962963 0.011979166666667 0.02037037037037
52 0.05859375 0.69583333333333 0.0140625 0.025
52 0.53333333333333 0.71944444444444 0.010416666666667 0.016666666666667
52 0.30234375 0.65509259259259 0.0109375 0.017592592592593
52 0.45494791666667 0.23333333333333 0.0140625 0.024074074074074
52 0.36171875 0.16851851851852 0.013020833333333 0.02037037037037
52 0.70442708333333 0.76574074074074 0.0109375 0.016666666666667
52 0.765625 0.42592592592593 0.0125 0.02037037037037
52 0.5078125 0.48240740740741 0.013541666666667 0.022222222222222
52 0.37135416666667 0.5412037037037 0.011458333333333 0.019444444444444
52 0.23203125 0.052777777777778 0.018229166666667 0.025925925925926
52 0.1765625 0.19953703703704 0.015625 0.023148148148148
52 0.35390625 0.43333333333333 0.013020833333333 0.02037037037037
52 0.57994791666667 0.32916666666667 0.011979166666667 0.019444444444444
52 0.72083333333333 0.81805555555556 0.013541666666667 0.021296296296296
52 0.59479166666667 0.50416666666667 0.011458333333333 0.019444444444444
52 0.2859375 0.30092592592593 0.016666666666667 0.025925925925926
52 0.7578125 0.80462962962963 0.042708333333333 0.075925925925926
52 0.70833333333333 0.51527777777778 0.010416666666667 0.017592592592593
52 0.31901041666667 0.46435185185185 0.015104166666667 0.023148148148148
52 0.50078125 0.98842592592593 0.013020833333333 0.019444444444444
52 0.63203125 0.097685185185185 0.0140625 0.021296296296296
52 0.82213541666667 0.84166666666667 0.0171875 0.027777777777778
52 0.55755208333333 0.19907407407407 0.0109375 0.016666666666667
52 0.3046875 0.3712962962963 0.0125 0.018518518518519
52 0.16536458333333 0.15694444444444 0.021354166666667 0.032407407407407
52 0.56666666666667 0.13009259259259 0.013541666666667 0.019444444444444
52 0.67135416666667 0.53796296296296 0.013541666666667 0.022222222222222
52 0.97708333333333 0.66944444444444 0.009375 0.016666666666667
52 0.71302083333333 0.15 0.014583333333333 0.024074074074074
52 0.78125 0.46203703703704 0.014583333333333 0.024074074074074
52 0.50729166666667 0.79351851851852 0.013541666666667 0.02037037037037
52 0.46588541666667 0.41342592592593 0.013020833333333 0.021296296296296
52 0.31588541666667 0.067592592592593 0.028645833333333 0.048148148148148
52 0.43229166666667 0.96064814814815 0.064583333333333 0.078703703703704
52 0.03125 0.74398148148148 0.016666666666667 0.030555555555556
52 0.0375 0.1037037037037 0.01875 0.027777777777778
52 0.68072916666667 0.99074074074074 0.014583333333333 0.018518518518519
52 0.47734375 0.87361111111111 0.011979166666667 0.017592592592593
52 0.57630208333333 0.032407407407407 0.0098958333333333 0.014814814814815
52 0.38958333333333 0.82546296296296 0.020833333333333 0.036111111111111
52 0.62083333333333 0.70138888888889 0.010416666666667 0.015740740740741
52 0.81536458333333 0.80416666666667 0.011979166666667 0.019444444444444
52 0.165625 0.5662037037037 0.013541666666667 0.025
52 0.38072916666667 0.36296296296296 0.022916666666667 0.037037037037037
52 0.7265625 0.55324074074074 0.013541666666667 0.023148148148148
52 0.865625 0.46203703703704 0.010416666666667 0.018518518518519
52 0.69713541666667 0.55 0.015104166666667 0.025925925925926
52 0.33723958333333 0.43981481481481 0.011979166666667 0.02037037037037
52 0.41770833333333 0.22685185185185 0.0125 0.018518518518519
52 0.21640625 0.041203703703704 0.015104166666667 0.021296296296296
52 0.85442708333333 0.77222222222222 0.021354166666667 0.035185185185185
52 0.065625 0.53888888888889 0.0125 0.02037037037037
52 0.27057291666667 0.5462962962963 0.011979166666667 0.018518518518519
52 0.63385416666667 0.43101851851852 0.055208333333333 0.10092592592593
52 0.87005208333333 0.51898148148148 0.011979166666667 0.017592592592593
52 0.41458333333333 0.31527777777778 0.009375 0.015740740740741
52 0.54479166666667 0.25555555555556 0.014583333333333 0.024074074074074
52 0.46692708333333 0.52824074074074 0.011979166666667 0.019444444444444
52 0.44114583333333 0.060185185185185 0.016666666666667 0.025925925925926
52 0.72760416666667 0.59398148148148 0.014583333333333 0.023148148148148
52 0.45625 0.27407407407407 0.011458333333333 0.018518518518519
52 0.27057291666667 0.061111111111111 0.0171875 0.025925925925926
52 0.76119791666667 0.61296296296296 0.0109375 0.018518518518519
52 0.9390625 0.58981481481481 0.015625 0.025925925925926
52 0.88307291666667 0.98935185185185 0.015104166666667 0.021296296296296
52 0.55208333333333 0.14398148148148 0.0125 0.017592592592593
52 0.07265625 0.41018518518519 0.015104166666667 0.024074074074074
52 0.49010416666667 0.33935185185185 0.030208333333333 0.050925925925926
52 0.20625 0.5462962962963 0.0125 0.02037037037037
52 0.87864583333333 0.41018518518519 0.016666666666667 0.031481481481481
52 0.60390625 0.49907407407407 0.0109375 0.018518518518519
52 0.31588541666667 0.5712962962963 0.0140625 0.024074074074074
52 0.5328125 0.78425925925926 0.020833333333333 0.02962962962963
52 0.69557291666667 0.47268518518519 0.0098958333333333 0.017592592592593
52 0.62942708333333 0.50092592592593 0.016145833333333 0.024074074074074
52 0.63567708333333 0.068055555555556 0.0171875 0.025
52 0.80989583333333 0.65416666666667 0.015625 0.025
52 0.87682291666667 0.58333333333333 0.013020833333333 0.022222222222222
52 0.50989583333333 0.80092592592593 0.014583333333333 0.02037037037037
52 0.53307291666667 0.17268518518519 0.013020833333333 0.021296296296296
52 0.41953125 0.60972222222222 0.013020833333333 0.023148148148148
52 0.31354166666667 0.32731481481481 0.011458333333333 0.017592592592593
52 0.45260416666667 0.19953703703704 0.0125 0.019444444444444
52 0.79244791666667 0.90740740740741 0.015104166666667 0.022222222222222
52 0.18932291666667 0.51712962962963 0.011979166666667 0.019444444444444
52 0.44140625 0.15092592592593 0.011979166666667 0.016666666666667
52 0.1515625 0.61759259259259 0.025 0.046296296296296
52 0.41380208333333 0.84027777777778 0.013020833333333 0.017592592592593
52 0.44453125 0.60462962962963 0.0109375 0.016666666666667
52 0.35442708333333 0.68981481481481 0.0109375 0.016666666666667
52 0.47135416666667 0.13703703703704 0.011458333333333 0.016666666666667
52 0.4609375 0.48518518518519 0.013541666666667 0.022222222222222
52 0.92109375 0.50555555555556 0.011979166666667 0.02037037037037
52 0.35911458333333 0.95185185185185 0.016145833333333 0.024074074074074
52 0.89921875 0.48564814814815 0.0140625 0.025
52 0.53151041666667 0.033796296296296 0.016145833333333 0.023148148148148
52 0.13958333333333 0.33287037037037 0.034375 0.056481481481481
52 0.49869791666667 0.14768518518519 0.0109375 0.017592592592593
52 0.68359375 0.50092592592593 0.013020833333333 0.022222222222222
52 0.38203125 0.21666666666667 0.0109375 0.016666666666667
52 0.19036458333333 0.35092592592593 0.0109375 0.016666666666667
52 0.484375 0.27962962962963 0.011458333333333 0.018518518518519
52 0.67135416666667 0.55 0.014583333333333 0.02962962962963
52 0.70651041666667 0.38703703703704 0.011979166666667 0.018518518518519
52 0.65625 0.59351851851852 0.016666666666667 0.025925925925926
52 0.7859375 0.5375 0.010416666666667 0.019444444444444
52 0.37916666666667 0.45277777777778 0.016666666666667 0.027777777777778
52 0.54791666666667 0.86342592592593 0.0125 0.019444444444444
52 0.371875 0.051851851851852 0.014583333333333 0.02037037037037
52 0.70546875 0.10046296296296 0.0140625 0.023148148148148
52 0.80234375 0.49490740740741 0.018229166666667 0.028703703703704
52 0.64114583333333 0.22638888888889 0.011458333333333 0.017592592592593
52 0.95833333333333 0.60972222222222 0.011458333333333 0.019444444444444
52 0.16640625 0.37962962962963 0.015104166666667 0.024074074074074
52 0.61484375 0.1537037037037 0.0098958333333333 0.016666666666667
52 0.7984375 0.61296296296296 0.011458333333333 0.02037037037037
52 0.40703125 0.18796296296296 0.0109375 0.016666666666667
52 0.82291666666667 0.74490740740741 0.014583333333333 0.023148148148148
52 0.69322916666667 0.61759259259259 0.030208333333333 0.053703703703704
52 0.66796875 0.59305555555556 0.018229166666667 0.026851851851852
52 0.84244791666667 0.50231481481481 0.0109375 0.017592592592593
52 0.89088541666667 0.20648148148148 0.066145833333333 0.11296296296296
52 0.39765625 0.4212962962963 0.011979166666667 0.02037037037037
52 0.18984375 0.40046296296296 0.0171875 0.026851851851852
52 0.58671875 0.40416666666667 0.011979166666667 0.019444444444444
52 0.546875 0.5962962962963 0.016666666666667 0.027777777777778
52 0.65364583333333 0.31805555555556 0.0125 0.021296296296296
52 0.39557291666667 0.86296296296296 0.016145833333333 0.024074074074074
52 0.54713541666667 0.41203703703704 0.0109375 0.02037037037037
52 0.2625 0.36481481481481 0.020833333333333 0.033333333333333
52 0.48515625 0.38101851851852 0.018229166666667 0.030555555555556
52 0.51432291666667 0.58842592592593 0.016145833333333 0.025
52 0.34505208333333 0.47268518518519 0.0140625 0.023148148148148
52 0.31510416666667 0.46898148148148 0.014583333333333 0.023148148148148
52 0.51979166666667 0.048148148148148 0.011458333333333 0.016666666666667
52 0.26796875 0.1212962962963 0.018229166666667 0.027777777777778
52 0.54505208333333 0.37685185185185 0.0098958333333333 0.018518518518519
52 0.16484375 0.57824074074074 0.0140625 0.025
52 0.45416666666667 0.65787037037037 0.017708333333333 0.028703703703704
52 0.4140625 0.087962962962963 0.013541666666667 0.02037037037037
52 0.37604166666667 0.26388888888889 0.013541666666667 0.022222222222222
52 0.67109375 0.068981481481481 0.015104166666667 0.025
52 0.66536458333333 0.46064814814815 0.015104166666667 0.025
52 0.978125 0.98287037037037 0.020833333333333 0.034259259259259
52 0.50520833333333 0.25092592592593 0.0125 0.02037037037037
52 0.47421875 0.45972222222222 0.011979166666667 0.019444444444444
52 0.58255208333333 0.57222222222222 0.0171875 0.02962962962963
52 0.3015625 0.54259259259259 0.011458333333333 0.018518518518519
52 0.4203125 0.024074074074074 0.017708333333333 0.025925925925926
52 0.19401041666667 0.43194444444444 0.011979166666667 0.019444444444444
52 0.55208333333333 0.76157407407407 0.0125 0.019444444444444
52 0.78177083333333 0.66898148148148 0.014583333333333 0.023148148148148
52 0.90546875 0.40601851851852 0.011979166666667 0.019444444444444
52 0.87786458333333 0.64861111111111 0.0203125 0.030555555555556
52 0.40338541666667 0.39675925925926 0.011979166666667 0.019444444444444
52 0.55026041666667 0.71574074074074 0.0109375 0.018518518518519
52 0.25442708333333 0.55231481481481 0.013020833333333 0.019444444444444
52 0.35260416666667 0.36990740740741 0.015625 0.023148148148148
52 0.58932291666667 0.71388888888889 0.0328125 0.055555555555556
52 0.90130208333333 0.62685185185185 0.0109375 0.016666666666667
52 0.7875 0.36111111111111 0.013541666666667 0.022222222222222
52 0.48072916666667 0.54768518518519 0.01875 0.034259259259259
52 0.013541666666667 0.19074074074074 0.016666666666667 0.025925925925926
52 0.85286458333333 0.70694444444444 0.013020833333333 0.021296296296296
52 0.05078125 0.61481481481481 0.011979166666667 0.02037037037037
52 0.49973958333333 0.52962962962963 0.0328125 0.061111111111111
52 0.75052083333333 0.93055555555556 0.036458333333333 0.062962962962963
52 0.67708333333333 0.32685185185185 0.0125 0.02037037037037
52 0.28515625 0.55555555555556 0.0140625 0.02037037037037
52 0.41484375 0.37824074074074 0.0109375 0.017592592592593
52 0.46796875 0.22962962962963 0.0098958333333333 0.016666666666667
52 0.55859375 0.49953703703704 0.013020833333333 0.021296296296296
52 0.40729166666667 0.1375 0.014583333333333 0.021296296296296
52 0.421875 0.1337962962963 0.0125 0.017592592592593
52 0.20729166666667 0.49953703703704 0.017708333333333 0.030555555555556
52 0.34140625 0.64166666666667 0.0140625 0.024074074074074
52 0.5390625 0.32361111111111 0.011458333333333 0.019444444444444
52 0.44583333333333 0.15972222222222 0.010416666666667 0.017592592592593
52 0.36197916666667 0.64861111111111 0.011458333333333 0.019444444444444
52 0.93229166666667 0.63703703703704 0.011458333333333 0.018518518518519
52 0.94557291666667 0.46851851851852 0.0098958333333333 0.018518518518519
52 0.47109375 0.46481481481481 0.013020833333333 0.022222222222222
52 0.4328125 0.77314814814815 0.014583333333333 0.024074074074074
52 0.4578125 0.57314814814815 0.0125 0.018518518518519
52 0.47265625 0.5837962962963 0.0140625 0.021296296296296