52 0.865625 0.12453703703704 0.01875 0.028703703703704
52 0.846875 0.44305555555556 0.013541666666667 0.023148148148148
52 0.8625 0.76527777777778 0.094791666666667 0.18981481481481
52 0.43828125 0.63703703703704 0.0109375 0.018518518518519
52 0.88072916666667 0.38472222222222 0.019791666666667 0.030555555555556
52 0.2640625 0.48611111111111 0.015625 0.024074074074074
52 0.65729166666667 0.62314814814815 0.01875 0.033333333333333
52 0.721875 0.31388888888889 0.015625 0.025925925925926
52 0.65364583333333 0.57361111111111 0.019791666666667 0.034259259259259
52 0.43463541666667 0.27824074074074 0.0453125 0.078703703703704
52 0.56770833333333 0.022685185185185 0.026041666666667 0.041666666666667
52 0.33541666666667 0.57824074074074 0.01875 0.032407407407407
52 0.234375 0.16203703703704 0.013541666666667 0.02037037037037
52 0.62864583333333 0.030092592592593 0.053125 0.060185185185185
52 0.725 0.58657407407407 0.017708333333333 0.030555555555556
52 0.62734375 0.59722222222222 0.0171875 0.027777777777778
52 0.89010416666667 0.33194444444444 0.0125 0.021296296296296
52 0.22213541666667 0.043055555555556 0.019270833333333 0.028703703703704
52 0.70911458333333 0.0625 0.0171875 0.028703703703704
52 0.22083333333333 0.73564814814815 0.032291666666667 0.056481481481481
52 0.21666666666667 0.79583333333333 0.03125 0.052777777777778
52 0.36848958333333 0.54675925925926 0.015104166666667 0.025
52 0.65416666666667 0.75509259259259 0.03125 0.05462962962963
52 0.24088541666667 0.4587962962963 0.016145833333333 0.025
52 0.97213541666667 0.37314814814815 0.016145833333333 0.027777777777778
52 0.99296875 0.67314814814815 0.0140625 0.02962962962963
52 0.91979166666667 0.053703703703704 0.0125 0.018518518518519
52 0.60286458333333 0.26388888888889 0.0203125 0.038888888888889
52 0.97291666666667 0.15787037037037 0.014583333333333 0.025
52 0.75807291666667 0.49074074074074 0.015104166666667 0.025925925925926
52 0.26744791666667 0.34305555555556 0.0140625 0.021296296296296
52 0.77291666666667 0.27037037037037 0.014583333333333 0.024074074074074
52 0.32604166666667 0.44722222222222 0.013541666666667 0.022222222222222
52 0.95104166666667 0.41944444444444 0.015625 0.027777777777778
52 0.26666666666667 0.30555555555556 0.013541666666667 0.022222222222222