52 0.90546875 0.4162037037037 0.049479166666667 0.087962962962963
52 0.56953125 0.17222222222222 0.013020833333333 0.02037037037037
52 0.771875 0.0875 0.033333333333333 0.056481481481481
52 0.37213541666667 0.034722222222222 0.0453125 0.069444444444444
52 0.29609375 0.39305555555556 0.033854166666667 0.060185185185185
52 0.80885416666667 0.38472222222222 0.036458333333333 0.062037037037037
52 0.77057291666667 0.34305555555556 0.036979166666667 0.062037037037037
52 0.99244791666667 0.39027777777778 0.015104166666667 0.028703703703704
52 0.74088541666667 0.43888888888889 0.0234375 0.042592592592593
52 0.53541666666667 0.45694444444444 0.020833333333333 0.036111111111111
52 0.54114583333333 0.35509259259259 0.055208333333333 0.10277777777778
52 0.29635416666667 0.53009259259259 0.021875 0.039814814814815
52 0.86041666666667 0.30740740740741 0.0375 0.066666666666667
52 0.84192708333333 0.0078703703703704 0.019270833333333 0.015740740740741
52 0.55729166666667 0.47592592592593 0.025 0.044444444444444
52 0.63046875 0.068981481481481 0.046354166666667 0.080555555555556
52 0.984375 0.50277777777778 0.029166666666667 0.055555555555556
52 0.7875 0.40648148148148 0.022916666666667 0.038888888888889
52 0.9328125 0.3875 0.021875 0.037962962962963
52 0.98151041666667 0.13518518518519 0.036979166666667 0.092592592592593
52 0.38489583333333 0.46203703703704 0.021875 0.035185185185185
52 0.69036458333333 0.083796296296296 0.013020833333333 0.019444444444444
52 0.61484375 0.44583333333333 0.0359375 0.062037037037037
52 0.44557291666667 0.10138888888889 0.072395833333333 0.13611111111111
52 0.84661458333333 0.38194444444444 0.0359375 0.063888888888889
52 0.95442708333333 0.25231481481481 0.030729166666667 0.05462962962963
52 0.94166666666667 0.43055555555556 0.021875 0.035185185185185
52 0.74244791666667 0.21296296296296 0.033854166666667 0.059259259259259
52 0.50598958333333 0.35740740740741 0.024479166666667 0.040740740740741
52 0.67994791666667 0.28055555555556 0.052604166666667 0.094444444444444
52 0.31458333333333 0.051388888888889 0.063541666666667 0.10277777777778
52 0.90911458333333 0.14490740740741 0.034895833333333 0.058333333333333
52 0.18489583333333 0.090740740740741 0.10104166666667 0.17962962962963
52 0.10572916666667 0.40138888888889 0.032291666666667 0.056481481481481
52 0.083854166666667 0.43935185185185 0.034375 0.063888888888889
52 0.33828125 0.26712962962963 0.019270833333333 0.032407407407407
52 0.25807291666667 0.25972222222222 0.024479166666667 0.043518518518519
52 0.22135416666667 0.28564814814815 0.027083333333333 0.04537037037037
52 0.95625 0.20462962962963 0.020833333333333 0.033333333333333
52 0.88567708333333 0.081018518518519 0.0453125 0.080555555555556
52 0.32265625 0.36342592592593 0.021354166666667 0.039814814814815
52 0.42942708333333 0.25 0.0484375 0.081481481481481
52 0.68359375 0.18055555555556 0.015104166666667 0.024074074074074
52 0.73541666666667 0.49537037037037 0.022916666666667 0.038888888888889
52 0.8359375 0.32037037037037 0.025 0.044444444444444
52 0.44557291666667 0.17916666666667 0.056770833333333 0.09537037037037
52 0.48645833333333 0.40972222222222 0.021875 0.037962962962963
52 0.15885416666667 0.39953703703704 0.023958333333333 0.039814814814815
52 0.415625 0.46111111111111 0.025 0.044444444444444
52 0.8125 0.31990740740741 0.026041666666667 0.04537037037037
52 0.47213541666667 0.016203703703704 0.015104166666667 0.023148148148148
52 0.81640625 0.45 0.036979166666667 0.066666666666667
52 0.15755208333333 0.17592592592593 0.038020833333333 0.064814814814815
52 0.32552083333333 0.45833333333333 0.051041666666667 0.094444444444444
52 0.018229166666667 0.068518518518519 0.036458333333333 0.074074074074074
52 0.378125 0.35740740740741 0.033333333333333 0.057407407407407
52 0.91041666666667 0.35138888888889 0.03125 0.05462962962963
52 0.67838541666667 0.42268518518519 0.0140625 0.023148148148148
52 0.77734375 0.13842592592593 0.0453125 0.082407407407407
52 0.9421875 0.47916666666667 0.020833333333333 0.034259259259259
52 0.99166666666667 0.31805555555556 0.016666666666667 0.039814814814815
52 0.44947916666667 0.39814814814815 0.025 0.044444444444444
52 0.24895833333333 0.29259259259259 0.025 0.042592592592593
52 0.99140625 0.014351851851852 0.0140625 0.023148148148148
52 0.26041666666667 0.1462962962963 0.052083333333333 0.090740740740741
52 0.63203125 0.24722222222222 0.031770833333333 0.053703703703704
52 0.64557291666667 0.51712962962963 0.022395833333333 0.037962962962963
52 0.57994791666667 0.39907407407407 0.030729166666667 0.055555555555556
52 0.076302083333333 0.068518518518519 0.0328125 0.053703703703704
52 0.45651041666667 0.33009259259259 0.024479166666667 0.043518518518519
52 0.16328125 0.44074074074074 0.0234375 0.040740740740741
52 0.24296875 0.38796296296296 0.036979166666667 0.061111111111111
52 0.62057291666667 0.36018518518519 0.0796875 0.14814814814815
52 0.42916666666667 0.44027777777778 0.021875 0.037962962962963
52 0.25260416666667 0.34583333333333 0.053125 0.09537037037037
52 0.79453125 0.26157407407407 0.038020833333333 0.063888888888889
52 0.49791666666667 0.49398148148148 0.028125 0.047222222222222
52 0.45052083333333 0.37916666666667 0.025 0.04537037037037