52 0.88723958333333 0.39814814814815 0.0098958333333333 0.016666666666667
52 0.8203125 0.044444444444444 0.017708333333333 0.025925925925926
52 0.896875 0.20509259259259 0.013541666666667 0.021296296296296
52 0.3 0.55416666666667 0.011458333333333 0.019444444444444
52 0.39583333333333 0.51666666666667 0.013541666666667 0.022222222222222
52 0.94713541666667 0.18981481481481 0.0109375 0.016666666666667
52 0.16119791666667 0.15 0.015104166666667 0.024074074074074
52 0.057552083333333 0.31898148148148 0.013020833333333 0.021296296296296
52 0.89114583333333 0.15462962962963 0.0125 0.02037037037037
52 0.92682291666667 0.18148148148148 0.013020833333333 0.02037037037037
52 0.0859375 0.75138888888889 0.027083333333333 0.047222222222222
52 0.265625 0.61851851851852 0.011458333333333 0.018518518518519
52 0.41223958333333 0.42407407407407 0.011979166666667 0.02037037037037
52 0.78958333333333 0.11759259259259 0.020833333333333 0.037037037037037
52 0.98671875 0.17546296296296 0.0109375 0.019444444444444
52 0.41953125 0.79166666666667 0.0234375 0.038888888888889
52 0.19166666666667 0.96990740740741 0.039583333333333 0.060185185185185
52 0.14375 0.23472222222222 0.017708333333333 0.025
52 0.31666666666667 0.75972222222222 0.019791666666667 0.030555555555556
52 0.37864583333333 0.98333333333333 0.020833333333333 0.033333333333333
52 0.0059895833333333 0.33842592592593 0.011979166666667 0.025
52 0.076822916666667 0.30231481481481 0.016145833333333 0.025
52 0.033072916666667 0.28703703703704 0.011979166666667 0.02037037037037
52 0.033333333333333 0.32268518518519 0.011458333333333 0.019444444444444
52 0.06015625 0.15972222222222 0.0109375 0.017592592592593
52 0.346875 0.66990740740741 0.015625 0.026851851851852
52 0.46067708333333 0.46296296296296 0.022395833333333 0.038888888888889
52 0.17447916666667 0.46296296296296 0.022916666666667 0.038888888888889
52 0.07421875 0.88240740740741 0.049479166666667 0.085185185185185
52 0.14401041666667 0.16574074074074 0.016145833333333 0.025925925925926
52 0.915625 0.51435185185185 0.010416666666667 0.017592592592593
52 0.153125 0.50092592592593 0.016666666666667 0.025925925925926
52 0.7875 0.57777777777778 0.014583333333333 0.025925925925926
52 0.18046875 0.56111111111111 0.024479166666667 0.038888888888889
52 0.016666666666667 0.18981481481481 0.014583333333333 0.025925925925926
52 0.69713541666667 0.64861111111111 0.013020833333333 0.021296296296296
52 0.0083333333333333 0.13703703703704 0.010416666666667 0.018518518518519
52 0.31328125 0.5212962962963 0.0171875 0.02962962962963
52 0.51744791666667 0.46851851851852 0.031770833333333 0.055555555555556
52 0.26822916666667 0.19212962962963 0.016666666666667 0.026851851851852
52 0.27552083333333 0.72222222222222 0.016666666666667 0.025925925925926
52 0.54739583333333 0.58518518518519 0.019791666666667 0.035185185185185
52 0.75364583333333 0.56898148148148 0.016666666666667 0.026851851851852
52 0.91171875 0.24953703703704 0.0140625 0.023148148148148
52 0.44479166666667 0.38009259259259 0.022916666666667 0.036111111111111
52 0.77239583333333 0.56157407407407 0.013541666666667 0.023148148148148
52 0.5125 0.59490740740741 0.013541666666667 0.023148148148148
52 0.240625 0.41481481481481 0.011458333333333 0.018518518518519
52 0.27942708333333 0.98240740740741 0.0421875 0.035185185185185
52 0.91536458333333 0.76435185185185 0.024479166666667 0.041666666666667
52 0.89635416666667 0.049074074074074 0.0125 0.018518518518519
52 0.15989583333333 0.11388888888889 0.019791666666667 0.031481481481481
52 0.25182291666667 0.58194444444444 0.0171875 0.028703703703704
52 0.25130208333333 0.48842592592593 0.0140625 0.023148148148148
52 0.92994791666667 0.085648148148148 0.013020833333333 0.019444444444444
52 0.83828125 0.49583333333333 0.018229166666667 0.032407407407407
52 0.1859375 0.18425925925926 0.010416666666667 0.016666666666667
52 0.26536458333333 0.52685185185185 0.015104166666667 0.025925925925926
52 0.35572916666667 0.21435185185185 0.027083333333333 0.047222222222222
52 0.25078125 0.44675925925926 0.0098958333333333 0.017592592592593
52 0.053385416666667 0.36157407407407 0.011979166666667 0.019444444444444
52 0.17005208333333 0.49444444444444 0.015104166666667 0.024074074074074
52 0.072395833333333 0.50092592592593 0.013541666666667 0.022222222222222
52 0.31276041666667 0.43796296296296 0.0098958333333333 0.018518518518519
52 0.95885416666667 0.48333333333333 0.0125 0.022222222222222
52 0.04921875 0.17685185185185 0.0098958333333333 0.016666666666667
52 0.33333333333333 0.55046296296296 0.011458333333333 0.021296296296296