52 0.40260416666667 0.68935185185185 0.016666666666667 0.026851851851852
52 0.029947916666667 0.47268518518519 0.025520833333333 0.04537037037037
52 0.7796875 0.63240740740741 0.014583333333333 0.024074074074074
52 0.68463541666667 0.43194444444444 0.013020833333333 0.023148148148148
52 0.36953125 0.20231481481481 0.018229166666667 0.030555555555556
52 0.40807291666667 0.73194444444444 0.013020833333333 0.023148148148148
52 0.3703125 0.028240740740741 0.015625 0.023148148148148
52 0.87708333333333 0.86944444444444 0.057291666666667 0.090740740740741
52 0.87994791666667 0.73657407407407 0.0234375 0.039814814814815
52 0.43958333333333 0.56157407407407 0.014583333333333 0.025
52 0.35885416666667 0.63009259259259 0.014583333333333 0.023148148148148
52 0.79427083333333 0.50601851851852 0.020833333333333 0.034259259259259
52 0.45494791666667 0.52824074074074 0.013020833333333 0.021296296296296
52 0.15182291666667 0.13703703703704 0.015104166666667 0.022222222222222
52 0.3859375 0.85462962962963 0.016666666666667 0.025925925925926
52 0.053125 0.61805555555556 0.0125 0.021296296296296
52 0.33020833333333 0.94722222222222 0.014583333333333 0.02037037037037
52 0.093229166666667 0.67407407407407 0.013541666666667 0.022222222222222
52 0.775 0.75231481481481 0.055208333333333 0.099074074074074
52 0.79895833333333 0.15462962962963 0.021875 0.037037037037037
52 0.33723958333333 0.92685185185185 0.0140625 0.02037037037037
52 0.9578125 0.65555555555556 0.021875 0.037037037037037
52 0.91692708333333 0.72962962962963 0.015104166666667 0.025925925925926
52 0.91432291666667 0.39398148148148 0.025520833333333 0.047222222222222
52 0.01875 0.1625 0.015625 0.025
52 0.89921875 0.52453703703704 0.015104166666667 0.023148148148148
52 0.95703125 0.4875 0.011979166666667 0.023148148148148
52 0.50234375 0.61851851851852 0.016145833333333 0.025925925925926
52 0.625 0.62268518518519 0.016666666666667 0.026851851851852
52 0.43489583333333 0.55601851851852 0.01875 0.028703703703704
52 0.50911458333333 0.74675925925926 0.0140625 0.023148148148148
52 0.5640625 0.6287037037037 0.033333333333333 0.059259259259259
52 0.75729166666667 0.56435185185185 0.066666666666667 0.11388888888889
52 0.4390625 0.68425925925926 0.014583333333333 0.022222222222222
52 0.53932291666667 0.12175925925926 0.0140625 0.021296296296296
52 0.15 0.20972222222222 0.026041666666667 0.043518518518519
52 0.46484375 0.2337962962963 0.0140625 0.023148148148148
52 0.87447916666667 0.61481481481481 0.013541666666667 0.02037037037037
52 0.8390625 0.83240740740741 0.015625 0.025925925925926
52 0.16171875 0.52916666666667 0.013020833333333 0.021296296296296
52 0.421875 0.17175925925926 0.015625 0.025
52 0.67890625 0.7625 0.027604166666667 0.04537037037037
52 0.40677083333333 0.79814814814815 0.013541666666667 0.02037037037037
52 0.53645833333333 0.725 0.033333333333333 0.057407407407407
52 0.55026041666667 0.66574074074074 0.0140625 0.024074074074074
52 0.022135416666667 0.39166666666667 0.0171875 0.027777777777778
52 0.33776041666667 0.31990740740741 0.015104166666667 0.025
52 0.047395833333333 0.026851851851852 0.044791666666667 0.053703703703704
52 0.80651041666667 0.37083333333333 0.0140625 0.023148148148148
52 0.58463541666667 0.7287037037037 0.013020833333333 0.022222222222222
52 0.091927083333333 0.48518518518519 0.015104166666667 0.024074074074074
52 0.50416666666667 0.78518518518519 0.016666666666667 0.025925925925926
52 0.82578125 0.28009259259259 0.0171875 0.030555555555556
52 0.2296875 0.56203703703704 0.01875 0.02962962962963
52 0.884375 0.9712962962963 0.014583333333333 0.024074074074074
52 0.01640625 0.56157407407407 0.0171875 0.028703703703704
52 0.60442708333333 0.54027777777778 0.0203125 0.034259259259259
52 0.34713541666667 0.96435185185185 0.0140625 0.019444444444444
52 0.98958333333333 0.98333333333333 0.019791666666667 0.033333333333333
52 0.8484375 0.23935185185185 0.015625 0.026851851851852
52 0.84739583333333 0.40046296296296 0.015625 0.026851851851852
52 0.0578125 0.56157407407407 0.029166666666667 0.050925925925926
52 0.503125 0.85648148148148 0.013541666666667 0.02037037037037
52 0.61640625 0.63101851851852 0.019270833333333 0.030555555555556
52 0.22135416666667 0.05462962962963 0.019791666666667 0.027777777777778
52 0.54973958333333 0.12962962962963 0.0171875 0.025925925925926
52 0.45989583333333 0.69074074074074 0.013541666666667 0.02037037037037
52 0.082552083333333 0.76805555555556 0.013020833333333 0.021296296296296
52 0.34296875 0.72685185185185 0.0140625 0.022222222222222
52 0.6015625 0.5875 0.016666666666667 0.026851851851852
52 0.65104166666667 0.053703703703704 0.014583333333333 0.022222222222222
52 0.184375 0.12685185185185 0.016666666666667 0.025925925925926
52 0.79296875 0.47175925925926 0.0203125 0.034259259259259
52 0.85598958333333 0.46157407407407 0.0140625 0.021296296296296
52 0.34322916666667 0.074074074074074 0.020833333333333 0.031481481481481
52 0.33307291666667 0.94074074074074 0.0171875 0.027777777777778
52 0.16145833333333 0.022222222222222 0.022916666666667 0.035185185185185
52 0.921875 0.45740740740741 0.016666666666667 0.02962962962963
52 0.25989583333333 0.54814814814815 0.013541666666667 0.022222222222222
52 0.84010416666667 0.37685185185185 0.0125 0.022222222222222
52 0.065364583333333 0.7462962962963 0.016145833333333 0.025925925925926
52 0.8859375 0.65185185185185 0.014583333333333 0.025925925925926
52 0.871875 0.24212962962963 0.0125 0.025
52 0.45026041666667 0.35324074074074 0.013020833333333 0.021296296296296
52 0.38463541666667 0.28657407407407 0.013020833333333 0.021296296296296
52 0.546875 0.80046296296296 0.019791666666667 0.032407407407407
52 0.58333333333333 0.60092592592593 0.020833333333333 0.037037037037037
52 0.084375 0.23240740740741 0.017708333333333 0.027777777777778
52 0.68984375 0.39490740740741 0.016145833333333 0.028703703703704
52 0.31979166666667 0.4625 0.014583333333333 0.023148148148148
52 0.037239583333333 0.30046296296296 0.019270833333333 0.032407407407407
52 0.83411458333333 0.79212962962963 0.0140625 0.023148148148148
52 0.8171875 0.70601851851852 0.0125 0.021296296296296
52 0.75026041666667 0.060648148148148 0.015104166666667 0.023148148148148
52 0.75260416666667 0.49398148148148 0.028125 0.049074074074074
52 0.39088541666667 0.50324074074074 0.015104166666667 0.025
52 0.43072916666667 0.55 0.013541666666667 0.02037037037037
52 0.48072916666667 0.50046296296296 0.013541666666667 0.021296296296296
52 0.60260416666667 0.23055555555556 0.028125 0.05
52 0.8390625 0.45185185185185 0.0125 0.022222222222222
52 0.98880208333333 0.85509259259259 0.0140625 0.026851851851852
52 0.8734375 0.2625 0.013541666666667 0.025
52 0.30833333333333 0.31805555555556 0.013541666666667 0.021296296296296
52 0.35833333333333 0.83888888888889 0.015625 0.024074074074074
52 0.1953125 0.081481481481481 0.030208333333333 0.048148148148148
52 0.18828125 0.3125 0.016145833333333 0.025
52 0.97916666666667 0.40787037037037 0.021875 0.037962962962963
52 0.28515625 0.19490740740741 0.015104166666667 0.023148148148148
52 0.73958333333333 0.65416666666667 0.019791666666667 0.032407407407407
52 0.54296875 0.12731481481481 0.018229166666667 0.025
52 0.88723958333333 0.78194444444444 0.018229166666667 0.030555555555556
52 0.65989583333333 0.55509259259259 0.013541666666667 0.021296296296296
52 0.63645833333333 0.017592592592593 0.014583333333333 0.022222222222222
52 0.12005208333333 0.54398148148148 0.0140625 0.023148148148148
52 0.83828125 0.61527777777778 0.0171875 0.028703703703704
52 0.6484375 0.74398148148148 0.013541666666667 0.023148148148148
52 0.47109375 0.34444444444444 0.0140625 0.022222222222222
52 0.14192708333333 0.30694444444444 0.016145833333333 0.025
52 0.81901041666667 0.58472222222222 0.036979166666667 0.063888888888889
52 0.19973958333333 0.28194444444444 0.015104166666667 0.023148148148148
52 0.74947916666667 0.025462962962963 0.01875 0.028703703703704