52 0.8828125 0.19722222222222 0.013541666666667 0.022222222222222
52 0.10130208333333 0.3375 0.0140625 0.023148148148148
52 0.984375 0.30925925925926 0.0125 0.022222222222222
52 0.90807291666667 0.18611111111111 0.011979166666667 0.018518518518519
52 0.20755208333333 0.2712962962963 0.0109375 0.018518518518519
52 0.022395833333333 0.21574074074074 0.010416666666667 0.018518518518519
52 0.22682291666667 0.11064814814815 0.011979166666667 0.019444444444444
52 0.95963541666667 0.6087962962963 0.0203125 0.036111111111111
52 0.99375 0.47175925925926 0.0125 0.032407407407407
52 0.34479166666667 0.49907407407407 0.014583333333333 0.024074074074074
52 0.074739583333333 0.76481481481481 0.021354166666667 0.037037037037037
52 0.26067708333333 0.51759259259259 0.0140625 0.024074074074074
52 0.32630208333333 0.80277777777778 0.0703125 0.12407407407407
52 0.35989583333333 0.65833333333333 0.014583333333333 0.025925925925926
52 0.95963541666667 0.33240740740741 0.013020833333333 0.022222222222222
52 0.74114583333333 0.82685185185185 0.01875 0.033333333333333
52 0.9046875 0.085648148148148 0.0125 0.019444444444444
52 0.84635416666667 0.069444444444444 0.0125 0.02037037037037
52 0.53619791666667 0.56111111111111 0.0203125 0.035185185185185
52 0.16067708333333 0.32731481481481 0.011979166666667 0.019444444444444
52 0.13463541666667 0.078240740740741 0.013020833333333 0.019444444444444
52 0.17135416666667 0.27638888888889 0.013541666666667 0.023148148148148
52 0.065364583333333 0.22731481481481 0.0109375 0.017592592592593
52 0.98645833333333 0.021759259259259 0.010416666666667 0.017592592592593
52 0.29192708333333 0.72685185185185 0.0234375 0.042592592592593
52 0.14661458333333 0.41064814814815 0.0453125 0.080555555555556
52 0.41145833333333 0.67361111111111 0.01875 0.032407407407407
52 0.17578125 0.24953703703704 0.0109375 0.019444444444444
52 0.29973958333333 0.57685185185185 0.019270833333333 0.033333333333333
52 0.23723958333333 0.28333333333333 0.0109375 0.018518518518519
52 0.43307291666667 0.64675925925926 0.015104166666667 0.025
52 0.27239583333333 0.25046296296296 0.0125 0.021296296296296
52 0.16041666666667 0.26342592592593 0.0125 0.021296296296296
52 0.057291666666667 0.30277777777778 0.011458333333333 0.018518518518519
52 0.23255208333333 0.46944444444444 0.013020833333333 0.02037037037037
52 0.28958333333333 0.18148148148148 0.0125 0.02037037037037
52 0.10104166666667 0.67037037037037 0.019791666666667 0.031481481481481