52 0.61015625 0.1212962962963 0.018229166666667 0.031481481481481
52 0.57135416666667 0.14074074074074 0.010416666666667 0.016666666666667
52 0.71276041666667 0.51574074074074 0.011979166666667 0.02037037037037
52 0.50442708333333 0.87083333333333 0.027604166666667 0.04537037037037
52 0.90286458333333 0.41666666666667 0.011979166666667 0.018518518518519
52 0.60364583333333 0.31064814814815 0.036458333333333 0.062037037037037
52 0.17708333333333 0.44953703703704 0.05625 0.099074074074074
52 0.69088541666667 0.26851851851852 0.0109375 0.018518518518519
52 0.91432291666667 0.11851851851852 0.016145833333333 0.024074074074074
52 0.31692708333333 0.62824074074074 0.025520833333333 0.047222222222222
52 0.44661458333333 0.15277777777778 0.0203125 0.033333333333333
52 0.42864583333333 0.55925925925926 0.022916666666667 0.044444444444444
52 0.79739583333333 0.26712962962963 0.014583333333333 0.023148148148148
52 0.78854166666667 0.28981481481481 0.022916666666667 0.037037037037037
52 0.47942708333333 0.02037037037037 0.015104166666667 0.022222222222222
52 0.946875 0.38240740740741 0.014583333333333 0.024074074074074
52 0.76380208333333 0.55601851851852 0.0109375 0.017592592592593
52 0.90625 0.32824074074074 0.014583333333333 0.023148148148148
52 0.77369791666667 0.30092592592593 0.0109375 0.016666666666667
52 0.7140625 0.088425925925926 0.013541666666667 0.019444444444444
52 0.72916666666667 0.26712962962963 0.036458333333333 0.063888888888889
52 0.959375 0.14074074074074 0.011458333333333 0.018518518518519
52 0.94088541666667 0.44074074074074 0.0109375 0.016666666666667
52 0.6640625 0.11157407407407 0.011458333333333 0.017592592592593
52 0.38463541666667 0.039814814814815 0.019270833333333 0.027777777777778
52 0.88046875 0.59166666666667 0.0109375 0.016666666666667
52 0.33307291666667 0.85601851851852 0.036979166666667 0.065740740740741
52 0.77604166666667 0.65185185185185 0.052083333333333 0.096296296296296
52 0.865625 0.68564814814815 0.011458333333333 0.017592592592593
52 0.86041666666667 0.36435185185185 0.011458333333333 0.017592592592593
52 0.26223958333333 0.28518518518519 0.022395833333333 0.040740740740741
52 0.87161458333333 0.90740740740741 0.022395833333333 0.033333333333333
52 0.72395833333333 0.21666666666667 0.011458333333333 0.018518518518519