52 0.81614583333333 0.087037037037037 0.023958333333333 0.035185185185185
52 0.9890625 0.071296296296296 0.016666666666667 0.027777777777778
52 0.51875 0.43518518518519 0.01875 0.031481481481481
52 0.86901041666667 0.056481481481481 0.0203125 0.033333333333333
52 0.34427083333333 0.29259259259259 0.016666666666667 0.027777777777778
52 0.76432291666667 0.15092592592593 0.0234375 0.042592592592593
52 0.068489583333333 0.21759259259259 0.019270833333333 0.02962962962963
52 0.87708333333333 0.21064814814815 0.021875 0.030555555555556
52 0.56302083333333 0.063888888888889 0.017708333333333 0.027777777777778
52 0.20911458333333 0.59074074074074 0.094270833333333 0.17037037037037
52 0.42578125 0.021296296296296 0.0171875 0.02962962962963
52 0.42734375 0.038888888888889 0.018229166666667 0.02962962962963
52 0.90260416666667 0.36296296296296 0.027083333333333 0.046296296296296
52 0.690625 0.30231481481481 0.020833333333333 0.034259259259259
52 0.61953125 0.38657407407407 0.018229166666667 0.030555555555556
52 0.73385416666667 0.012962962962963 0.025 0.025925925925926
52 0.88645833333333 0.026388888888889 0.01875 0.026851851851852
52 0.20807291666667 0.49490740740741 0.016145833333333 0.028703703703704
52 0.70442708333333 0.11851851851852 0.0265625 0.044444444444444
52 0.93984375 0.29490740740741 0.019270833333333 0.030555555555556
52 0.32239583333333 0.19398148148148 0.019791666666667 0.030555555555556
52 0.027604166666667 0.72638888888889 0.022916666666667 0.037962962962963
52 0.53880208333333 0.52546296296296 0.0203125 0.032407407407407
52 0.76770833333333 0.36064814814815 0.01875 0.030555555555556
52 0.84739583333333 0.10972222222222 0.01875 0.028703703703704
52 0.69036458333333 0.72731481481481 0.027604166666667 0.049074074074074
52 0.69765625 0.18472222222222 0.018229166666667 0.026851851851852
52 0.50807291666667 0.056018518518519 0.019270833333333 0.030555555555556
52 0.86354166666667 0.14490740740741 0.020833333333333 0.034259259259259
52 0.559375 0.4875 0.039583333333333 0.071296296296296
52 0.067708333333333 0.47175925925926 0.020833333333333 0.034259259259259
52 0.55859375 0.8212962962963 0.065104166666667 0.11111111111111
52 0.23463541666667 0.27222222222222 0.018229166666667 0.02962962962963
52 0.0078125 0.37916666666667 0.015625 0.030555555555556
52 0.14453125 0.48240740740741 0.0265625 0.048148148148148
52 0.80052083333333 0.036111111111111 0.01875 0.027777777777778
52 0.696875 0.098148148148148 0.01875 0.027777777777778
52 0.19036458333333 0.10972222222222 0.0171875 0.026851851851852
52 0.62942708333333 0.34537037037037 0.0171875 0.027777777777778
52 0.65651041666667 0.42083333333333 0.0203125 0.034259259259259
52 0.066145833333333 0.33194444444444 0.019791666666667 0.032407407407407
52 0.34296875 0.43981481481481 0.018229166666667 0.031481481481481
52 0.21041666666667 0.46111111111111 0.017708333333333 0.02962962962963
52 0.77916666666667 0.19212962962963 0.017708333333333 0.026851851851852
52 0.25338541666667 0.48888888888889 0.024479166666667 0.044444444444444
52 0.56302083333333 0.65231481481481 0.021875 0.039814814814815
52 0.80416666666667 0.22638888888889 0.017708333333333 0.028703703703704
52 0.26484375 0.20046296296296 0.024479166666667 0.043518518518519
52 0.5859375 0.026388888888889 0.020833333333333 0.032407407407407
52 0.76354166666667 0.023148148148148 0.01875 0.025925925925926
52 0.022135416666667 0.26712962962963 0.021354166666667 0.036111111111111
52 0.41197916666667 0.66712962962963 0.025 0.041666666666667
52 0.86875 0.13009259259259 0.021875 0.032407407407407
52 0.86979166666667 0.31851851851852 0.020833333333333 0.035185185185185
52 0.67473958333333 0.10925925925926 0.022395833333333 0.037037037037037
52 0.76536458333333 0.68194444444444 0.024479166666667 0.041666666666667
52 0.66458333333333 0.098611111111111 0.027083333333333 0.041666666666667
52 0.1078125 0.56342592592593 0.017708333333333 0.032407407407407
52 0.73411458333333 0.16805555555556 0.021354166666667 0.032407407407407
52 0.59375 0.70462962962963 0.044791666666667 0.077777777777778
52 0.84505208333333 0.056018518518519 0.019270833333333 0.030555555555556
52 0.5234375 0.11851851851852 0.01875 0.02962962962963
52 0.99114583333333 0.39861111111111 0.017708333333333 0.032407407407407
52 0.23489583333333 0.51435185185185 0.017708333333333 0.030555555555556
52 0.98958333333333 0.15833333333333 0.020833333333333 0.044444444444444
52 0.8046875 0.17685185185185 0.01875 0.027777777777778
52 0.73854166666667 0.2537037037037 0.019791666666667 0.033333333333333
52 0.91744791666667 0.24027777777778 0.0203125 0.034259259259259
52 0.94791666666667 0.26481481481481 0.017708333333333 0.027777777777778
52 0.86848958333333 0.21203703703704 0.021354166666667 0.02962962962963
52 0.19114583333333 0.27037037037037 0.025 0.042592592592593
52 0.94895833333333 0.68796296296296 0.05 0.090740740740741
52 0.92239583333333 0.13888888888889 0.017708333333333 0.027777777777778
52 0.78333333333333 0.18287037037037 0.01875 0.041666666666667
52 0.94765625 0.041203703703704 0.0203125 0.032407407407407
52 0.96536458333333 0.087037037037037 0.018229166666667 0.02962962962963
52 0.81119791666667 0.077314814814815 0.022395833333333 0.034259259259259
52 0.54479166666667 0.68518518518519 0.022916666666667 0.040740740740741
52 0.19921875 0.064814814814815 0.018229166666667 0.027777777777778
52 0.55130208333333 0.73564814814815 0.031770833333333 0.052777777777778
52 0.26380208333333 0.17037037037037 0.018229166666667 0.02962962962963
52 0.19973958333333 0.1662037037037 0.0296875 0.050925925925926
52 0.10807291666667 0.45833333333333 0.019270833333333 0.031481481481481
52 0.121875 0.24305555555556 0.020833333333333 0.032407407407407
52 0.64375 0.64861111111111 0.020833333333333 0.032407407407407
52 0.35859375 0.1787037037037 0.0171875 0.02962962962963
52 0.95 0.22731481481481 0.022916666666667 0.037962962962963
52 0.40677083333333 0.051851851851852 0.017708333333333 0.027777777777778
52 0.103125 0.18148148148148 0.01875 0.027777777777778
52 0.72552083333333 0.019907407407407 0.022916666666667 0.034259259259259
52 0.50520833333333 0.7 0.04375 0.077777777777778
52 0.74765625 0.10787037037037 0.0171875 0.026851851851852
52 0.20416666666667 0.29444444444444 0.017708333333333 0.027777777777778
52 0.96770833333333 0.38287037037037 0.019791666666667 0.032407407407407
52 0.89192708333333 0.69768518518519 0.1015625 0.18240740740741
52 0.98723958333333 0.038425925925926 0.019270833333333 0.030555555555556
52 0.76848958333333 0.41759259259259 0.049479166666667 0.087037037037037
52 0.91302083333333 0.028240740740741 0.021875 0.036111111111111
52 0.11328125 0.52916666666667 0.024479166666667 0.043518518518519
52 0.70104166666667 0.2337962962963 0.017708333333333 0.026851851851852
52 0.84609375 0.1787037037037 0.018229166666667 0.02962962962963
52 0.68385416666667 0.76851851851852 0.022916666666667 0.040740740740741
52 0.039322916666667 0.64444444444444 0.036979166666667 0.062962962962963
52 0.014583333333333 0.56759259259259 0.01875 0.033333333333333
52 0.12578125 0.10648148148148 0.044270833333333 0.077777777777778
52 0.52265625 0.18287037037037 0.0203125 0.032407407407407
52 0.30104166666667 0.375 0.020833333333333 0.035185185185185
52 0.53671875 0.1337962962963 0.021354166666667 0.034259259259259
52 0.14401041666667 0.15138888888889 0.018229166666667 0.028703703703704
52 0.77213541666667 0.10092592592593 0.0234375 0.038888888888889
52 0.048958333333333 0.13009259259259 0.017708333333333 0.026851851851852
52 0.60052083333333 0.21111111111111 0.01875 0.027777777777778
52 0.63619791666667 0.16342592592593 0.019270833333333 0.030555555555556
52 0.09375 0.50092592592593 0.020833333333333 0.035185185185185
52 0.94713541666667 0.11805555555556 0.0171875 0.026851851851852
52 0.61692708333333 0.056018518518519 0.019270833333333 0.026851851851852
52 0.71822916666667 0.2662037037037 0.017708333333333 0.030555555555556
52 0.9828125 0.11666666666667 0.015625 0.031481481481481
52 0.30703125 0.025925925925926 0.0203125 0.031481481481481