52 0.67734375 0.56712962962963 0.016145833333333 0.025
52 0.52786458333333 0.68981481481481 0.015104166666667 0.024074074074074
52 0.16744791666667 0.98888888888889 0.019270833333333 0.022222222222222
52 0.95052083333333 0.42962962962963 0.01875 0.02962962962963
52 0.65 0.41527777777778 0.017708333333333 0.026851851851852
52 0.553125 0.083333333333333 0.016666666666667 0.025925925925926
52 0.62447916666667 0.66481481481481 0.016666666666667 0.025925925925926
52 0.96354166666667 0.48287037037037 0.014583333333333 0.023148148148148
52 0.46770833333333 0.61527777777778 0.015625 0.039814814814815
52 0.95572916666667 0.62638888888889 0.014583333333333 0.021296296296296
52 0.25833333333333 0.58055555555556 0.026041666666667 0.046296296296296
52 0.753125 0.66435185185185 0.014583333333333 0.023148148148148
52 0.49427083333333 0.6412037037037 0.014583333333333 0.023148148148148
52 0.40234375 0.72824074074074 0.015104166666667 0.023148148148148
52 0.98619791666667 0.73888888888889 0.0109375 0.02037037037037
52 0.48307291666667 0.56203703703704 0.0171875 0.02962962962963
52 0.59036458333333 0.575 0.015104166666667 0.024074074074074
52 0.32473958333333 0.97546296296296 0.0234375 0.039814814814815
52 0.95807291666667 0.15416666666667 0.013020833333333 0.019444444444444
52 0.87083333333333 0.71388888888889 0.017708333333333 0.025925925925926
52 0.93932291666667 0.55324074074074 0.018229166666667 0.028703703703704
52 0.084114583333333 0.87314814814815 0.018229166666667 0.027777777777778
52 0.82421875 0.225 0.0171875 0.025925925925926
52 0.84765625 0.36296296296296 0.015104166666667 0.022222222222222
52 0.96640625 0.19490740740741 0.019270833333333 0.026851851851852
52 0.275 0.7162037037037 0.017708333333333 0.026851851851852
52 0.48567708333333 0.58194444444444 0.016145833333333 0.028703703703704
52 0.28619791666667 0.66018518518519 0.016145833333333 0.025925925925926
52 0.96328125 0.20138888888889 0.0140625 0.021296296296296
52 0.128125 0.96481481481481 0.01875 0.027777777777778
52 0.653125 0.66296296296296 0.015625 0.024074074074074
52 0.71223958333333 0.64305555555556 0.016145833333333 0.025
52 0.85416666666667 0.77268518518519 0.015625 0.023148148148148
52 0.63880208333333 0.59027777777778 0.0171875 0.025
52 0.23958333333333 0.6962962962963 0.034375 0.059259259259259
52 0.38671875 0.85416666666667 0.015104166666667 0.021296296296296
52 0.025260416666667 0.51574074074074 0.050520833333333 0.18148148148148
52 0.98697916666667 0.089351851851852 0.017708333333333 0.028703703703704
52 0.778125 0.36759259259259 0.020833333333333 0.02962962962963
52 0.78932291666667 0.025462962962963 0.024479166666667 0.037962962962963
52 0.45052083333333 0.78472222222222 0.015625 0.023148148148148
52 0.53255208333333 0.86712962962963 0.018229166666667 0.028703703703704
52 0.17604166666667 0.82361111111111 0.016666666666667 0.026851851851852
52 0.71796875 0.38611111111111 0.018229166666667 0.02962962962963
52 0.92578125 0.72824074074074 0.016145833333333 0.025
52 0.91354166666667 0.65740740740741 0.017708333333333 0.025925925925926
52 0.73984375 0.26944444444444 0.022395833333333 0.037037037037037
52 0.75078125 0.63703703703704 0.0171875 0.025925925925926
52 0.60078125 0.38287037037037 0.0140625 0.021296296296296
52 0.59270833333333 0.32361111111111 0.017708333333333 0.028703703703704
52 0.88020833333333 0.51712962962963 0.015625 0.023148148148148
52 0.10390625 0.84768518518519 0.016145833333333 0.025
52 0.32682291666667 0.89861111111111 0.019270833333333 0.030555555555556
52 0.19114583333333 0.94027777777778 0.039583333333333 0.067592592592593
52 0.83151041666667 0.36759259259259 0.013020833333333 0.018518518518519
52 0.61666666666667 0.29768518518519 0.01875 0.028703703703704
52 0.25572916666667 0.083796296296296 0.019791666666667 0.030555555555556
52 0.85208333333333 0.56157407407407 0.014583333333333 0.023148148148148
52 0.40442708333333 0.76018518518519 0.016145833333333 0.022222222222222
52 0.59453125 0.98935185185185 0.018229166666667 0.021296296296296
52 0.92864583333333 0.55925925925926 0.0125 0.02037037037037
52 0.3828125 0.97314814814815 0.017708333333333 0.025925925925926
52 0.6640625 0.025462962962963 0.015625 0.023148148148148
52 0.46354166666667 0.63935185185185 0.015625 0.025
52 0.57838541666667 0.0078703703703704 0.016145833333333 0.015740740740741
52 0.44375 0.78333333333333 0.020833333333333 0.02962962962963
52 0.97057291666667 0.47685185185185 0.0203125 0.025925925925926
52 0.057552083333333 0.98657407407407 0.0171875 0.025
52 0.46875 0.59259259259259 0.014583333333333 0.024074074074074
52 0.73671875 0.40694444444444 0.015104166666667 0.023148148148148
52 0.38697916666667 0.25925925925926 0.017708333333333 0.027777777777778
52 0.7953125 0.68796296296296 0.020833333333333 0.035185185185185
52 0.66302083333333 0.72916666666667 0.019791666666667 0.032407407407407
52 0.9765625 0.95833333333333 0.0125 0.018518518518519
52 0.59583333333333 0.71342592592593 0.015625 0.023148148148148
52 0.9796875 0.69166666666667 0.016666666666667 0.025925925925926
52 0.19192708333333 0.575 0.019270833333333 0.031481481481481
52 0.49973958333333 0.7587962962963 0.0140625 0.021296296296296
52 0.43776041666667 0.78333333333333 0.016145833333333 0.024074074074074
52 0.5546875 0.70092592592593 0.013541666666667 0.02037037037037
52 0.33072916666667 0.21805555555556 0.019791666666667 0.030555555555556
52 0.73828125 0.4625 0.015104166666667 0.025
52 0.68463541666667 0.73101851851852 0.016145833333333 0.025
52 0.94739583333333 0.12222222222222 0.016666666666667 0.025925925925926
52 0.76354166666667 0.011111111111111 0.021875 0.022222222222222
52 0.87942708333333 0.34861111111111 0.013020833333333 0.019444444444444
52 0.94348958333333 0.68055555555556 0.015104166666667 0.022222222222222
52 0.92265625 0.25787037037037 0.0140625 0.021296296296296
52 0.55416666666667 0.97731481481481 0.017708333333333 0.026851851851852
52 0.28619791666667 0.90925925925926 0.0171875 0.025925925925926
52 0.8125 0.80601851851852 0.013541666666667 0.019444444444444
52 0.81979166666667 0.83333333333333 0.013541666666667 0.02037037037037
52 0.41510416666667 0.78101851851852 0.015625 0.023148148148148
52 0.99270833333333 0.75092592592593 0.0125 0.02037037037037
52 0.94895833333333 0.78287037037037 0.019791666666667 0.028703703703704
52 0.83932291666667 0.67731481481481 0.018229166666667 0.028703703703704
52 0.58567708333333 0.58194444444444 0.0203125 0.032407407407407
52 0.35182291666667 0.95833333333333 0.0171875 0.025925925925926
52 0.9921875 0.47592592592593 0.0125 0.02037037037037
52 0.57786458333333 0.88518518518519 0.015104166666667 0.022222222222222
52 0.98776041666667 0.74537037037037 0.013020833333333 0.02037037037037
52 0.98098958333333 0.92037037037037 0.013020833333333 0.02037037037037
52 0.98177083333333 0.23564814814815 0.013541666666667 0.021296296296296
52 0.9390625 0.86666666666667 0.015625 0.024074074074074
52 0.97291666666667 0.51805555555556 0.014583333333333 0.023148148148148
52 0.61927083333333 0.80694444444444 0.016666666666667 0.023148148148148
52 0.26666666666667 0.20324074074074 0.017708333333333 0.028703703703704
52 0.60260416666667 0.02037037037037 0.017708333333333 0.027777777777778
52 0.92447916666667 0.073148148148148 0.017708333333333 0.027777777777778
52 0.99322916666667 0.72361111111111 0.0125 0.019444444444444
52 0.578125 0.59166666666667 0.015625 0.024074074074074
52 0.95338541666667 0.31481481481481 0.015104166666667 0.024074074074074
52 0.50963541666667 0.88194444444444 0.0171875 0.025
52 0.72447916666667 0.49444444444444 0.014583333333333 0.022222222222222
52 0.809375 0.44351851851852 0.016666666666667 0.027777777777778
52 0.74192708333333 0.81759259259259 0.0171875 0.025925925925926
52 0.66223958333333 0.35185185185185 0.018229166666667 0.027777777777778
52 0.93776041666667 0.62083333333333 0.016145833333333 0.023148148148148
52 0.70052083333333 0.39398148148148 0.017708333333333 0.026851851851852
52 0.48515625 0.90277777777778 0.016145833333333 0.024074074074074
52 0.88932291666667 0.98148148148148 0.013020833333333 0.018518518518519
52 0.4234375 0.66898148148148 0.016666666666667 0.026851851851852
52 0.70416666666667 0.55046296296296 0.015625 0.025
52 0.88411458333333 0.59212962962963 0.036979166666667 0.062037037037037
52 0.55390625 0.54074074074074 0.0140625 0.022222222222222
52 0.66536458333333 0.75925925925926 0.0140625 0.02037037037037
52 0.79166666666667 0.36805555555556 0.020833333333333 0.028703703703704
52 0.86302083333333 0.51111111111111 0.015625 0.024074074074074
52 0.95807291666667 0.72777777777778 0.015104166666667 0.022222222222222
52 0.78072916666667 0.1712962962963 0.015625 0.02037037037037
52 0.40442708333333 0.86388888888889 0.024479166666667 0.038888888888889
52 0.41145833333333 0.77407407407407 0.019791666666667 0.027777777777778
52 0.61458333333333 0.33981481481481 0.014583333333333 0.022222222222222
52 0.76640625 0.15185185185185 0.016145833333333 0.024074074074074
52 0.85130208333333 0.55185185185185 0.016145833333333 0.031481481481481
52 0.60338541666667 0.79305555555556 0.0140625 0.019444444444444
52 0.97317708333333 0.18287037037037 0.0171875 0.025
52 0.42890625 0.49166666666667 0.0171875 0.027777777777778
52 0.70364583333333 0.83796296296296 0.015625 0.022222222222222
52 0.99036458333333 0.1 0.016145833333333 0.02962962962963
52 0.91953125 0.43888888888889 0.0140625 0.022222222222222
52 0.98098958333333 0.14953703703704 0.016145833333333 0.025
52 0.96744791666667 0.83518518518519 0.0171875 0.024074074074074
52 0.84635416666667 0.45925925925926 0.013541666666667 0.022222222222222
52 0.59088541666667 0.64490740740741 0.015104166666667 0.023148148148148
52 0.70546875 0.50138888888889 0.0140625 0.021296296296296
52 0.93203125 0.81064814814815 0.013020833333333 0.019444444444444
52 0.18567708333333 0.37268518518519 0.019270833333333 0.030555555555556
52 0.34348958333333 0.30601851851852 0.0171875 0.026851851851852
52 0.98385416666667 0.56990740740741 0.013541666666667 0.021296296296296
52 0.076041666666667 0.62083333333333 0.022916666666667 0.037962962962963
52 0.94661458333333 0.85138888888889 0.0203125 0.030555555555556
52 0.01796875 0.56712962962963 0.0359375 0.10648148148148
52 0.37734375 0.6837962962963 0.0171875 0.026851851851852
52 0.77916666666667 0.5462962962963 0.014583333333333 0.022222222222222
52 0.72083333333333 0.61064814814815 0.013541666666667 0.021296296296296
52 0.171875 0.77407407407407 0.019791666666667 0.02962962962963
52 0.84583333333333 0.63564814814815 0.0125 0.019444444444444
52 0.79114583333333 0.15 0.013541666666667 0.02037037037037
52 0.70572916666667 0.38796296296296 0.020833333333333 0.031481481481481
52 0.63463541666667 0.29490740740741 0.016145833333333 0.025
52 0.62916666666667 0.37453703703704 0.015625 0.023148148148148
52 0.62708333333333 0.79583333333333 0.014583333333333 0.021296296296296
52 0.92864583333333 0.51435185185185 0.014583333333333 0.025
52 0.86067708333333 0.63842592592593 0.0171875 0.026851851851852
52 0.74635416666667 0.54953703703704 0.016666666666667 0.025
52 0.49479166666667 0.75231481481481 0.023958333333333 0.026851851851852
52 0.27395833333333 0.90648148148148 0.019791666666667 0.027777777777778
52 0.97838541666667 0.47175925925926 0.016145833333333 0.023148148148148
52 0.054166666666667 0.88518518518519 0.017708333333333 0.027777777777778
52 0.8953125 0.70185185185185 0.022916666666667 0.037037037037037
52 0.69505208333333 0.78425925925926 0.015104166666667 0.022222222222222
52 0.47239583333333 0.31805555555556 0.016666666666667 0.026851851851852
52 0.58567708333333 0.40092592592593 0.0140625 0.022222222222222
52 0.77552083333333 0.3962962962963 0.014583333333333 0.022222222222222
52 0.37265625 0.89907407407407 0.0171875 0.025925925925926
52 0.49427083333333 0.47453703703704 0.016666666666667 0.026851851851852
52 0.48645833333333 0.7462962962963 0.015625 0.024074074074074
52 0.29427083333333 0.88194444444444 0.015625 0.023148148148148
52 0.46848958333333 0.86064814814815 0.0140625 0.021296296296296
52 0.17994791666667 0.9837962962963 0.0203125 0.026851851851852
52 0.52421875 0.95972222222222 0.025520833333333 0.041666666666667
52 0.44713541666667 0.925 0.016145833333333 0.024074074074074
52 0.65546875 0.46064814814815 0.015104166666667 0.023148148148148
52 0.7765625 0.71435185185185 0.016666666666667 0.025