52 0.70703125 0.5375 0.024479166666667 0.043518518518519
52 0.063020833333333 0.46898148148148 0.019791666666667 0.032407407407407
52 0.12317708333333 0.01712962962963 0.011979166666667 0.015740740740741
52 0.35026041666667 0.40740740740741 0.015104166666667 0.022222222222222
52 0.046614583333333 0.075462962962963 0.0140625 0.021296296296296
52 0.92317708333333 0.40833333333333 0.016145833333333 0.025925925925926
52 0.15677083333333 0.61574074074074 0.016666666666667 0.027777777777778
52 0.5671875 0.15138888888889 0.026041666666667 0.047222222222222
52 0.87265625 0.28287037037037 0.019270833333333 0.034259259259259
52 0.78697916666667 0.46898148148148 0.01875 0.034259259259259
52 0.3203125 0.44074074074074 0.0375 0.068518518518519
52 0.54010416666667 0.13935185185185 0.019791666666667 0.032407407407407
52 0.43567708333333 0.47361111111111 0.013020833333333 0.023148148148148
52 0.203125 0.42083333333333 0.015625 0.026851851851852
52 0.92161458333333 0.23148148148148 0.013020833333333 0.022222222222222
52 0.1625 0.79027777777778 0.016666666666667 0.025
52 0.035677083333333 0.29166666666667 0.0140625 0.024074074074074
52 0.521875 0.66018518518519 0.01875 0.031481481481481
52 0.97942708333333 0.82546296296296 0.0328125 0.067592592592593
52 0.30364583333333 0.6837962962963 0.014583333333333 0.023148148148148
52 0.91484375 0.83703703703704 0.022395833333333 0.038888888888889
52 0.31536458333333 0.32407407407407 0.011979166666667 0.018518518518519
52 0.077864583333333 0.19814814814815 0.0140625 0.022222222222222
52 0.37135416666667 0.39814814814815 0.014583333333333 0.024074074074074
52 0.56354166666667 0.6337962962963 0.01875 0.030555555555556
52 0.022916666666667 0.3625 0.015625 0.025
52 0.22552083333333 0.65833333333333 0.0125 0.02037037037037
52 0.73776041666667 0.52638888888889 0.022395833333333 0.039814814814815
52 0.02421875 0.12175925925926 0.011979166666667 0.019444444444444
52 0.20026041666667 0.97361111111111 0.040104166666667 0.052777777777778
52 0.26197916666667 0.85972222222222 0.029166666666667 0.049074074074074
52 0.35494791666667 0.81712962962963 0.019270833333333 0.034259259259259
52 0.98671875 0.2912037037037 0.0098958333333333 0.017592592592593
52 0.30989583333333 0.6 0.01875 0.031481481481481
52 0.65260416666667 0.49675925925926 0.015625 0.026851851851852
52 0.26015625 0.97685185185185 0.043229166666667 0.046296296296296
52 0.93411458333333 0.33240740740741 0.011979166666667 0.02037037037037
52 0.93229166666667 0.62268518518519 0.016666666666667 0.030555555555556
52 0.79140625 0.073148148148148 0.031770833333333 0.053703703703704
52 0.91796875 0.0074074074074074 0.013020833333333 0.014814814814815
52 0.31536458333333 0.018518518518519 0.016145833333333 0.022222222222222
52 0.9375 0.036574074074074 0.017708333333333 0.026851851851852
52 0.1796875 0.14907407407407 0.011458333333333 0.016666666666667
52 0.89453125 0.068055555555556 0.018229166666667 0.030555555555556
52 0.2640625 0.60046296296296 0.016666666666667 0.028703703703704
52 0.053645833333333 0.17453703703704 0.014583333333333 0.023148148148148
52 0.14557291666667 0.18287037037037 0.0098958333333333 0.015740740740741
52 0.92291666666667 0.47638888888889 0.03125 0.05462962962963
52 0.17057291666667 0.58842592592593 0.0140625 0.023148148148148
52 0.67265625 0.48518518518519 0.0171875 0.02962962962963
52 0.3109375 0.17083333333333 0.0125 0.019444444444444
52 0.37916666666667 0.76018518518519 0.014583333333333 0.025925925925926
52 0.26510416666667 0.18240740740741 0.016666666666667 0.02962962962963
52 0.80234375 0.42962962962963 0.019270833333333 0.031481481481481
52 0.21432291666667 0.28333333333333 0.0140625 0.022222222222222