52 0.12682291666667 0.26157407407407 0.016145833333333 0.026851851851852
52 0.74921875 0.26805555555556 0.0203125 0.032407407407407
52 0.031770833333333 0.19768518518519 0.017708333333333 0.028703703703704
52 0.49661458333333 0.35092592592593 0.022395833333333 0.040740740740741
52 0.33802083333333 0.31481481481481 0.01875 0.031481481481481
52 0.54765625 0.36157407407407 0.015104166666667 0.025
52 0.052083333333333 0.21018518518519 0.021875 0.035185185185185
52 0.48697916666667 0.17407407407407 0.017708333333333 0.027777777777778
52 0.27526041666667 0.27638888888889 0.022395833333333 0.036111111111111
52 0.32005208333333 0.14351851851852 0.0234375 0.038888888888889
52 0.95598958333333 0.22546296296296 0.022395833333333 0.037962962962963
52 0.90963541666667 0.10509259259259 0.0171875 0.026851851851852
52 0.28515625 0.083333333333333 0.016145833333333 0.024074074074074
52 0.35859375 0.24722222222222 0.011979166666667 0.02037037037037
52 0.53671875 0.14398148148148 0.019270833333333 0.030555555555556
52 0.11588541666667 0.16296296296296 0.0140625 0.022222222222222
52 0.37317708333333 0.0097222222222222 0.016145833333333 0.019444444444444
52 0.34739583333333 0.15648148148148 0.016666666666667 0.025925925925926
52 0.41015625 0.1412037037037 0.018229166666667 0.026851851851852
52 0.83854166666667 0.1125 0.01875 0.030555555555556
52 0.67682291666667 0.0097222222222222 0.0171875 0.019444444444444
52 0.86822916666667 0.038888888888889 0.01875 0.027777777777778
52 0.96927083333333 0.039351851851852 0.015625 0.021296296296296
52 0.70859375 0.048148148148148 0.0203125 0.02962962962963
52 0.21171875 0.31111111111111 0.018229166666667 0.02962962962963
52 0.10859375 0.043981481481481 0.015104166666667 0.019444444444444
52 0.72864583333333 0.23657407407407 0.014583333333333 0.023148148148148
52 0.47708333333333 0.018981481481481 0.016666666666667 0.025
52 0.62578125 0.41481481481481 0.021354166666667 0.038888888888889
52 0.55026041666667 0.11759259259259 0.015104166666667 0.024074074074074
52 0.18385416666667 0.015277777777778 0.01875 0.028703703703704
52 0.10052083333333 0.070833333333333 0.013541666666667 0.019444444444444
52 0.87395833333333 0.53009259259259 0.033333333333333 0.056481481481481
52 0.64947916666667 0.25740740740741 0.014583333333333 0.022222222222222
52 0.9296875 0.13009259259259 0.019791666666667 0.032407407407407
52 0.6328125 0.10833333333333 0.015625 0.025925925925926
52 0.75182291666667 0.18101851851852 0.021354166666667 0.036111111111111
52 0.30416666666667 0.36157407407407 0.01875 0.030555555555556
52 0.70494791666667 0.10601851851852 0.0203125 0.032407407407407
52 0.10546875 0.19305555555556 0.019270833333333 0.032407407407407
52 0.59661458333333 0.067592592592593 0.019270833333333 0.027777777777778
52 0.87447916666667 0.3037037037037 0.03125 0.055555555555556
52 0.31354166666667 0.18796296296296 0.021875 0.035185185185185
52 0.784375 0.1412037037037 0.017708333333333 0.028703703703704
52 0.69817708333333 0.11111111111111 0.025520833333333 0.035185185185185
52 0.52239583333333 0.38564814814815 0.014583333333333 0.023148148148148
52 0.9296875 0.5587962962963 0.038541666666667 0.067592592592593
52 0.18984375 0.053240740740741 0.0171875 0.021296296296296
52 0.728125 0.013425925925926 0.019791666666667 0.026851851851852
52 0.65625 0.2162037037037 0.016666666666667 0.026851851851852
52 0.47109375 0.13611111111111 0.0234375 0.038888888888889
52 0.1890625 0.31759259259259 0.029166666666667 0.05
52 0.8234375 0.030092592592593 0.016666666666667 0.025
52 0.44661458333333 0.05462962962963 0.011979166666667 0.016666666666667
52 0.64166666666667 0.070833333333333 0.017708333333333 0.028703703703704
52 0.43541666666667 0.33148148148148 0.0125 0.022222222222222
52 0.099479166666667 0.11111111111111 0.016666666666667 0.025925925925926
52 0.097916666666667 0.33287037037037 0.035416666666667 0.058333333333333
52 0.071354166666667 0.22453703703704 0.042708333333333 0.069444444444444
52 0.43880208333333 0.27175925925926 0.011979166666667 0.019444444444444
52 0.90442708333333 0.051388888888889 0.025520833333333 0.039814814814815
52 0.35807291666667 0.11527777777778 0.025520833333333 0.04537037037037
52 0.17630208333333 0.15648148148148 0.0234375 0.038888888888889
52 0.48541666666667 0.3287037037037 0.016666666666667 0.02962962962963
52 0.91822916666667 0.2162037037037 0.016666666666667 0.026851851851852
52 0.7109375 0.29490740740741 0.022916666666667 0.039814814814815
52 0.74427083333333 0.20648148148148 0.015625 0.025925925925926
52 0.20807291666667 0.082407407407407 0.0171875 0.027777777777778
52 0.1515625 0.23518518518519 0.014583333333333 0.022222222222222
52 0.46015625 0.27037037037037 0.0265625 0.042592592592593
52 0.209375 0.0625 0.016666666666667 0.026851851851852
52 0.24557291666667 0.28333333333333 0.019270833333333 0.02962962962963
52 0.25078125 0.19722222222222 0.0171875 0.025925925925926
52 0.8828125 0.17314814814815 0.033333333333333 0.055555555555556
52 0.43411458333333 0.17824074074074 0.0171875 0.026851851851852
52 0.20104166666667 0.11712962962963 0.013541666666667 0.021296296296296
52 0.94739583333333 0.025925925925926 0.016666666666667 0.024074074074074
52 0.29375 0.15138888888889 0.017708333333333 0.026851851851852
52 0.56614583333333 0.33287037037037 0.013541666666667 0.023148148148148
52 0.16484375 0.081944444444444 0.019270833333333 0.030555555555556
52 0.51953125 0.17685185185185 0.021354166666667 0.037037037037037
52 0.6875 0.065277777777778 0.011458333333333 0.017592592592593
52 0.69166666666667 0.1125 0.016666666666667 0.025
52 0.33463541666667 0.27546296296296 0.015104166666667 0.026851851851852
52 0.52578125 0.079166666666667 0.016145833333333 0.025
52 0.49739583333333 0.10416666666667 0.016666666666667 0.025
52 0.75052083333333 0.1412037037037 0.014583333333333 0.023148148148148
52 0.93723958333333 0.16898148148148 0.022395833333333 0.037962962962963
52 0.90078125 0.28333333333333 0.0171875 0.02962962962963
52 0.26692708333333 0.15416666666667 0.0171875 0.025
52 0.44114583333333 0.30462962962963 0.01875 0.031481481481481
52 0.40234375 0.3375 0.015104166666667 0.023148148148148
52 0.62057291666667 0.1662037037037 0.0171875 0.028703703703704
52 0.41666666666667 0.34537037037037 0.014583333333333 0.022222222222222
52 0.23984375 0.12546296296296 0.016145833333333 0.025
52 0.79583333333333 0.081481481481481 0.015625 0.024074074074074
52 0.4875 0.21574074074074 0.016666666666667 0.027777777777778
52 0.93828125 0.091666666666667 0.018229166666667 0.02962962962963
52 0.82734375 0.17222222222222 0.0171875 0.025925925925926
52 0.63984375 0.37361111111111 0.031770833333333 0.058333333333333
52 0.92552083333333 0.066666666666667 0.017708333333333 0.025925925925926
52 0.671875 0.3162037037037 0.015625 0.025
52 0.39713541666667 0.23240740740741 0.016145833333333 0.027777777777778
52 0.36484375 0.19953703703704 0.018229166666667 0.028703703703704
52 0.079947916666667 0.061111111111111 0.013020833333333 0.016666666666667
52 0.83723958333333 0.26296296296296 0.0359375 0.062962962962963
52 0.50807291666667 0.13287037037037 0.0234375 0.039814814814815
52 0.13020833333333 0.028240740740741 0.026041666666667 0.039814814814815
52 0.82057291666667 0.30787037037037 0.016145833333333 0.026851851851852
52 0.4984375 0.046759259259259 0.015625 0.023148148148148
52 0.63463541666667 0.040740740740741 0.0140625 0.02037037037037
52 0.18411458333333 0.073148148148148 0.019270833333333 0.02962962962963
52 0.23619791666667 0.26666666666667 0.0171875 0.027777777777778
52 0.77369791666667 0.17731481481481 0.015104166666667 0.025
52 0.81588541666667 0.10277777777778 0.0140625 0.02037037037037
52 0.59192708333333 0.0069444444444444 0.013020833333333 0.013888888888889
52 0.03046875 0.051388888888889 0.018229166666667 0.026851851851852
52 0.14088541666667 0.15277777777778 0.018229166666667 0.027777777777778
52 0.38619791666667 0.33101851851852 0.015104166666667 0.025
52 0.6203125 0.056018518518519 0.017708333333333 0.026851851851852
52 0.64713541666667 0.18055555555556 0.025520833333333 0.044444444444444