52 0.7734375 0.29259259259259 0.019791666666667 0.02962962962963
52 0.40625 0.3037037037037 0.01875 0.02962962962963
52 0.076041666666667 0.42546296296296 0.019791666666667 0.032407407407407
52 0.79427083333333 0.19768518518519 0.032291666666667 0.049074074074074
52 0.96770833333333 0.62777777777778 0.01875 0.02962962962963
52 0.70364583333333 0.54490740740741 0.01875 0.025
52 0.234375 0.5875 0.020833333333333 0.036111111111111
52 0.77552083333333 0.50185185185185 0.01875 0.031481481481481
52 0.089322916666667 0.041666666666667 0.024479166666667 0.038888888888889
52 0.79713541666667 0.39861111111111 0.015104166666667 0.026851851851852
52 0.24583333333333 0.65648148148148 0.016666666666667 0.027777777777778
52 0.1359375 0.48101851851852 0.01875 0.030555555555556
52 0.83671875 0.40416666666667 0.016145833333333 0.026851851851852
52 0.28958333333333 0.23194444444444 0.021875 0.034259259259259
52 0.31432291666667 0.62824074074074 0.0234375 0.036111111111111
52 0.95833333333333 0.34074074074074 0.017708333333333 0.027777777777778
52 0.86875 0.83055555555556 0.048958333333333 0.081481481481481
52 0.709375 0.26574074074074 0.016666666666667 0.027777777777778
52 0.49557291666667 0.21203703703704 0.019270833333333 0.02962962962963
52 0.49895833333333 0.70138888888889 0.016666666666667 0.028703703703704
52 0.60416666666667 0.11203703703704 0.066666666666667 0.10925925925926
52 0.62005208333333 0.22638888888889 0.0234375 0.039814814814815
52 0.81796875 0.87731481481481 0.021354166666667 0.026851851851852
52 0.70989583333333 0.63796296296296 0.01875 0.02962962962963
52 0.9453125 0.2787037037037 0.016666666666667 0.025925925925926
52 0.24661458333333 0.50092592592593 0.0296875 0.053703703703704
52 0.8765625 0.47314814814815 0.016666666666667 0.027777777777778
52 0.38489583333333 0.30925925925926 0.017708333333333 0.027777777777778
52 0.94791666666667 0.75185185185185 0.017708333333333 0.027777777777778
52 0.86640625 0.060648148148148 0.018229166666667 0.025
52 0.65182291666667 0.60324074074074 0.021354166666667 0.034259259259259
52 0.11875 0.018981481481481 0.035416666666667 0.037962962962963
52 0.2421875 0.037962962962963 0.042708333333333 0.072222222222222
52 0.146875 0.625 0.082291666666667 0.15555555555556
52 0.76067708333333 0.29953703703704 0.016145833333333 0.025
52 0.93359375 0.6587962962963 0.016145833333333 0.026851851851852
52 0.50208333333333 0.85694444444444 0.015625 0.025
52 0.04921875 0.60185185185185 0.027604166666667 0.05
52 0.58645833333333 0.38333333333333 0.017708333333333 0.025925925925926
52 0.38125 0.50092592592593 0.04375 0.07962962962963
52 0.17317708333333 0.099074074074074 0.0328125 0.055555555555556
52 0.0080729166666667 0.01712962962963 0.016145833333333 0.034259259259259
52 0.728125 0.20555555555556 0.019791666666667 0.02962962962963
52 0.64869791666667 0.27546296296296 0.0171875 0.026851851851852
52 0.19739583333333 0.73981481481481 0.016666666666667 0.027777777777778
52 0.24244791666667 0.79305555555556 0.0203125 0.034259259259259
52 0.53984375 0.97824074074074 0.031770833333333 0.043518518518519
52 0.6359375 0.78518518518519 0.022916666666667 0.044444444444444
52 0.91276041666667 0.22731481481481 0.018229166666667 0.026851851851852
52 0.62578125 0.091666666666667 0.022395833333333 0.037037037037037
52 0.4078125 0.47731481481481 0.01875 0.030555555555556
52 0.57604166666667 0.39583333333333 0.015625 0.026851851851852
52 0.43020833333333 0.83194444444444 0.0375 0.065740740740741
52 0.95 0.47453703703704 0.020833333333333 0.034259259259259
52 0.2890625 0.32638888888889 0.01875 0.032407407407407
52 0.96796875 0.2375 0.0203125 0.034259259259259
52 0.92265625 0.77777777777778 0.0203125 0.031481481481481
52 0.82526041666667 0.87175925925926 0.0171875 0.025
52 0.5765625 0.15277777777778 0.01875 0.02962962962963
52 0.44583333333333 0.67638888888889 0.017708333333333 0.023148148148148
52 0.098697916666667 0.21388888888889 0.0234375 0.038888888888889
52 0.41796875 0.13194444444444 0.021354166666667 0.032407407407407
52 0.03984375 0.46342592592593 0.0265625 0.049074074074074
52 0.2328125 0.33611111111111 0.01875 0.031481481481481
52 0.97291666666667 0.021759259259259 0.03125 0.043518518518519
52 0.95442708333333 0.4287037037037 0.0171875 0.027777777777778
52 0.76354166666667 0.45046296296296 0.016666666666667 0.030555555555556
52 0.40390625 0.42731481481481 0.0265625 0.047222222222222
52 0.9484375 0.82731481481481 0.016666666666667 0.025
52 0.33958333333333 0.080092592592593 0.022916666666667 0.034259259259259
52 0.36484375 0.81712962962963 0.043229166666667 0.076851851851852
52 0.71770833333333 0.71435185185185 0.039583333333333 0.067592592592593
52 0.56692708333333 0.4337962962963 0.0203125 0.034259259259259
52 0.84661458333333 0.61481481481481 0.025520833333333 0.044444444444444
52 0.43958333333333 0.25972222222222 0.022916666666667 0.039814814814815
52 0.65598958333333 0.38425925925926 0.0234375 0.033333333333333
52 0.20026041666667 0.98657407407407 0.019270833333333 0.026851851851852
52 0.12291666666667 0.4662037037037 0.021875 0.041666666666667
52 0.58072916666667 0.23657407407407 0.016666666666667 0.025
52 0.54713541666667 0.46666666666667 0.0296875 0.051851851851852
52 0.57421875 0.42361111111111 0.0171875 0.028703703703704
52 0.6484375 0.11990740740741 0.039583333333333 0.065740740740741
52 0.81015625 0.34444444444444 0.0171875 0.02962962962963
52 0.59791666666667 0.17314814814815 0.016666666666667 0.025925925925926
52 0.79140625 0.25509259259259 0.0171875 0.025
52 0.82864583333333 0.011574074074074 0.021875 0.023148148148148
52 0.12578125 0.80277777777778 0.016145833333333 0.025925925925926
52 0.65755208333333 0.45231481481481 0.0203125 0.034259259259259
52 0.90963541666667 0.74953703703704 0.016145833333333 0.026851851851852
52 0.54791666666667 0.58935185185185 0.017708333333333 0.030555555555556
52 0.87317708333333 0.27083333333333 0.0171875 0.026851851851852
52 0.070052083333333 0.82962962962963 0.027604166666667 0.05
52 0.066927083333333 0.49027777777778 0.033854166666667 0.056481481481481