52 0.24114583333333 0.26203703703704 0.014583333333333 0.024074074074074
52 0.8671875 0.27731481481481 0.027083333333333 0.047222222222222
52 0.96328125 0.5375 0.011979166666667 0.021296296296296
52 0.19114583333333 0.69583333333333 0.014583333333333 0.023148148148148
52 0.33541666666667 0.6 0.013541666666667 0.022222222222222
52 0.871875 0.79444444444444 0.023958333333333 0.040740740740741
52 0.82369791666667 0.70324074074074 0.046354166666667 0.086111111111111
52 0.0515625 0.030555555555556 0.023958333333333 0.037037037037037
52 0.9484375 0.26157407407407 0.011458333333333 0.019444444444444
52 0.35807291666667 0.55925925925926 0.024479166666667 0.044444444444444
52 0.92552083333333 0.24768518518519 0.014583333333333 0.023148148148148
52 0.069270833333333 0.66018518518519 0.020833333333333 0.035185185185185
52 0.09609375 0.43518518518519 0.019270833333333 0.031481481481481
52 0.53697916666667 0.55185185185185 0.014583333333333 0.025925925925926
52 0.76953125 0.67731481481481 0.022395833333333 0.039814814814815
52 0.3515625 0.59074074074074 0.013541666666667 0.022222222222222
52 0.91640625 0.19768518518519 0.0140625 0.023148148148148
52 0.625 0.56851851851852 0.01875 0.02962962962963
52 0.59453125 0.23055555555556 0.0234375 0.040740740740741
52 0.98463541666667 0.34722222222222 0.011979166666667 0.022222222222222
52 0.2171875 0.45046296296296 0.013541666666667 0.023148148148148
52 0.97604166666667 0.81759259259259 0.047916666666667 0.096296296296296
52 0.91432291666667 0.39074074074074 0.0109375 0.018518518518519
52 0.98255208333333 0.43611111111111 0.0088541666666667 0.016666666666667
52 0.13984375 0.31527777777778 0.013020833333333 0.021296296296296
52 0.89947916666667 0.34537037037037 0.036458333333333 0.066666666666667
52 0.025 0.3037037037037 0.014583333333333 0.024074074074074
52 0.76666666666667 0.30462962962963 0.1 0.19444444444444
52 0.26510416666667 0.97824074074074 0.041666666666667 0.043518518518519
52 0.96484375 0.61574074074074 0.0328125 0.057407407407407
52 0.12161458333333 0.17268518518519 0.015104166666667 0.023148148148148
52 0.80729166666667 0.60648148148148 0.020833333333333 0.033333333333333
52 0.87369791666667 0.48888888888889 0.013020833333333 0.022222222222222
52 0.25364583333333 0.55277777777778 0.016666666666667 0.027777777777778
52 0.94583333333333 0.13981481481481 0.011458333333333 0.016666666666667
52 0.3734375 0.25648148148148 0.051041666666667 0.088888888888889
52 0.23046875 0.039351851851852 0.0140625 0.021296296296296
52 0.22213541666667 0.067592592592593 0.013020833333333 0.02037037037037
52 0.59322916666667 0.42731481481481 0.020833333333333 0.037962962962963
52 0.030989583333333 0.63425925925926 0.015104166666667 0.024074074074074
52 0.11119791666667 0.022222222222222 0.0140625 0.02037037037037