52 0.63072916666667 0.98611111111111 0.019791666666667 0.027777777777778
52 0.49140625 0.81342592592593 0.018229166666667 0.028703703703704
52 0.56484375 0.28101851851852 0.019270833333333 0.030555555555556
52 0.74479166666667 0.24953703703704 0.01875 0.028703703703704
52 0.79557291666667 0.89907407407407 0.022395833333333 0.037037037037037
52 0.21458333333333 0.80324074074074 0.019791666666667 0.030555555555556
52 0.25598958333333 0.90833333333333 0.041145833333333 0.068518518518519
52 0.17838541666667 0.69953703703704 0.024479166666667 0.041666666666667
52 0.52447916666667 0.90092592592593 0.020833333333333 0.035185185185185
52 0.59479166666667 0.59027777777778 0.019791666666667 0.032407407407407
52 0.67734375 0.76388888888889 0.019270833333333 0.031481481481481
52 0.43151041666667 0.93888888888889 0.019270833333333 0.02962962962963
52 0.19635416666667 0.12268518518519 0.026041666666667 0.041666666666667
52 0.63958333333333 0.75046296296296 0.01875 0.030555555555556
52 0.51953125 0.11851851851852 0.022395833333333 0.035185185185185
52 0.21276041666667 0.98101851851852 0.0203125 0.028703703703704
52 0.29479166666667 0.56805555555556 0.01875 0.030555555555556
52 0.23151041666667 0.3337962962963 0.022395833333333 0.036111111111111
52 0.87447916666667 0.98055555555556 0.023958333333333 0.038888888888889
52 0.013020833333333 0.31898148148148 0.026041666666667 0.05462962962963
52 0.56588541666667 0.80648148148148 0.0203125 0.031481481481481
52 0.78255208333333 0.15 0.021354166666667 0.033333333333333
52 0.97578125 0.56481481481481 0.019270833333333 0.031481481481481
52 0.76822916666667 0.55694444444444 0.021875 0.036111111111111
52 0.43307291666667 0.64259259259259 0.019270833333333 0.031481481481481
52 0.83828125 0.75601851851852 0.019270833333333 0.030555555555556
52 0.24192708333333 0.52592592592593 0.028645833333333 0.05
52 0.0078125 0.26990740740741 0.015625 0.041666666666667
52 0.77213541666667 0.7625 0.018229166666667 0.028703703703704
52 0.22213541666667 0.25231481481481 0.021354166666667 0.034259259259259
52 0.65963541666667 0.55462962962963 0.021354166666667 0.033333333333333
52 0.23333333333333 0.72638888888889 0.019791666666667 0.030555555555556
52 0.27109375 0.41759259259259 0.027604166666667 0.048148148148148
52 0.7296875 0.88842592592593 0.15729166666667 0.22314814814815
52 0.48541666666667 0.17314814814815 0.025 0.040740740740741
52 0.29166666666667 0.94722222222222 0.0875 0.10555555555556
52 0.89609375 0.81527777777778 0.021354166666667 0.034259259259259
52 0.51666666666667 0.31898148148148 0.022916666666667 0.036111111111111
52 0.41015625 0.039351851851852 0.030729166666667 0.047222222222222
52 0.90442708333333 0.8162037037037 0.0234375 0.036111111111111
52 0.98307291666667 0.93888888888889 0.0171875 0.031481481481481
52 0.93046875 0.88240740740741 0.019270833333333 0.02962962962963
52 0.03828125 0.18981481481481 0.021354166666667 0.033333333333333
52 0.50807291666667 0.047222222222222 0.038020833333333 0.062962962962963
52 0.17578125 0.77407407407407 0.019270833333333 0.02962962962963
52 0.18854166666667 0.0125 0.025 0.025
52 0.11067708333333 0.48935185185185 0.025520833333333 0.043518518518519
52 0.54270833333333 0.98842592592593 0.022916666666667 0.023148148148148
52 0.86666666666667 0.51805555555556 0.019791666666667 0.030555555555556
52 0.62526041666667 0.5837962962963 0.021354166666667 0.034259259259259
52 0.59661458333333 0.37361111111111 0.021354166666667 0.036111111111111
52 0.54921875 0.48518518518519 0.018229166666667 0.02962962962963
52 0.25416666666667 0.63009259259259 0.021875 0.034259259259259
52 0.87057291666667 0.23796296296296 0.0203125 0.031481481481481
52 0.35052083333333 0.49166666666667 0.019791666666667 0.031481481481481
52 0.29739583333333 0.62916666666667 0.01875 0.030555555555556
52 0.26953125 0.12407407407407 0.0203125 0.031481481481481
52 0.88541666666667 0.48981481481481 0.019791666666667 0.027777777777778
52 0.41927083333333 0.43842592592593 0.01875 0.030555555555556
52 0.086458333333333 0.55555555555556 0.022916666666667 0.038888888888889
52 0.67890625 0.60092592592593 0.018229166666667 0.031481481481481
52 0.35208333333333 0.90092592592593 0.01875 0.02962962962963
52 0.3734375 0.59398148148148 0.01875 0.030555555555556
52 0.86171875 0.50601851851852 0.021354166666667 0.036111111111111
52 0.43932291666667 0.94351851851852 0.0234375 0.031481481481481
52 0.371875 0.94861111111111 0.01875 0.028703703703704
52 0.32994791666667 0.71898148148148 0.0203125 0.032407407407407
52 0.32161458333333 0.1087962962963 0.025520833333333 0.041666666666667
52 0.65911458333333 0.89675925925926 0.027604166666667 0.049074074074074
52 0.93151041666667 0.84537037037037 0.021354166666667 0.035185185185185
52 0.03359375 0.4287037037037 0.0203125 0.033333333333333
52 0.15859375 0.30509259259259 0.0234375 0.039814814814815
52 0.39713541666667 0.83101851851852 0.018229166666667 0.030555555555556