46 0.26796875 0.52268518518519 0.10572916666667 0.12314814814815
4 0.48880208333333 0.13611111111111 0.083854166666667 0.1037037037037
4 0.086979166666667 0.61712962962963 0.073958333333333 0.10648148148148
46 0.29348958333333 0.56666666666667 0.024479166666667 0.031481481481481
4 0.4890625 0.13518518518519 0.079166666666667 0.1037037037037
46 0.26484375 0.51898148148148 0.0984375 0.1212962962963
4 0.0890625 0.61712962962963 0.073958333333333 0.097222222222222
46 0.29427083333333 0.56296296296296 0.040625 0.05
46 0.26588541666667 0.51944444444444 0.096354166666667 0.12222222222222
4 0.48958333333333 0.13472222222222 0.072916666666667 0.10092592592593
4 0.089583333333333 0.61759259259259 0.078125 0.098148148148148
46 0.29479166666667 0.56157407407407 0.040625 0.05462962962963