20 0.741015625 0.47083333333333 0.23671875 0.33055555555556
20 0.219140625 0.26805555555556 0.07890625 0.11944444444444
20 0.4703125 0.37013888888889 0.228125 0.12916666666667
20 0.6453125 0.42916666666667 0.090625 0.26666666666667
20 0.646875 0.67777777777778 0.1078125 0.19166666666667
20 0.96328125 0.13263888888889 0.0703125 0.19861111111111
20 0.6078125 0.7 0.0875 0.20555555555556
20 0.466796875 0.79305555555556 0.36328125 0.39166666666667
20 0.416015625 0.95138888888889 0.15390625 0.094444444444444
20 0.73125 0.60902777777778 0.0625 0.12361111111111
20 0.23671875 0.51805555555556 0.1109375 0.18888888888889
20 0.86171875 0.31736111111111 0.2015625 0.28194444444444
20 0.304296875 0.74027777777778 0.25078125 0.15277777777778
20 0.398828125 0.19652777777778 0.18203125 0.19305555555556
20 0.36796875 0.46111111111111 0.1296875 0.26111111111111
20 0.67421875 0.65555555555556 0.0734375 0.15277777777778
20 0.8359375 0.16319444444444 0.175 0.10416666666667
20 0.823828125 0.09375 0.22265625 0.1875
20 0.304296875 0.88958333333333 0.15234375 0.22361111111111
20 0.201171875 0.41111111111111 0.18203125 0.125