21 0.430859375 0.56805555555556 0.26015625 0.39444444444444
21 0.54609375 0.57777777777778 0.13125 0.10555555555556
21 0.444921875 0.70625 0.26171875 0.15694444444444
21 0.639453125 0.085416666666667 0.20234375 0.15416666666667
21 0.151171875 0.10763888888889 0.16796875 0.21527777777778
21 0.08359375 0.50833333333333 0.0890625 0.13055555555556
21 0.1625 0.63055555555556 0.06875 0.15
21 0.6328125 0.72291666666667 0.3171875 0.38194444444444
21 0.63984375 0.47222222222222 0.14375 0.29444444444444
21 0.632421875 0.53541666666667 0.09609375 0.14583333333333
21 0.1375 0.36597222222222 0.0515625 0.11527777777778
21 0.479296875 0.084722222222222 0.10859375 0.16944444444444
21 0.250390625 0.51388888888889 0.14765625 0.125