21 0.60703125 0.29444444444444 0.2078125 0.58055555555556
21 0.522265625 0.60347222222222 0.15703125 0.44583333333333
21 0.39375 0.44791666666667 0.3375 0.20138888888889
21 0.698828125 0.79166666666667 0.27734375 0.21666666666667
21 0.270703125 0.29375 0.13203125 0.34861111111111
21 0.148828125 0.13194444444444 0.23671875 0.175
21 0.64765625 0.475 0.103125 0.275
21 0.685546875 0.63819444444444 0.25859375 0.14027777777778
21 0.33125 0.56319444444444 0.109375 0.20972222222222
21 0.267578125 0.035416666666667 0.11328125 0.070833333333333
21 0.58203125 0.022916666666667 0.0765625 0.045833333333333