21 0.8 0.27638888888889 0.2015625 0.54166666666667
21 0.46953125 0.67708333333333 0.2484375 0.41805555555556
21 0.36953125 0.36180555555556 0.1734375 0.59305555555556
21 0.89453125 0.59722222222222 0.15625 0.38333333333333
21 0.6578125 0.30208333333333 0.115625 0.24305555555556
21 0.86875 0.11527777777778 0.209375 0.23055555555556
21 0.851171875 0.92291666666667 0.15546875 0.15416666666667
21 0.225 0.81458333333333 0.1125 0.17083333333333
21 0.672265625 0.94791666666667 0.15234375 0.10416666666667
21 0.11328125 0.73125 0.040625 0.068055555555556
21 0.03125 0.053472222222222 0.0625 0.10694444444444