21 0.27734375 0.12083333333333 0.0984375 0.14722222222222
21 0.198046875 0.15555555555556 0.09609375 0.15277777777778
21 0.500390625 0.90972222222222 0.11953125 0.17777777777778
21 0.060546875 0.35069444444444 0.11953125 0.45138888888889
21 0.469921875 0.77777777777778 0.17421875 0.16944444444444
21 0.087890625 0.16111111111111 0.15078125 0.14444444444444
21 0.572265625 0.53472222222222 0.13515625 0.10555555555556
21 0.059375 0.59097222222222 0.11875 0.10972222222222
21 0.301953125 0.89722222222222 0.09453125 0.20555555555556
21 0.068359375 0.88055555555556 0.13203125 0.12777777777778
21 0.541015625 0.29513888888889 0.30078125 0.55972222222222
21 0.43125 0.30972222222222 0.15 0.21388888888889
21 0.85546875 0.37916666666667 0.271875 0.65277777777778
21 0.7984375 0.29861111111111 0.175 0.47777777777778
21 0.45703125 0.325 0.19375 0.35833333333333