21 0.75078125 0.70625 0.3078125 0.44305555555556
21 0.7109375 0.55138888888889 0.353125 0.35277777777778
21 0.532421875 0.85902777777778 0.39453125 0.27916666666667
21 0.640625 0.27083333333333 0.146875 0.50555555555556
21 0.34921875 0.70277777777778 0.2140625 0.325
21 0.54765625 0.20972222222222 0.23125 0.38611111111111
21 0.392578125 0.85694444444444 0.18203125 0.24722222222222
21 0.054296875 0.79583333333333 0.10859375 0.40277777777778
21 0.40234375 0.92013888888889 0.2515625 0.15694444444444
21 0.789453125 0.16458333333333 0.11328125 0.24305555555556
21 0.055859375 0.34444444444444 0.11171875 0.18888888888889
21 0.271875 0.5875 0.115625 0.16944444444444
21 0.53203125 0.39861111111111 0.115625 0.16666666666667
21 0.961328125 0.60347222222222 0.07578125 0.19861111111111
21 0.299609375 0.51875 0.13046875 0.11527777777778
21 0.269140625 0.69027777777778 0.09921875 0.14166666666667
21 0.4 0.42569444444444 0.071875 0.084722222222222
21 0.419921875 0.042361111111111 0.06328125 0.084722222222222