20 0.533984375 0.90347222222222 0.09140625 0.1875
20 0.71953125 0.1875 0.1015625 0.21111111111111
17 0.961328125 0.90694444444444 0.06640625 0.077777777777778
20 0.23125 0.14444444444444 0.4078125 0.28888888888889
20 0.539453125 0.61388888888889 0.14921875 0.23055555555556
20 0.73125 0.44722222222222 0.0796875 0.21111111111111
20 0.403515625 0.12708333333333 0.17109375 0.25138888888889
20 0.228515625 0.15416666666667 0.41640625 0.30833333333333
20 0.5390625 0.60972222222222 0.1578125 0.24166666666667
20 0.533984375 0.90138888888889 0.11171875 0.19444444444444
20 0.730859375 0.44722222222222 0.09453125 0.22222222222222
20 0.7171875 0.18958333333333 0.125 0.22361111111111
20 0.959375 0.90625 0.075 0.10138888888889