21 0.287890625 0.54097222222222 0.34140625 0.52638888888889
21 0.6640625 0.33611111111111 0.3921875 0.31944444444444
21 0.325390625 0.83333333333333 0.18671875 0.33611111111111
21 0.530078125 0.69652777777778 0.16796875 0.50972222222222
21 0.09140625 0.57291666666667 0.1828125 0.27083333333333
21 0.4265625 0.89236111111111 0.2 0.20972222222222
21 0.930859375 0.41944444444444 0.13671875 0.3
21 0.161328125 0.33958333333333 0.28515625 0.37083333333333
21 0.79375 0.53958333333333 0.14375 0.22361111111111
21 0.095703125 0.90833333333333 0.18828125 0.18055555555556
21 0.741015625 0.27708333333333 0.16953125 0.12916666666667
21 0.963671875 0.20208333333333 0.07109375 0.22916666666667