21 0.704296875 0.63263888888889 0.33515625 0.44861111111111
21 0.512109375 0.47986111111111 0.41171875 0.67638888888889
21 0.134375 0.18472222222222 0.26875 0.36944444444444
21 0.828125 0.48125 0.2375 0.24861111111111
21 0.798046875 0.73958333333333 0.15390625 0.28194444444444
21 0.9109375 0.33888888888889 0.1671875 0.52222222222222
21 0.89921875 0.68402777777778 0.1234375 0.30694444444444
21 0.5140625 0.93402777777778 0.2453125 0.12916666666667
21 0.227734375 0.39513888888889 0.13515625 0.10694444444444
21 0.37890625 0.94791666666667 0.2625 0.10138888888889
21 0.03203125 0.30625 0.0640625 0.12916666666667
21 0.725390625 0.94027777777778 0.11328125 0.11666666666667