20 0.48359375 0.51527777777778 0.2578125 0.15833333333333
20 0.772265625 0.63819444444444 0.11640625 0.15694444444444
20 0.79765625 0.036805555555556 0.090625 0.073611111111111
20 0.642578125 0.38819444444444 0.17109375 0.27916666666667
20 0.883984375 0.39027777777778 0.08984375 0.091666666666667
20 0.157421875 0.20416666666667 0.18359375 0.16388888888889
20 0.634375 0.6875 0.1453125 0.26944444444444
20 0.67109375 0.48055555555556 0.16875 0.16111111111111
20 0.816015625 0.51666666666667 0.13671875 0.10277777777778
20 0.11953125 0.31111111111111 0.203125 0.17222222222222
20 0.2984375 0.39652777777778 0.1171875 0.31527777777778
20 0.641796875 0.52569444444444 0.24609375 0.21805555555556