20 0.166015625 0.24652777777778 0.19609375 0.47916666666667
20 0.351953125 0.3375 0.18203125 0.66388888888889
20 0.729296875 0.17222222222222 0.08046875 0.11388888888889
20 0.54296875 0.72708333333333 0.28125 0.41527777777778
20 0.57265625 0.4125 0.2625 0.41944444444444
20 0.4421875 0.045833333333333 0.1109375 0.091666666666667
20 0.642578125 0.95208333333333 0.17265625 0.098611111111111
20 0.750390625 0.28888888888889 0.20546875 0.18888888888889
20 0.69921875 0.79652777777778 0.09375 0.19027777777778
20 0.83125 0.68333333333333 0.075 0.13888888888889
20 0.519140625 0.82986111111111 0.20078125 0.35416666666667
20 0.0859375 0.475 0.1046875 0.23888888888889
20 0.078515625 0.84652777777778 0.15703125 0.30694444444444