21 0.804296875 0.53333333333333 0.27109375 0.70833333333333
21 0.224609375 0.22152777777778 0.18359375 0.44027777777778
21 0.059765625 0.23472222222222 0.11953125 0.4
21 0.3796875 0.20763888888889 0.15 0.40972222222222
21 0.44921875 0.36388888888889 0.18125 0.17777777777778
21 0.503125 0.14305555555556 0.1265625 0.21944444444444
21 0.805859375 0.92916666666667 0.19453125 0.13888888888889
21 0.429296875 0.72430555555556 0.15078125 0.12083333333333
21 0.193359375 0.95902777777778 0.20859375 0.081944444444444
21 0.323828125 0.82222222222222 0.10078125 0.15833333333333
21 0.478125 0.94166666666667 0.10625 0.11388888888889
21 0.95625 0.93125 0.0875 0.1375