20 0.6671875 0.38680555555556 0.2703125 0.74583333333333
20 0.15390625 0.8375 0.2984375 0.325
20 0.228125 0.40694444444444 0.2515625 0.34722222222222
20 0.888671875 0.30416666666667 0.21953125 0.26666666666667
20 0.9015625 0.14861111111111 0.1890625 0.29166666666667
20 0.103125 0.91944444444444 0.20625 0.16111111111111
20 0.055859375 0.82430555555556 0.11171875 0.27083333333333
20 0.460546875 0.84236111111111 0.15390625 0.12916666666667
20 0.848828125 0.42708333333333 0.11171875 0.10138888888889
20 0.024609375 0.21111111111111 0.04921875 0.11944444444444
20 0.703515625 0.69861111111111 0.06484375 0.083333333333333
20 0.39296875 0.021527777777778 0.121875 0.043055555555556
20 0.538671875 0.93194444444444 0.05703125 0.086111111111111
20 0.8140625 0.66944444444444 0.05 0.080555555555556