20 0.539453125 0.66180555555556 0.32578125 0.6625
20 0.9015625 0.39027777777778 0.1984375 0.55555555555556
20 0.6421875 0.31944444444444 0.2296875 0.39444444444444
20 0.646484375 0.42013888888889 0.27109375 0.16527777777778
20 0.441796875 0.48819444444444 0.32578125 0.29861111111111
20 0.44765625 0.54236111111111 0.209375 0.19583333333333
20 0.621875 0.80416666666667 0.1890625 0.175
20 0.239453125 0.089583333333333 0.16328125 0.17916666666667
20 0.230859375 0.36875 0.07734375 0.1875
20 0.652734375 0.029166666666667 0.14765625 0.058333333333333
20 0.19921875 0.26597222222222 0.059375 0.11805555555556
20 0.309375 0.94791666666667 0.078125 0.076388888888889