21 0.780859375 0.80208333333333 0.26171875 0.39305555555556
21 0.605078125 0.63541666666667 0.22890625 0.2125
21 0.67890625 0.86666666666667 0.175 0.26111111111111
21 0.833984375 0.84930555555556 0.13984375 0.29583333333333
21 0.29453125 0.53333333333333 0.1234375 0.29166666666667
21 0.945703125 0.58472222222222 0.10703125 0.27777777777778
21 0.830859375 0.69444444444444 0.12734375 0.175
21 0.92578125 0.32152777777778 0.1484375 0.19305555555556
21 0.5890625 0.95555555555556 0.234375 0.088888888888889
21 0.794921875 0.96597222222222 0.07734375 0.068055555555556
21 0.4890625 0.48611111111111 0.040625 0.061111111111111