20 0.4890625 0.77708333333333 0.2859375 0.16527777777778
20 0.454296875 0.63333333333333 0.26640625 0.26944444444444
20 0.052734375 0.12986111111111 0.10546875 0.17361111111111
20 0.134765625 0.63541666666667 0.19609375 0.12638888888889
20 0.346875 0.32847222222222 0.240625 0.64861111111111
20 0.525 0.23402777777778 0.2765625 0.32916666666667
20 0.4859375 0.9 0.13125 0.125
20 0.197265625 0.48958333333333 0.22265625 0.27361111111111
20 0.141796875 0.22430555555556 0.28203125 0.44861111111111
20 0.850390625 0.52638888888889 0.09140625 0.1
20 0.851171875 0.41111111111111 0.14296875 0.20555555555556
20 0.213671875 0.041666666666667 0.17734375 0.083333333333333
20 0.816015625 0.61041666666667 0.08515625 0.10416666666667
20 0.052734375 0.92222222222222 0.10546875 0.14444444444444
20 0.747265625 0.59097222222222 0.20234375 0.42916666666667
20 0.1421875 0.46875 0.1078125 0.26527777777778
20 0.5484375 0.59027777777778 0.221875 0.15833333333333