21 0.591796875 0.15416666666667 0.34765625 0.30833333333333
21 0.480859375 0.73125 0.23515625 0.43472222222222
21 0.31953125 0.80069444444444 0.2328125 0.39861111111111
21 0.198046875 0.79861111111111 0.20703125 0.40277777777778
21 0.698046875 0.36736111111111 0.12578125 0.5125
21 0.416796875 0.37222222222222 0.19921875 0.23333333333333
21 0.698828125 0.66111111111111 0.14609375 0.39722222222222
21 0.522265625 0.29444444444444 0.19609375 0.23611111111111
21 0.63828125 0.84930555555556 0.1703125 0.20138888888889
21 0.087890625 0.084027777777778 0.12890625 0.16805555555556
21 0.513671875 0.88125 0.11328125 0.18194444444444
21 0.53515625 0.95972222222222 0.096875 0.075