20 0.7796875 0.34444444444444 0.359375 0.34444444444444
20 0.561328125 0.71805555555556 0.21484375 0.24444444444444
20 0.4078125 0.56805555555556 0.090625 0.225
20 0.054296875 0.45138888888889 0.09609375 0.11944444444444
20 0.9 0.67569444444444 0.08125 0.16527777777778
20 0.542578125 0.21736111111111 0.27890625 0.43472222222222
20 0.461328125 0.36458333333333 0.27890625 0.22361111111111
20 0.735546875 0.6 0.25703125 0.52777777777778
20 0.1953125 0.68402777777778 0.1734375 0.20694444444444
20 0.079296875 0.19652777777778 0.15859375 0.39305555555556
20 0.24453125 0.22847222222222 0.228125 0.17361111111111
20 0.564453125 0.036805555555556 0.15078125 0.073611111111111
20 0.9328125 0.79375 0.1015625 0.10694444444444