21 0.3265625 0.72430555555556 0.1484375 0.54027777777778
21 0.211328125 0.76458333333333 0.15546875 0.46805555555556
21 0.646875 0.63888888888889 0.1703125 0.425
21 0.7015625 0.60069444444444 0.1703125 0.40972222222222
21 0.83359375 0.30416666666667 0.3046875 0.2
21 0.50859375 0.80138888888889 0.15625 0.35555555555556
21 0.1578125 0.086111111111111 0.303125 0.17222222222222
21 0.46015625 0.29305555555556 0.2859375 0.175
21 0.8953125 0.47083333333333 0.1640625 0.29166666666667
21 0.66328125 0.29027777777778 0.15625 0.30277777777778
21 0.617578125 0.10763888888889 0.12890625 0.2125
21 0.38359375 0.37916666666667 0.0875 0.15277777777778
21 0.136328125 0.56319444444444 0.10703125 0.13194444444444
21 0.644921875 0.34583333333333 0.10390625 0.17777777777778
21 0.96875 0.08125 0.059375 0.15972222222222
21 0.30546875 0.23055555555556 0.0703125 0.14722222222222
21 0.02265625 0.10625 0.0453125 0.14861111111111
21 0.405859375 0.018055555555556 0.08203125 0.036111111111111