13 0.52526041666667 0.10833333333333 0.6765625 0.21666666666667
17 0.086197916666667 0.86712962962963 0.17239583333333 0.11018518518519
17 0.54713541666667 0.74074074074074 0.5171875 0.15740740740741
4 0.27552083333333 0.41666666666667 0.48333333333333 0.19814814814815
17 0.15807291666667 0.68888888888889 0.31614583333333 0.17777777777778
17 0.16848958333333 0.69675925925926 0.33697916666667 0.22314814814815
17 0.54921875 0.74722222222222 0.56822916666667 0.20185185185185
17 0.097916666666667 0.87916666666667 0.19583333333333 0.17685185185185
17 0.55234375 0.7537037037037 0.58697916666667 0.20925925925926
17 0.171875 0.6962962962963 0.34375 0.22222222222222
17 0.10625 0.88240740740741 0.2125 0.19074074074074