10 0.25885416666667 0.85462962962963 0.028125 0.040740740740741
10 0.75520833333333 0.42222222222222 0.038541666666667 0.055555555555556
10 0.73697916666667 0.22824074074074 0.023958333333333 0.034259259259259
18 0.50130208333333 0.50231481481481 0.99635416666667 0.99166666666667
18 0.52578125 0.51018518518519 0.9234375 0.98333333333333
10 0.41067708333333 0.1287037037037 0.041145833333333 0.061111111111111
10 0.8875 0.25925925925926 0.027083333333333 0.037037037037037
10 0.25859375 0.85462962962963 0.028645833333333 0.042592592592593
10 0.73671875 0.22916666666667 0.0265625 0.037962962962963
18 0.48489583333333 0.51018518518519 0.96354166666667 0.97037037037037
10 0.25885416666667 0.85462962962963 0.030208333333333 0.042592592592593