17 0.82786458333333 0.27361111111111 0.2015625 0.25833333333333
17 0.57317708333333 0.33055555555556 0.091145833333333 0.10185185185185
17 0.26302083333333 0.69166666666667 0.20416666666667 0.25185185185185
48 0.82786458333333 0.27361111111111 0.2015625 0.25833333333333
48 0.57317708333333 0.33055555555556 0.091145833333333 0.10185185185185
48 0.26302083333333 0.69166666666667 0.20416666666667 0.25185185185185
48 0.82473958333333 0.27314814814815 0.26197916666667 0.28703703703704
48 0.57161458333333 0.32824074074074 0.11927083333333 0.1287037037037
48 0.26145833333333 0.69074074074074 0.23958333333333 0.26666666666667
48 0.82578125 0.27268518518519 0.24114583333333 0.275
48 0.26223958333333 0.69166666666667 0.22552083333333 0.25740740740741
48 0.56979166666667 0.32824074074074 0.11875 0.13055555555556
48 0.82760416666667 0.27361111111111 0.24270833333333 0.27685185185185
48 0.26223958333333 0.69074074074074 0.22864583333333 0.25740740740741
48 0.5703125 0.32824074074074 0.11666666666667 0.13055555555556