44 0.46979166666667 0.77916666666667 0.080208333333333 0.125
44 0.73098958333333 0.46111111111111 0.081770833333333 0.1537037037037
44 0.32421875 0.59861111111111 0.10364583333333 0.19907407407407
23 0.50078125 0.34212962962963 0.9953125 0.66944444444444
44 0.32083333333333 0.57175925925926 0.12604166666667 0.1212962962963
44 0.73098958333333 0.46064814814815 0.10260416666667 0.13796296296296
44 0.46953125 0.78287037037037 0.099479166666667 0.12314814814815
23 0.5015625 0.35925925925926 0.99375 0.70555555555556
23 0.490625 0.35277777777778 0.97604166666667 0.69259259259259
44 0.32057291666667 0.56388888888889 0.13385416666667 0.12777777777778
44 0.73125 0.45925925925926 0.11041666666667 0.13888888888889
44 0.47005208333333 0.77685185185185 0.1078125 0.11851851851852
44 0.73203125 0.51157407407407 0.027604166666667 0.030555555555556
44 0.32317708333333 0.67222222222222 0.0296875 0.035185185185185