45 0.22402938090241 0.59768518518519 0.0083945435466946 0.021296296296296
45 0.10519412381952 0.45972222222222 0.015215110178384 0.030555555555556
45 0.35335781741868 0.73703703703704 0.0089192025183631 0.016666666666667
45 0.3213536201469 0.57037037037037 0.0099685204616999 0.022222222222222
45 0.07292759706191 0.18518518518519 0.0083945435466946 0.02037037037037
45 0.2998426023085 0.67222222222222 0.012067156348374 0.02037037037037
45 0.99449108079748 0.50787037037037 0.0099685204616999 0.023148148148148
45 0.67418677859391 0.94953703703704 0.015739769150052 0.032407407407407
45 0.58027282266527 0.91481481481481 0.0073452256033578 0.02037037037037
45 0.19569779643232 0.3875 0.0073452256033578 0.021296296296296
45 0.41605456453305 0.79351851851852 0.0094438614900315 0.022222222222222
45 0.19674711437566 0.40324074074074 0.0073452256033578 0.017592592592593