44 0.8612277019937 0.84212962962963 0.012067156348374 0.026851851851852
44 0.31689401888772 0.31157407407407 0.010493179433368 0.032407407407407
44 0.21065057712487 0.097685185185185 0.0068205666316894 0.017592592592593
44 0.52229800629591 0.93796296296296 0.0068205666316894 0.018518518518519
44 0.37985309548793 0.48842592592593 0.0073452256033578 0.017592592592593
44 0.34024134312697 0.2625 0.0068205666316894 0.019444444444444
44 0.59207764952781 0.67037037037037 0.012067156348374 0.024074074074074
44 0.49344176285414 0.55601851851852 0.011017838405037 0.028703703703704
44 0.15897166841553 0.19537037037037 0.013641133263379 0.027777777777778
44 0.7890870933893 0.8212962962963 0.0094438614900315 0.016666666666667
44 0.68756558237146 0.95925925925926 0.0068205666316894 0.018518518518519
44 0.43730325288562 0.89537037037037 0.01311647429171 0.027777777777778
44 0.52229800629591 0.6375 0.0078698845750262 0.023148148148148
44 0.44805876180483 0.98611111111111 0.006295907660021 0.016666666666667
44 0.48793284365163 0.45925925925926 0.0094438614900315 0.022222222222222
44 0.34391395592865 0.29259259259259 0.0099685204616999 0.025925925925926