44 0.22665267576076 0.6537037037037 0.010493179433368 0.018518518518519
44 0.16789087093389 0.88055555555556 0.012591815320042 0.025925925925926
44 0.19202518363064 0.43333333333333 0.010493179433368 0.027777777777778
44 0.64821615949633 0.85046296296296 0.015215110178384 0.034259259259259
44 0.45514165792235 0.97592592592593 0.0078698845750262 0.02037037037037
44 0.55692549842602 0.84259259259259 0.0068205666316894 0.018518518518519
44 0.3105981112277 0.98611111111111 0.006295907660021 0.02037037037037
44 0.11699895068206 0.17546296296296 0.018887722980063 0.037962962962963
44 0.10414480587618 0.45972222222222 0.012067156348374 0.021296296296296
44 0.0034102833158447 0.24675925925926 0.0057712486883526 0.026851851851852
44 0.25839454354669 0.53564814814815 0.012067156348374 0.028703703703704
44 0.31033578174187 0.64537037037037 0.015215110178384 0.024074074074074