34 0.21510416666667 0.38796296296296 0.171875 0.12592592592593
34 0.140625 0.38055555555556 0.070833333333333 0.12222222222222
34 0.27447916666667 0.9587962962963 0.098958333333333 0.084259259259259
34 0.2765625 0.96018518518519 0.103125 0.07962962962963
34 0.22604166666667 0.38796296296296 0.15 0.12407407407407
34 0.14947916666667 0.37685185185185 0.097916666666667 0.14074074074074
34 0.14036458333333 0.37685185185185 0.0609375 0.1
34 0.22630208333333 0.3875 0.14114583333333 0.125
34 0.140625 0.37824074074074 0.063541666666667 0.10648148148148
34 0.27630208333333 0.96018518518519 0.10052083333333 0.07962962962963
34 0.13984375 0.37685185185185 0.043229166666667 0.066666666666667