29 0.86171875 0.91111111111111 0.0359375 0.063888888888889
4 0.172265625 0.25833333333333 0.26484375 0.5
29 0.489453125 0.38333333333333 0.05234375 0.088888888888889
1 0.04453125 0.073611111111111 0.0890625 0.14722222222222
1 0.054296875 0.078472222222222 0.10859375 0.15694444444444
1 0.05078125 0.26736111111111 0.1015625 0.25138888888889
29 0.4890625 0.38194444444444 0.059375 0.091666666666667
1 0.05234375 0.077083333333333 0.1046875 0.15416666666667
29 0.489453125 0.38194444444444 0.06171875 0.091666666666667
4 0.193359375 0.25694444444444 0.35078125 0.48611111111111
29 0.48984375 0.38125 0.0640625 0.098611111111111
1 0.05859375 0.081944444444444 0.1171875 0.16388888888889