14 0.2921875 0.90231481481481 0.54479166666667 0.18981481481481
1 0.51692708333333 0.29166666666667 0.1703125 0.13888888888889
14 0.70208333333333 0.28101851851852 0.13020833333333 0.11944444444444
14 0.32734375 0.29444444444444 0.12447916666667 0.098148148148148
14 0.33802083333333 0.64768518518519 0.1125 0.11574074074074
1 0.51380208333333 0.29166666666667 0.16822916666667 0.13703703703704
14 0.33619791666667 0.65 0.1296875 0.12592592592593
14 0.28463541666667 0.90138888888889 0.5234375 0.19166666666667
14 0.70364583333333 0.28333333333333 0.12395833333333 0.12222222222222
14 0.32682291666667 0.29444444444444 0.13489583333333 0.098148148148148
1 0.51380208333333 0.29259259259259 0.16614583333333 0.13703703703704
14 0.29088541666667 0.91481481481481 0.52447916666667 0.16666666666667
14 0.32630208333333 0.29583333333333 0.13072916666667 0.09537037037037
14 0.70416666666667 0.28240740740741 0.12708333333333 0.11666666666667
1 0.51458333333333 0.29074074074074 0.17395833333333 0.1462962962963
14 0.70260416666667 0.28148148148148 0.12083333333333 0.14259259259259
14 0.33645833333333 0.65324074074074 0.13541666666667 0.1212962962963
14 0.32708333333333 0.29259259259259 0.128125 0.10185185185185