12 0.51588541666667 0.51851851851852 0.9828125 0.94814814814815
1 0.5359375 0.6837962962963 0.246875 0.30833333333333
14 0.13151041666667 0.65416666666667 0.088020833333333 0.10277777777778
14 0.95052083333333 0.625 0.097916666666667 0.1537037037037
14 0.50026041666667 0.50833333333333 0.99010416666667 1
1 0.53515625 0.68472222222222 0.33385416666667 0.29722222222222
14 0.47109375 0.31851851851852 0.0796875 0.059259259259259
14 0.94192708333333 0.6287037037037 0.11927083333333 0.10185185185185
14 0.13072916666667 0.65509259259259 0.125 0.091666666666667
14 0.5 0.4912037037037 1 0.96944444444444
1 0.53255208333333 0.68564814814815 0.33802083333333 0.31018518518519
14 0.93984375 0.62962962962963 0.12447916666667 0.12962962962963
14 0.13333333333333 0.65416666666667 0.134375 0.11388888888889
14 0.47317708333333 0.3162037037037 0.0859375 0.076851851851852