20 0.18020833333333 0.39027777777778 0.038541666666667 0.039814814814815
20 0.16875 0.38472222222222 0.032291666666667 0.036111111111111
20 0.02890625 0.076851851851852 0.030729166666667 0.037037037037037
20 0.16744791666667 0.051388888888889 0.030729166666667 0.036111111111111
20 0.68333333333333 0.14861111111111 0.023958333333333 0.034259259259259
20 0.15677083333333 0.29490740740741 0.026041666666667 0.030555555555556
20 0.20208333333333 0.86157407407407 0.022916666666667 0.034259259259259
20 0.15260416666667 0.97731481481481 0.022916666666667 0.032407407407407
20 0.083333333333333 0.30462962962963 0.025 0.02962962962963
20 0.82604166666667 0.55324074074074 0.023958333333333 0.030555555555556
20 0.084114583333333 0.37731481481481 0.024479166666667 0.028703703703704
20 0.026822916666667 0.225 0.0234375 0.02962962962963
20 0.49921875 0.36157407407407 0.0234375 0.028703703703704
20 0.1078125 0.1 0.023958333333333 0.027777777777778
20 0.63854166666667 0.26574074074074 0.020833333333333 0.031481481481481
20 0.19296875 0.39212962962963 0.021354166666667 0.030555555555556
20 0.66223958333333 0.0125 0.0265625 0.025
20 0.39765625 0.26203703703704 0.0203125 0.031481481481481
20 0.59739583333333 0.075462962962963 0.020833333333333 0.028703703703704
20 0.425 0.2212962962963 0.020833333333333 0.02962962962963
20 0.81484375 0.7087962962963 0.0203125 0.028703703703704
20 0.46484375 0.22731481481481 0.0203125 0.028703703703704
20 0.65078125 0.36990740740741 0.0203125 0.028703703703704
20 0.41692708333333 0.028240740740741 0.0203125 0.028703703703704
20 0.85026041666667 0.099537037037037 0.0203125 0.028703703703704
20 0.47734375 0.64212962962963 0.0203125 0.028703703703704
20 0.7140625 0.38009259259259 0.019791666666667 0.028703703703704
20 0.018489583333333 0.56064814814815 0.021354166666667 0.026851851851852
20 0.95026041666667 0.72777777777778 0.019270833333333 0.02962962962963
20 0.86875 0.23842592592593 0.019791666666667 0.028703703703704
20 0.36822916666667 0.46342592592593 0.020833333333333 0.026851851851852
20 0.38541666666667 0.77407407407407 0.01875 0.02962962962963
20 0.22682291666667 0.42546296296296 0.019270833333333 0.028703703703704
20 0.68229166666667 0.58055555555556 0.01875 0.02962962962963
20 0.975 0.36111111111111 0.019791666666667 0.027777777777778
20 0.77005208333333 0.15092592592593 0.018229166666667 0.02962962962963
20 0.79895833333333 0.24490740740741 0.01875 0.028703703703704
20 0.19661458333333 0.59537037037037 0.019270833333333 0.027777777777778
20 0.20078125 0.18611111111111 0.019270833333333 0.027777777777778
20 0.88203125 0.23518518518519 0.019270833333333 0.027777777777778
20 0.77109375 0.61064814814815 0.019270833333333 0.028703703703704
20 0.63359375 0.6712962962963 0.0203125 0.025925925925926
20 0.34036458333333 0.60324074074074 0.019270833333333 0.026851851851852
20 0.4734375 0.62962962962963 0.01875 0.027777777777778
20 0.38958333333333 0.30185185185185 0.01875 0.027777777777778
20 0.92526041666667 0.19444444444444 0.018229166666667 0.027777777777778
20 0.18619791666667 0.91759259259259 0.018229166666667 0.027777777777778
20 0.60651041666667 0.36203703703704 0.019270833333333 0.025925925925926
20 0.62135416666667 0.92916666666667 0.019791666666667 0.025
20 0.303125 0.5712962962963 0.01875 0.025925925925926
20 0.08125 0.61388888888889 0.017708333333333 0.027777777777778
20 0.4609375 0.15092592592593 0.017708333333333 0.027777777777778
20 0.10260416666667 0.14259259259259 0.01875 0.025925925925926
20 0.69817708333333 0.76111111111111 0.018229166666667 0.025925925925926
20 0.61197916666667 0.72824074074074 0.01875 0.025
20 0.42447916666667 0.12777777777778 0.017708333333333 0.025925925925926
20 0.0390625 0.01712962962963 0.017708333333333 0.025
20 0.40390625 0.11759259259259 0.0171875 0.025925925925926
20 0.41354166666667 0.79768518518519 0.017708333333333 0.025
20 0.64479166666667 0.10416666666667 0.017708333333333 0.025
20 0.79713541666667 0.95046296296296 0.016145833333333 0.026851851851852
20 0.74791666666667 0.037037037037037 0.016666666666667 0.025925925925926
20 0.25026041666667 0.52361111111111 0.0171875 0.025
20 0.71484375 0.86342592592593 0.0171875 0.025
20 0.484375 0.68888888888889 0.017708333333333 0.024074074074074
20 0.40390625 0.59398148148148 0.018229166666667 0.023148148148148
20 0.4796875 0.50648148148148 0.01875 0.022222222222222
20 0.92265625 0.49907407407407 0.016145833333333 0.025925925925926
20 0.86979166666667 0.45138888888889 0.016666666666667 0.025
20 0.89947916666667 0.41342592592593 0.016666666666667 0.025
20 0.2625 0.22314814814815 0.016666666666667 0.024074074074074
20 0.84166666666667 0.3537037037037 0.016666666666667 0.024074074074074
20 0.5296875 0.09537037037037 0.016666666666667 0.024074074074074
20 0.83177083333333 0.85740740740741 0.016666666666667 0.024074074074074
20 0.72057291666667 0.45925925925926 0.016145833333333 0.024074074074074
20 0.28697916666667 0.24398148148148 0.016666666666667 0.023148148148148
20 0.065625 0.43009259259259 0.016666666666667 0.023148148148148
20 0.44479166666667 0.45277777777778 0.016666666666667 0.022222222222222
20 0.47213541666667 0.89675925925926 0.016145833333333 0.023148148148148
20 0.78984375 0.83842592592593 0.016145833333333 0.023148148148148
20 0.080208333333333 0.86527777777778 0.015625 0.023148148148148
20 0.678125 0.85324074074074 0.015625 0.023148148148148
20 0.5828125 0.44074074074074 0.015625 0.022222222222222
20 0.78072916666667 0.75740740740741 0.015625 0.022222222222222
20 0.73723958333333 0.011574074074074 0.015104166666667 0.023148148148148
20 0.97109375 0.0092592592592593 0.018229166666667 0.018518518518519
20 0.054166666666667 0.17916666666667 0.014583333333333 0.023148148148148
20 0.63776041666667 0.81666666666667 0.015104166666667 0.022222222222222
20 0.48723958333333 0.61018518518519 0.015104166666667 0.022222222222222
20 0.31328125 0.76759259259259 0.015104166666667 0.022222222222222
20 0.63489583333333 0.43611111111111 0.014583333333333 0.022222222222222
20 0.69609375 0.44444444444444 0.015104166666667 0.022222222222222
20 0.9609375 0.38333333333333 0.014583333333333 0.022222222222222
20 0.62916666666667 0.51296296296296 0.015625 0.02037037037037
20 0.33828125 0.71481481481481 0.0140625 0.022222222222222
20 0.765625 0.76944444444444 0.013541666666667 0.02037037037037
20 0.77395833333333 0.72453703703704 0.013541666666667 0.019444444444444