19 0.25546875 0.27962962962963 0.030729166666667 0.025925925925926
19 0.48203125 0.2212962962963 0.025520833333333 0.027777777777778
19 0.19453125 0.43287037037037 0.024479166666667 0.028703703703704
19 0.89348958333333 0.36064814814815 0.0234375 0.028703703703704
19 0.048177083333333 0.38888888888889 0.0234375 0.027777777777778
19 0.43776041666667 0.17083333333333 0.0234375 0.025
19 0.10390625 0.3287037037037 0.022395833333333 0.025925925925926
19 0.33098958333333 0.49537037037037 0.0203125 0.025925925925926
19 0.72369791666667 0.023148148148148 0.0203125 0.025925925925926
19 0.43229166666667 0.36064814814815 0.020833333333333 0.025
19 0.66302083333333 0.044444444444444 0.01875 0.027777777777778
19 0.041145833333333 0.31157407407407 0.021875 0.023148148148148
19 0.68671875 0.49768518518519 0.0203125 0.025
19 0.22864583333333 0.39305555555556 0.021875 0.023148148148148
19 0.32864583333333 0.39305555555556 0.021875 0.023148148148148
19 0.6453125 0.18935185185185 0.01875 0.026851851851852
19 0.54947916666667 0.18796296296296 0.019791666666667 0.024074074074074
19 0.16588541666667 0.37962962962963 0.021354166666667 0.022222222222222
19 0.65729166666667 0.23009259259259 0.01875 0.025
19 0.63151041666667 0.047222222222222 0.018229166666667 0.025925925925926
19 0.61979166666667 0.23518518518519 0.017708333333333 0.025925925925926
19 0.1140625 0.61666666666667 0.017708333333333 0.025925925925926
19 0.21432291666667 0.12361111111111 0.0234375 0.019444444444444
19 0.15130208333333 0.56064814814815 0.018229166666667 0.025
19 0.38854166666667 0.47962962962963 0.01875 0.024074074074074
19 0.84088541666667 0.28287037037037 0.019270833333333 0.023148148148148
19 0.61145833333333 0.15972222222222 0.017708333333333 0.025
19 0.56145833333333 0.51064814814815 0.01875 0.023148148148148
19 0.78984375 0.15324074074074 0.0171875 0.025
19 0.21432291666667 0.51712962962963 0.0171875 0.025
19 0.98072916666667 0.28981481481481 0.01875 0.022222222222222
19 0.70729166666667 0.28472222222222 0.01875 0.021296296296296
19 0.35546875 0.1712962962963 0.021354166666667 0.018518518518519
19 0.89713541666667 0.60740740740741 0.016145833333333 0.024074074074074
19 0.12994791666667 0.37638888888889 0.018229166666667 0.021296296296296
19 0.43098958333333 0.4125 0.019270833333333 0.019444444444444
19 0.94348958333333 0.080092592592593 0.016145833333333 0.023148148148148
19 0.71380208333333 0.58148148148148 0.016145833333333 0.022222222222222
19 0.82734375 0.18472222222222 0.016145833333333 0.023148148148148
19 0.60625 0.44953703703704 0.016666666666667 0.021296296296296
19 0.087760416666667 0.27314814814815 0.018229166666667 0.018518518518519
19 0.88619791666667 0.096296296296296 0.015104166666667 0.022222222222222
19 0.81067708333333 0.28611111111111 0.016145833333333 0.02037037037037
19 0.98932291666667 0.36759259259259 0.015104166666667 0.022222222222222
19 0.82916666666667 0.085185185185185 0.014583333333333 0.022222222222222
19 0.75963541666667 0.3537037037037 0.016145833333333 0.02037037037037
19 0.61953125 0.5875 0.015104166666667 0.021296296296296
19 0.79921875 0.5625 0.015104166666667 0.021296296296296
19 0.96041666666667 0.10972222222222 0.014583333333333 0.021296296296296
19 0.86302083333333 0.068055555555556 0.014583333333333 0.021296296296296
19 0.84791666666667 0.4212962962963 0.014583333333333 0.02037037037037
45 0.37994791666667 0.64074074074074 0.013020833333333 0.016666666666667
19 0.95364583333333 0.50833333333333 0.0125 0.016666666666667