19 0.17005208333333 0.91666666666667 0.027604166666667 0.040740740740741
19 0.64791666666667 0.76435185185185 0.030208333333333 0.030555555555556
19 0.72421875 0.28657407407407 0.025520833333333 0.034259259259259
19 0.93645833333333 0.58888888888889 0.026041666666667 0.033333333333333
19 0.15 0.5462962962963 0.027083333333333 0.031481481481481
19 0.92291666666667 0.25462962962963 0.025 0.033333333333333
19 0.88645833333333 0.25509259259259 0.023958333333333 0.032407407407407
19 0.73359375 0.55972222222222 0.024479166666667 0.030555555555556
19 0.97838541666667 0.25648148148148 0.022395833333333 0.031481481481481
19 0.67604166666667 0.76111111111111 0.025 0.027777777777778
19 0.074739583333333 0.91805555555556 0.021354166666667 0.032407407407407
19 0.92213541666667 0.31435185185185 0.022395833333333 0.030555555555556
19 0.03046875 0.74675925925926 0.022395833333333 0.030555555555556
19 0.9515625 0.096759259259259 0.021875 0.030555555555556
19 0.40651041666667 0.71805555555556 0.024479166666667 0.026851851851852
19 0.98385416666667 0.59768518518519 0.022916666666667 0.028703703703704
19 0.48567708333333 0.77037037037037 0.0234375 0.027777777777778
19 0.55208333333333 0.35740740740741 0.022916666666667 0.027777777777778
19 0.29192708333333 0.68888888888889 0.022395833333333 0.027777777777778
19 0.066145833333333 0.33518518518519 0.022916666666667 0.027777777777778
19 0.49322916666667 0.86157407407407 0.022916666666667 0.026851851851852
19 0.90807291666667 0.16527777777778 0.022395833333333 0.026851851851852
19 0.16848958333333 0.94907407407407 0.0203125 0.02962962962963
19 0.74479166666667 0.013425925925926 0.022916666666667 0.026851851851852
19 0.73802083333333 0.4462962962963 0.019791666666667 0.02962962962963
19 0.5078125 0.38888888888889 0.020833333333333 0.027777777777778
19 0.52942708333333 0.83287037037037 0.021354166666667 0.026851851851852
19 0.9328125 0.65972222222222 0.019791666666667 0.028703703703704
19 0.1 0.40740740740741 0.021875 0.025925925925926
19 0.090625 0.29490740740741 0.021875 0.025
19 0.30494791666667 0.37638888888889 0.0203125 0.026851851851852
19 0.026041666666667 0.41712962962963 0.020833333333333 0.025
19 0.32161458333333 0.58981481481481 0.021354166666667 0.024074074074074
19 0.64505208333333 0.9375 0.019270833333333 0.026851851851852
19 0.10807291666667 0.34861111111111 0.0203125 0.025
19 0.83645833333333 0.17314814814815 0.019791666666667 0.024074074074074
19 0.70546875 0.31851851851852 0.0203125 0.024074074074074
19 0.070572916666667 0.53888888888889 0.018229166666667 0.025925925925926
19 0.76744791666667 0.81111111111111 0.019270833333333 0.024074074074074
19 0.13984375 0.81018518518519 0.019270833333333 0.024074074074074
19 0.37005208333333 0.17824074074074 0.018229166666667 0.025
19 0.28098958333333 0.51064814814815 0.019270833333333 0.023148148148148
19 0.2625 0.48657407407407 0.017708333333333 0.025
19 0.28776041666667 0.92222222222222 0.018229166666667 0.024074074074074
19 0.6296875 0.19490740740741 0.017708333333333 0.025
19 0.40078125 0.45324074074074 0.018229166666667 0.023148148148148
19 0.99375 0.67777777777778 0.0125 0.033333333333333
19 0.22109375 0.54675925925926 0.0171875 0.023148148148148
19 0.06640625 0.87685185185185 0.016145833333333 0.024074074074074
19 0.71302083333333 0.12546296296296 0.017708333333333 0.021296296296296
19 0.43098958333333 0.20509259259259 0.016145833333333 0.023148148148148
19 0.42890625 0.018981481481481 0.0171875 0.021296296296296
19 0.85598958333333 0.8787037037037 0.015104166666667 0.022222222222222