49 0.49375 0.52291666666667 0.9875 0.92638888888889
20 0.47734375 0.090972222222222 0.0265625 0.034722222222222
20 0.48125 0.14861111111111 0.028125 0.036111111111111
20 0.50390625 0.18055555555556 0.034375 0.036111111111111
49 0.1515625 0.1625 0.025 0.036111111111111
49 0.13125 0.03125 0.021875 0.034722222222222
20 0.620703125 0.2 0.02109375 0.025
20 0.428125 0.013194444444444 0.0265625 0.026388888888889
20 0.605078125 0.17638888888889 0.02421875 0.027777777777778
49 0.5078125 0.52916666666667 0.9796875 0.91111111111111
49 0.50390625 0.18125 0.0328125 0.034722222222222
49 0.480859375 0.14861111111111 0.02734375 0.036111111111111
49 0.604296875 0.17569444444444 0.02265625 0.026388888888889
49 0.130859375 0.030555555555556 0.02109375 0.033333333333333
49 0.101953125 0.13055555555556 0.01953125 0.027777777777778
49 0.62109375 0.2 0.0203125 0.025