19 0.52239583333333 0.53148148148148 0.026041666666667 0.033333333333333
19 0.60755208333333 0.38101851851852 0.027604166666667 0.032407407407407
19 0.29583333333333 0.2087962962963 0.028125 0.028703703703704
19 0.41666666666667 0.12268518518519 0.025 0.030555555555556
19 0.060677083333333 0.18333333333333 0.0234375 0.031481481481481
19 0.53255208333333 0.24351851851852 0.028645833333333 0.025925925925926
19 0.61354166666667 0.2662037037037 0.021875 0.032407407407407
19 0.75078125 0.18842592592593 0.022395833333333 0.030555555555556
19 0.31588541666667 0.11851851851852 0.021354166666667 0.02962962962963
19 0.91197916666667 0.42037037037037 0.019791666666667 0.031481481481481
19 0.12708333333333 0.14490740740741 0.020833333333333 0.028703703703704
19 0.20807291666667 0.21296296296296 0.0203125 0.027777777777778
19 0.22239583333333 0.081018518518519 0.021875 0.025
19 0.29661458333333 0.1837962962963 0.0203125 0.026851851851852
19 0.49453125 0.3587962962963 0.019270833333333 0.026851851851852
19 0.24244791666667 0.19675925925926 0.019270833333333 0.025
19 0.31640625 0.2712962962963 0.019270833333333 0.024074074074074
19 0.3390625 0.20740740740741 0.01875 0.024074074074074
19 0.84583333333333 0.24953703703704 0.01875 0.023148148148148
19 0.28567708333333 0.66203703703704 0.019270833333333 0.022222222222222
19 0.2390625 0.68796296296296 0.01875 0.022222222222222
19 0.39505208333333 0.14212962962963 0.016145833333333 0.021296296296296