43 0.56484375 0.58425925925926 0.0203125 0.031481481481481
19 0.16640625 0.625 0.021354166666667 0.02962962962963
43 0.37682291666667 0.93055555555556 0.019270833333333 0.031481481481481
19 0.64166666666667 0.2162037037037 0.019791666666667 0.030555555555556
43 0.07421875 0.029166666666667 0.022395833333333 0.026851851851852
43 0.44270833333333 0.44212962962963 0.019791666666667 0.028703703703704
43 0.07734375 0.36990740740741 0.019270833333333 0.026851851851852
19 0.74401041666667 0.22777777777778 0.018229166666667 0.027777777777778
43 0.54140625 0.3875 0.018229166666667 0.026851851851852
43 0.28723958333333 0.55231481481481 0.018229166666667 0.026851851851852
19 0.019270833333333 0.4962962962963 0.01875 0.025925925925926
19 0.496875 0.24351851851852 0.019791666666667 0.024074074074074
19 0.77916666666667 0.21990740740741 0.017708333333333 0.026851851851852
43 0.17890625 0.58842592592593 0.0171875 0.026851851851852
43 0.14869791666667 0.012037037037037 0.018229166666667 0.024074074074074
19 0.79036458333333 0.27407407407407 0.0171875 0.025925925925926
19 0.012239583333333 0.80833333333333 0.018229166666667 0.024074074074074
43 0.32734375 0.29907407407407 0.0171875 0.025925925925926
43 0.61432291666667 0.40555555555556 0.018229166666667 0.024074074074074
43 0.265625 0.63009259259259 0.016666666666667 0.025
43 0.27109375 0.66157407407407 0.016145833333333 0.025
19 0.0065104166666667 0.76759259259259 0.013020833333333 0.02962962962963
43 0.050260416666667 0.24305555555556 0.016145833333333 0.025
43 0.07890625 0.25694444444444 0.0171875 0.023148148148148
43 0.19322916666667 0.49444444444444 0.016666666666667 0.022222222222222
43 0.17083333333333 0.41851851851852 0.016666666666667 0.022222222222222
43 0.40520833333333 0.66342592592593 0.015625 0.023148148148148
43 0.51171875 0.64953703703704 0.015104166666667 0.023148148148148
43 0.23671875 0.70555555555556 0.015104166666667 0.022222222222222
43 0.44348958333333 0.56388888888889 0.015104166666667 0.022222222222222
19 0.40520833333333 0.27361111111111 0.015625 0.021296296296296
43 0.26380208333333 0.74583333333333 0.015104166666667 0.019444444444444
43 0.14375 0.20648148148148 0.015625 0.02037037037037
43 0.41302083333333 0.6162037037037 0.014583333333333 0.021296296296296
43 0.63619791666667 0.64444444444444 0.0140625 0.02037037037037
43 0.36901041666667 0.62777777777778 0.0140625 0.02037037037037
19 0.10677083333333 0.74212962962963 0.013541666666667 0.019444444444444
43 0.33880208333333 0.53796296296296 0.0140625 0.02037037037037