19 0.90234375 0.031018518518519 0.0234375 0.032407407407407
19 0.83098958333333 0.11851851851852 0.021354166666667 0.02962962962963
19 0.90989583333333 0.23888888888889 0.019791666666667 0.027777777777778
19 0.97760416666667 0.062037037037037 0.021875 0.027777777777778
19 0.53125 0.056481481481481 0.019791666666667 0.027777777777778
19 0.88645833333333 0.38148148148148 0.01875 0.027777777777778
19 0.74348958333333 0.08287037037037 0.018229166666667 0.026851851851852
19 0.73333333333333 0.15833333333333 0.01875 0.025925925925926
19 0.13776041666667 0.31481481481481 0.018229166666667 0.025925925925926
19 0.55807291666667 0.4287037037037 0.018229166666667 0.025925925925926
19 0.51380208333333 0.21759259259259 0.018229166666667 0.025925925925926
19 0.271875 0.10740740740741 0.017708333333333 0.025925925925926
19 0.36588541666667 0.39583333333333 0.018229166666667 0.025
19 0.78385416666667 0.29768518518519 0.017708333333333 0.025
19 0.54973958333333 0.11944444444444 0.0171875 0.025925925925926
19 0.20755208333333 0.64166666666667 0.019270833333333 0.022222222222222
19 0.171875 0.040277777777778 0.015625 0.025
19 0.32916666666667 0.27638888888889 0.016666666666667 0.025
19 0.033072916666667 0.43888888888889 0.016145833333333 0.024074074074074
19 0.453125 0.26944444444444 0.015625 0.024074074074074
19 0.6109375 0.088888888888889 0.015625 0.024074074074074
19 0.61171875 0.26064814814815 0.015104166666667 0.023148148148148
19 0.99296875 0.16944444444444 0.013020833333333 0.024074074074074
19 0.83697916666667 0.44814814814815 0.015625 0.022222222222222
19 0.070052083333333 0.68148148148148 0.016145833333333 0.02037037037037
19 0.0052083333333333 0.51157407407407 0.010416666666667 0.025