43 0.56744791666667 0.55231481481481 0.033854166666667 0.039814814814815
43 0.70729166666667 0.2412037037037 0.030208333333333 0.032407407407407
43 0.25859375 0.39722222222222 0.0234375 0.031481481481481
43 0.85 0.33981481481481 0.023958333333333 0.02962962962963
43 0.73151041666667 0.32824074074074 0.0234375 0.028703703703704
43 0.76640625 0.65 0.022395833333333 0.02962962962963
43 0.65755208333333 0.53888888888889 0.0234375 0.027777777777778
43 0.66875 0.29537037037037 0.021875 0.02962962962963
43 0.63932291666667 0.57962962962963 0.022395833333333 0.027777777777778
43 0.6546875 0.61527777777778 0.020833333333333 0.026851851851852
43 0.765625 0.84537037037037 0.020833333333333 0.02962962962963
43 0.42734375 0.86898148148148 0.022395833333333 0.026851851851852
43 0.26119791666667 0.50092592592593 0.021354166666667 0.027777777777778
43 0.56875 0.4037037037037 0.021875 0.027777777777778
43 0.63177083333333 0.20972222222222 0.020833333333333 0.026851851851852
43 0.60338541666667 0.79305555555556 0.019270833333333 0.028703703703704
43 0.46536458333333 0.9837962962963 0.021354166666667 0.025
43 0.55989583333333 0.90972222222222 0.019791666666667 0.026851851851852
43 0.4796875 0.82962962962963 0.019791666666667 0.027777777777778
43 0.64322916666667 0.36712962962963 0.019791666666667 0.023148148148148
43 0.40390625 0.9125 0.019270833333333 0.023148148148148
43 0.66223958333333 0.91435185185185 0.018229166666667 0.023148148148148
43 0.41354166666667 0.65 0.017708333333333 0.022222222222222
43 0.30442708333333 0.74907407407407 0.019270833333333 0.02037037037037
43 0.8703125 0.6462962962963 0.01875 0.022222222222222
43 0.3890625 0.6337962962963 0.01875 0.021296296296296
43 0.85130208333333 0.75648148148148 0.0171875 0.022222222222222
43 0.73723958333333 0.73611111111111 0.0171875 0.022222222222222
43 0.3171875 0.74907407407407 0.01875 0.02037037037037
43 0.62239583333333 0.2412037037037 0.017708333333333 0.021296296296296
43 0.59375 0.27546296296296 0.017708333333333 0.021296296296296
43 0.77708333333333 0.88888888888889 0.016666666666667 0.022222222222222
43 0.42760416666667 0.81388888888889 0.017708333333333 0.02037037037037
43 0.36692708333333 0.72824074074074 0.0171875 0.021296296296296
43 0.41276041666667 0.96759259259259 0.0171875 0.02037037037037
43 0.59348958333333 0.22824074074074 0.016145833333333 0.019444444444444
43 0.78567708333333 0.46759259259259 0.016145833333333 0.02037037037037
43 0.24140625 0.53888888888889 0.015104166666667 0.02037037037037
43 0.36119791666667 0.89305555555556 0.015104166666667 0.019444444444444
43 0.44921875 0.95694444444444 0.016145833333333 0.017592592592593
43 0.87552083333333 0.68194444444444 0.014583333333333 0.019444444444444
43 0.38958333333333 0.99027777777778 0.014583333333333 0.015740740740741
43 0.74036458333333 0.90231481481481 0.013020833333333 0.017592592592593
43 0.37083333333333 0.92546296296296 0.013541666666667 0.015740740740741
43 0.39375 0.75740740740741 0.0125 0.016666666666667