20 0.96458333333333 0.031481481481481 0.027083333333333 0.038888888888889
20 0.19244791666667 0.5662037037037 0.027604166666667 0.034259259259259
20 0.67942708333333 0.81111111111111 0.0265625 0.033333333333333
20 0.73229166666667 0.83425925925926 0.027083333333333 0.031481481481481
20 0.086458333333333 0.33842592592593 0.026041666666667 0.032407407407407
20 0.59296875 0.90046296296296 0.027604166666667 0.030555555555556
20 0.5640625 0.8462962962963 0.028125 0.02962962962963
20 0.97682291666667 0.32083333333333 0.025520833333333 0.032407407407407
20 0.39921875 0.23425925925926 0.0265625 0.02962962962963
20 0.81223958333333 0.92037037037037 0.0265625 0.02962962962963
20 0.95859375 0.35648148148148 0.0234375 0.031481481481481
20 0.98723958333333 0.20925925925926 0.0234375 0.031481481481481
20 0.77291666666667 0.60324074074074 0.023958333333333 0.030555555555556
20 0.29973958333333 0.55324074074074 0.024479166666667 0.028703703703704
20 0.24895833333333 0.61342592592593 0.026041666666667 0.026851851851852
20 0.28515625 0.61666666666667 0.024479166666667 0.027777777777778
20 0.75442708333333 0.3875 0.024479166666667 0.026851851851852
20 0.77942708333333 0.19444444444444 0.0234375 0.02962962962963
20 0.98932291666667 0.72916666666667 0.019270833333333 0.034259259259259
20 0.030208333333333 0.77777777777778 0.023958333333333 0.027777777777778
20 0.2765625 0.96898148148148 0.021875 0.028703703703704
20 0.30859375 0.73148148148148 0.0234375 0.025925925925926
20 0.80364583333333 0.36898148148148 0.021875 0.028703703703704
20 0.1328125 0.43333333333333 0.021875 0.027777777777778
20 0.53541666666667 0.91990740740741 0.026041666666667 0.023148148148148
20 0.83697916666667 0.52546296296296 0.019791666666667 0.028703703703704
20 0.31432291666667 0.41342592592593 0.022395833333333 0.025
20 0.42552083333333 0.78101851851852 0.021875 0.025
20 0.073177083333333 0.53194444444444 0.018229166666667 0.026851851851852
20 0.16197916666667 0.94722222222222 0.019791666666667 0.027777777777778
20 0.43567708333333 0.49398148148148 0.019270833333333 0.026851851851852
20 0.14322916666667 0.84814814814815 0.021875 0.022222222222222
20 0.26692708333333 0.52361111111111 0.0203125 0.023148148148148
20 0.92708333333333 0.22916666666667 0.01875 0.025
20 0.22083333333333 0.9375 0.01875 0.025
20 0.796875 0.88703703703704 0.01875 0.024074074074074
20 0.46614583333333 0.22592592592593 0.01875 0.024074074074074
20 0.67682291666667 0.24027777777778 0.015104166666667 0.021296296296296
20 0.77838541666667 0.053703703703704 0.015104166666667 0.024074074074074
20 0.020833333333333 0.8962962962963 0.015625 0.022222222222222
20 0.99010416666667 0.67546296296296 0.015625 0.023148148148148
20 0.12317708333333 0.95416666666667 0.015104166666667 0.021296296296296
20 0.59557291666667 0.43194444444444 0.019270833333333 0.025
20 0.08203125 0.975 0.015104166666667 0.02037037037037