19 0.4078125 0.1787037037037 0.027083333333333 0.037037037037037
19 0.74322916666667 0.29259259259259 0.027083333333333 0.035185185185185
19 0.79505208333333 0.43796296296296 0.025520833333333 0.037037037037037
19 0.20286458333333 0.56666666666667 0.025520833333333 0.037037037037037
19 0.52395833333333 0.10046296296296 0.027083333333333 0.036111111111111
19 0.97083333333333 0.63055555555556 0.025 0.037037037037037
19 0.63098958333333 0.17361111111111 0.025520833333333 0.036111111111111
19 0.6515625 0.46712962962963 0.027083333333333 0.041666666666667
19 0.076822916666667 0.79027777777778 0.0234375 0.037962962962963
19 0.97083333333333 0.70740740740741 0.026041666666667 0.035185185185185
19 0.4171875 0.67962962962963 0.025 0.033333333333333
19 0.35911458333333 0.41990740740741 0.025520833333333 0.032407407407407
19 0.94192708333333 0.3375 0.025520833333333 0.032407407407407
19 0.34739583333333 0.093981481481481 0.027083333333333 0.036111111111111
19 0.33854166666667 0.70555555555556 0.023958333333333 0.033333333333333
19 0.45572916666667 0.26944444444444 0.025 0.031481481481481
19 0.96276041666667 0.57731481481481 0.0234375 0.034259259259259
19 0.11927083333333 0.94444444444444 0.022916666666667 0.033333333333333
19 0.928125 0.23842592592593 0.023958333333333 0.030555555555556
19 0.54661458333333 0.46481481481481 0.024479166666667 0.031481481481481
19 0.35364583333333 0.13657407407407 0.023958333333333 0.032407407407407
19 0.27552083333333 0.76574074074074 0.022916666666667 0.031481481481481
19 0.84947916666667 0.35555555555556 0.021875 0.033333333333333
19 0.49479166666667 0.29444444444444 0.022916666666667 0.031481481481481
19 0.62786458333333 0.69907407407407 0.0234375 0.02962962962963
19 0.13723958333333 0.68611111111111 0.022395833333333 0.02962962962963
19 0.53489583333333 0.43194444444444 0.022916666666667 0.028703703703704
19 0.71953125 0.55833333333333 0.021354166666667 0.031481481481481
19 0.70260416666667 0.36342592592593 0.021875 0.030555555555556
19 0.84635416666667 0.51481481481481 0.022916666666667 0.027777777777778
43 0.66796875 0.32824074074074 0.022395833333333 0.028703703703704
19 0.33489583333333 0.50324074074074 0.021875 0.028703703703704
43 0.975 0.4587962962963 0.022916666666667 0.026851851851852
19 0.47786458333333 0.63842592592593 0.022395833333333 0.026851851851852
19 0.33333333333333 0.5662037037037 0.020833333333333 0.028703703703704
19 0.95286458333333 0.88333333333333 0.018229166666667 0.025925925925926
19 0.39244791666667 0.5287037037037 0.019270833333333 0.025925925925926
19 0.76354166666667 0.34722222222222 0.017708333333333 0.025925925925926
19 0.061458333333333 0.22083333333333 0.027083333333333 0.039814814814815
19 0.68958333333333 0.29675925925926 0.028125 0.034259259259259