19 0.34557291666667 0.7162037037037 0.021354166666667 0.030555555555556
19 0.57317708333333 0.70046296296296 0.0203125 0.026851851851852
19 0.03515625 0.7962962962963 0.018229166666667 0.02962962962963
19 0.2453125 0.50462962962963 0.020833333333333 0.025925925925926
19 0.012760416666667 0.20324074074074 0.018229166666667 0.028703703703704
19 0.13151041666667 0.52037037037037 0.019270833333333 0.027777777777778
19 0.11354166666667 0.79444444444444 0.019791666666667 0.025925925925926
19 0.50677083333333 0.77314814814815 0.01875 0.025925925925926
19 0.50052083333333 0.50694444444444 0.019791666666667 0.025
19 0.55234375 0.95740740740741 0.018229166666667 0.027777777777778
19 0.40546875 0.48148148148148 0.019270833333333 0.024074074074074
19 0.45703125 0.7287037037037 0.018229166666667 0.024074074074074
19 0.10703125 0.70740740740741 0.018229166666667 0.024074074074074
19 0.27552083333333 0.9662037037037 0.016666666666667 0.025
19 0.52786458333333 0.82361111111111 0.0171875 0.025
19 0.47994791666667 0.34814814814815 0.0203125 0.02037037037037
19 0.35130208333333 0.4587962962963 0.019270833333333 0.021296296296296
19 0.066666666666667 0.68194444444444 0.017708333333333 0.023148148148148
19 0.31119791666667 0.31898148148148 0.0171875 0.023148148148148
19 0.27838541666667 0.25694444444444 0.0171875 0.023148148148148
19 0.70911458333333 0.76759259259259 0.019270833333333 0.02037037037037
19 0.8265625 0.36064814814815 0.017708333333333 0.023148148148148
19 0.62864583333333 0.57453703703704 0.017708333333333 0.021296296296296
19 0.32083333333333 0.39074074074074 0.016666666666667 0.022222222222222
19 0.14791666666667 0.13981481481481 0.016666666666667 0.022222222222222
19 0.753125 0.89722222222222 0.016666666666667 0.022222222222222
19 0.725 0.6287037037037 0.017708333333333 0.02037037037037
19 0.51953125 0.89074074074074 0.016145833333333 0.022222222222222
19 0.95494791666667 0.42314814814815 0.016145833333333 0.022222222222222
19 0.13567708333333 0.99166666666667 0.019270833333333 0.018518518518519
19 0.10520833333333 0.36203703703704 0.015625 0.022222222222222
19 0.38098958333333 0.59675925925926 0.016145833333333 0.021296296296296
19 0.40755208333333 0.58009259259259 0.016145833333333 0.021296296296296
19 0.93541666666667 0.3212962962963 0.016666666666667 0.02037037037037
19 0.41666666666667 0.63055555555556 0.016666666666667 0.02037037037037
19 0.32213541666667 0.63611111111111 0.015104166666667 0.022222222222222
19 0.53723958333333 0.54027777777778 0.0171875 0.019444444444444
19 0.3515625 0.55972222222222 0.015625 0.021296296296296
19 0.82395833333333 0.61388888888889 0.017708333333333 0.018518518518519
19 0.17864583333333 0.7212962962963 0.014583333333333 0.022222222222222
19 0.30963541666667 0.67546296296296 0.015104166666667 0.021296296296296
19 0.15338541666667 0.83935185185185 0.015104166666667 0.021296296296296
19 0.86588541666667 0.88842592592593 0.016145833333333 0.019444444444444
19 0.18619791666667 0.81388888888889 0.0140625 0.022222222222222
19 0.28854166666667 0.71342592592593 0.014583333333333 0.021296296296296
19 0.06171875 0.63796296296296 0.0140625 0.022222222222222
19 0.14114583333333 0.46203703703704 0.014583333333333 0.02037037037037
19 0.221875 0.53333333333333 0.014583333333333 0.02037037037037
19 0.87786458333333 0.31527777777778 0.016145833333333 0.017592592592593
19 0.58984375 0.44675925925926 0.015104166666667 0.019444444444444
19 0.24166666666667 0.65 0.013541666666667 0.02037037037037
19 0.38671875 0.45185185185185 0.0140625 0.018518518518519
19 0.34088541666667 0.49305555555556 0.0140625 0.017592592592593
19 0.0052083333333333 0.70555555555556 0.010416666666667 0.022222222222222
19 0.066666666666667 0.3712962962963 0.013541666666667 0.016666666666667