19 0.5 0.30416666666667 0.030208333333333 0.030555555555556
19 0.62942708333333 0.20925925925926 0.031770833333333 0.027777777777778
19 0.73723958333333 0.23564814814815 0.028645833333333 0.028703703703704
19 0.74296875 0.43703703703704 0.0234375 0.02962962962963
19 0.75546875 0.37685185185185 0.025520833333333 0.031481481481481
19 0.59296875 0.25231481481481 0.025520833333333 0.028703703703704
19 0.67630208333333 0.18935185185185 0.025520833333333 0.026851851851852
19 0.69453125 0.31898148148148 0.024479166666667 0.026851851851852
19 0.71510416666667 0.50462962962963 0.021875 0.02962962962963
19 0.45078125 0.25648148148148 0.0234375 0.025925925925926
19 0.66848958333333 0.52175925925926 0.021354166666667 0.028703703703704
19 0.83671875 0.35925925925926 0.022395833333333 0.025925925925926
19 0.36666666666667 0.49027777777778 0.023958333333333 0.025
19 0.54817708333333 0.21851851851852 0.022395833333333 0.025925925925926
19 0.55338541666667 0.21296296296296 0.022395833333333 0.025925925925926
19 0.78671875 0.38842592592593 0.021354166666667 0.026851851851852
19 0.74453125 0.23101851851852 0.022395833333333 0.025
19 0.60572916666667 0.10138888888889 0.021875 0.025
19 0.3171875 0.15555555555556 0.021875 0.024074074074074
19 0.68125 0.42731481481481 0.022916666666667 0.021296296296296
19 0.83619791666667 0.31157407407407 0.0203125 0.023148148148148
19 0.48333333333333 0.54351851851852 0.020833333333333 0.022222222222222
19 0.7890625 0.2587962962963 0.019791666666667 0.023148148148148
19 0.57526041666667 0.26805555555556 0.021354166666667 0.021296296296296
19 0.80130208333333 0.21898148148148 0.019270833333333 0.023148148148148
19 0.44010416666667 0.51851851851852 0.019791666666667 0.022222222222222
19 0.63229166666667 0.54259259259259 0.019791666666667 0.022222222222222
19 0.8875 0.31990740740741 0.01875 0.023148148148148
19 0.69036458333333 0.42314814814815 0.019270833333333 0.022222222222222
19 0.75078125 0.28055555555556 0.019270833333333 0.022222222222222
19 0.82864583333333 0.26111111111111 0.01875 0.022222222222222
19 0.825 0.31296296296296 0.01875 0.022222222222222
19 0.56067708333333 0.2587962962963 0.019270833333333 0.021296296296296
19 0.69765625 0.2875 0.019270833333333 0.021296296296296
19 0.72630208333333 0.30462962962963 0.018229166666667 0.022222222222222
19 0.74270833333333 0.32268518518519 0.01875 0.021296296296296
19 0.63697916666667 0.2087962962963 0.01875 0.021296296296296
19 0.65625 0.41481481481481 0.017708333333333 0.022222222222222
19 0.8 0.30138888888889 0.017708333333333 0.021296296296296
19 0.76197916666667 0.30509259259259 0.017708333333333 0.021296296296296
19 0.39010416666667 0.41018518518519 0.016666666666667 0.022222222222222
19 0.45416666666667 0.15324074074074 0.01875 0.019444444444444
19 0.78802083333333 0.3287037037037 0.017708333333333 0.02037037037037
19 0.353125 0.32407407407407 0.017708333333333 0.02037037037037
19 0.63333333333333 0.28796296296296 0.017708333333333 0.02037037037037
19 0.54765625 0.32083333333333 0.018229166666667 0.019444444444444
19 0.67786458333333 0.33796296296296 0.0171875 0.02037037037037
19 0.6015625 0.49490740740741 0.017708333333333 0.019444444444444
19 0.65104166666667 0.16435185185185 0.017708333333333 0.019444444444444
19 0.53541666666667 0.5337962962963 0.017708333333333 0.019444444444444
19 0.75807291666667 0.50972222222222 0.0171875 0.019444444444444
19 0.81276041666667 0.27175925925926 0.0171875 0.019444444444444
19 0.65911458333333 0.28101851851852 0.0171875 0.019444444444444
19 0.55026041666667 0.54398148148148 0.0171875 0.019444444444444
19 0.44661458333333 0.54861111111111 0.0171875 0.019444444444444
19 0.74401041666667 0.56203703703704 0.016145833333333 0.02037037037037
19 0.52708333333333 0.16018518518519 0.017708333333333 0.018518518518519
19 0.51822916666667 0.4212962962963 0.017708333333333 0.018518518518519
19 0.409375 0.38472222222222 0.016666666666667 0.019444444444444
19 0.6828125 0.37546296296296 0.016666666666667 0.019444444444444
19 0.65572916666667 0.39953703703704 0.016666666666667 0.019444444444444
19 0.67578125 0.26574074074074 0.0171875 0.018518518518519
19 0.40651041666667 0.28240740740741 0.0171875 0.018518518518519
19 0.62630208333333 0.45277777777778 0.0171875 0.018518518518519
19 0.80130208333333 0.3587962962963 0.016145833333333 0.019444444444444
19 0.31927083333333 0.20833333333333 0.016666666666667 0.018518518518519
19 0.64036458333333 0.49027777777778 0.016145833333333 0.019444444444444
19 0.4015625 0.42083333333333 0.015625 0.019444444444444
19 0.52786458333333 0.38518518518519 0.016145833333333 0.018518518518519
19 0.55130208333333 0.46759259259259 0.016145833333333 0.018518518518519
19 0.71692708333333 0.42314814814815 0.016145833333333 0.018518518518519
19 0.534375 0.41712962962963 0.016666666666667 0.017592592592593
19 0.60026041666667 0.16296296296296 0.016145833333333 0.018518518518519
19 0.3609375 0.42222222222222 0.015625 0.018518518518519
19 0.66197916666667 0.55 0.015625 0.018518518518519
19 0.36354166666667 0.28888888888889 0.015625 0.018518518518519
19 0.57395833333333 0.47083333333333 0.015625 0.017592592592593
19 0.7796875 0.48009259259259 0.015625 0.017592592592593
19 0.39921875 0.50324074074074 0.015104166666667 0.017592592592593
19 0.46484375 0.50324074074074 0.015104166666667 0.017592592592593
19 0.38880208333333 0.37824074074074 0.015104166666667 0.017592592592593
19 0.49140625 0.49212962962963 0.015104166666667 0.017592592592593
19 0.54869791666667 0.50740740740741 0.015104166666667 0.016666666666667
19 0.48020833333333 0.4287037037037 0.015625 0.016666666666667
19 0.56875 0.51574074074074 0.014583333333333 0.016666666666667
19 0.66145833333333 0.45925925925926 0.014583333333333 0.016666666666667
43 0.75572916666667 0.37685185185185 0.022916666666667 0.031481481481481
43 0.628125 0.20972222222222 0.027083333333333 0.026851851851852
43 0.49895833333333 0.30277777777778 0.027083333333333 0.033333333333333
43 0.66848958333333 0.52222222222222 0.0203125 0.031481481481481
43 0.71432291666667 0.50462962962963 0.0203125 0.031481481481481
43 0.69479166666667 0.31851851851852 0.021875 0.027777777777778
43 0.67786458333333 0.19027777777778 0.022395833333333 0.026851851851852
43 0.59348958333333 0.25185185185185 0.021354166666667 0.027777777777778
43 0.45078125 0.25648148148148 0.021354166666667 0.025925925925926
43 0.54739583333333 0.21898148148148 0.020833333333333 0.025
43 0.78671875 0.38888888888889 0.019270833333333 0.025925925925926
43 0.63255208333333 0.54259259259259 0.019270833333333 0.025925925925926
43 0.36770833333333 0.48842592592593 0.019791666666667 0.025
43 0.83645833333333 0.35972222222222 0.019791666666667 0.025
43 0.60494791666667 0.10092592592593 0.0203125 0.024074074074074
43 0.55338541666667 0.21296296296296 0.019270833333333 0.024074074074074
43 0.82864583333333 0.26111111111111 0.017708333333333 0.024074074074074
43 0.3171875 0.15555555555556 0.01875 0.022222222222222
43 0.7890625 0.25925925925926 0.017708333333333 0.024074074074074
43 0.75078125 0.28009259259259 0.0171875 0.023148148148148
43 0.82552083333333 0.31296296296296 0.017708333333333 0.022222222222222
43 0.74661458333333 0.23009259259259 0.018229166666667 0.021296296296296
43 0.56015625 0.25833333333333 0.0171875 0.022222222222222
43 0.74296875 0.32314814814815 0.0171875 0.022222222222222
43 0.69765625 0.28796296296296 0.0171875 0.022222222222222
43 0.52682291666667 0.16018518518519 0.018229166666667 0.02037037037037
43 0.8015625 0.21851851851852 0.016666666666667 0.022222222222222
43 0.76197916666667 0.30555555555556 0.016666666666667 0.022222222222222
43 0.88723958333333 0.31990740740741 0.0171875 0.021296296296296
43 0.4546875 0.1537037037037 0.017708333333333 0.02037037037037
43 0.69010416666667 0.42268518518519 0.016666666666667 0.021296296296296
43 0.65833333333333 0.28101851851852 0.016666666666667 0.021296296296296
43 0.75807291666667 0.50972222222222 0.016145833333333 0.021296296296296
43 0.74713541666667 0.43287037037037 0.016145833333333 0.021296296296296
43 0.55026041666667 0.54398148148148 0.016145833333333 0.021296296296296
43 0.67604166666667 0.2662037037037 0.015625 0.021296296296296
43 0.63359375 0.28796296296296 0.016145833333333 0.02037037037037
43 0.60130208333333 0.49537037037037 0.016145833333333 0.02037037037037
43 0.35364583333333 0.325 0.015625 0.02037037037037
43 0.6375 0.20925925925926 0.015625 0.02037037037037
43 0.77994791666667 0.48009259259259 0.016145833333333 0.019444444444444
43 0.54765625 0.32083333333333 0.016145833333333 0.019444444444444
43 0.67734375 0.33796296296296 0.015104166666667 0.02037037037037
43 0.65520833333333 0.40046296296296 0.014583333333333 0.021296296296296
43 0.52864583333333 0.38564814814815 0.015625 0.019444444444444
43 0.80104166666667 0.35925925925926 0.014583333333333 0.02037037037037
43 0.40911458333333 0.38472222222222 0.015104166666667 0.019444444444444
43 0.68255208333333 0.37546296296296 0.015104166666667 0.019444444444444
43 0.40625 0.28333333333333 0.015625 0.018518518518519
43 0.64010416666667 0.49027777777778 0.014583333333333 0.019444444444444
43 0.65104166666667 0.16388888888889 0.015625 0.018518518518519
43 0.62604166666667 0.45324074074074 0.014583333333333 0.019444444444444
43 0.31953125 0.20833333333333 0.015104166666667 0.018518518518519
43 0.47942708333333 0.4287037037037 0.015104166666667 0.018518518518519
43 0.53411458333333 0.41666666666667 0.015104166666667 0.018518518518519
43 0.78802083333333 0.3287037037037 0.014583333333333 0.018518518518519
43 0.5734375 0.4712962962963 0.014583333333333 0.018518518518519
43 0.40208333333333 0.42222222222222 0.014583333333333 0.018518518518519
43 0.74427083333333 0.56157407407407 0.013541666666667 0.019444444444444
43 0.36328125 0.28888888888889 0.0140625 0.018518518518519
43 0.36067708333333 0.42314814814815 0.0140625 0.018518518518519
43 0.55078125 0.46759259259259 0.0140625 0.018518518518519
43 0.50026041666667 0.3037037037037 0.0265625 0.031481481481481
43 0.62838541666667 0.20925925925926 0.027604166666667 0.025925925925926
43 0.75572916666667 0.37638888888889 0.022916666666667 0.030555555555556
43 0.71484375 0.50555555555556 0.0203125 0.031481481481481
43 0.66822916666667 0.52175925925926 0.020833333333333 0.030555555555556
43 0.69479166666667 0.31805555555556 0.021875 0.026851851851852
43 0.59322916666667 0.25231481481481 0.020833333333333 0.026851851851852
43 0.678125 0.19074074074074 0.021875 0.025925925925926
43 0.45078125 0.25648148148148 0.021354166666667 0.024074074074074
43 0.54739583333333 0.21898148148148 0.019791666666667 0.025
43 0.83671875 0.35972222222222 0.019270833333333 0.025
43 0.48333333333333 0.54398148148148 0.01875 0.023148148148148
43 0.78880208333333 0.25925925925926 0.0171875 0.024074074074074
43 0.31692708333333 0.15555555555556 0.018229166666667 0.022222222222222
43 0.44036458333333 0.51851851851852 0.018229166666667 0.022222222222222
43 0.88697916666667 0.32037037037037 0.016666666666667 0.022222222222222
43 0.74270833333333 0.32314814814815 0.016666666666667 0.022222222222222
43 0.44635416666667 0.54907407407407 0.016666666666667 0.022222222222222
43 0.45442708333333 0.15324074074074 0.0171875 0.021296296296296
43 0.69765625 0.28796296296296 0.016145833333333 0.022222222222222
43 0.7578125 0.50972222222222 0.015625 0.021296296296296
43 0.55026041666667 0.54444444444444 0.016145833333333 0.02037037037037
43 0.52708333333333 0.16064814814815 0.016666666666667 0.019444444444444
43 0.74739583333333 0.43240740740741 0.015625 0.02037037037037
43 0.54739583333333 0.32083333333333 0.015625 0.019444444444444
43 0.35364583333333 0.32453703703704 0.015625 0.019444444444444
43 0.7796875 0.48009259259259 0.015625 0.019444444444444
43 0.38880208333333 0.40972222222222 0.015104166666667 0.019444444444444
43 0.40859375 0.38472222222222 0.015104166666667 0.019444444444444
43 0.63359375 0.2875 0.015104166666667 0.019444444444444
43 0.528125 0.38518518518519 0.015625 0.018518518518519
43 0.80104166666667 0.35972222222222 0.014583333333333 0.019444444444444
43 0.74401041666667 0.56157407407407 0.0140625 0.019444444444444
43 0.36041666666667 0.42314814814815 0.014583333333333 0.018518518518519
43 0.31979166666667 0.20833333333333 0.014583333333333 0.018518518518519
43 0.64036458333333 0.49074074074074 0.0140625 0.018518518518519
43 0.38880208333333 0.37777777777778 0.0140625 0.018518518518519
43 0.4796875 0.42824074074074 0.014583333333333 0.017592592592593
43 0.55052083333333 0.46759259259259 0.013541666666667 0.018518518518519
43 0.57369791666667 0.47175925925926 0.0140625 0.017592592592593
43 0.46432291666667 0.50324074074074 0.0140625 0.017592592592593
43 0.49166666666667 0.49212962962963 0.013541666666667 0.017592592592593