43 0.023697916666667 0.56203703703704 0.027604166666667 0.042592592592593
43 0.25572916666667 0.63148148148148 0.019791666666667 0.035185185185185
19 0.41041666666667 0.26898148148148 0.021875 0.028703703703704
43 0.043229166666667 0.39907407407407 0.021875 0.025925925925926
43 0.13567708333333 0.59444444444444 0.0203125 0.033333333333333
19 0.26302083333333 0.018055555555556 0.019791666666667 0.025
43 0.03828125 0.62962962962963 0.019270833333333 0.027777777777778
43 0.06953125 0.65740740740741 0.0203125 0.02962962962963
43 0.56901041666667 0.23657407407407 0.018229166666667 0.025
43 0.38098958333333 0.29305555555556 0.018229166666667 0.025
43 0.62942708333333 0.53287037037037 0.0171875 0.025
43 0.00703125 0.4875 0.013020833333333 0.028703703703704
43 0.31276041666667 0.30416666666667 0.0171875 0.025
43 0.41640625 0.5587962962963 0.015104166666667 0.023148148148148
43 0.02421875 0.56111111111111 0.0265625 0.040740740740741
43 0.25546875 0.63287037037037 0.0203125 0.034259259259259
43 0.1359375 0.59351851851852 0.019791666666667 0.031481481481481
43 0.41067708333333 0.26990740740741 0.021354166666667 0.028703703703704
43 0.069270833333333 0.65833333333333 0.019791666666667 0.027777777777778
43 0.2625 0.017592592592593 0.019791666666667 0.025925925925926
43 0.27864583333333 0.5625 0.017708333333333 0.028703703703704
43 0.03828125 0.62962962962963 0.018229166666667 0.025925925925926
43 0.04296875 0.39907407407407 0.021354166666667 0.025925925925926
43 0.98125 0.98194444444444 0.017708333333333 0.025
43 0.38125 0.29351851851852 0.017708333333333 0.024074074074074
43 0.16666666666667 0.44537037037037 0.017708333333333 0.024074074074074
43 0.6296875 0.53287037037037 0.016666666666667 0.025
43 0.56927083333333 0.23657407407407 0.017708333333333 0.023148148148148
43 0.3125 0.30416666666667 0.016666666666667 0.025
43 0.3421875 0.63148148148148 0.015625 0.025925925925926
43 0.00703125 0.4875 0.0140625 0.028703703703704
43 0.50130208333333 0.42777777777778 0.0171875 0.022222222222222
43 0.91223958333333 0.73842592592593 0.016145833333333 0.023148148148148
43 0.073697916666667 0.034722222222222 0.0171875 0.021296296296296
43 0.84036458333333 0.78981481481481 0.015104166666667 0.024074074074074
43 0.22890625 0.70648148148148 0.015104166666667 0.024074074074074
43 0.12239583333333 0.61759259259259 0.015625 0.022222222222222
43 0.359375 0.98935185185185 0.017708333333333 0.019444444444444
43 0.93229166666667 0.79953703703704 0.015625 0.021296296296296
43 0.20807291666667 0.74583333333333 0.0140625 0.023148148148148
43 0.41666666666667 0.55833333333333 0.014583333333333 0.022222222222222
43 0.39973958333333 0.61296296296296 0.0140625 0.022222222222222
43 0.55989583333333 0.61527777777778 0.014583333333333 0.021296296296296
43 0.28645833333333 0.45046296296296 0.014583333333333 0.021296296296296
43 0.23541666666667 0.66064814814815 0.014583333333333 0.021296296296296
43 0.47369791666667 0.47962962962963 0.015104166666667 0.02037037037037
43 0.52057291666667 0.60972222222222 0.0140625 0.021296296296296
43 0.23046875 0.88101851851852 0.0140625 0.021296296296296
43 0.61927083333333 0.66898148148148 0.013541666666667 0.021296296296296
43 0.28932291666667 0.52222222222222 0.0140625 0.02037037037037
43 0.37838541666667 0.66944444444444 0.0140625 0.02037037037037
43 0.21979166666667 0.79351851851852 0.013541666666667 0.02037037037037
43 0.43203125 0.98472222222222 0.0140625 0.019444444444444
43 0.13385416666667 0.77777777777778 0.013541666666667 0.018518518518519
43 0.22630208333333 0.41898148148148 0.0140625 0.017592592592593
43 0.52734375 0.92037037037037 0.011979166666667 0.02037037037037
43 0.62083333333333 0.5587962962963 0.0125 0.019444444444444
43 0.49322916666667 0.67546296296296 0.0125 0.019444444444444
43 0.71302083333333 0.725 0.0125 0.018518518518519