19 0.20130208333333 0.58425925925926 0.031770833333333 0.02962962962963
19 0.90130208333333 0.15601851851852 0.0234375 0.037962962962963
19 0.56145833333333 0.56990740740741 0.025 0.028703703703704
19 0.24166666666667 0.23657407407407 0.026041666666667 0.032407407407407
19 0.95520833333333 0.41805555555556 0.01875 0.034259259259259
19 0.44583333333333 0.43703703703704 0.023958333333333 0.027777777777778
19 0.02890625 0.12592592592593 0.0234375 0.025925925925926
19 0.33020833333333 0.68472222222222 0.020833333333333 0.030555555555556
19 0.259375 0.75509259259259 0.020833333333333 0.028703703703704
19 0.57526041666667 0.064351851851852 0.021354166666667 0.026851851851852
19 0.49661458333333 0.16203703703704 0.021354166666667 0.025925925925926
19 0.1921875 0.51481481481481 0.019791666666667 0.027777777777778
19 0.1515625 0.2037037037037 0.019791666666667 0.027777777777778
19 0.31848958333333 0.44490740740741 0.0203125 0.026851851851852
19 0.81796875 0.30740740740741 0.019270833333333 0.027777777777778
19 0.64973958333333 0.26990740740741 0.021354166666667 0.025
19 0.09609375 0.51805555555556 0.021354166666667 0.025
19 0.86927083333333 0.78472222222222 0.019791666666667 0.026851851851852
19 0.5578125 0.26388888888889 0.01875 0.027777777777778
19 0.57864583333333 0.1787037037037 0.01875 0.027777777777778
19 0.7734375 0.39259259259259 0.019791666666667 0.025925925925926
19 0.49401041666667 0.11712962962963 0.0203125 0.025
19 0.71458333333333 0.068055555555556 0.01875 0.026851851851852
19 0.72135416666667 0.37268518518519 0.01875 0.026851851851852
19 0.3078125 0.97175925925926 0.019791666666667 0.025
19 0.21223958333333 0.37824074074074 0.019270833333333 0.025
19 0.9 0.53194444444444 0.017708333333333 0.026851851851852
19 0.665625 0.97083333333333 0.01875 0.025
19 0.28828125 0.061574074074074 0.0171875 0.026851851851852
19 0.7578125 0.78240740740741 0.017708333333333 0.025925925925926
19 0.43072916666667 0.54351851851852 0.017708333333333 0.025925925925926
19 0.79322916666667 0.28981481481481 0.017708333333333 0.025925925925926
19 0.13880208333333 0.88194444444444 0.018229166666667 0.025
19 0.14140625 0.2912037037037 0.018229166666667 0.025
19 0.603125 0.62592592592593 0.01875 0.024074074074074
19 0.11640625 0.62777777777778 0.0203125 0.022222222222222
19 0.34557291666667 0.37175925925926 0.018229166666667 0.025
19 0.93671875 0.56574074074074 0.0171875 0.025925925925926
19 0.066145833333333 0.064351851851852 0.017708333333333 0.025
19 0.37994791666667 0.51018518518519 0.018229166666667 0.024074074074074
19 0.29036458333333 0.31944444444444 0.018229166666667 0.024074074074074
19 0.33359375 0.20555555555556 0.018229166666667 0.024074074074074
19 0.29817708333333 0.36111111111111 0.018229166666667 0.024074074074074
19 0.51171875 0.21851851851852 0.018229166666667 0.024074074074074
19 0.58385416666667 0.70972222222222 0.01875 0.023148148148148
19 0.82786458333333 0.60231481481481 0.0171875 0.025
19 0.0080729166666667 0.022685185185185 0.016145833333333 0.026851851851852
19 0.96458333333333 0.3 0.017708333333333 0.024074074074074
19 0.21380208333333 0.41990740740741 0.018229166666667 0.023148148148148
19 0.78567708333333 0.6412037037037 0.018229166666667 0.023148148148148
19 0.17526041666667 0.9162037037037 0.018229166666667 0.023148148148148
19 0.45078125 0.71898148148148 0.018229166666667 0.023148148148148
19 0.89739583333333 0.28009259259259 0.016666666666667 0.025
19 0.24427083333333 0.021759259259259 0.016666666666667 0.025
19 0.13359375 0.064814814814815 0.0171875 0.024074074074074
19 0.84583333333333 0.40324074074074 0.017708333333333 0.023148148148148
19 0.89583333333333 0.058796296296296 0.015625 0.025
19 0.63802083333333 0.47037037037037 0.016666666666667 0.024074074074074
19 0.71119791666667 0.50648148148148 0.018229166666667 0.022222222222222
19 0.80677083333333 0.15462962962963 0.016666666666667 0.024074074074074
19 0.51145833333333 0.6625 0.01875 0.021296296296296
19 0.27161458333333 0.36388888888889 0.018229166666667 0.022222222222222
19 0.23671875 0.6162037037037 0.018229166666667 0.021296296296296
19 0.91276041666667 0.72407407407407 0.016145833333333 0.024074074074074
19 0.55364583333333 0.20787037037037 0.016666666666667 0.023148148148148
19 0.97083333333333 0.19861111111111 0.016666666666667 0.023148148148148
19 0.82447916666667 0.71342592592593 0.016666666666667 0.023148148148148
19 0.59739583333333 0.24398148148148 0.016666666666667 0.023148148148148
19 0.71953125 0.63888888888889 0.0171875 0.022222222222222
19 0.46067708333333 0.75787037037037 0.016145833333333 0.023148148148148
19 0.4140625 0.2462962962963 0.016666666666667 0.022222222222222
19 0.39427083333333 0.29907407407407 0.016666666666667 0.022222222222222
19 0.625 0.74537037037037 0.016666666666667 0.022222222222222
19 0.45885416666667 0.32222222222222 0.016666666666667 0.022222222222222
19 0.47109375 0.67175925925926 0.0171875 0.021296296296296
19 0.28723958333333 0.4337962962963 0.0171875 0.021296296296296
19 0.30104166666667 0.14166666666667 0.015625 0.022222222222222
19 0.47890625 0.51527777777778 0.016145833333333 0.021296296296296
19 0.27005208333333 0.57175925925926 0.016145833333333 0.021296296296296
19 0.3296875 0.8212962962963 0.016666666666667 0.02037037037037
19 0.56354166666667 0.76064814814815 0.015625 0.021296296296296
19 0.26979166666667 0.52083333333333 0.015625 0.021296296296296
19 0.0072916666666667 0.23425925925926 0.014583333333333 0.022222222222222
19 0.012760416666667 0.83240740740741 0.016145833333333 0.02037037037037
19 0.12942708333333 0.81111111111111 0.016145833333333 0.02037037037037
19 0.27213541666667 0.66990740740741 0.015104166666667 0.021296296296296
19 0.08515625 0.94074074074074 0.015104166666667 0.02037037037037
19 0.60520833333333 0.089351851851852 0.014583333333333 0.021296296296296
19 0.1125 0.12824074074074 0.015625 0.019444444444444
19 0.78671875 0.36064814814815 0.0140625 0.021296296296296
19 0.82786458333333 0.7587962962963 0.0140625 0.021296296296296
19 0.81041666666667 0.52407407407407 0.014583333333333 0.02037037037037
19 0.59557291666667 0.85 0.0140625 0.02037037037037
19 0.76223958333333 0.22777777777778 0.0140625 0.02037037037037
19 0.6984375 0.43194444444444 0.013541666666667 0.021296296296296
19 0.68046875 0.18425925925926 0.0140625 0.02037037037037
19 0.59661458333333 0.80833333333333 0.0140625 0.02037037037037
19 0.7703125 0.5537037037037 0.013541666666667 0.02037037037037
19 0.55416666666667 0.89259259259259 0.013541666666667 0.018518518518519
19 0.78385416666667 0.85416666666667 0.015625 0.017592592592593