20 0.29010416666667 0.2462962962963 0.034375 0.035185185185185
20 0.27369791666667 0.34074074074074 0.027604166666667 0.037037037037037
20 0.63307291666667 0.1087962962963 0.028645833333333 0.034259259259259
20 0.73619791666667 0.35694444444444 0.027604166666667 0.036111111111111
20 0.24114583333333 0.15694444444444 0.028125 0.034259259259259
20 0.42473958333333 0.01712962962963 0.027604166666667 0.034259259259259
20 0.02421875 0.90509259259259 0.024479166666667 0.036111111111111
20 0.94583333333333 0.14351851851852 0.025 0.033333333333333
20 0.05859375 0.95 0.0234375 0.035185185185185
20 0.69296875 0.049074074074074 0.024479166666667 0.031481481481481
20 0.48359375 0.24583333333333 0.024479166666667 0.028703703703704
20 0.35598958333333 0.12916666666667 0.0234375 0.030555555555556
20 0.034114583333333 0.50694444444444 0.022395833333333 0.030555555555556
20 0.64661458333333 0.037962962962963 0.022395833333333 0.02962962962963
20 0.52942708333333 0.025 0.0265625 0.024074074074074
20 0.57239583333333 0.11064814814815 0.022916666666667 0.026851851851852
20 0.95729166666667 0.080092592592593 0.021875 0.028703703703704
20 0.48463541666667 0.63935185185185 0.021354166666667 0.028703703703704
20 0.55104166666667 0.26805555555556 0.022916666666667 0.026851851851852
20 0.54348958333333 0.18425925925926 0.0234375 0.025925925925926
20 0.49427083333333 0.7662037037037 0.023958333333333 0.025
20 0.097135416666667 0.1912037037037 0.022395833333333 0.026851851851852
20 0.79479166666667 0.24583333333333 0.020833333333333 0.028703703703704
20 0.85234375 0.77916666666667 0.019270833333333 0.030555555555556
20 0.8578125 0.54027777777778 0.021875 0.026851851851852
20 0.64140625 0.18055555555556 0.022395833333333 0.025925925925926
20 0.58645833333333 0.26064814814815 0.020833333333333 0.026851851851852
20 0.13385416666667 0.71527777777778 0.020833333333333 0.026851851851852
20 0.39505208333333 0.63240740740741 0.021354166666667 0.025925925925926
20 0.066145833333333 0.16388888888889 0.019791666666667 0.027777777777778
20 0.39739583333333 0.078240740740741 0.01875 0.028703703703704
20 0.92473958333333 0.29305555555556 0.021354166666667 0.025
20 0.33203125 0.21342592592593 0.021354166666667 0.025
20 0.30260416666667 0.36990740740741 0.019791666666667 0.026851851851852
20 0.16197916666667 0.5837962962963 0.019791666666667 0.026851851851852
20 0.51614583333333 0.76157407407407 0.022916666666667 0.023148148148148
20 0.49088541666667 0.08287037037037 0.0203125 0.025
20 0.64895833333333 0.64398148148148 0.020833333333333 0.025
20 0.178125 0.36388888888889 0.020833333333333 0.024074074074074
20 0.8625 0.35231481481481 0.01875 0.026851851851852
20 0.61953125 0.23703703703704 0.019270833333333 0.025925925925926
20 0.10911458333333 0.61944444444444 0.019270833333333 0.025925925925926
20 0.090104166666667 0.2587962962963 0.019791666666667 0.025
20 0.909375 0.45138888888889 0.019791666666667 0.025
20 0.32213541666667 0.4787037037037 0.0203125 0.024074074074074
20 0.65651041666667 0.40787037037037 0.018229166666667 0.026851851851852
20 0.16302083333333 0.33333333333333 0.019791666666667 0.024074074074074
20 0.42395833333333 0.38796296296296 0.019791666666667 0.024074074074074
20 0.69869791666667 0.16944444444444 0.019270833333333 0.024074074074074
20 0.92916666666667 0.73935185185185 0.017708333333333 0.026851851851852
20 0.72317708333333 0.55833333333333 0.019270833333333 0.024074074074074
20 0.34427083333333 0.49398148148148 0.019791666666667 0.023148148148148
20 0.71067708333333 0.23101851851852 0.018229166666667 0.025
20 0.065104166666667 0.52407407407407 0.01875 0.024074074074074
20 0.65052083333333 0.88611111111111 0.01875 0.024074074074074
20 0.13046875 0.34953703703704 0.019270833333333 0.023148148148148
20 0.11145833333333 0.28842592592593 0.017708333333333 0.025
20 0.10833333333333 0.0375 0.017708333333333 0.025
20 0.53697916666667 0.44953703703704 0.01875 0.023148148148148
20 0.28307291666667 0.010185185185185 0.021354166666667 0.02037037037037
20 0.246875 0.6587962962963 0.01875 0.023148148148148
20 0.52135416666667 0.39675925925926 0.01875 0.023148148148148
20 0.37473958333333 0.775 0.019270833333333 0.022222222222222
20 0.40572916666667 0.95555555555556 0.017708333333333 0.024074074074074
20 0.76510416666667 0.67407407407407 0.017708333333333 0.024074074074074
20 0.1796875 0.70648148148148 0.017708333333333 0.024074074074074
20 0.96197916666667 0.40694444444444 0.016666666666667 0.025
20 0.041927083333333 0.33194444444444 0.018229166666667 0.023148148148148
20 0.1796875 0.73796296296296 0.01875 0.022222222222222
20 0.69296875 0.84351851851852 0.0171875 0.024074074074074
20 0.28619791666667 0.065740740740741 0.0171875 0.024074074074074
20 0.571875 0.44861111111111 0.017708333333333 0.023148148148148
20 0.33541666666667 0.52453703703704 0.017708333333333 0.023148148148148
20 0.68203125 0.57222222222222 0.018229166666667 0.022222222222222
20 0.95364583333333 0.31712962962963 0.016666666666667 0.023148148148148
20 0.84088541666667 0.86759259259259 0.018229166666667 0.022222222222222
20 0.803125 0.42453703703704 0.017708333333333 0.021296296296296
20 0.069010416666667 0.59583333333333 0.016145833333333 0.023148148148148
20 0.03828125 0.7337962962963 0.016145833333333 0.023148148148148
20 0.87317708333333 0.60231481481481 0.016145833333333 0.023148148148148
20 0.10182291666667 0.43009259259259 0.016145833333333 0.023148148148148
20 0.27838541666667 0.45416666666667 0.0171875 0.021296296296296
20 0.17057291666667 0.2125 0.016145833333333 0.023148148148148
20 0.1609375 0.53842592592593 0.015625 0.023148148148148
20 0.26458333333333 0.56712962962963 0.016666666666667 0.021296296296296
20 0.68802083333333 0.44398148148148 0.015625 0.023148148148148
20 0.74322916666667 0.79166666666667 0.015625 0.022222222222222
20 0.13723958333333 0.052777777777778 0.015104166666667 0.022222222222222
20 0.24739583333333 0.9587962962963 0.015625 0.021296296296296
20 0.22994791666667 0.84166666666667 0.015104166666667 0.022222222222222
20 0.66822916666667 0.76157407407407 0.015625 0.021296296296296
20 0.14635416666667 0.8087962962963 0.015625 0.021296296296296
20 0.019791666666667 0.85 0.014583333333333 0.022222222222222
20 0.36354166666667 0.24490740740741 0.015625 0.019444444444444
20 0.95677083333333 0.62962962962963 0.014583333333333 0.022222222222222
20 0.53802083333333 0.9537037037037 0.015625 0.02037037037037
20 0.88645833333333 0.098148148148148 0.014583333333333 0.02037037037037
20 0.8875 0.46296296296296 0.014583333333333 0.02037037037037
20 0.73567708333333 0.75972222222222 0.0140625 0.019444444444444
20 0.76927083333333 0.058796296296296 0.013541666666667 0.019444444444444