19 0.93541666666667 0.29583333333333 0.0375 0.05462962962963
19 0.96328125 0.068518518518519 0.031770833333333 0.048148148148148
19 0.41692708333333 0.26342592592593 0.031770833333333 0.047222222222222
19 0.92109375 0.048611111111111 0.0328125 0.043518518518519
19 0.86979166666667 0.060648148148148 0.034375 0.037962962962963
19 0.79505208333333 0.73842592592593 0.0296875 0.041666666666667
19 0.26171875 0.63657407407407 0.030729166666667 0.039814814814815
19 0.78723958333333 0.038888888888889 0.0296875 0.038888888888889
19 0.30026041666667 0.37361111111111 0.027604166666667 0.037962962962963
19 0.53046875 0.58101851851852 0.028645833333333 0.036111111111111
19 0.13229166666667 0.032407407407407 0.029166666666667 0.035185185185185
19 0.89583333333333 0.030555555555556 0.029166666666667 0.033333333333333
19 0.73776041666667 0.39953703703704 0.0265625 0.036111111111111
19 0.45833333333333 0.88981481481481 0.026041666666667 0.037037037037037
19 0.56901041666667 0.86342592592593 0.025520833333333 0.036111111111111
19 0.85442708333333 0.4875 0.025520833333333 0.036111111111111
19 0.7390625 0.55277777777778 0.026041666666667 0.035185185185185
19 0.234375 0.24722222222222 0.026041666666667 0.035185185185185
19 0.2453125 0.17638888888889 0.028125 0.032407407407407
19 0.40598958333333 0.017592592592593 0.028645833333333 0.031481481481481
19 0.65182291666667 0.77083333333333 0.024479166666667 0.036111111111111
19 0.22682291666667 0.94259259259259 0.025520833333333 0.033333333333333
19 0.30651041666667 0.68148148148148 0.024479166666667 0.035185185185185
19 0.64114583333333 0.16898148148148 0.026041666666667 0.032407407407407
19 0.7375 0.49907407407407 0.023958333333333 0.035185185185185
19 0.70755208333333 0.50694444444444 0.025520833333333 0.032407407407407
19 0.40130208333333 0.40601851851852 0.0265625 0.030555555555556
19 0.02421875 0.69212962962963 0.025520833333333 0.032407407407407
19 0.77109375 0.62685185185185 0.025520833333333 0.031481481481481
19 0.23125 0.02037037037037 0.026041666666667 0.02962962962963
19 0.93671875 0.11296296296296 0.024479166666667 0.031481481481481
19 0.82682291666667 0.065277777777778 0.0265625 0.028703703703704
19 0.36822916666667 0.15324074074074 0.025 0.030555555555556
19 0.58203125 0.023148148148148 0.025520833333333 0.02962962962963
19 0.33203125 0.24444444444444 0.025520833333333 0.025925925925926
19 0.11640625 0.16666666666667 0.024479166666667 0.027777777777778
19 0.81171875 0.20185185185185 0.025520833333333 0.02962962962963
19 0.41979166666667 0.32407407407407 0.021875 0.024074074074074
19 0.09921875 0.45277777777778 0.021354166666667 0.027777777777778
19 0.19479166666667 0.19259259259259 0.022916666666667 0.024074074074074