43 0.93125 0.086805555555556 0.0421875 0.056944444444444
43 0.513671875 0.5 0.97890625 1
43 0.83359375 0.2875 0.0390625 0.058333333333333
43 0.97890625 0.040972222222222 0.0375 0.051388888888889
43 0.98359375 0.25138888888889 0.028125 0.044444444444444
43 0.98359375 0.12222222222222 0.03125 0.058333333333333
43 0.509765625 0.5 0.98515625 1
43 0.8328125 0.2875 0.0375 0.055555555555556
43 0.931640625 0.086805555555556 0.03828125 0.051388888888889
43 0.97890625 0.041666666666667 0.034375 0.05
43 0.983984375 0.12222222222222 0.02890625 0.055555555555556
43 0.983984375 0.25069444444444 0.02578125 0.043055555555556
43 0.926953125 0.18819444444444 0.02421875 0.034722222222222
43 0.973828125 0.37430555555556 0.02265625 0.031944444444444