20 0.7015625 0.57175925925926 0.029166666666667 0.032407407407407
20 0.1265625 0.49537037037037 0.027083333333333 0.033333333333333
20 0.74140625 0.53611111111111 0.028645833333333 0.031481481481481
20 0.23333333333333 0.45092592592593 0.028125 0.031481481481481
20 0.90442708333333 0.55324074074074 0.028645833333333 0.030555555555556
20 0.84869791666667 0.40416666666667 0.030729166666667 0.028703703703704
20 0.27447916666667 0.36157407407407 0.028125 0.030555555555556
20 0.18776041666667 0.39166666666667 0.024479166666667 0.031481481481481
20 0.64635416666667 0.475 0.023958333333333 0.02962962962963
20 0.50052083333333 0.58148148148148 0.023958333333333 0.027777777777778
20 0.90052083333333 0.018055555555556 0.027083333333333 0.025
20 0.88697916666667 0.49166666666667 0.023958333333333 0.027777777777778
20 0.65755208333333 0.97268518518519 0.027604166666667 0.023148148148148
20 0.60625 0.35972222222222 0.025 0.025
20 0.72317708333333 0.49768518518519 0.0234375 0.026851851851852
20 0.53151041666667 0.77037037037037 0.025520833333333 0.024074074074074
20 0.96328125 0.53703703703704 0.022395833333333 0.025925925925926
20 0.72942708333333 0.6412037037037 0.021354166666667 0.026851851851852
20 0.425 0.48009259259259 0.022916666666667 0.025
20 0.60260416666667 0.58333333333333 0.022916666666667 0.024074074074074
20 0.92630208333333 0.62546296296296 0.0203125 0.026851851851852
20 0.87734375 0.55694444444444 0.021354166666667 0.025
20 0.88072916666667 0.13842592592593 0.025 0.021296296296296
20 0.80989583333333 0.22268518518519 0.022916666666667 0.023148148148148
20 0.056510416666667 0.69166666666667 0.0203125 0.025925925925926
20 0.34713541666667 0.44583333333333 0.022395833333333 0.023148148148148
20 0.37083333333333 0.051388888888889 0.020833333333333 0.025
20 0.34817708333333 0.50277777777778 0.0203125 0.025925925925926
20 0.12916666666667 0.43703703703704 0.019791666666667 0.025925925925926
20 0.2703125 0.083333333333333 0.020833333333333 0.024074074074074
20 0.75078125 0.58425925925926 0.0203125 0.024074074074074
20 0.61953125 0.74490740740741 0.021354166666667 0.023148148148148
20 0.68463541666667 0.94212962962963 0.021354166666667 0.023148148148148
20 0.56328125 0.64351851851852 0.0203125 0.024074074074074
20 0.81380208333333 0.6 0.0203125 0.024074074074074
20 0.9 0.45694444444444 0.020833333333333 0.023148148148148
20 0.44140625 0.62916666666667 0.022395833333333 0.021296296296296
20 0.9359375 0.80092592592593 0.019791666666667 0.024074074074074
20 0.55911458333333 0.7462962962963 0.021354166666667 0.022222222222222
20 0.49192708333333 0.49537037037037 0.021354166666667 0.022222222222222
20 0.25546875 0.675 0.021354166666667 0.022222222222222
20 0.22447916666667 0.18842592592593 0.01875 0.025
20 0.3328125 0.24583333333333 0.01875 0.025
20 0.5078125 0.61435185185185 0.019791666666667 0.023148148148148
20 0.34244791666667 0.61944444444444 0.022395833333333 0.02037037037037
20 0.44375 0.49675925925926 0.021875 0.021296296296296
20 0.33046875 0.97453703703704 0.021354166666667 0.021296296296296
20 0.86302083333333 0.61388888888889 0.01875 0.024074074074074
20 0.58854166666667 0.51944444444444 0.019791666666667 0.022222222222222
20 0.18203125 0.48796296296296 0.018229166666667 0.024074074074074
20 0.46380208333333 0.74305555555556 0.022395833333333 0.019444444444444
20 0.16354166666667 0.5537037037037 0.020833333333333 0.022222222222222
20 0.87291666666667 0.64305555555556 0.01875 0.023148148148148
20 0.7734375 0.010185185185185 0.020833333333333 0.02037037037037
20 0.71666666666667 0.35 0.020833333333333 0.02037037037037
20 0.2984375 0.87916666666667 0.021875 0.019444444444444
20 0.76302083333333 0.81898148148148 0.019791666666667 0.021296296296296
20 0.94270833333333 0.66481481481481 0.01875 0.022222222222222
20 0.59895833333333 0.68981481481481 0.01875 0.022222222222222
20 0.74296875 0.72685185185185 0.0171875 0.024074074074074
20 0.84739583333333 0.51018518518519 0.019791666666667 0.02037037037037
20 0.73645833333333 0.76064814814815 0.017708333333333 0.023148148148148
20 0.038802083333333 0.50509259259259 0.0171875 0.023148148148148
20 0.28489583333333 0.60601851851852 0.01875 0.021296296296296
20 0.60078125 0.89166666666667 0.021354166666667 0.018518518518519
20 0.85911458333333 0.30555555555556 0.019270833333333 0.02037037037037
20 0.82838541666667 0.37962962962963 0.019270833333333 0.02037037037037
20 0.99192708333333 0.61203703703704 0.015104166666667 0.025925925925926
20 0.83802083333333 0.7912037037037 0.017708333333333 0.021296296296296
20 0.92161458333333 0.70509259259259 0.018229166666667 0.021296296296296
20 0.22369791666667 0.64861111111111 0.019270833333333 0.019444444444444
20 0.39270833333333 0.59953703703704 0.01875 0.019444444444444
20 0.81354166666667 0.71435185185185 0.01875 0.019444444444444
20 0.56510416666667 0.34490740740741 0.01875 0.019444444444444
20 0.45911458333333 0.93101851851852 0.0203125 0.017592592592593
20 0.69114583333333 0.83703703703704 0.016666666666667 0.018518518518519
20 0.7859375 0.68101851851852 0.016666666666667 0.019444444444444
20 0.057291666666667 0.52453703703704 0.015625 0.019444444444444
49 0.49947916666667 0.50092592592593 0.98958333333333 0.98148148148148