20 0.56119791666667 0.67824074074074 0.024479166666667 0.032407407407407
20 0.534375 0.17916666666667 0.023958333333333 0.032407407407407
20 0.18307291666667 0.19444444444444 0.022395833333333 0.033333333333333
20 0.086458333333333 0.67592592592593 0.025 0.02962962962963
20 0.03046875 0.56666666666667 0.024479166666667 0.02962962962963
20 0.49739583333333 0.066666666666667 0.022916666666667 0.027777777777778
20 0.42317708333333 0.575 0.019270833333333 0.02962962962963
20 0.81119791666667 0.083796296296296 0.019270833333333 0.028703703703704
20 0.16536458333333 0.50046296296296 0.0203125 0.026851851851852
20 0.31380208333333 0.020833333333333 0.0203125 0.026851851851852
20 0.20338541666667 0.14074074074074 0.019270833333333 0.027777777777778
20 0.10651041666667 0.020833333333333 0.019270833333333 0.026851851851852
20 0.45390625 0.058796296296296 0.019270833333333 0.026851851851852
20 0.54583333333333 0.125 0.019791666666667 0.025925925925926
20 0.18697916666667 0.10787037037037 0.01875 0.026851851851852
20 0.083333333333333 0.18287037037037 0.019791666666667 0.025
20 0.071354166666667 0.041666666666667 0.017708333333333 0.027777777777778
20 0.89322916666667 0.26296296296296 0.01875 0.025925925925926
20 0.9078125 0.056018518518519 0.017708333333333 0.026851851851852
20 0.12916666666667 0.28472222222222 0.01875 0.025
20 0.69322916666667 0.48009259259259 0.01875 0.025
20 0.19609375 0.30185185185185 0.019270833333333 0.024074074074074
20 0.26875 0.41527777777778 0.019791666666667 0.023148148148148
20 0.91380208333333 0.40787037037037 0.018229166666667 0.025
20 0.68567708333333 0.1912037037037 0.018229166666667 0.025
20 0.53697916666667 0.3212962962963 0.01875 0.024074074074074
20 0.3546875 0.30787037037037 0.017708333333333 0.025
20 0.4578125 0.75462962962963 0.01875 0.024074074074074
20 0.12473958333333 0.21527777777778 0.019270833333333 0.023148148148148
20 0.95572916666667 0.26157407407407 0.017708333333333 0.025
20 0.20572916666667 0.51064814814815 0.017708333333333 0.025
20 0.46380208333333 0.39537037037037 0.018229166666667 0.024074074074074
20 0.086979166666667 0.23981481481481 0.017708333333333 0.024074074074074
20 0.8828125 0.46296296296296 0.017708333333333 0.024074074074074
20 0.41041666666667 0.15601851851852 0.01875 0.023148148148148
20 0.53359375 0.6587962962963 0.0171875 0.025
20 0.690625 0.60277777777778 0.01875 0.022222222222222
20 0.52395833333333 0.77546296296296 0.016666666666667 0.025
20 0.82916666666667 0.60787037037037 0.016666666666667 0.025
20 0.75911458333333 0.48333333333333 0.0171875 0.024074074074074
20 0.95598958333333 0.13888888888889 0.0171875 0.024074074074074
20 0.79583333333333 0.039351851851852 0.016666666666667 0.025
20 0.72604166666667 0.65740740740741 0.016666666666667 0.024074074074074
20 0.11145833333333 0.65925925925926 0.016666666666667 0.024074074074074
20 0.80572916666667 0.79166666666667 0.016666666666667 0.024074074074074
20 0.32786458333333 0.03287037037037 0.0171875 0.023148148148148
20 0.051302083333333 0.17592592592593 0.0171875 0.024074074074074
20 0.062239583333333 0.28657407407407 0.016145833333333 0.025
20 0.63828125 0.51111111111111 0.016145833333333 0.024074074074074
20 0.030208333333333 0.095833333333333 0.016666666666667 0.023148148148148
20 0.35416666666667 0.36203703703704 0.017708333333333 0.022222222222222
20 0.82838541666667 0.23888888888889 0.016145833333333 0.024074074074074
20 0.39947916666667 0.073611111111111 0.016666666666667 0.023148148148148
20 0.85234375 0.64444444444444 0.016145833333333 0.024074074074074
20 0.95104166666667 0.39398148148148 0.016666666666667 0.023148148148148
20 0.89765625 0.11435185185185 0.016145833333333 0.023148148148148
20 0.14479166666667 0.19953703703704 0.016666666666667 0.023148148148148
20 0.4125 0.26527777777778 0.016666666666667 0.023148148148148
20 0.2890625 0.48472222222222 0.016666666666667 0.023148148148148
20 0.79557291666667 0.19490740740741 0.016145833333333 0.023148148148148
20 0.2453125 0.2712962962963 0.016666666666667 0.022222222222222
20 0.58333333333333 0.14166666666667 0.016666666666667 0.022222222222222
20 0.39375 0.12314814814815 0.016666666666667 0.022222222222222
20 0.38984375 0.58333333333333 0.016145833333333 0.022222222222222
20 0.60364583333333 0.4787037037037 0.016666666666667 0.022222222222222
20 0.471875 0.27592592592593 0.017708333333333 0.02037037037037
20 0.78880208333333 0.35277777777778 0.016145833333333 0.022222222222222
20 0.74088541666667 0.7625 0.015104166666667 0.023148148148148
20 0.61041666666667 0.58564814814815 0.016666666666667 0.021296296296296
20 0.065885416666667 0.6375 0.015104166666667 0.023148148148148
20 0.83645833333333 0.40648148148148 0.015625 0.022222222222222
20 0.60729166666667 0.55462962962963 0.015625 0.022222222222222
20 0.2140625 0.33148148148148 0.016666666666667 0.02037037037037
20 0.85598958333333 0.55555555555556 0.015104166666667 0.022222222222222
20 0.83828125 0.45185185185185 0.015104166666667 0.022222222222222
20 0.86901041666667 0.71759259259259 0.015104166666667 0.022222222222222
20 0.78802083333333 0.67453703703704 0.015625 0.021296296296296
20 0.052864583333333 0.75462962962963 0.015104166666667 0.022222222222222
20 0.32786458333333 0.11759259259259 0.015104166666667 0.022222222222222
20 0.5359375 0.27731481481481 0.015625 0.021296296296296
20 0.61692708333333 0.30462962962963 0.016145833333333 0.02037037037037
20 0.6546875 0.28935185185185 0.015625 0.021296296296296
20 0.51197916666667 0.37962962962963 0.015625 0.02037037037037
20 0.070572916666667 0.58472222222222 0.015104166666667 0.021296296296296
20 0.56901041666667 0.70324074074074 0.015104166666667 0.021296296296296
20 0.72135416666667 0.33611111111111 0.015625 0.02037037037037
20 0.12083333333333 0.53842592592593 0.014583333333333 0.021296296296296
20 0.2546875 0.73287037037037 0.014583333333333 0.021296296296296
20 0.69557291666667 0.11018518518519 0.0140625 0.02037037037037
20 0.93619791666667 0.054166666666667 0.0140625 0.021296296296296
20 0.078125 0.46481481481481 0.014583333333333 0.02037037037037
20 0.42708333333333 0.72962962962963 0.014583333333333 0.018518518518519
20 0.12005208333333 0.25462962962963 0.0140625 0.02037037037037
20 0.42916666666667 0.12175925925926 0.014583333333333 0.019444444444444
20 0.76067708333333 0.53611111111111 0.0140625 0.018518518518519
20 0.2375 0.68564814814815 0.013541666666667 0.019444444444444
20 0.83098958333333 0.51064814814815 0.011979166666667 0.017592592592593
20 0.050260416666667 0.8 0.013020833333333 0.02037037037037
20 0.15494791666667 0.56990740740741 0.013020833333333 0.019444444444444
20 0.72005208333333 0.80416666666667 0.011979166666667 0.017592592592593