19 0.66588541666667 0.083333333333333 0.0390625 0.048148148148148
19 0.90546875 0.7 0.028645833333333 0.048148148148148
19 0.51614583333333 0.19212962962963 0.028125 0.043518518518519
19 0.37604166666667 0.20694444444444 0.029166666666667 0.039814814814815
19 0.75963541666667 0.21203703703704 0.027604166666667 0.033333333333333
19 0.74479166666667 0.26064814814815 0.028125 0.032407407407407
19 0.56223958333333 0.175 0.027604166666667 0.033333333333333
19 0.52604166666667 0.068981481481481 0.025 0.036111111111111
19 0.051822916666667 0.037037037037037 0.030729166666667 0.035185185185185
19 0.4578125 0.27453703703704 0.023958333333333 0.036111111111111
19 0.53854166666667 0.65462962962963 0.020833333333333 0.038888888888889
19 0.25520833333333 0.56388888888889 0.022916666666667 0.035185185185185
19 0.60494791666667 0.038888888888889 0.0234375 0.033333333333333
19 0.30572916666667 0.13842592592593 0.023958333333333 0.032407407407407
19 0.98359375 0.69166666666667 0.0234375 0.031481481481481
19 0.35885416666667 0.29768518518519 0.023958333333333 0.030555555555556
19 0.66614583333333 0.91018518518519 0.021875 0.033333333333333
19 0.79036458333333 0.016203703703704 0.022395833333333 0.032407407407407
19 0.85572916666667 0.28518518518519 0.022916666666667 0.031481481481481
19 0.56458333333333 0.31944444444444 0.021875 0.031481481481481
19 0.76484375 0.15231481481481 0.022395833333333 0.030555555555556
19 0.4046875 0.79212962962963 0.019791666666667 0.034259259259259
19 0.24375 0.78148148148148 0.019791666666667 0.033333333333333
19 0.5984375 0.5412037037037 0.021875 0.030555555555556
19 0.78020833333333 0.80648148148148 0.020833333333333 0.031481481481481
19 0.84244791666667 0.12175925925926 0.021354166666667 0.030555555555556
19 0.43645833333333 0.89768518518519 0.019791666666667 0.032407407407407
19 0.34765625 0.53425925925926 0.021354166666667 0.02962962962963
19 0.78541666666667 0.16990740740741 0.021875 0.028703703703704
19 0.54453125 0.88935185185185 0.0203125 0.030555555555556
19 0.81927083333333 0.97175925925926 0.019791666666667 0.032407407407407
19 0.91119791666667 0.45231481481481 0.021354166666667 0.028703703703704
19 0.34973958333333 0.59722222222222 0.019270833333333 0.031481481481481
19 0.70260416666667 0.93333333333333 0.019791666666667 0.02962962962963
19 0.56666666666667 0.65324074074074 0.020833333333333 0.028703703703704
19 0.86380208333333 0.75740740740741 0.019270833333333 0.02962962962963
19 0.83307291666667 0.54212962962963 0.0203125 0.028703703703704
19 0.7703125 0.69675925925926 0.019791666666667 0.028703703703704
19 0.62838541666667 0.89907407407407 0.019270833333333 0.02962962962963
19 0.42161458333333 0.58425925925926 0.0203125 0.027777777777778
19 0.71458333333333 0.019907407407407 0.019791666666667 0.028703703703704
19 0.66328125 0.15509259259259 0.0203125 0.026851851851852
19 0.95989583333333 0.64074074074074 0.019791666666667 0.027777777777778
19 0.59010416666667 0.78101851851852 0.01875 0.028703703703704
19 0.35677083333333 0.78842592592593 0.01875 0.028703703703704
19 0.50546875 0.36018518518519 0.019270833333333 0.027777777777778
19 0.86848958333333 0.85925925925926 0.019270833333333 0.027777777777778
19 0.68072916666667 0.76574074074074 0.017708333333333 0.02962962962963
19 0.71848958333333 0.13611111111111 0.019270833333333 0.027777777777778
19 0.38932291666667 0.72453703703704 0.018229166666667 0.028703703703704
19 0.18177083333333 0.56574074074074 0.017708333333333 0.02962962962963
19 0.92213541666667 0.83009259259259 0.019270833333333 0.026851851851852
19 0.48776041666667 0.7712962962963 0.0171875 0.02962962962963
19 0.35104166666667 0.36018518518519 0.019791666666667 0.025925925925926
19 0.83359375 0.80972222222222 0.018229166666667 0.026851851851852
19 0.59505208333333 0.30277777777778 0.019270833333333 0.025925925925926
19 0.5875 0.92175925925926 0.017708333333333 0.028703703703704
19 0.8984375 0.56759259259259 0.01875 0.025925925925926
19 0.7734375 0.62314814814815 0.017708333333333 0.025925925925926
19 0.79322916666667 0.45277777777778 0.019791666666667 0.024074074074074
19 0.43671875 0.8162037037037 0.0171875 0.026851851851852
19 0.89479166666667 0.37361111111111 0.019791666666667 0.023148148148148
19 0.5890625 0.61064814814815 0.016666666666667 0.026851851851852
19 0.9296875 0.2375 0.017708333333333 0.025
19 0.20859375 0.6037037037037 0.0171875 0.027777777777778
19 0.59427083333333 0.22916666666667 0.017708333333333 0.025
19 0.80260416666667 0.81712962962963 0.017708333333333 0.025
19 0.75078125 0.34722222222222 0.018229166666667 0.024074074074074
19 0.86354166666667 0.39722222222222 0.019791666666667 0.022222222222222
19 0.87630208333333 0.48009259259259 0.0171875 0.025
19 0.56796875 0.56805555555556 0.0171875 0.025
19 0.85546875 0.22175925925926 0.0171875 0.025
19 0.83854166666667 0.31481481481481 0.017708333333333 0.024074074074074
19 0.97708333333333 0.29768518518519 0.016666666666667 0.025
19 0.85338541666667 0.50787037037037 0.0171875 0.025
19 0.80625 0.23148148148148 0.017708333333333 0.024074074074074
19 0.80260416666667 0.36851851851852 0.017708333333333 0.024074074074074
19 0.846875 0.69305555555556 0.016666666666667 0.025
19 0.778125 0.27546296296296 0.017708333333333 0.023148148148148
19 0.68098958333333 0.55462962962963 0.018229166666667 0.022222222222222
19 0.759375 0.57777777777778 0.016666666666667 0.024074074074074
19 0.58984375 0.33101851851852 0.0171875 0.023148148148148
19 0.66223958333333 0.49583333333333 0.016145833333333 0.023148148148148
19 0.41067708333333 0.61990740740741 0.015104166666667 0.023148148148148
19 0.50703125 0.57407407407407 0.016145833333333 0.024074074074074
19 0.38776041666667 0.33148148148148 0.015104166666667 0.022222222222222
19 0.94348958333333 0.65462962962963 0.016145833333333 0.02037037037037
19 0.39140625 0.36990740740741 0.015104166666667 0.021296296296296
19 0.72604166666667 0.73657407407407 0.014583333333333 0.021296296296296
19 0.79270833333333 0.72314814814815 0.014583333333333 0.02037037037037
19 0.62057291666667 0.24444444444444 0.015104166666667 0.02037037037037
19 0.82239583333333 0.66805555555556 0.013541666666667 0.019444444444444
19 0.53515625 0.55509259259259 0.019270833333333 0.025
43 0.50104166666667 0.49537037037037 0.996875 0.97777777777778