20 0.77265625 0.17222222222222 0.038020833333333 0.035185185185185
20 0.37994791666667 0.55925925925926 0.030729166666667 0.040740740740741
20 0.903125 0.56435185185185 0.027083333333333 0.041666666666667
20 0.18125 0.29166666666667 0.030208333333333 0.033333333333333
20 0.7921875 0.37824074074074 0.027083333333333 0.034259259259259
20 0.52734375 0.75092592592593 0.024479166666667 0.037037037037037
20 0.66640625 0.065277777777778 0.0296875 0.028703703703704
20 0.22682291666667 0.32777777777778 0.028645833333333 0.02962962962963
20 0.40234375 0.66898148148148 0.027604166666667 0.030555555555556
20 0.70989583333333 0.52407407407407 0.025 0.033333333333333
20 0.97369791666667 0.40787037037037 0.025520833333333 0.032407407407407
20 0.53489583333333 0.6625 0.025 0.032407407407407
20 0.89817708333333 0.46064814814815 0.024479166666667 0.032407407407407
20 0.76744791666667 0.74490740740741 0.024479166666667 0.032407407407407
20 0.49140625 0.37407407407407 0.0265625 0.02962962962963
20 0.70807291666667 0.48009259259259 0.0234375 0.032407407407407
20 0.47942708333333 0.87268518518519 0.024479166666667 0.030555555555556
20 0.55130208333333 0.775 0.025520833333333 0.02962962962963
20 0.80052083333333 0.58240740740741 0.022916666666667 0.031481481481481
20 0.1765625 0.24675925925926 0.025 0.028703703703704
20 0.93046875 0.37546296296296 0.024479166666667 0.028703703703704
20 0.7734375 0.67037037037037 0.021875 0.031481481481481
20 0.83854166666667 0.50787037037037 0.023958333333333 0.028703703703704
20 0.95104166666667 0.42037037037037 0.022916666666667 0.02962962962963
20 0.22083333333333 0.55092592592593 0.023958333333333 0.027777777777778
20 0.51875 0.82824074074074 0.021875 0.030555555555556
20 0.095052083333333 0.37731481481481 0.0265625 0.025
20 0.20546875 0.89351851851852 0.025520833333333 0.025925925925926
20 0.35364583333333 0.75416666666667 0.022916666666667 0.028703703703704
20 0.94869791666667 0.52824074074074 0.021354166666667 0.030555555555556
20 0.87213541666667 0.64814814814815 0.0203125 0.031481481481481
20 0.85442708333333 0.54537037037037 0.021354166666667 0.02962962962963
20 0.91640625 0.34675925925926 0.0234375 0.026851851851852
20 0.74348958333333 0.8875 0.019270833333333 0.032407407407407
20 0.31953125 0.23055555555556 0.025520833333333 0.024074074074074
20 0.2546875 0.42361111111111 0.023958333333333 0.025
20 0.84739583333333 0.4787037037037 0.021875 0.027777777777778
20 0.59791666666667 0.55046296296296 0.021875 0.026851851851852
20 0.259375 0.93796296296296 0.019791666666667 0.02962962962963
20 0.67291666666667 0.84027777777778 0.019791666666667 0.028703703703704
20 0.20416666666667 0.36851851851852 0.021875 0.025925925925926
20 0.77057291666667 0.50555555555556 0.0203125 0.027777777777778
20 0.44479166666667 0.79722222222222 0.020833333333333 0.025925925925926
20 0.92734375 0.63472222222222 0.019270833333333 0.028703703703704
20 0.79895833333333 0.84953703703704 0.01875 0.028703703703704
20 0.034114583333333 0.88009259259259 0.019270833333333 0.026851851851852
20 0.86380208333333 0.69212962962963 0.019270833333333 0.026851851851852
20 0.96302083333333 0.51388888888889 0.019791666666667 0.025925925925926
20 0.66640625 0.64027777777778 0.019270833333333 0.026851851851852
20 0.90390625 0.64444444444444 0.018229166666667 0.027777777777778
20 0.98359375 0.92222222222222 0.018229166666667 0.027777777777778
20 0.75494791666667 0.64351851851852 0.019270833333333 0.025925925925926
20 0.80911458333333 0.22916666666667 0.021354166666667 0.023148148148148
20 0.1296875 0.75555555555556 0.01875 0.025925925925926
20 0.39453125 0.74675925925926 0.019270833333333 0.025
20 0.9375 0.92268518518519 0.016666666666667 0.028703703703704
20 0.85572916666667 0.97916666666667 0.017708333333333 0.026851851851852
20 0.64869791666667 0.60462962962963 0.018229166666667 0.025925925925926
20 0.78880208333333 0.97592592592593 0.018229166666667 0.025925925925926
20 0.34765625 0.6837962962963 0.019270833333333 0.023148148148148
20 0.61875 0.72268518518519 0.01875 0.025
20 0.90677083333333 0.51805555555556 0.01875 0.025
20 0.82265625 0.90277777777778 0.0171875 0.025925925925926
20 0.81875 0.97916666666667 0.017708333333333 0.025
20 0.70416666666667 0.56666666666667 0.017708333333333 0.024074074074074
20 0.56458333333333 0.71064814814815 0.016666666666667 0.021296296296296
20 0.58541666666667 0.60462962962963 0.017708333333333 0.024074074074074
20 0.74479166666667 0.6162037037037 0.016666666666667 0.023148148148148
20 0.77916666666667 0.89861111111111 0.014583333333333 0.021296296296296
20 0.73072916666667 0.68148148148148 0.014583333333333 0.018518518518519
49 0.49895833333333 0.49722222222222 0.99583333333333 0.98148148148148