20 0.96770833333333 0.013888888888889 0.021875 0.024074074074074
20 0.88671875 0.23101851851852 0.018229166666667 0.025
20 0.84817708333333 0.29027777777778 0.0171875 0.025
20 0.56953125 0.035185185185185 0.0203125 0.02037037037037
20 0.97265625 0.24027777777778 0.016145833333333 0.025
20 0.88359375 0.54490740740741 0.0171875 0.023148148148148
20 0.90208333333333 0.0087962962962963 0.017708333333333 0.017592592592593
20 0.9921875 0.52777777777778 0.013541666666667 0.022222222222222
20 0.85885416666667 0.33703703703704 0.014583333333333 0.02037037037037
20 0.87317708333333 0.22592592592593 0.0140625 0.018518518518519
20 0.99244791666667 0.43796296296296 0.011979166666667 0.02037037037037