19 0.77734375 0.90138888888889 0.030729166666667 0.037962962962963
19 0.062760416666667 0.40185185185185 0.030729166666667 0.037037037037037
19 0.13645833333333 0.31666666666667 0.029166666666667 0.031481481481481
19 0.40182291666667 0.7037037037037 0.0265625 0.033333333333333
19 0.10911458333333 0.38842592592593 0.024479166666667 0.030555555555556
19 0.04375 0.24768518518519 0.025 0.028703703703704
19 0.64192708333333 0.1625 0.0234375 0.030555555555556
19 0.71432291666667 0.085185185185185 0.022395833333333 0.031481481481481
19 0.20052083333333 0.093981481481481 0.022916666666667 0.030555555555556
19 0.23046875 0.34768518518519 0.025520833333333 0.026851851851852
19 0.47135416666667 0.069907407407407 0.025 0.026851851851852
19 0.67369791666667 0.95 0.022395833333333 0.02962962962963
19 0.22760416666667 0.11018518518519 0.022916666666667 0.027777777777778
19 0.021354166666667 0.31851851851852 0.022916666666667 0.027777777777778
19 0.30833333333333 0.52638888888889 0.020833333333333 0.030555555555556
19 0.84296875 0.83703703703704 0.021354166666667 0.02962962962963
19 0.53567708333333 0.072685185185185 0.0234375 0.026851851851852
19 0.18255208333333 0.70046296296296 0.021354166666667 0.028703703703704
19 0.68802083333333 0.64398148148148 0.020833333333333 0.028703703703704
19 0.30520833333333 0.45046296296296 0.020833333333333 0.028703703703704
19 0.87838541666667 0.48333333333333 0.021354166666667 0.027777777777778
19 0.20182291666667 0.28055555555556 0.021354166666667 0.027777777777778
19 0.83020833333333 0.97083333333333 0.021875 0.026851851851852
19 0.78411458333333 0.15972222222222 0.0203125 0.028703703703704
19 0.74661458333333 0.94305555555556 0.021354166666667 0.026851851851852
19 0.0828125 0.47268518518519 0.019791666666667 0.028703703703704
19 0.85 0.88981481481481 0.021875 0.025925925925926
19 0.69244791666667 0.31759259259259 0.0203125 0.027777777777778
19 0.043229166666667 0.099537037037037 0.020833333333333 0.026851851851852
19 0.0171875 0.52268518518519 0.020833333333333 0.026851851851852
19 0.038802083333333 0.1212962962963 0.021354166666667 0.025925925925926
19 0.98255208333333 0.6162037037037 0.019270833333333 0.028703703703704
19 0.76875 0.82222222222222 0.019791666666667 0.027777777777778
19 0.4078125 0.17175925925926 0.021875 0.025
19 0.83645833333333 0.93703703703704 0.020833333333333 0.025925925925926
19 0.6484375 0.10833333333333 0.019791666666667 0.027777777777778
19 0.80104166666667 0.90462962962963 0.020833333333333 0.025925925925926
19 0.96692708333333 0.97962962962963 0.022395833333333 0.024074074074074
19 0.37109375 0.11990740740741 0.021354166666667 0.025
19 0.86119791666667 0.055092592592593 0.021354166666667 0.025
19 0.83541666666667 0.51157407407407 0.019791666666667 0.026851851851852
19 0.52760416666667 0.46527777777778 0.019791666666667 0.026851851851852
19 0.64869791666667 0.94166666666667 0.0203125 0.025925925925926
19 0.27473958333333 0.15185185185185 0.0203125 0.025925925925926
19 0.67526041666667 0.175 0.0203125 0.025925925925926
19 0.8953125 0.95231481481481 0.020833333333333 0.025
19 0.325 0.65138888888889 0.020833333333333 0.025
19 0.69921875 0.25972222222222 0.019270833333333 0.026851851851852
19 0.084635416666667 0.93703703703704 0.021354166666667 0.024074074074074
19 0.96692708333333 0.5837962962963 0.019270833333333 0.026851851851852
19 0.64322916666667 0.088888888888889 0.019791666666667 0.025925925925926
19 0.26666666666667 0.59814814814815 0.019791666666667 0.025925925925926
19 0.24973958333333 0.19490740740741 0.0203125 0.025
19 0.20234375 0.68194444444444 0.0203125 0.025
19 0.11692708333333 0.15046296296296 0.0203125 0.025
19 0.61067708333333 0.50648148148148 0.018229166666667 0.027777777777778
19 0.3734375 0.91759259259259 0.020833333333333 0.024074074074074
19 0.84322916666667 0.70648148148148 0.020833333333333 0.024074074074074
19 0.69557291666667 0.76944444444444 0.019270833333333 0.025925925925926
19 0.82890625 0.75925925925926 0.019270833333333 0.025925925925926
19 0.13385416666667 0.089351851851852 0.019791666666667 0.025
19 0.98567708333333 0.53240740740741 0.019270833333333 0.025925925925926
19 0.12760416666667 0.49212962962963 0.019791666666667 0.025
19 0.90833333333333 0.79537037037037 0.01875 0.025925925925926
19 0.56458333333333 0.4962962962963 0.01875 0.025925925925926
19 0.8203125 0.59074074074074 0.01875 0.025925925925926
19 0.59947916666667 0.55092592592593 0.01875 0.025925925925926
19 0.50182291666667 0.6912037037037 0.019270833333333 0.025
19 0.12161458333333 0.42638888888889 0.019270833333333 0.025
19 0.037760416666667 0.80138888888889 0.019270833333333 0.025
19 0.74739583333333 0.375 0.019791666666667 0.024074074074074
19 0.99010416666667 0.97361111111111 0.017708333333333 0.026851851851852
19 0.88020833333333 0.39305555555556 0.01875 0.025
19 0.35416666666667 0.96064814814815 0.01875 0.025
19 0.88489583333333 0.89027777777778 0.019791666666667 0.023148148148148
19 0.80182291666667 0.45046296296296 0.018229166666667 0.025
19 0.79114583333333 0.64444444444444 0.01875 0.024074074074074
19 0.31770833333333 0.93425925925926 0.01875 0.024074074074074
19 0.10390625 0.30833333333333 0.0203125 0.022222222222222
19 0.1 0.010185185185185 0.021875 0.02037037037037
19 0.77109375 0.79351851851852 0.0171875 0.025925925925926
19 0.23020833333333 0.82962962962963 0.019791666666667 0.022222222222222
19 0.81796875 0.8537037037037 0.018229166666667 0.024074074074074
19 0.26354166666667 0.071759259259259 0.01875 0.023148148148148
19 0.17708333333333 0.83564814814815 0.01875 0.023148148148148
19 0.4828125 0.13981481481481 0.017708333333333 0.024074074074074
19 0.92005208333333 0.62962962962963 0.0171875 0.024074074074074
19 0.42083333333333 0.85462962962963 0.01875 0.022222222222222
19 0.60703125 0.084722222222222 0.019270833333333 0.021296296296296
19 0.58671875 0.29675925925926 0.019270833333333 0.021296296296296
19 0.28671875 0.87407407407407 0.018229166666667 0.022222222222222
19 0.8578125 0.24305555555556 0.01875 0.021296296296296
19 0.62526041666667 0.44027777777778 0.0171875 0.023148148148148
19 0.94505208333333 0.49953703703704 0.0171875 0.023148148148148
19 0.20416666666667 0.43703703703704 0.017708333333333 0.022222222222222
19 0.35 0.43796296296296 0.017708333333333 0.022222222222222
19 0.52109375 0.89074074074074 0.0171875 0.022222222222222
19 0.40208333333333 0.33888888888889 0.01875 0.02037037037037
19 0.92630208333333 0.34259259259259 0.016145833333333 0.02037037037037
19 0.853125 0.32777777777778 0.015625 0.018518518518519