20 0.87473958333333 0.0087962962962963 0.0265625 0.017592592592593
20 0.87994791666667 0.22824074074074 0.021354166666667 0.025
20 0.92109375 0.028240740740741 0.0203125 0.025
20 0.75442708333333 0.30231481481481 0.021354166666667 0.023148148148148
20 0.99166666666667 0.61388888888889 0.016666666666667 0.027777777777778
20 0.95677083333333 0.4212962962963 0.017708333333333 0.024074074074074
20 0.81119791666667 0.0097222222222222 0.0234375 0.019444444444444
20 0.3546875 0.041203703703704 0.020833333333333 0.021296296296296
20 0.3796875 0.05 0.022916666666667 0.022222222222222
20 0.85546875 0.24351851851852 0.018229166666667 0.022222222222222
20 0.97838541666667 0.23842592592593 0.0171875 0.023148148148148
20 0.90703125 0.0083333333333333 0.022395833333333 0.016666666666667
20 0.52421875 0.062037037037037 0.0203125 0.02037037037037
20 0.84791666666667 0.31990740740741 0.015625 0.019444444444444
20 0.86354166666667 0.53425925925926 0.015625 0.02037037037037
20 0.73333333333333 0.44537037037037 0.015625 0.02037037037037
20 0.81796875 0.27916666666667 0.0171875 0.019444444444444
20 0.67135416666667 0.34490740740741 0.015625 0.019444444444444
20 0.68489583333333 0.37685185185185 0.015625 0.018518518518519
20 0.81536458333333 0.4212962962963 0.0140625 0.018518518518519
20 0.98723958333333 0.51342592592593 0.013020833333333 0.017592592592593
20 0.61302083333333 0.46203703703704 0.013541666666667 0.018518518518519