19 0.71302083333333 0.34444444444444 0.032291666666667 0.038888888888889
19 0.076041666666667 0.26064814814815 0.028125 0.041666666666667
19 0.37135416666667 0.18333333333333 0.028125 0.040740740740741
19 0.6265625 0.050925925925926 0.028125 0.038888888888889
19 0.76979166666667 0.3412037037037 0.025 0.041666666666667
19 0.48776041666667 0.29537037037037 0.027604166666667 0.037037037037037
19 0.44791666666667 0.75277777777778 0.027083333333333 0.037037037037037
19 0.78098958333333 0.27407407407407 0.0265625 0.037037037037037
19 0.40286458333333 0.46296296296296 0.0265625 0.037037037037037
19 0.35364583333333 0.76805555555556 0.027083333333333 0.036111111111111
19 0.590625 0.024537037037037 0.027083333333333 0.036111111111111
19 0.228125 0.62962962962963 0.026041666666667 0.037037037037037
19 0.69192708333333 0.54212962962963 0.0265625 0.036111111111111
19 0.55442708333333 0.11944444444444 0.025520833333333 0.037037037037037
19 0.39244791666667 0.15740740740741 0.025520833333333 0.037037037037037
19 0.95260416666667 0.22314814814815 0.026041666666667 0.035185185185185
19 0.012239583333333 0.59398148148148 0.024479166666667 0.037962962962963
19 0.55598958333333 0.46990740740741 0.0265625 0.034259259259259
19 0.83463541666667 0.48287037037037 0.025520833333333 0.036111111111111
19 0.036197916666667 0.20648148148148 0.025520833333333 0.035185185185185
19 0.35729166666667 0.54398148148148 0.026041666666667 0.032407407407407
19 0.66770833333333 0.19861111111111 0.025 0.034259259259259
19 0.15416666666667 0.7537037037037 0.025 0.033333333333333
19 0.65078125 0.75787037037037 0.024479166666667 0.034259259259259
19 0.75442708333333 0.39490740740741 0.025520833333333 0.032407407407407
19 0.75416666666667 0.61990740740741 0.023958333333333 0.034259259259259
19 0.96640625 0.31203703703704 0.025520833333333 0.031481481481481
19 0.4859375 0.67824074074074 0.023958333333333 0.032407407407407
19 0.47708333333333 0.23611111111111 0.025 0.02962962962963
19 0.012239583333333 0.21435185185185 0.0234375 0.032407407407407
19 0.88463541666667 0.38564814814815 0.024479166666667 0.030555555555556
19 0.58125 0.49305555555556 0.023958333333333 0.030555555555556
19 0.97552083333333 0.94444444444444 0.026041666666667 0.027777777777778
19 0.65442708333333 0.47546296296296 0.0234375 0.030555555555556
19 0.26901041666667 0.8 0.022395833333333 0.02962962962963
19 0.39140625 0.64166666666667 0.022395833333333 0.02962962962963
19 0.5015625 0.33287037037037 0.019791666666667 0.028703703703704
19 0.10963541666667 0.88287037037037 0.021354166666667 0.028703703703704
19 0.40833333333333 0.59398148148148 0.020833333333333 0.026851851851852
19 0.10989583333333 0.98888888888889 0.023958333333333 0.022222222222222
19 0.87213541666667 0.5625 0.0203125 0.025