19 0.12890625 0.6962962962963 0.028645833333333 0.038888888888889
19 0.203125 0.55740740740741 0.025 0.033333333333333
19 0.88489583333333 0.18842592592593 0.022916666666667 0.028703703703704
19 0.66979166666667 0.61990740740741 0.021875 0.032407407407407
19 0.59947916666667 0.94907407407407 0.022916666666667 0.035185185185185
19 0.76692708333333 0.51666666666667 0.019270833333333 0.033333333333333
19 0.25989583333333 0.2212962962963 0.020833333333333 0.02962962962963
19 0.20546875 0.72824074074074 0.021354166666667 0.028703703703704
19 0.38802083333333 0.61388888888889 0.020833333333333 0.027777777777778
19 0.1671875 0.71805555555556 0.019791666666667 0.028703703703704
19 0.30833333333333 0.10555555555556 0.021875 0.025925925925926
19 0.16744791666667 0.69259259259259 0.021354166666667 0.025925925925926
19 0.72786458333333 0.51296296296296 0.0203125 0.027777777777778
19 0.12734375 0.91018518518519 0.0203125 0.027777777777778
19 0.61119791666667 0.59583333333333 0.019270833333333 0.028703703703704
19 0.77161458333333 0.23101851851852 0.0203125 0.026851851851852
19 0.072916666666667 0.68287037037037 0.01875 0.028703703703704
19 0.079947916666667 0.74907407407407 0.019270833333333 0.027777777777778
19 0.33802083333333 0.70324074074074 0.019791666666667 0.026851851851852
19 0.52083333333333 0.65601851851852 0.019791666666667 0.026851851851852
19 0.031510416666667 0.54305555555556 0.019270833333333 0.026851851851852
19 0.044010416666667 0.71574074074074 0.018229166666667 0.027777777777778
19 0.38776041666667 0.58796296296296 0.018229166666667 0.027777777777778
19 0.50885416666667 0.74583333333333 0.021875 0.023148148148148
19 0.51536458333333 0.94814814814815 0.019270833333333 0.025925925925926
19 0.196875 0.67175925925926 0.01875 0.026851851851852
19 0.15703125 0.77314814814815 0.0203125 0.024074074074074
19 0.018489583333333 0.45 0.019270833333333 0.025925925925926
19 0.36354166666667 0.60462962962963 0.01875 0.025925925925926
19 0.725 0.61296296296296 0.019791666666667 0.024074074074074
19 0.065364583333333 0.8162037037037 0.019270833333333 0.025
19 0.034895833333333 0.77685185185185 0.019791666666667 0.024074074074074
19 0.5296875 0.62916666666667 0.01875 0.025
19 0.621875 0.47222222222222 0.019791666666667 0.024074074074074
19 0.09609375 0.8212962962963 0.019270833333333 0.024074074074074
19 0.37395833333333 0.14305555555556 0.021875 0.021296296296296
19 0.22760416666667 0.41018518518519 0.017708333333333 0.025925925925926
19 0.24869791666667 0.6375 0.018229166666667 0.025
19 0.24921875 0.23935185185185 0.018229166666667 0.025
19 0.69973958333333 0.47361111111111 0.019270833333333 0.023148148148148
19 0.54114583333333 0.43842592592593 0.01875 0.023148148148148
19 0.40494791666667 0.77175925925926 0.018229166666667 0.023148148148148
19 0.019270833333333 0.38472222222222 0.01875 0.023148148148148
19 0.55390625 0.82824074074074 0.018229166666667 0.023148148148148
19 0.18776041666667 0.85555555555556 0.019270833333333 0.02037037037037
19 0.39895833333333 0.54212962962963 0.016666666666667 0.023148148148148
19 0.346875 0.6587962962963 0.016666666666667 0.023148148148148
19 0.45494791666667 0.45092592592593 0.0171875 0.022222222222222
19 0.646875 0.67314814814815 0.016666666666667 0.022222222222222
19 0.58854166666667 0.65462962962963 0.016666666666667 0.022222222222222
19 0.18828125 0.91064814814815 0.0171875 0.021296296296296
19 0.103125 0.51851851851852 0.016666666666667 0.022222222222222
19 0.30755208333333 0.41898148148148 0.0171875 0.021296296296296
19 0.020052083333333 0.81990740740741 0.0171875 0.021296296296296
19 0.32578125 0.61203703703704 0.016145833333333 0.022222222222222
19 0.32083333333333 0.73240740740741 0.016666666666667 0.02037037037037
19 0.61927083333333 0.87453703703704 0.016666666666667 0.021296296296296
19 0.47083333333333 0.68148148148148 0.016666666666667 0.02037037037037
19 0.37239583333333 0.55324074074074 0.015625 0.021296296296296
19 0.28828125 0.8087962962963 0.016145833333333 0.019444444444444