20 0.51848958333333 0.23935185185185 0.0234375 0.030555555555556
20 0.48229166666667 0.11481481481481 0.025 0.027777777777778
20 0.43359375 0.16898148148148 0.022395833333333 0.030555555555556
20 0.28671875 0.060185185185185 0.0203125 0.031481481481481
20 0.71276041666667 0.050462962962963 0.021354166666667 0.028703703703704
20 0.26692708333333 0.15092592592593 0.019270833333333 0.02962962962963
20 0.48411458333333 0.019907407407407 0.0203125 0.026851851851852
20 0.32786458333333 0.28796296296296 0.0203125 0.025925925925926
20 0.92630208333333 0.27546296296296 0.019270833333333 0.026851851851852
20 0.012239583333333 0.49814814814815 0.018229166666667 0.027777777777778
20 0.75390625 0.37777777777778 0.018229166666667 0.027777777777778
20 0.75989583333333 0.46435185185185 0.01875 0.026851851851852
20 0.12604166666667 0.24861111111111 0.01875 0.026851851851852
20 0.091666666666667 0.475 0.019791666666667 0.024074074074074
20 0.75442708333333 0.11435185185185 0.018229166666667 0.026851851851852
20 0.571875 0.38101851851852 0.01875 0.025
20 0.31822916666667 0.42175925925926 0.01875 0.025
20 0.90286458333333 0.011111111111111 0.019270833333333 0.022222222222222
20 0.19505208333333 0.034722222222222 0.018229166666667 0.025
20 0.02890625 0.12361111111111 0.0171875 0.025
20 0.55729166666667 0.47314814814815 0.017708333333333 0.024074074074074
20 0.23255208333333 0.3625 0.018229166666667 0.023148148148148
20 0.19453125 0.32314814814815 0.0171875 0.024074074074074
20 0.49348958333333 0.47592592592593 0.0171875 0.024074074074074
20 0.0265625 0.34166666666667 0.016666666666667 0.024074074074074
20 0.21510416666667 0.49675925925926 0.017708333333333 0.023148148148148
20 0.48203125 0.31712962962963 0.0171875 0.023148148148148
20 0.16953125 0.083796296296296 0.016145833333333 0.023148148148148
20 0.70520833333333 0.54490740740741 0.015625 0.025
20 0.13984375 0.19675925925926 0.016145833333333 0.023148148148148
20 0.46197916666667 0.45648148148148 0.016666666666667 0.022222222222222
20 0.40729166666667 0.18333333333333 0.016666666666667 0.022222222222222
20 0.58776041666667 0.31712962962963 0.0171875 0.021296296296296
20 0.16692708333333 0.36203703703704 0.016145833333333 0.022222222222222
20 0.92213541666667 0.2412037037037 0.015104166666667 0.023148148148148
20 0.24661458333333 0.098148148148148 0.016145833333333 0.022222222222222
20 0.7765625 0.6037037037037 0.015625 0.022222222222222
20 0.45390625 0.065277777777778 0.016145833333333 0.021296296296296
20 0.15572916666667 0.49583333333333 0.015625 0.021296296296296
20 0.49739583333333 0.41712962962963 0.015625 0.021296296296296
20 0.076822916666667 0.63657407407407 0.015104166666667 0.021296296296296
20 0.4109375 0.325 0.015625 0.02037037037037
20 0.95833333333333 0.26435185185185 0.014583333333333 0.021296296296296
20 0.91171875 0.59814814814815 0.015104166666667 0.02037037037037
20 0.086197916666667 0.25462962962963 0.015104166666667 0.02037037037037
20 0.76276041666667 0.30324074074074 0.0140625 0.021296296296296
20 0.428125 0.40740740740741 0.014583333333333 0.02037037037037
20 0.34036458333333 0.59398148148148 0.0140625 0.019444444444444
20 0.82213541666667 0.25601851851852 0.015104166666667 0.019444444444444
20 0.596875 0.40324074074074 0.014583333333333 0.019444444444444
20 0.89557291666667 0.4787037037037 0.013020833333333 0.02037037037037
20 0.27890625 0.55787037037037 0.013020833333333 0.019444444444444
20 0.65390625 0.55509259259259 0.013020833333333 0.017592592592593
20 0.48046875 0.51712962962963 0.013020833333333 0.017592592592593