20 0.23671875 0.14861111111111 0.043229166666667 0.052777777777778
20 0.503125 0.23657407407407 0.038541666666667 0.052777777777778
20 0.81302083333333 0.073611111111111 0.036458333333333 0.04537037037037
20 0.7875 0.20277777777778 0.033333333333333 0.046296296296296
20 0.83125 0.54907407407407 0.032291666666667 0.05
20 0.57213541666667 0.17453703703704 0.0328125 0.043518518518519
20 0.88333333333333 0.08287037037037 0.03125 0.04537037037037
20 0.71901041666667 0.1375 0.0328125 0.039814814814815
20 0.30859375 0.33518518518519 0.0296875 0.044444444444444
20 0.56614583333333 0.12175925925926 0.03125 0.041666666666667
20 0.65234375 0.1837962962963 0.030729166666667 0.039814814814815
20 0.36848958333333 0.1212962962963 0.0296875 0.040740740740741
20 0.69479166666667 0.10462962962963 0.029166666666667 0.040740740740741
20 0.34140625 0.36157407407407 0.028645833333333 0.039814814814815
20 0.98020833333333 0.26018518518519 0.029166666666667 0.038888888888889
20 0.61770833333333 0.036574074074074 0.029166666666667 0.037962962962963
20 0.575 0.049074074074074 0.029166666666667 0.037037037037037
20 0.48489583333333 0.11712962962963 0.028125 0.037962962962963
20 0.940625 0.52268518518519 0.028125 0.037962962962963
20 0.75911458333333 0.29953703703704 0.028645833333333 0.036111111111111
20 0.81197916666667 0.022222222222222 0.03125 0.033333333333333
20 0.69036458333333 0.067592592592593 0.027604166666667 0.037037037037037
20 0.40026041666667 0.71481481481481 0.025520833333333 0.038888888888889
20 0.68385416666667 0.97731481481481 0.025 0.039814814814815
20 0.70963541666667 0.24907407407407 0.0265625 0.037037037037037
20 0.82213541666667 0.18842592592593 0.028645833333333 0.034259259259259
20 0.18411458333333 0.75833333333333 0.024479166666667 0.038888888888889
20 0.62942708333333 0.66296296296296 0.025520833333333 0.037037037037037
20 0.1484375 0.3412037037037 0.026041666666667 0.036111111111111
20 0.15911458333333 0.225 0.0265625 0.035185185185185
20 0.16354166666667 0.89398148148148 0.023958333333333 0.037962962962963
20 0.11432291666667 0.53425925925926 0.024479166666667 0.037037037037037
20 0.91067708333333 0.3625 0.024479166666667 0.034259259259259
20 0.2359375 0.41712962962963 0.025 0.036111111111111
20 0.58802083333333 0.54722222222222 0.025 0.035185185185185
20 0.65520833333333 0.81388888888889 0.025 0.033333333333333
20 0.012760416666667 0.24212962962963 0.025520833333333 0.032407407407407
20 0.13515625 0.37916666666667 0.0234375 0.034259259259259
20 0.2765625 0.093055555555556 0.026041666666667 0.030555555555556
20 0.98984375 0.38564814814815 0.019270833333333 0.039814814814815
20 0.78333333333333 0.31712962962963 0.025 0.030555555555556
20 0.5875 0.63842592592593 0.023958333333333 0.032407407407407
20 0.59713541666667 0.42175925925926 0.025520833333333 0.028703703703704
20 0.75729166666667 0.70416666666667 0.025 0.030555555555556
20 0.25416666666667 0.37824074074074 0.021875 0.032407407407407
20 0.29114583333333 0.47731481481481 0.023958333333333 0.028703703703704
20 0.21197916666667 0.98240740740741 0.021875 0.031481481481481
20 0.36640625 0.92453703703704 0.021354166666667 0.032407407407407
20 0.052083333333333 0.36111111111111 0.022916666666667 0.02962962962963
20 0.71380208333333 0.77546296296296 0.0234375 0.028703703703704
20 0.49453125 0.98518518518519 0.0203125 0.027777777777778
20 0.84114583333333 0.0078703703703704 0.027083333333333 0.015740740740741
20 0.99270833333333 0.10648148148148 0.014583333333333 0.035185185185185