20 0.29192708333333 0.90092592592593 0.028645833333333 0.037037037037037
20 0.4640625 0.32222222222222 0.033333333333333 0.042592592592593
20 0.40338541666667 0.23148148148148 0.0296875 0.033333333333333
20 0.74401041666667 0.12314814814815 0.027604166666667 0.035185185185185
20 0.41614583333333 0.11157407407407 0.029166666666667 0.032407407407407
20 0.24036458333333 0.14583333333333 0.028645833333333 0.032407407407407
20 0.095572916666667 0.50092592592593 0.0265625 0.033333333333333
20 0.12734375 0.10601851851852 0.025520833333333 0.034259259259259
20 0.3125 0.08287037037037 0.025 0.034259259259259
20 0.70625 0.25601851851852 0.025 0.034259259259259
20 0.58854166666667 0.094444444444444 0.023958333333333 0.031481481481481
20 0.43359375 0.3875 0.024479166666667 0.030555555555556
20 0.92890625 0.062962962962963 0.0234375 0.031481481481481
20 0.19791666666667 0.38796296296296 0.022916666666667 0.031481481481481
20 0.061197916666667 0.27453703703704 0.0234375 0.030555555555556
20 0.52526041666667 0.7462962962963 0.025520833333333 0.027777777777778
20 0.07890625 0.32222222222222 0.021354166666667 0.033333333333333
20 0.78880208333333 0.26759259259259 0.022395833333333 0.02962962962963
20 0.039322916666667 0.11990740740741 0.021354166666667 0.030555555555556
20 0.40234375 0.56018518518519 0.0234375 0.027777777777778
20 0.54166666666667 0.6462962962963 0.021875 0.02962962962963
20 0.036979166666667 0.675 0.021875 0.02962962962963
20 0.18020833333333 0.14537037037037 0.021875 0.02962962962963
20 0.67057291666667 0.13194444444444 0.0203125 0.028703703703704
20 0.8203125 0.67222222222222 0.020833333333333 0.027777777777778
20 0.13697916666667 0.41296296296296 0.020833333333333 0.027777777777778
20 0.71171875 0.7 0.0171875 0.024074074074074
20 0.76458333333333 0.91944444444444 0.017708333333333 0.024074074074074