20 0.043229166666667 0.62546296296296 0.038541666666667 0.039814814814815
20 0.022395833333333 0.53518518518519 0.03125 0.035185185185185
20 0.31614583333333 0.43657407407407 0.028125 0.030555555555556
20 0.84348958333333 0.51805555555556 0.027604166666667 0.039814814814815
20 0.16822916666667 0.47685185185185 0.026041666666667 0.031481481481481
20 0.084375 0.44814814814815 0.027083333333333 0.025925925925926
20 0.03125 0.2287037037037 0.028125 0.024074074074074
20 0.62760416666667 0.053240740740741 0.027083333333333 0.025
20 0.41354166666667 0.56990740740741 0.025 0.026851851851852
20 0.27239583333333 0.52314814814815 0.023958333333333 0.027777777777778
20 0.41848958333333 0.35694444444444 0.024479166666667 0.026851851851852
20 0.70260416666667 0.34907407407407 0.021875 0.02962962962963
20 0.31927083333333 0.4962962962963 0.025 0.025925925925926
20 0.83645833333333 0.43981481481481 0.022916666666667 0.027777777777778
20 0.2546875 0.1875 0.025 0.025
20 0.22578125 0.48333333333333 0.022395833333333 0.027777777777778
20 0.97239583333333 0.37916666666667 0.022916666666667 0.026851851851852
20 0.71197916666667 0.59351851851852 0.021875 0.027777777777778
20 0.88567708333333 0.57453703703704 0.022395833333333 0.026851851851852
20 0.59479166666667 0.27824074074074 0.023958333333333 0.025
20 0.7265625 0.71481481481481 0.022916666666667 0.025925925925926
20 0.16223958333333 0.55092592592593 0.024479166666667 0.024074074074074
20 0.47161458333333 0.30740740740741 0.024479166666667 0.024074074074074
20 0.61744791666667 0.36388888888889 0.022395833333333 0.025925925925926
20 0.22630208333333 0.70972222222222 0.021354166666667 0.026851851851852
20 0.70911458333333 0.15555555555556 0.0234375 0.024074074074074
20 0.165625 0.41898148148148 0.022916666666667 0.025
20 0.034114583333333 0.25601851851852 0.024479166666667 0.023148148148148
20 0.82786458333333 0.12685185185185 0.0234375 0.024074074074074
20 0.046614583333333 0.47314814814815 0.021354166666667 0.025925925925926
20 0.79895833333333 0.68981481481481 0.019791666666667 0.027777777777778
20 0.81432291666667 0.17685185185185 0.024479166666667 0.022222222222222
20 0.94479166666667 0.51296296296296 0.020833333333333 0.025925925925926
20 0.14036458333333 0.58472222222222 0.0234375 0.023148148148148
20 0.12369791666667 0.21342592592593 0.0234375 0.023148148148148
20 0.33333333333333 0.46435185185185 0.022916666666667 0.023148148148148
20 0.13541666666667 0.28703703703704 0.023958333333333 0.022222222222222
20 0.21041666666667 0.31342592592593 0.022916666666667 0.023148148148148
20 0.90598958333333 0.36805555555556 0.0234375 0.021296296296296
20 0.82265625 0.62453703703704 0.019270833333333 0.026851851851852
20 0.26145833333333 0.36064814814815 0.021875 0.023148148148148
20 0.60677083333333 0.39675925925926 0.020833333333333 0.023148148148148
20 0.8796875 0.018055555555556 0.022916666666667 0.021296296296296
20 0.098177083333333 0.86527777777778 0.022395833333333 0.021296296296296
20 0.41119791666667 0.88842592592593 0.022395833333333 0.021296296296296
20 0.54739583333333 0.51851851851852 0.019791666666667 0.024074074074074
20 0.84453125 0.60138888888889 0.018229166666667 0.025
20 0.67005208333333 0.18009259259259 0.021354166666667 0.021296296296296
20 0.84895833333333 0.38101851851852 0.020833333333333 0.021296296296296
20 0.146875 0.40462962962963 0.019791666666667 0.022222222222222
20 0.97213541666667 0.065740740740741 0.021354166666667 0.02037037037037
20 0.953125 0.66111111111111 0.019791666666667 0.022222222222222
20 0.068229166666667 0.8037037037037 0.020833333333333 0.02037037037037
20 0.5828125 0.47083333333333 0.019791666666667 0.021296296296296
20 0.14375 0.63101851851852 0.019791666666667 0.021296296296296
20 0.77447916666667 0.77685185185185 0.01875 0.022222222222222
20 0.81276041666667 0.74814814814815 0.0171875 0.024074074074074
20 0.41875 0.39166666666667 0.019791666666667 0.02037037037037
20 0.33776041666667 0.86435185185185 0.018229166666667 0.021296296296296
20 0.45390625 0.56898148148148 0.018229166666667 0.021296296296296
20 0.1859375 0.56574074074074 0.019791666666667 0.02037037037037
20 0.89973958333333 0.29259259259259 0.0171875 0.022222222222222
20 0.69921875 0.23009259259259 0.019270833333333 0.019444444444444
20 0.70885416666667 0.87962962962963 0.016666666666667 0.022222222222222
20 0.76119791666667 0.71712962962963 0.0171875 0.021296296296296
20 0.2265625 0.65046296296296 0.01875 0.019444444444444
20 0.23177083333333 0.74537037037037 0.01875 0.018518518518519
20 0.097916666666667 0.4087962962963 0.017708333333333 0.019444444444444
20 0.99375 0.40740740740741 0.0125 0.025925925925926
20 0.70833333333333 0.55740740740741 0.015625 0.02037037037037
20 0.36015625 0.56851851851852 0.0171875 0.018518518518519
20 0.92838541666667 0.39907407407407 0.0171875 0.018518518518519
20 0.80572916666667 0.78055555555556 0.014583333333333 0.02037037037037
20 0.99270833333333 0.31666666666667 0.0125 0.022222222222222
20 0.49453125 0.62824074074074 0.0140625 0.015740740740741
20 0.59713541666667 0.58194444444444 0.015104166666667 0.017592592592593
49 0.5015625 0.50277777777778 0.99375 0.98888888888889