20 0.90078125 0.28240740740741 0.022395833333333 0.031481481481481
20 0.49375 0.35787037037037 0.022916666666667 0.030555555555556
20 0.178125 0.36574074074074 0.020833333333333 0.033333333333333
20 0.6015625 0.39861111111111 0.020833333333333 0.032407407407407
20 0.65390625 0.40092592592593 0.021354166666667 0.031481481481481
20 0.53932291666667 0.13888888888889 0.022395833333333 0.02962962962963
20 0.016145833333333 0.38657407407407 0.020833333333333 0.030555555555556
20 0.9625 0.22083333333333 0.020833333333333 0.030555555555556
20 0.35963541666667 0.51759259259259 0.021354166666667 0.02962962962963
20 0.70104166666667 0.25787037037037 0.020833333333333 0.030555555555556
20 0.50364583333333 0.64074074074074 0.021875 0.027777777777778
20 0.2875 0.37916666666667 0.020833333333333 0.028703703703704
20 0.20338541666667 0.083796296296296 0.0203125 0.028703703703704
20 0.79505208333333 0.05462962962963 0.021354166666667 0.027777777777778
20 0.28776041666667 0.31342592592593 0.0203125 0.028703703703704
20 0.45885416666667 0.29074074074074 0.019791666666667 0.027777777777778
20 0.47473958333333 0.21990740740741 0.021354166666667 0.025
20 0.70416666666667 0.34953703703704 0.019791666666667 0.026851851851852
20 0.95338541666667 0.50694444444444 0.019270833333333 0.026851851851852
20 0.16302083333333 0.60601851851852 0.020833333333333 0.025
20 0.054166666666667 0.50555555555556 0.019791666666667 0.025925925925926
20 0.57942708333333 0.37638888888889 0.018229166666667 0.026851851851852
20 0.22213541666667 0.75833333333333 0.019270833333333 0.025925925925926
20 0.20572916666667 0.45555555555556 0.01875 0.025925925925926
20 0.25494791666667 0.83472222222222 0.0203125 0.025
20 0.36015625 0.19537037037037 0.018229166666667 0.025925925925926
20 0.11796875 0.7037037037037 0.018229166666667 0.025925925925926
20 0.88333333333333 0.20972222222222 0.01875 0.025
20 0.63072916666667 0.51435185185185 0.01875 0.025
20 0.71145833333333 0.46666666666667 0.017708333333333 0.025925925925926
20 0.31067708333333 0.53888888888889 0.019270833333333 0.024074074074074
20 0.83489583333333 0.6662037037037 0.019791666666667 0.023148148148148
20 0.92916666666667 0.27314814814815 0.01875 0.024074074074074
20 0.51744791666667 0.58796296296296 0.018229166666667 0.024074074074074
20 0.66666666666667 0.1625 0.01875 0.023148148148148
20 0.81197916666667 0.51759259259259 0.017708333333333 0.024074074074074
20 0.075260416666667 0.74675925925926 0.018229166666667 0.023148148148148
20 0.49479166666667 0.13009259259259 0.017708333333333 0.023148148148148
20 0.053385416666667 0.2587962962963 0.016145833333333 0.025
20 0.93203125 0.39166666666667 0.0171875 0.024074074074074
20 0.51848958333333 0.25787037037037 0.0171875 0.023148148148148
20 0.42083333333333 0.48194444444444 0.016666666666667 0.023148148148148
20 0.0075520833333333 0.63981481481481 0.015104166666667 0.025925925925926
20 0.88854166666667 0.50694444444444 0.016666666666667 0.021296296296296
20 0.76588541666667 0.5912037037037 0.016145833333333 0.021296296296296
20 0.98046875 0.2875 0.016145833333333 0.021296296296296
20 0.21119791666667 0.90324074074074 0.016145833333333 0.021296296296296
20 0.72864583333333 0.29675925925926 0.014583333333333 0.021296296296296
20 0.057291666666667 0.34537037037037 0.013541666666667 0.018518518518519