19 0.75833333333333 0.092592592592593 0.029166666666667 0.044444444444444
19 0.28802083333333 0.24907407407407 0.023958333333333 0.035185185185185
19 0.76796875 0.23009259259259 0.024479166666667 0.030555555555556
19 0.87578125 0.31759259259259 0.0234375 0.031481481481481
19 0.18255208333333 0.16157407407407 0.0234375 0.026851851851852
19 0.14739583333333 0.16898148148148 0.021875 0.028703703703704
19 0.3765625 0.26157407407407 0.020833333333333 0.028703703703704
19 0.28255208333333 0.37685185185185 0.021354166666667 0.027777777777778
19 0.20703125 0.58842592592593 0.019270833333333 0.028703703703704
19 0.22291666666667 0.49212962962963 0.019791666666667 0.026851851851852
19 0.5921875 0.40787037037037 0.019791666666667 0.026851851851852
19 0.38046875 0.68240740740741 0.0203125 0.025925925925926
19 0.55911458333333 0.72268518518519 0.019270833333333 0.026851851851852
19 0.66223958333333 0.67731481481481 0.019270833333333 0.026851851851852
19 0.05546875 0.22638888888889 0.0203125 0.025
19 0.31770833333333 0.18703703703704 0.019791666666667 0.025925925925926
19 0.88697916666667 0.081944444444444 0.01875 0.026851851851852
19 0.17395833333333 0.4662037037037 0.01875 0.026851851851852
19 0.34401041666667 0.12777777777778 0.019270833333333 0.025925925925926
19 0.014322916666667 0.20092592592593 0.019270833333333 0.025925925925926
19 0.94192708333333 0.57962962962963 0.019270833333333 0.025925925925926
19 0.50260416666667 0.70185185185185 0.01875 0.025925925925926
19 0.66197916666667 0.18611111111111 0.01875 0.025925925925926
19 0.0375 0.40925925925926 0.01875 0.025925925925926
19 0.43177083333333 0.65231481481481 0.020833333333333 0.023148148148148
19 0.52578125 0.26435185185185 0.019270833333333 0.025
19 0.72213541666667 0.3162037037037 0.018229166666667 0.025
19 0.44401041666667 0.53842592592593 0.018229166666667 0.025
19 0.56666666666667 0.12685185185185 0.01875 0.024074074074074
19 0.11119791666667 0.33703703703704 0.0171875 0.025925925925926
19 0.82473958333333 0.5212962962963 0.0171875 0.025925925925926
19 0.89192708333333 0.66388888888889 0.0171875 0.025925925925926
19 0.036458333333333 0.14027777777778 0.017708333333333 0.025
19 0.040104166666667 0.54027777777778 0.017708333333333 0.025
19 0.26276041666667 0.30277777777778 0.018229166666667 0.024074074074074
19 0.840625 0.080092592592593 0.017708333333333 0.025
19 0.4625 0.51018518518519 0.017708333333333 0.024074074074074
19 0.45598958333333 0.019444444444444 0.018229166666667 0.024074074074074
19 0.32083333333333 0.60601851851852 0.016666666666667 0.025
19 0.1171875 0.24907407407407 0.017708333333333 0.024074074074074
19 0.13619791666667 0.64351851851852 0.0171875 0.024074074074074
19 0.43098958333333 0.49444444444444 0.0171875 0.024074074074074
19 0.31276041666667 0.097222222222222 0.0171875 0.024074074074074
19 0.38776041666667 0.056481481481481 0.0171875 0.024074074074074
19 0.23958333333333 0.76064814814815 0.017708333333333 0.023148148148148
19 0.521875 0.36527777777778 0.017708333333333 0.023148148148148
19 0.54973958333333 0.022222222222222 0.018229166666667 0.022222222222222
19 0.088802083333333 0.35046296296296 0.016145833333333 0.025
19 0.31223958333333 0.65324074074074 0.016145833333333 0.025
19 0.321875 0.46759259259259 0.016666666666667 0.024074074074074
19 0.65677083333333 0.53518518518519 0.017708333333333 0.022222222222222
19 0.47135416666667 0.050925925925926 0.017708333333333 0.022222222222222
19 0.22161458333333 0.29074074074074 0.0171875 0.022222222222222
19 0.081510416666667 0.54074074074074 0.016145833333333 0.024074074074074
19 0.66171875 0.066203703703704 0.016145833333333 0.023148148148148
19 0.33958333333333 0.51898148148148 0.015625 0.023148148148148
19 0.71015625 0.55092592592593 0.016145833333333 0.022222222222222
19 0.16770833333333 0.55416666666667 0.016666666666667 0.021296296296296
19 0.034895833333333 0.60972222222222 0.016666666666667 0.021296296296296
19 0.55364583333333 0.48055555555556 0.015625 0.022222222222222
19 0.21510416666667 0.41944444444444 0.015625 0.022222222222222
19 0.19114583333333 0.014814814814815 0.015625 0.022222222222222
19 0.57213541666667 0.081018518518519 0.016145833333333 0.021296296296296
19 0.76640625 0.75740740740741 0.015104166666667 0.022222222222222
19 0.15130208333333 0.49722222222222 0.015104166666667 0.022222222222222
19 0.265625 0.63009259259259 0.014583333333333 0.021296296296296
19 0.8390625 0.70509259259259 0.014583333333333 0.021296296296296
19 0.18359375 0.24351851851852 0.015104166666667 0.02037037037037
19 0.30442708333333 0.0087962962962963 0.0171875 0.017592592592593
19 0.088802083333333 0.60138888888889 0.0140625 0.021296296296296
19 0.96380208333333 0.4375 0.0140625 0.021296296296296
19 0.072916666666667 0.010185185185185 0.014583333333333 0.02037037037037
19 0.063541666666667 0.70416666666667 0.013541666666667 0.021296296296296
19 0.33854166666667 0.3212962962963 0.014583333333333 0.02037037037037
19 0.40260416666667 0.54351851851852 0.014583333333333 0.02037037037037
19 0.11171875 0.7462962962963 0.0140625 0.02037037037037
19 0.75677083333333 0.71944444444444 0.013541666666667 0.02037037037037
19 0.146875 0.4537037037037 0.013541666666667 0.02037037037037
19 0.070052083333333 0.1375 0.0140625 0.019444444444444
19 0.11953125 0.21851851851852 0.013020833333333 0.018518518518519