20 0.3984375 0.29074074074074 0.032291666666667 0.035185185185185
20 0.34192708333333 0.46759259259259 0.027604166666667 0.038888888888889
20 0.38463541666667 0.57083333333333 0.027604166666667 0.037962962962963
20 0.62552083333333 0.52546296296296 0.027083333333333 0.030555555555556
20 0.066666666666667 0.43472222222222 0.023958333333333 0.034259259259259
20 0.53619791666667 0.575 0.024479166666667 0.033333333333333
20 0.68385416666667 0.35046296296296 0.023958333333333 0.032407407407407
20 0.6734375 0.083796296296296 0.021875 0.032407407407407
20 0.45442708333333 0.32777777777778 0.0234375 0.02962962962963
20 0.93697916666667 0.043981481481481 0.021875 0.030555555555556
20 0.97604166666667 0.024537037037037 0.022916666666667 0.028703703703704
20 0.22239583333333 0.49722222222222 0.022916666666667 0.02962962962963
20 0.89765625 0.44953703703704 0.021354166666667 0.030555555555556
20 0.11796875 0.20092592592593 0.022395833333333 0.027777777777778
20 0.12005208333333 0.36157407407407 0.021354166666667 0.028703703703704
20 0.65260416666667 0.32592592592593 0.019791666666667 0.02962962962963
20 0.35078125 0.64259259259259 0.0203125 0.02962962962963
20 0.87682291666667 0.36342592592593 0.0203125 0.028703703703704
20 0.68385416666667 0.53333333333333 0.019791666666667 0.02962962962963
20 0.13046875 0.48101851851852 0.0203125 0.028703703703704
20 0.41536458333333 0.57638888888889 0.0203125 0.028703703703704
20 0.59375 0.24722222222222 0.020833333333333 0.027777777777778
20 0.2015625 0.17962962962963 0.023958333333333 0.024074074074074
20 0.98776041666667 0.72777777777778 0.019270833333333 0.02962962962963
20 0.66145833333333 0.0375 0.019791666666667 0.028703703703704
20 0.76484375 0.10277777777778 0.0203125 0.027777777777778
20 0.90026041666667 0.31898148148148 0.019270833333333 0.028703703703704
20 0.33854166666667 0.23981481481481 0.022916666666667 0.022222222222222
20 0.086979166666667 0.16018518518519 0.020833333333333 0.024074074074074
20 0.096614583333333 0.086111111111111 0.021354166666667 0.024074074074074
20 0.64322916666667 0.042592592592593 0.019791666666667 0.027777777777778
20 0.85182291666667 0.14305555555556 0.018229166666667 0.028703703703704
20 0.90989583333333 0.029166666666667 0.01875 0.028703703703704
20 0.62291666666667 0.27731481481481 0.019791666666667 0.025
20 0.9328125 0.2 0.017708333333333 0.027777777777778
20 0.61354166666667 0.60601851851852 0.017708333333333 0.026851851851852
20 0.62734375 0.085185185185185 0.018229166666667 0.025925925925926
20 0.79505208333333 0.24398148148148 0.019270833333333 0.025
20 0.60807291666667 0.33240740740741 0.018229166666667 0.025925925925926
20 0.95963541666667 0.35324074074074 0.0171875 0.026851851851852
20 0.43723958333333 0.35046296296296 0.0203125 0.023148148148148
20 0.14739583333333 0.28981481481481 0.01875 0.024074074074074
20 0.32005208333333 0.32777777777778 0.018229166666667 0.024074074074074
20 0.90286458333333 0.071296296296296 0.016145833333333 0.025925925925926
20 0.48671875 0.03287037037037 0.018229166666667 0.023148148148148
20 0.75703125 0.42314814814815 0.0171875 0.024074074074074
20 0.15182291666667 0.42592592592593 0.0171875 0.024074074074074
20 0.31354166666667 0.37361111111111 0.017708333333333 0.023148148148148
20 0.946875 0.16296296296296 0.015625 0.025925925925926
20 0.83046875 0.081018518518519 0.016145833333333 0.025
20 0.88645833333333 0.18657407407407 0.015625 0.025
20 0.00703125 0.61805555555556 0.0140625 0.026851851851852
20 0.60494791666667 0.12453703703704 0.016145833333333 0.023148148148148
20 0.29869791666667 0.036111111111111 0.018229166666667 0.02037037037037
20 0.82005208333333 0.24768518518519 0.016145833333333 0.021296296296296
20 0.76302083333333 0.67361111111111 0.015625 0.023148148148148
20 0.94296875 0.45694444444444 0.0140625 0.021296296296296
20 0.82526041666667 0.33194444444444 0.0140625 0.021296296296296