20 0.575 0.25462962962963 0.023958333333333 0.037037037037037
20 0.49505208333333 0.6662037037037 0.024479166666667 0.028703703703704
20 0.71796875 0.39907407407407 0.0203125 0.02962962962963
20 0.29348958333333 0.31805555555556 0.0203125 0.028703703703704
20 0.534375 0.27685185185185 0.021875 0.025925925925926
20 0.66953125 0.32546296296296 0.018229166666667 0.025
20 0.88671875 0.27777777777778 0.016145833333333 0.024074074074074
20 0.66380208333333 0.69861111111111 0.0171875 0.023148148148148
20 0.69505208333333 0.49444444444444 0.0171875 0.024074074074074
20 0.75833333333333 0.32731481481481 0.017708333333333 0.025
20 0.69505208333333 0.21157407407407 0.016145833333333 0.023148148148148
20 0.48645833333333 0.35185185185185 0.016666666666667 0.022222222222222
20 0.88515625 0.17592592592593 0.016145833333333 0.022222222222222
20 0.72161458333333 0.48472222222222 0.016145833333333 0.021296296296296
20 0.77369791666667 0.55648148148148 0.015104166666667 0.02037037037037
20 0.69817708333333 0.4087962962963 0.015104166666667 0.021296296296296
20 0.83151041666667 0.1875 0.015104166666667 0.021296296296296
20 0.66901041666667 0.3537037037037 0.015104166666667 0.02037037037037
20 0.665625 0.58194444444444 0.015625 0.019444444444444
20 0.6828125 0.46064814814815 0.014583333333333 0.019444444444444
20 0.815625 0.39259259259259 0.014583333333333 0.02037037037037
20 0.575 0.50277777777778 0.014583333333333 0.018518518518519
20 0.72421875 0.62824074074074 0.0140625 0.017592592592593
20 0.69869791666667 0.5462962962963 0.013020833333333 0.018518518518519
20 0.75572916666667 0.59861111111111 0.013541666666667 0.017592592592593
20 0.67395833333333 0.51064814814815 0.013541666666667 0.017592592592593
20 0.60598958333333 0.43842592592593 0.013020833333333 0.017592592592593
49 0.47005208333333 0.50092592592593 0.93072916666667 0.97592592592593