20 0.056770833333333 0.048611111111111 0.025 0.034259259259259
20 0.64453125 0.024074074074074 0.0234375 0.033333333333333
20 0.490625 0.36342592592593 0.025 0.030555555555556
20 0.37760416666667 0.26018518518519 0.025 0.02962962962963
20 0.3703125 0.085185185185185 0.022916666666667 0.031481481481481
20 0.74010416666667 0.57824074074074 0.020833333333333 0.034259259259259
20 0.45 0.053240740740741 0.023958333333333 0.028703703703704
20 0.43984375 0.6087962962963 0.0234375 0.028703703703704
20 0.35130208333333 0.19675925925926 0.0234375 0.028703703703704
20 0.15963541666667 0.27546296296296 0.0234375 0.028703703703704
20 0.74661458333333 0.091666666666667 0.021354166666667 0.031481481481481
20 0.11458333333333 0.31296296296296 0.021875 0.02962962962963
20 0.022916666666667 0.56666666666667 0.022916666666667 0.027777777777778
20 0.75182291666667 0.13888888888889 0.021354166666667 0.02962962962963
20 0.57578125 0.16851851851852 0.022395833333333 0.027777777777778
20 0.87604166666667 0.3212962962963 0.020833333333333 0.02962962962963
20 0.3578125 0.4212962962963 0.021875 0.027777777777778
20 0.56796875 0.76157407407407 0.021354166666667 0.026851851851852
20 0.91588541666667 0.55416666666667 0.0203125 0.026851851851852
20 0.80963541666667 0.38657407407407 0.0203125 0.026851851851852
20 0.94348958333333 0.55833333333333 0.019270833333333 0.027777777777778
20 0.66276041666667 0.35509259259259 0.019270833333333 0.026851851851852
20 0.50494791666667 0.13888888888889 0.019270833333333 0.025925925925926
20 0.58671875 0.03287037037037 0.018229166666667 0.026851851851852
20 0.86796875 0.37685185185185 0.0171875 0.025925925925926
20 0.85677083333333 0.66759259259259 0.01875 0.025925925925926
20 0.65130208333333 0.6287037037037 0.018229166666667 0.024074074074074
20 0.884375 0.26527777777778 0.017708333333333 0.025
20 0.56510416666667 0.51342592592593 0.017708333333333 0.023148148148148
20 0.73697916666667 0.42731481481481 0.01875 0.023148148148148
20 0.45416666666667 0.46296296296296 0.017708333333333 0.022222222222222
20 0.65625 0.66342592592593 0.016666666666667 0.023148148148148
20 0.60520833333333 0.14675925925926 0.016666666666667 0.021296296296296
20 0.81614583333333 0.60740740740741 0.015625 0.022222222222222
20 0.59192708333333 0.61898148148148 0.015104166666667 0.019444444444444
20 0.8984375 0.6 0.013541666666667 0.018518518518519