19 0.41484375 0.30231481481481 0.036979166666667 0.039814814814815
19 0.14296875 0.17685185185185 0.0296875 0.048148148148148
19 0.97213541666667 0.76388888888889 0.028645833333333 0.040740740740741
19 0.26640625 0.04212962962963 0.0265625 0.039814814814815
19 0.93229166666667 0.62546296296296 0.027083333333333 0.036111111111111
19 0.76276041666667 0.37638888888889 0.025520833333333 0.036111111111111
19 0.10625 0.12546296296296 0.025 0.036111111111111
19 0.054427083333333 0.16527777777778 0.0234375 0.037962962962963
19 0.69270833333333 0.38657407407407 0.023958333333333 0.034259259259259
19 0.59244791666667 0.049074074074074 0.022395833333333 0.035185185185185
19 0.48098958333333 0.18055555555556 0.0234375 0.031481481481481
19 0.32057291666667 0.84074074074074 0.024479166666667 0.02962962962963
19 0.0640625 0.77175925925926 0.023958333333333 0.030555555555556
19 0.29427083333333 0.24537037037037 0.022916666666667 0.031481481481481
19 0.33567708333333 0.23333333333333 0.022395833333333 0.031481481481481
19 0.016666666666667 0.012962962962963 0.027083333333333 0.025925925925926
19 0.12083333333333 0.72731481481481 0.022916666666667 0.030555555555556
19 0.73151041666667 0.023611111111111 0.0203125 0.034259259259259
19 0.46927083333333 0.38055555555556 0.025 0.027777777777778
19 0.070833333333333 0.66574074074074 0.025 0.027777777777778
19 0.88984375 0.84027777777778 0.022395833333333 0.030555555555556
19 0.59322916666667 0.46296296296296 0.026041666666667 0.025925925925926
19 0.21302083333333 0.05787037037037 0.021875 0.030555555555556
19 0.052604166666667 0.21944444444444 0.019791666666667 0.033333333333333
19 0.40208333333333 0.09537037037037 0.021875 0.02962962962963
19 0.11536458333333 0.32407407407407 0.0203125 0.031481481481481
19 0.2875 0.46203703703704 0.022916666666667 0.027777777777778
19 0.61822916666667 0.29398148148148 0.020833333333333 0.030555555555556
19 0.26276041666667 0.26388888888889 0.021354166666667 0.02962962962963
19 0.66953125 0.28148148148148 0.0203125 0.02962962962963
19 0.56510416666667 0.21342592592593 0.021875 0.028703703703704
19 0.1140625 0.44814814814815 0.023958333333333 0.025925925925926
19 0.15677083333333 0.013425925925926 0.021875 0.026851851851852
19 0.63723958333333 0.50138888888889 0.022395833333333 0.026851851851852
19 0.20703125 0.77083333333333 0.0203125 0.028703703703704
19 0.25104166666667 0.46388888888889 0.020833333333333 0.027777777777778
19 0.225 0.27546296296296 0.020833333333333 0.026851851851852
19 0.06484375 0.92037037037037 0.021354166666667 0.025925925925926
19 0.265625 0.1212962962963 0.019791666666667 0.027777777777778
19 0.17578125 0.48518518518519 0.021354166666667 0.025925925925926
19 0.10130208333333 0.64305555555556 0.0203125 0.026851851851852
19 0.36067708333333 0.27175925925926 0.0203125 0.026851851851852
19 0.7234375 0.57824074074074 0.019791666666667 0.026851851851852
19 0.38385416666667 0.12453703703704 0.019791666666667 0.026851851851852
19 0.64322916666667 0.4375 0.020833333333333 0.025
19 0.54557291666667 0.87037037037037 0.0203125 0.025925925925926
19 0.23932291666667 0.49212962962963 0.019270833333333 0.026851851851852
19 0.1671875 0.28472222222222 0.01875 0.026851851851852
19 0.2453125 0.080092592592593 0.01875 0.026851851851852
19 0.15833333333333 0.96759259259259 0.020833333333333 0.024074074074074
19 0.39036458333333 0.50555555555556 0.019270833333333 0.025925925925926
19 0.038802083333333 0.96666666666667 0.019270833333333 0.025925925925926
19 0.37760416666667 0.64583333333333 0.019791666666667 0.025
19 0.13984375 0.11666666666667 0.019270833333333 0.025925925925926
19 0.5625 0.27361111111111 0.019791666666667 0.025
19 0.52552083333333 0.22638888888889 0.019791666666667 0.025
19 0.43776041666667 0.35972222222222 0.021354166666667 0.023148148148148
19 0.074739583333333 0.11990740740741 0.018229166666667 0.026851851851852
19 0.78489583333333 0.64351851851852 0.01875 0.025925925925926
19 0.68880208333333 0.3337962962963 0.018229166666667 0.026851851851852
19 0.30651041666667 0.28935185185185 0.019270833333333 0.025
19 0.18046875 0.88657407407407 0.019270833333333 0.025
19 0.56614583333333 0.42407407407407 0.019791666666667 0.024074074074074
19 0.2625 0.79444444444444 0.019791666666667 0.024074074074074
19 0.53567708333333 0.45462962962963 0.021354166666667 0.022222222222222
19 0.26510416666667 0.22731481481481 0.01875 0.025
19 0.41015625 0.20138888888889 0.0203125 0.023148148148148
19 0.6296875 0.72546296296296 0.01875 0.025
19 0.32734375 0.66944444444444 0.019270833333333 0.024074074074074
19 0.0515625 0.38333333333333 0.017708333333333 0.025925925925926
19 0.16197916666667 0.61898148148148 0.019791666666667 0.023148148148148
19 0.84973958333333 0.39305555555556 0.018229166666667 0.025
19 0.45729166666667 0.59583333333333 0.019791666666667 0.023148148148148
19 0.67578125 0.45138888888889 0.019270833333333 0.023148148148148
19 0.73671875 0.52268518518519 0.019270833333333 0.023148148148148
19 0.69479166666667 0.85138888888889 0.017708333333333 0.025
19 0.1921875 0.96481481481481 0.019791666666667 0.022222222222222
19 0.0796875 0.35185185185185 0.016666666666667 0.025925925925926
19 0.012239583333333 0.97314814814815 0.018229166666667 0.024074074074074
19 0.15338541666667 0.39861111111111 0.0171875 0.025
19 0.13828125 0.36435185185185 0.0171875 0.025
19 0.018489583333333 0.69722222222222 0.019270833333333 0.022222222222222
19 0.16927083333333 0.20555555555556 0.017708333333333 0.024074074074074
19 0.31875 0.0097222222222222 0.021875 0.019444444444444
19 0.61953125 0.96435185185185 0.018229166666667 0.023148148148148
19 0.20416666666667 0.47592592592593 0.01875 0.022222222222222
19 0.42447916666667 0.50833333333333 0.017708333333333 0.022222222222222
19 0.12890625 0.27314814814815 0.0171875 0.022222222222222
19 0.21328125 0.83425925925926 0.0171875 0.022222222222222
19 0.1703125 0.71712962962963 0.017708333333333 0.021296296296296
19 0.15494791666667 0.22916666666667 0.016145833333333 0.023148148148148
19 0.32057291666667 0.78518518518519 0.018229166666667 0.02037037037037
19 0.1546875 0.4212962962963 0.016666666666667 0.022222222222222
19 0.77760416666667 0.94074074074074 0.016666666666667 0.022222222222222
19 0.8 0.98981481481481 0.017708333333333 0.02037037037037
19 0.012760416666667 0.80787037037037 0.015104166666667 0.023148148148148
19 0.58385416666667 0.94953703703704 0.017708333333333 0.019444444444444
19 0.27369791666667 0.5912037037037 0.0171875 0.019444444444444
19 0.196875 0.22268518518519 0.015625 0.019444444444444
19 0.26041666666667 0.34722222222222 0.014583333333333 0.018518518518519