20 0.27265625 0.030555555555556 0.0328125 0.042592592592593
20 0.81041666666667 0.78888888888889 0.027083333333333 0.035185185185185
20 0.055989583333333 0.35787037037037 0.0265625 0.034259259259259
20 0.28489583333333 0.76666666666667 0.023958333333333 0.037037037037037
20 0.66354166666667 0.3412037037037 0.025 0.034259259259259
20 0.17786458333333 0.026388888888889 0.024479166666667 0.032407407407407
20 0.10859375 0.1287037037037 0.0234375 0.033333333333333
20 0.049739583333333 0.17824074074074 0.022395833333333 0.034259259259259
20 0.095572916666667 0.60833333333333 0.0234375 0.031481481481481
20 0.6 0.63287037037037 0.023958333333333 0.028703703703704
20 0.45208333333333 0.25925925925926 0.022916666666667 0.02962962962963
20 0.044270833333333 0.32731481481481 0.025 0.028703703703704
20 0.27239583333333 0.85046296296296 0.019791666666667 0.030555555555556
20 0.1921875 0.2412037037037 0.020833333333333 0.028703703703704
20 0.48723958333333 0.36759259259259 0.0203125 0.02962962962963
20 0.2125 0.52731481481481 0.021875 0.026851851851852
20 0.35364583333333 0.68055555555556 0.019791666666667 0.02962962962963
20 0.77083333333333 0.69768518518519 0.019791666666667 0.028703703703704
20 0.38307291666667 0.90416666666667 0.0203125 0.028703703703704
20 0.021875 0.49351851851852 0.020833333333333 0.027777777777778
20 0.1125 0.92222222222222 0.019791666666667 0.027777777777778
20 0.084375 0.95046296296296 0.020833333333333 0.026851851851852
20 0.34192708333333 0.79490740740741 0.0203125 0.026851851851852
20 0.73385416666667 0.39907407407407 0.019791666666667 0.027777777777778
20 0.27630208333333 0.94814814814815 0.0203125 0.025925925925926
20 0.16276041666667 0.97407407407407 0.0203125 0.025925925925926
20 0.44921875 0.49583333333333 0.0203125 0.026851851851852
20 0.58463541666667 0.12361111111111 0.0203125 0.028703703703704
20 0.083854166666667 0.093981481481481 0.020833333333333 0.025
20 0.1578125 0.35185185185185 0.019791666666667 0.025925925925926
20 0.36197916666667 0.64537037037037 0.019791666666667 0.025925925925926
20 0.28385416666667 0.43055555555556 0.01875 0.027777777777778
20 0.97057291666667 0.95416666666667 0.019270833333333 0.026851851851852
20 0.2796875 0.16203703703704 0.019791666666667 0.025925925925926
20 0.56354166666667 0.61157407407407 0.01875 0.026851851851852
20 0.36119791666667 0.20092592592593 0.019270833333333 0.025925925925926
20 0.54010416666667 0.90138888888889 0.01875 0.026851851851852
20 0.029427083333333 0.91759259259259 0.019270833333333 0.025925925925926
20 0.25442708333333 0.98148148148148 0.019270833333333 0.025925925925926
20 0.50130208333333 0.32314814814815 0.019270833333333 0.025925925925926
20 0.37864583333333 0.10972222222222 0.019791666666667 0.025
20 0.65625 0.85509259259259 0.019791666666667 0.025
20 0.04453125 0.83240740740741 0.018229166666667 0.025925925925926
20 0.53333333333333 0.52638888888889 0.01875 0.025
20 0.25338541666667 0.81944444444444 0.018229166666667 0.025925925925926
20 0.53776041666667 0.24722222222222 0.018229166666667 0.025925925925926
20 0.079947916666667 0.87175925925926 0.018229166666667 0.025
20 0.15755208333333 0.72083333333333 0.018229166666667 0.025
20 0.01171875 0.80509259259259 0.018229166666667 0.025
20 0.23802083333333 0.67314814814815 0.01875 0.024074074074074
20 0.30026041666667 0.24027777777778 0.018229166666667 0.025
20 0.23723958333333 0.37777777777778 0.019270833333333 0.024074074074074
20 0.44635416666667 0.97777777777778 0.01875 0.024074074074074
20 0.21276041666667 0.36574074074074 0.018229166666667 0.024074074074074
20 0.12161458333333 0.23055555555556 0.018229166666667 0.024074074074074
20 0.18802083333333 0.39212962962963 0.01875 0.023148148148148
20 0.16302083333333 0.2625 0.017708333333333 0.025
20 0.094791666666667 0.30555555555556 0.017708333333333 0.024074074074074
20 0.41432291666667 0.2587962962963 0.018229166666667 0.023148148148148
20 0.34427083333333 0.31944444444444 0.01875 0.022222222222222
20 0.16328125 0.76666666666667 0.0171875 0.024074074074074
20 0.20598958333333 0.083333333333333 0.018229166666667 0.022222222222222
20 0.15130208333333 0.6212962962963 0.018229166666667 0.022222222222222
20 0.34244791666667 0.83981481481481 0.0171875 0.024074074074074
20 0.16666666666667 0.4087962962963 0.017708333333333 0.023148148148148
20 0.271875 0.24583333333333 0.017708333333333 0.023148148148148
20 0.028645833333333 0.55462962962963 0.017708333333333 0.02037037037037
20 0.052604166666667 0.28657407407407 0.017708333333333 0.019444444444444
20 0.22421875 0.07962962962963 0.018229166666667 0.02037037037037
20 0.10364583333333 0.53796296296296 0.017708333333333 0.022222222222222
20 0.0640625 0.52731481481481 0.017708333333333 0.021296296296296
20 0.30078125 0.13287037037037 0.0171875 0.023148148148148
20 0.14401041666667 0.93564814814815 0.016145833333333 0.021296296296296
20 0.12083333333333 0.96898148148148 0.015625 0.021296296296296
20 0.27109375 0.59351851851852 0.0171875 0.018518518518519
20 0.01171875 0.23935185185185 0.016145833333333 0.019444444444444
20 0.38880208333333 0.026388888888889 0.016145833333333 0.019444444444444
20 0.27786458333333 0.6587962962963 0.016145833333333 0.019444444444444
20 0.19322916666667 0.57592592592593 0.016666666666667 0.018518518518519
20 0.15390625 0.64722222222222 0.016145833333333 0.016666666666667
20 0.2109375 0.79305555555556 0.014583333333333 0.017592592592593