49 0.53098958333333 0.26435185185185 0.0234375 0.028703703703704
49 0.54244791666667 0.068518518518519 0.0234375 0.031481481481481
49 0.45052083333333 0.36296296296296 0.021875 0.02962962962963
49 0.70911458333333 0.40324074074074 0.0203125 0.030555555555556
49 0.49140625 0.66296296296296 0.021354166666667 0.027777777777778
49 0.66380208333333 0.57731481481481 0.019270833333333 0.028703703703704
49 0.45729166666667 0.51481481481481 0.020833333333333 0.025925925925926
49 0.63333333333333 0.35509259259259 0.01875 0.028703703703704
49 0.34921875 0.39814814814815 0.0203125 0.025925925925926
49 0.51119791666667 0.58981481481481 0.019270833333333 0.024074074074074
49 0.69322916666667 0.48518518518519 0.01875 0.025925925925926
49 0.66119791666667 0.31342592592593 0.018229166666667 0.025
49 0.66302083333333 0.69675925925926 0.017708333333333 0.025
49 0.41223958333333 0.41111111111111 0.018229166666667 0.024074074074074
49 0.42526041666667 0.66574074074074 0.0171875 0.024074074074074
49 0.70494791666667 0.56712962962963 0.019270833333333 0.021296296296296
49 0.75416666666667 0.35416666666667 0.016666666666667 0.021296296296296
49 0.71770833333333 0.48148148148148 0.015625 0.02037037037037
49 0.69166666666667 0.40925925925926 0.015625 0.022222222222222
49 0.7453125 0.33009259259259 0.014583333333333 0.021296296296296
49 0.80911458333333 0.39351851851852 0.015104166666667 0.02037037037037
49 0.59921875 0.43148148148148 0.015104166666667 0.02037037037037
49 0.43203125 0.5625 0.0140625 0.019444444444444
49 0.66666666666667 0.51712962962963 0.013541666666667 0.019444444444444
49 0.69947916666667 0.52685185185185 0.014583333333333 0.018518518518519
49 0.546875 0.49027777777778 0.013541666666667 0.019444444444444
49 0.67838541666667 0.45833333333333 0.0140625 0.018518518518519
49 0.72473958333333 0.625 0.0140625 0.018518518518519
49 0.75130208333333 0.60648148148148 0.0140625 0.018518518518519
49 0.678125 0.65092592592593 0.013541666666667 0.018518518518519
49 0.76848958333333 0.56481481481481 0.013020833333333 0.018518518518519
49 0.63828125 0.5537037037037 0.013020833333333 0.018518518518519