20 0.34036458333333 0.46898148148148 0.025520833333333 0.032407407407407
20 0.73151041666667 0.2412037037037 0.0234375 0.034259259259259
20 0.25572916666667 0.56296296296296 0.023958333333333 0.033333333333333
20 0.71458333333333 0.48796296296296 0.023958333333333 0.033333333333333
20 0.70026041666667 0.30833333333333 0.0234375 0.033333333333333
20 0.77057291666667 0.5287037037037 0.024479166666667 0.031481481481481
20 0.42734375 0.15231481481481 0.024479166666667 0.030555555555556
20 0.50807291666667 0.61018518518519 0.022395833333333 0.033333333333333
20 0.94973958333333 0.40833333333333 0.0234375 0.031481481481481
20 0.0390625 0.020833333333333 0.023958333333333 0.028703703703704
20 0.23515625 0.67685185185185 0.022395833333333 0.031481481481481
20 0.56614583333333 0.74675925925926 0.023958333333333 0.028703703703704
20 0.79088541666667 0.20925925925926 0.0203125 0.033333333333333
20 0.50703125 0.51851851851852 0.021354166666667 0.031481481481481
20 0.51744791666667 0.44907407407407 0.022395833333333 0.02962962962963
20 0.051041666666667 0.78425925925926 0.019791666666667 0.033333333333333
20 0.32317708333333 0.077314814814815 0.0203125 0.032407407407407
20 0.50260416666667 0.75787037037037 0.021875 0.028703703703704
20 0.82057291666667 0.53287037037037 0.021354166666667 0.028703703703704
20 0.6234375 0.32592592592593 0.021875 0.027777777777778
20 0.081510416666667 0.33240740740741 0.021354166666667 0.027777777777778
20 0.69947916666667 0.59768518518519 0.021875 0.026851851851852
20 0.76770833333333 0.05462962962963 0.019791666666667 0.02962962962963
20 0.23567708333333 0.22407407407407 0.0203125 0.02962962962963
20 0.59192708333333 0.24722222222222 0.019270833333333 0.02962962962963
20 0.91484375 0.43564814814815 0.019270833333333 0.028703703703704
20 0.73255208333333 0.41064814814815 0.019270833333333 0.028703703703704
20 0.65442708333333 0.40833333333333 0.0203125 0.025925925925926
20 0.528125 0.36203703703704 0.019791666666667 0.027777777777778
20 0.54322916666667 0.48888888888889 0.019791666666667 0.027777777777778
20 0.89140625 0.010648148148148 0.022395833333333 0.021296296296296
20 0.44322916666667 0.12083333333333 0.01875 0.025
20 0.88098958333333 0.079166666666667 0.0171875 0.026851851851852
20 0.78411458333333 0.17037037037037 0.0171875 0.025925925925926
20 0.16692708333333 0.011111111111111 0.019270833333333 0.022222222222222
20 0.26614583333333 0.15416666666667 0.016666666666667 0.026851851851852
20 0.63072916666667 0.066666666666667 0.016666666666667 0.024074074074074
20 0.80677083333333 0.5 0.01875 0.022222222222222
20 0.40885416666667 0.037037037037037 0.016666666666667 0.024074074074074
20 0.52786458333333 0.13194444444444 0.0171875 0.023148148148148
20 0.070833333333333 0.13472222222222 0.015625 0.023148148148148
20 0.41171875 0.37916666666667 0.016145833333333 0.023148148148148
20 0.5625 0.1337962962963 0.015625 0.021296296296296
20 0.22213541666667 0.066203703703704 0.015104166666667 0.023148148148148
20 0.74270833333333 0.073148148148148 0.014583333333333 0.022222222222222
20 0.0057291666666667 0.13888888888889 0.011458333333333 0.027777777777778
20 0.24140625 0.018981481481481 0.0140625 0.019444444444444
20 0.253125 0.094444444444444 0.013541666666667 0.022222222222222