20 0.32135416666667 0.046296296296296 0.039583333333333 0.040740740740741
20 0.55677083333333 0.043981481481481 0.029166666666667 0.04537037037037
20 0.18411458333333 0.56481481481481 0.027604166666667 0.037037037037037
20 0.3796875 0.4787037037037 0.028125 0.037037037037037
20 0.93645833333333 0.39490740740741 0.03125 0.037962962962963
20 0.63984375 0.21759259259259 0.025520833333333 0.038888888888889
20 0.10833333333333 0.28981481481481 0.033333333333333 0.02962962962963
20 0.59114583333333 0.90046296296296 0.027083333333333 0.036111111111111
20 0.17447916666667 0.96157407407407 0.027083333333333 0.036111111111111
20 0.08828125 0.29722222222222 0.031770833333333 0.02962962962963
20 0.33645833333333 0.50138888888889 0.026041666666667 0.034259259259259
20 0.30260416666667 0.13194444444444 0.03125 0.026851851851852
20 0.45416666666667 0.55046296296296 0.026041666666667 0.032407407407407
20 0.590625 0.26574074074074 0.028125 0.031481481481481
20 0.19791666666667 0.34583333333333 0.029166666666667 0.028703703703704
20 0.49140625 0.19768518518519 0.028645833333333 0.028703703703704
20 0.52473958333333 0.44953703703704 0.0265625 0.030555555555556
20 0.36770833333333 0.8375 0.025 0.032407407407407
20 0.86614583333333 0.12962962962963 0.023958333333333 0.031481481481481
20 0.78828125 0.66851851851852 0.024479166666667 0.02962962962963
20 0.42760416666667 0.96574074074074 0.022916666666667 0.031481481481481
20 0.53229166666667 0.55462962962963 0.022916666666667 0.031481481481481
20 0.1328125 0.95185185185185 0.022916666666667 0.031481481481481
20 0.75 0.64351851851852 0.023958333333333 0.02962962962963
20 0.6453125 0.26990740740741 0.022916666666667 0.030555555555556
20 0.53619791666667 0.51342592592593 0.024479166666667 0.028703703703704
20 0.1609375 0.65231481481481 0.022916666666667 0.030555555555556
20 0.47161458333333 0.59351851851852 0.0234375 0.02962962962963
20 0.19869791666667 0.30555555555556 0.024479166666667 0.027777777777778
20 0.575 0.073148148148148 0.022916666666667 0.02962962962963
20 0.95625 0.65416666666667 0.020833333333333 0.032407407407407
20 0.31901041666667 0.54583333333333 0.0234375 0.028703703703704
20 0.24765625 0.61388888888889 0.022395833333333 0.02962962962963
20 0.14661458333333 0.76296296296296 0.022395833333333 0.02962962962963
20 0.4046875 0.1537037037037 0.025 0.025925925925926
20 0.95885416666667 0.18425925925926 0.022916666666667 0.027777777777778
20 0.77473958333333 0.09212962962963 0.021354166666667 0.028703703703704
20 0.96223958333333 0.54768518518519 0.021354166666667 0.030555555555556
20 0.60078125 0.55648148148148 0.0234375 0.027777777777778
20 0.37005208333333 0.077314814814815 0.024479166666667 0.025
20 0.56953125 0.16944444444444 0.0234375 0.025925925925926
20 0.73828125 0.035185185185185 0.019270833333333 0.031481481481481
20 0.53802083333333 0.92222222222222 0.021875 0.027777777777778
20 0.9625 0.27083333333333 0.020833333333333 0.028703703703704
20 0.29401041666667 0.54351851851852 0.021354166666667 0.027777777777778
20 0.571875 0.30787037037037 0.021875 0.026851851851852
20 0.013541666666667 0.94722222222222 0.019791666666667 0.02962962962963
20 0.66223958333333 0.76435185185185 0.0203125 0.028703703703704
20 0.26614583333333 0.69259259259259 0.020833333333333 0.027777777777778
20 0.90234375 0.54768518518519 0.0203125 0.028703703703704
20 0.71223958333333 0.91944444444444 0.019270833333333 0.02962962962963
20 0.29817708333333 0.47361111111111 0.021354166666667 0.026851851851852
20 0.20208333333333 0.69675925925926 0.019791666666667 0.028703703703704
20 0.89348958333333 0.70555555555556 0.0203125 0.027777777777778
20 0.14817708333333 0.68564814814815 0.019270833333333 0.028703703703704
20 0.92447916666667 0.82407407407407 0.019791666666667 0.027777777777778
20 0.63020833333333 0.81666666666667 0.019791666666667 0.027777777777778
20 0.3671875 0.66527777777778 0.020833333333333 0.026851851851852
20 0.34322916666667 0.39861111111111 0.021875 0.025
20 0.69453125 0.55324074074074 0.0203125 0.026851851851852
20 0.10885416666667 0.61435185185185 0.019791666666667 0.026851851851852
20 0.88854166666667 0.66805555555556 0.019791666666667 0.026851851851852
20 0.13567708333333 0.17916666666667 0.022395833333333 0.023148148148148
20 0.59895833333333 0.95462962962963 0.019791666666667 0.025925925925926
20 0.57161458333333 0.2212962962963 0.019270833333333 0.025925925925926
20 0.97994791666667 0.95462962962963 0.019270833333333 0.025925925925926
20 0.84036458333333 0.43611111111111 0.019270833333333 0.025925925925926
20 0.3125 0.85138888888889 0.019791666666667 0.025
20 0.40364583333333 0.026851851851852 0.021875 0.022222222222222
20 0.65416666666667 0.86851851851852 0.01875 0.025925925925926
20 0.04375 0.53055555555556 0.01875 0.025925925925926
20 0.43333333333333 0.42731481481481 0.020833333333333 0.023148148148148
20 0.44609375 0.15740740740741 0.021354166666667 0.022222222222222
20 0.56536458333333 0.13564814814815 0.0203125 0.023148148148148
20 0.825 0.15787037037037 0.01875 0.025
20 0.85104166666667 0.45972222222222 0.01875 0.025
20 0.64375 0.20601851851852 0.01875 0.025
20 0.94661458333333 0.75694444444444 0.0171875 0.026851851851852
20 0.87838541666667 0.33472222222222 0.018229166666667 0.025
20 0.45572916666667 0.47592592592593 0.01875 0.024074074074074
20 0.22083333333333 0.058333333333333 0.021875 0.02037037037037
20 0.079166666666667 0.41018518518519 0.019791666666667 0.022222222222222
20 0.62473958333333 0.52592592592593 0.018229166666667 0.024074074074074
20 0.09609375 0.71944444444444 0.018229166666667 0.024074074074074
20 0.296875 0.57453703703704 0.01875 0.023148148148148
20 0.8015625 0.9412037037037 0.016666666666667 0.025
20 0.50520833333333 0.74259259259259 0.01875 0.022222222222222
20 0.6140625 0.049537037037037 0.017708333333333 0.023148148148148
20 0.37916666666667 0.42731481481481 0.01875 0.021296296296296
20 0.92005208333333 0.9875 0.0171875 0.023148148148148
20 0.7125 0.76990740740741 0.016666666666667 0.023148148148148
20 0.88776041666667 0.51666666666667 0.0171875 0.022222222222222
20 0.74635416666667 0.84861111111111 0.015625 0.023148148148148
20 0.95 0.59814814814815 0.015625 0.022222222222222
20 0.85572916666667 0.0097222222222222 0.017708333333333 0.019444444444444
20 0.69895833333333 0.87916666666667 0.015625 0.021296296296296
20 0.74739583333333 0.69953703703704 0.015625 0.021296296296296
20 0.13671875 0.12268518518519 0.0171875 0.017592592592593
20 0.91354166666667 0.17314814814815 0.015625 0.02037037037037
20 0.62109375 0.73796296296296 0.015104166666667 0.02037037037037
20 0.32161458333333 0.047222222222222 0.0390625 0.038888888888889
20 0.55651041666667 0.047685185185185 0.0296875 0.039814814814815
20 0.93619791666667 0.39444444444444 0.030729166666667 0.037037037037037
20 0.184375 0.56435185185185 0.027083333333333 0.037962962962963
20 0.3796875 0.47962962962963 0.028125 0.037037037037037
20 0.10911458333333 0.29027777777778 0.033854166666667 0.028703703703704
20 0.59036458333333 0.90231481481481 0.0265625 0.036111111111111
20 0.3359375 0.50231481481481 0.025 0.036111111111111
20 0.59088541666667 0.2662037037037 0.027604166666667 0.032407407407407
20 0.19765625 0.34537037037037 0.027604166666667 0.031481481481481
20 0.17473958333333 0.96111111111111 0.024479166666667 0.035185185185185
20 0.30234375 0.13194444444444 0.031770833333333 0.025
20 0.45390625 0.55092592592593 0.024479166666667 0.031481481481481
20 0.525 0.44953703703704 0.025 0.030555555555556
20 0.36796875 0.8375 0.0234375 0.032407407407407
20 0.086458333333333 0.29722222222222 0.028125 0.025925925925926
20 0.49140625 0.19768518518519 0.027604166666667 0.026851851851852
20 0.86588541666667 0.12962962962963 0.022395833333333 0.031481481481481
20 0.19869791666667 0.30509259259259 0.024479166666667 0.028703703703704
20 0.53307291666667 0.55462962962963 0.0234375 0.02962962962963
20 0.5359375 0.51342592592593 0.023958333333333 0.028703703703704
20 0.73854166666667 0.035185185185185 0.019791666666667 0.033333333333333
20 0.95598958333333 0.65416666666667 0.0203125 0.032407407407407
20 0.42760416666667 0.96574074074074 0.020833333333333 0.031481481481481
20 0.6453125 0.27037037037037 0.021875 0.02962962962963
20 0.57552083333333 0.072222222222222 0.021875 0.02962962962963
20 0.74973958333333 0.64398148148148 0.022395833333333 0.028703703703704
20 0.47161458333333 0.59398148148148 0.022395833333333 0.028703703703704
20 0.63932291666667 0.2212962962963 0.0203125 0.031481481481481
20 0.78802083333333 0.66851851851852 0.022916666666667 0.027777777777778
20 0.9625 0.27037037037037 0.020833333333333 0.02962962962963
20 0.24713541666667 0.61435185185185 0.021354166666667 0.028703703703704
20 0.95911458333333 0.1837962962963 0.021354166666667 0.028703703703704
20 0.29869791666667 0.47361111111111 0.021354166666667 0.028703703703704
20 0.14661458333333 0.76296296296296 0.0203125 0.02962962962963
20 0.96223958333333 0.54722222222222 0.0203125 0.02962962962963
20 0.53697916666667 0.92175925925926 0.021875 0.026851851851852
20 0.60078125 0.55648148148148 0.021354166666667 0.027777777777778
20 0.13255208333333 0.95185185185185 0.0203125 0.02962962962963
20 0.56953125 0.16944444444444 0.022395833333333 0.025925925925926
20 0.3703125 0.076851851851852 0.023958333333333 0.024074074074074
20 0.31848958333333 0.54583333333333 0.021354166666667 0.026851851851852
20 0.013541666666667 0.94768518518519 0.01875 0.030555555555556
20 0.1609375 0.65324074074074 0.019791666666667 0.028703703703704
20 0.90260416666667 0.54861111111111 0.019791666666667 0.028703703703704
20 0.77473958333333 0.092592592592593 0.0203125 0.027777777777778
20 0.61119791666667 0.46759259259259 0.0203125 0.027777777777778
20 0.29375 0.54305555555556 0.020833333333333 0.026851851851852
20 0.26666666666667 0.69259259259259 0.019791666666667 0.027777777777778
20 0.1359375 0.17916666666667 0.021875 0.025
20 0.57161458333333 0.30694444444444 0.0203125 0.026851851851852
20 0.34348958333333 0.39907407407407 0.022395833333333 0.024074074074074
20 0.92395833333333 0.82407407407407 0.01875 0.027777777777778
20 0.3671875 0.6662037037037 0.019791666666667 0.026851851851852
20 0.89375 0.70555555555556 0.01875 0.027777777777778
20 0.69479166666667 0.5537037037037 0.01875 0.027777777777778
20 0.5625 0.78148148148148 0.019791666666667 0.025925925925926
20 0.14791666666667 0.68518518518519 0.01875 0.027777777777778
20 0.6625 0.76435185185185 0.01875 0.026851851851852
20 0.571875 0.22175925925926 0.019791666666667 0.025
20 0.64375 0.20694444444444 0.01875 0.026851851851852
20 0.10911458333333 0.61435185185185 0.018229166666667 0.026851851851852
20 0.20234375 0.69675925925926 0.018229166666667 0.026851851851852
20 0.44661458333333 0.15694444444444 0.022395833333333 0.021296296296296
20 0.63046875 0.81666666666667 0.018229166666667 0.025925925925926
20 0.88880208333333 0.66851851851852 0.018229166666667 0.025925925925926
20 0.98020833333333 0.95509259259259 0.01875 0.025
20 0.59895833333333 0.95509259259259 0.01875 0.025
20 0.43229166666667 0.42685185185185 0.020833333333333 0.022222222222222
20 0.3796875 0.42777777777778 0.020833333333333 0.022222222222222
20 0.71276041666667 0.91898148148148 0.0171875 0.026851851851852
20 0.84010416666667 0.43611111111111 0.017708333333333 0.025925925925926
20 0.0796875 0.41018518518519 0.01875 0.024074074074074
20 0.29635416666667 0.57407407407407 0.01875 0.024074074074074
20 0.04375 0.53009259259259 0.017708333333333 0.025
20 0.22109375 0.058796296296296 0.0203125 0.021296296296296
20 0.40442708333333 0.026851851851852 0.021354166666667 0.02037037037037
20 0.85130208333333 0.4587962962963 0.0171875 0.025
20 0.31302083333333 0.85092592592593 0.017708333333333 0.024074074074074
20 0.87864583333333 0.33518518518519 0.017708333333333 0.024074074074074
20 0.56536458333333 0.13564814814815 0.018229166666667 0.023148148148148
20 0.096354166666667 0.71898148148148 0.016666666666667 0.025
20 0.65442708333333 0.86759259259259 0.0171875 0.024074074074074
20 0.62473958333333 0.52592592592593 0.0171875 0.024074074074074
20 0.45520833333333 0.47638888888889 0.017708333333333 0.023148148148148
20 0.88776041666667 0.51666666666667 0.0171875 0.024074074074074
20 0.50572916666667 0.74259259259259 0.017708333333333 0.022222222222222
20 0.80182291666667 0.94074074074074 0.016145833333333 0.024074074074074
20 0.92005208333333 0.98796296296296 0.0171875 0.022222222222222
20 0.85494791666667 0.010185185185185 0.0171875 0.02037037037037
20 0.6140625 0.05 0.016666666666667 0.022222222222222
20 0.74661458333333 0.84861111111111 0.015104166666667 0.021296296296296
20 0.99348958333333 0.22962962962963 0.011979166666667 0.025925925925926
20 0.69895833333333 0.87962962962963 0.014583333333333 0.02037037037037
20 0.011979166666667 0.49722222222222 0.014583333333333 0.02037037037037
20 0.13645833333333 0.12361111111111 0.015625 0.017592592592593