20 0.35260416666667 0.54259259259259 0.022916666666667 0.033333333333333
20 0.06328125 0.69953703703704 0.0265625 0.030555555555556
20 0.1328125 0.72037037037037 0.027083333333333 0.031481481481481
20 0.00859375 0.95925925925926 0.0171875 0.038888888888889
20 0.0984375 0.75740740740741 0.022916666666667 0.027777777777778
20 0.15520833333333 0.5712962962963 0.023958333333333 0.031481481481481
20 0.5421875 0.42638888888889 0.020833333333333 0.028703703703704
20 0.04296875 0.83981481481481 0.021354166666667 0.027777777777778
20 0.33958333333333 0.4162037037037 0.023958333333333 0.025
20 0.515625 0.66666666666667 0.020833333333333 0.027777777777778
20 0.26458333333333 0.66296296296296 0.020833333333333 0.027777777777778
20 0.0828125 0.18796296296296 0.020833333333333 0.027777777777778
20 0.3953125 0.4537037037037 0.020833333333333 0.025925925925926
20 0.0953125 0.90972222222222 0.019791666666667 0.028703703703704
20 0.71953125 0.13796296296296 0.0203125 0.027777777777778
20 0.19010416666667 0.65555555555556 0.019791666666667 0.025925925925926
20 0.10338541666667 0.375 0.0203125 0.025925925925926
20 0.5671875 0.49212962962963 0.019791666666667 0.026851851851852
20 0.11197916666667 0.79722222222222 0.019791666666667 0.025925925925926
20 0.65885416666667 0.53518518518519 0.019791666666667 0.025925925925926
20 0.68307291666667 0.2875 0.0203125 0.025
20 0.57057291666667 0.91990740740741 0.018229166666667 0.026851851851852
20 0.31458333333333 0.5837962962963 0.019791666666667 0.025
20 0.81588541666667 0.33611111111111 0.018229166666667 0.027777777777778
20 0.19479166666667 0.28981481481481 0.021875 0.022222222222222
20 0.07421875 0.51805555555556 0.019270833333333 0.025
20 0.70442708333333 0.22731481481481 0.019270833333333 0.025
20 0.721875 0.17592592592593 0.019791666666667 0.024074074074074
20 0.012760416666667 0.83055555555556 0.018229166666667 0.025925925925926
20 0.546875 0.58287037037037 0.01875 0.025
20 0.32239583333333 0.78333333333333 0.01875 0.024074074074074
20 0.44921875 0.44074074074074 0.022395833333333 0.02037037037037
20 0.2109375 0.50694444444444 0.019791666666667 0.023148148148148