20 0.56614583333333 0.64583333333333 0.038541666666667 0.041666666666667
20 0.40338541666667 0.3962962962963 0.040104166666667 0.038888888888889
20 0.41848958333333 0.64490740740741 0.0390625 0.039814814814815
20 0.29192708333333 0.68564814814815 0.031770833333333 0.043518518518519
20 0.28489583333333 0.58148148148148 0.029166666666667 0.035185185185185
20 0.46067708333333 0.54305555555556 0.033854166666667 0.032407407407407
20 0.74739583333333 0.74444444444444 0.033333333333333 0.02962962962963
20 0.016927083333333 0.52592592592593 0.030729166666667 0.02962962962963
20 0.046614583333333 0.33611111111111 0.033854166666667 0.027777777777778
20 0.20026041666667 0.82175925925926 0.0296875 0.030555555555556
20 0.70911458333333 0.77407407407407 0.028645833333333 0.031481481481481
20 0.013541666666667 0.4875 0.026041666666667 0.034259259259259
20 0.27630208333333 0.42222222222222 0.0296875 0.027777777777778
20 0.53020833333333 0.62037037037037 0.029166666666667 0.027777777777778
20 0.091927083333333 0.25509259259259 0.028645833333333 0.028703703703704
20 0.80182291666667 0.37314814814815 0.025520833333333 0.031481481481481
20 0.69869791666667 0.68796296296296 0.028645833333333 0.02962962962963
20 0.79270833333333 0.76296296296296 0.028125 0.027777777777778
20 0.15286458333333 0.53148148148148 0.028645833333333 0.025925925925926
20 0.609375 0.059722222222222 0.025 0.028703703703704
20 0.75598958333333 0.4625 0.0265625 0.028703703703704
20 0.4609375 0.63657407407407 0.025 0.028703703703704
20 0.71666666666667 0.6337962962963 0.025 0.028703703703704
20 0.022395833333333 0.71898148148148 0.025 0.028703703703704
20 0.84088541666667 0.62083333333333 0.024479166666667 0.028703703703704
20 0.91848958333333 0.45416666666667 0.0265625 0.026851851851852
20 0.94713541666667 0.5375 0.025520833333333 0.026851851851852
20 0.054166666666667 0.61111111111111 0.022916666666667 0.02962962962963
20 0.87083333333333 0.31944444444444 0.022916666666667 0.02962962962963
20 0.36588541666667 0.43425925925926 0.024479166666667 0.027777777777778
20 0.8 0.425 0.023958333333333 0.027777777777778
20 0.96484375 0.56990740740741 0.025520833333333 0.025
20 0.29348958333333 0.081018518518519 0.025520833333333 0.025
20 0.86484375 0.49861111111111 0.0234375 0.026851851851852
20 0.93125 0.38194444444444 0.021875 0.028703703703704
20 0.47057291666667 0.037037037037037 0.024479166666667 0.025925925925926
20 0.5546875 0.31666666666667 0.023958333333333 0.025925925925926
20 0.8765625 0.15277777777778 0.021875 0.027777777777778
20 0.5890625 0.55416666666667 0.023958333333333 0.025
20 0.828125 0.66944444444444 0.022916666666667 0.025925925925926
20 0.08046875 0.5125 0.022395833333333 0.026851851851852
20 0.67838541666667 0.17407407407407 0.021354166666667 0.027777777777778
20 0.21380208333333 0.45 0.022395833333333 0.025925925925926
20 0.8890625 0.28888888888889 0.023958333333333 0.024074074074074
20 0.75390625 0.32962962962963 0.021354166666667 0.025925925925926
20 0.8140625 0.4912037037037 0.023958333333333 0.023148148148148
20 0.28828125 0.25601851851852 0.024479166666667 0.023148148148148
20 0.86145833333333 0.032407407407407 0.022916666666667 0.024074074074074
20 0.7890625 0.34768518518519 0.021875 0.025
20 0.59895833333333 0.64444444444444 0.022916666666667 0.024074074074074
20 0.6609375 0.7162037037037 0.021875 0.025
20 0.91328125 0.68564814814815 0.0234375 0.023148148148148
20 0.043489583333333 0.14722222222222 0.022395833333333 0.024074074074074
20 0.91119791666667 0.49722222222222 0.021354166666667 0.024074074074074
20 0.66145833333333 0.675 0.021875 0.024074074074074
20 0.17317708333333 0.02962962962963 0.022395833333333 0.022222222222222
20 0.16432291666667 0.4212962962963 0.022395833333333 0.022222222222222
20 0.85182291666667 0.71203703703704 0.0234375 0.022222222222222
20 0.55885416666667 0.35 0.023958333333333 0.022222222222222
20 0.79739583333333 0.11435185185185 0.019791666666667 0.025
20 0.9578125 0.01712962962963 0.020833333333333 0.023148148148148
20 0.12786458333333 0.41296296296296 0.021354166666667 0.022222222222222
20 0.24557291666667 0.10972222222222 0.021354166666667 0.023148148148148
20 0.60546875 0.77916666666667 0.0203125 0.023148148148148
20 0.72291666666667 0.81527777777778 0.020833333333333 0.021296296296296
20 0.24583333333333 0.34722222222222 0.020833333333333 0.022222222222222
20 0.55677083333333 0.052314814814815 0.019791666666667 0.023148148148148
20 0.91927083333333 0.66157407407407 0.022916666666667 0.019444444444444
20 0.68958333333333 0.87175925925926 0.021875 0.021296296296296
20 0.67395833333333 0.84814814814815 0.022916666666667 0.02037037037037
20 0.82291666666667 0.51111111111111 0.019791666666667 0.022222222222222
20 0.94505208333333 0.51064814814815 0.0203125 0.021296296296296
20 0.73229166666667 0.67407407407407 0.020833333333333 0.02037037037037
20 0.62838541666667 0.68703703703704 0.0203125 0.02037037037037
20 0.65338541666667 0.75092592592593 0.019270833333333 0.022222222222222
20 0.25625 0.14027777777778 0.020833333333333 0.019444444444444
20 0.78541666666667 0.64490740740741 0.019791666666667 0.019444444444444
20 0.73489583333333 0.85277777777778 0.020833333333333 0.018518518518519
20 0.63046875 0.51388888888889 0.019270833333333 0.018518518518519
20 0.7109375 0.0083333333333333 0.017708333333333 0.016666666666667
20 0.83255208333333 0.58333333333333 0.018229166666667 0.018518518518519