43 0.64427083333333 0.50694444444444 0.061458333333333 0.078703703703704
43 0.1640625 0.068518518518519 0.028125 0.02962962962963
43 0.52161458333333 0.38148148148148 0.025520833333333 0.02962962962963
43 0.36536458333333 0.66574074074074 0.027604166666667 0.025925925925926
43 0.49635416666667 0.20231481481481 0.023958333333333 0.030555555555556
43 0.8375 0.52962962962963 0.021875 0.033333333333333
43 0.37005208333333 0.18472222222222 0.025520833333333 0.026851851851852
43 0.61041666666667 0.46944444444444 0.023958333333333 0.027777777777778
43 0.25859375 0.12731481481481 0.022395833333333 0.028703703703704
43 0.86015625 0.73148148148148 0.021354166666667 0.02962962962963
43 0.068489583333333 0.32222222222222 0.022395833333333 0.027777777777778
43 0.50911458333333 0.23611111111111 0.021354166666667 0.027777777777778
43 0.69479166666667 0.73333333333333 0.020833333333333 0.02962962962963
43 0.60598958333333 0.3912037037037 0.0203125 0.028703703703704
43 0.14583333333333 0.40138888888889 0.022916666666667 0.025
43 0.79453125 0.5787037037037 0.0203125 0.027777777777778
43 0.82942708333333 0.17638888888889 0.019270833333333 0.028703703703704
43 0.55833333333333 0.59722222222222 0.025 0.022222222222222
43 0.74973958333333 0.6162037037037 0.0203125 0.026851851851852
43 0.15390625 0.46666666666667 0.022395833333333 0.024074074074074
43 0.23046875 0.4912037037037 0.021354166666667 0.025
43 0.95729166666667 0.3625 0.020833333333333 0.025
43 0.20833333333333 0.43657407407407 0.020833333333333 0.025
43 0.19791666666667 0.1287037037037 0.019791666666667 0.025925925925926
43 0.91822916666667 0.58611111111111 0.019791666666667 0.025925925925926
43 0.40286458333333 0.5162037037037 0.0203125 0.025
43 0.13255208333333 0.2712962962963 0.0203125 0.024074074074074
43 0.3359375 0.07037037037037 0.01875 0.025925925925926
43 0.6859375 0.33425925925926 0.01875 0.025925925925926
43 0.51510416666667 0.87175925925926 0.020833333333333 0.023148148148148
43 0.25 0.31666666666667 0.021875 0.022222222222222
43 0.0890625 0.12592592592593 0.019791666666667 0.024074074074074
43 0.67994791666667 0.26018518518519 0.018229166666667 0.025925925925926
43 0.53723958333333 0.47083333333333 0.0203125 0.023148148148148
43 0.67005208333333 0.43194444444444 0.0203125 0.023148148148148
43 0.12734375 0.54027777777778 0.0203125 0.023148148148148
43 0.93151041666667 0.81203703703704 0.019270833333333 0.024074074074074
43 0.87265625 0.6212962962963 0.019270833333333 0.024074074074074
43 0.31822916666667 0.19814814814815 0.020833333333333 0.022222222222222
43 0.87708333333333 0.68981481481481 0.01875 0.024074074074074
43 0.15208333333333 0.35648148148148 0.019791666666667 0.022222222222222
43 0.4921875 0.32083333333333 0.019791666666667 0.021296296296296
43 0.97708333333333 0.30555555555556 0.01875 0.022222222222222
43 0.35833333333333 0.93333333333333 0.01875 0.022222222222222
43 0.62239583333333 0.58194444444444 0.017708333333333 0.023148148148148
43 0.25572916666667 0.76481481481481 0.019791666666667 0.02037037037037
43 0.52395833333333 0.51064814814815 0.01875 0.021296296296296
43 0.10286458333333 0.48009259259259 0.0203125 0.019444444444444
43 0.79661458333333 0.69166666666667 0.016145833333333 0.024074074074074
43 0.02890625 0.58657407407407 0.022395833333333 0.017592592592593
43 0.26770833333333 0.37731481481481 0.019791666666667 0.019444444444444
43 0.3484375 0.72361111111111 0.019791666666667 0.019444444444444
43 0.64427083333333 0.3162037037037 0.017708333333333 0.021296296296296
43 0.41328125 0.54212962962963 0.019270833333333 0.019444444444444
43 0.40911458333333 0.63101851851852 0.019270833333333 0.019444444444444
43 0.15651041666667 0.33055555555556 0.018229166666667 0.02037037037037
43 0.87916666666667 0.32314814814815 0.016666666666667 0.022222222222222
43 0.72421875 0.78657407407407 0.0171875 0.021296296296296
43 0.20833333333333 0.70601851851852 0.01875 0.019444444444444
43 0.041666666666667 0.38009259259259 0.01875 0.019444444444444
43 0.6578125 0.87037037037037 0.017708333333333 0.02037037037037
43 0.011197916666667 0.49814814814815 0.019270833333333 0.018518518518519
43 0.062760416666667 0.52407407407407 0.019270833333333 0.018518518518519
43 0.05625 0.28194444444444 0.016666666666667 0.021296296296296
43 0.64375 0.92037037037037 0.015625 0.022222222222222
43 0.055729166666667 0.14166666666667 0.016666666666667 0.02037037037037
43 0.12682291666667 0.68194444444444 0.019270833333333 0.017592592592593
43 0.26380208333333 0.5375 0.0171875 0.019444444444444
43 0.81822916666667 0.48842592592593 0.015625 0.021296296296296
43 0.15416666666667 0.53888888888889 0.015625 0.016666666666667
43 0.83932291666667 0.91342592592593 0.016145833333333 0.015740740740741
19 0.64427083333333 0.50694444444444 0.061458333333333 0.078703703703704
19 0.1640625 0.068518518518519 0.028125 0.02962962962963
19 0.52161458333333 0.38148148148148 0.025520833333333 0.02962962962963
19 0.49635416666667 0.20231481481481 0.023958333333333 0.030555555555556
19 0.8375 0.52962962962963 0.021875 0.033333333333333
19 0.36536458333333 0.66574074074074 0.027604166666667 0.025925925925926
19 0.37005208333333 0.18472222222222 0.025520833333333 0.026851851851852
19 0.61041666666667 0.46944444444444 0.023958333333333 0.027777777777778
19 0.25859375 0.12731481481481 0.022395833333333 0.028703703703704
19 0.86015625 0.73148148148148 0.021354166666667 0.02962962962963
19 0.068489583333333 0.32222222222222 0.022395833333333 0.027777777777778
19 0.69479166666667 0.73333333333333 0.020833333333333 0.02962962962963
19 0.50911458333333 0.23611111111111 0.021354166666667 0.027777777777778
19 0.60598958333333 0.3912037037037 0.0203125 0.028703703703704
19 0.14583333333333 0.40138888888889 0.022916666666667 0.025
19 0.79453125 0.5787037037037 0.0203125 0.027777777777778
19 0.55833333333333 0.59722222222222 0.025 0.022222222222222
19 0.74973958333333 0.6162037037037 0.0203125 0.026851851851852
19 0.82942708333333 0.17638888888889 0.019270833333333 0.028703703703704
19 0.15390625 0.46666666666667 0.022395833333333 0.024074074074074
19 0.23046875 0.4912037037037 0.021354166666667 0.025
19 0.20833333333333 0.43657407407407 0.020833333333333 0.025
19 0.95729166666667 0.3625 0.020833333333333 0.025
19 0.19791666666667 0.1287037037037 0.019791666666667 0.025925925925926
19 0.13255208333333 0.2712962962963 0.0203125 0.024074074074074
19 0.40286458333333 0.5162037037037 0.0203125 0.025
19 0.91822916666667 0.58611111111111 0.019791666666667 0.025925925925926
19 0.6859375 0.33425925925926 0.01875 0.025925925925926
19 0.3359375 0.07037037037037 0.01875 0.025925925925926
19 0.25 0.31666666666667 0.021875 0.022222222222222
19 0.0890625 0.12592592592593 0.019791666666667 0.024074074074074
19 0.51510416666667 0.87175925925926 0.020833333333333 0.023148148148148
19 0.67994791666667 0.26018518518519 0.018229166666667 0.025925925925926
19 0.53723958333333 0.47083333333333 0.0203125 0.023148148148148
19 0.67005208333333 0.43194444444444 0.0203125 0.023148148148148
19 0.87265625 0.6212962962963 0.019270833333333 0.024074074074074
19 0.93151041666667 0.81203703703704 0.019270833333333 0.024074074074074
19 0.31822916666667 0.19814814814815 0.020833333333333 0.022222222222222
19 0.87708333333333 0.68981481481481 0.01875 0.024074074074074
19 0.15208333333333 0.35648148148148 0.019791666666667 0.022222222222222
19 0.4921875 0.32083333333333 0.019791666666667 0.021296296296296
19 0.97708333333333 0.30555555555556 0.01875 0.022222222222222
19 0.12734375 0.54027777777778 0.0203125 0.023148148148148
19 0.35833333333333 0.93333333333333 0.01875 0.022222222222222
19 0.25572916666667 0.76481481481481 0.019791666666667 0.02037037037037
19 0.62239583333333 0.58194444444444 0.017708333333333 0.023148148148148
19 0.52395833333333 0.51064814814815 0.01875 0.021296296296296
19 0.10286458333333 0.48009259259259 0.0203125 0.019444444444444
19 0.02890625 0.58657407407407 0.022395833333333 0.017592592592593
19 0.79661458333333 0.69166666666667 0.016145833333333 0.024074074074074
19 0.26770833333333 0.37731481481481 0.019791666666667 0.019444444444444
19 0.3484375 0.72361111111111 0.019791666666667 0.019444444444444
19 0.64427083333333 0.3162037037037 0.017708333333333 0.021296296296296
19 0.41328125 0.54212962962963 0.019270833333333 0.019444444444444
19 0.40911458333333 0.63101851851852 0.019270833333333 0.019444444444444
19 0.15651041666667 0.33055555555556 0.018229166666667 0.02037037037037
19 0.87916666666667 0.32314814814815 0.016666666666667 0.022222222222222
19 0.72421875 0.78657407407407 0.0171875 0.021296296296296
19 0.041666666666667 0.38009259259259 0.01875 0.019444444444444
19 0.6578125 0.87037037037037 0.017708333333333 0.02037037037037
19 0.20833333333333 0.70601851851852 0.01875 0.019444444444444
19 0.062760416666667 0.52407407407407 0.019270833333333 0.018518518518519
19 0.011197916666667 0.49814814814815 0.019270833333333 0.018518518518519
19 0.64375 0.92037037037037 0.015625 0.022222222222222
19 0.05625 0.28194444444444 0.016666666666667 0.021296296296296
19 0.055729166666667 0.14166666666667 0.016666666666667 0.02037037037037
19 0.12682291666667 0.68194444444444 0.019270833333333 0.017592592592593
19 0.26380208333333 0.5375 0.0171875 0.019444444444444
19 0.81822916666667 0.48842592592593 0.015625 0.021296296296296
19 0.15416666666667 0.53888888888889 0.015625 0.016666666666667
19 0.83932291666667 0.91342592592593 0.016145833333333 0.015740740740741