43 0.96354166666667 0.040277777777778 0.044791666666667 0.056481481481481
19 0.24557291666667 0.25972222222222 0.0390625 0.04537037037037
19 0.03671875 0.035185185185185 0.038020833333333 0.048148148148148
43 0.90651041666667 0.19212962962963 0.0359375 0.049074074074074
43 0.9484375 0.43009259259259 0.035416666666667 0.049074074074074
43 0.6265625 0.28101851851852 0.039583333333333 0.043518518518519
43 0.80546875 0.31759259259259 0.033854166666667 0.048148148148148
43 0.96614583333333 0.12777777777778 0.034375 0.046296296296296
19 0.47005208333333 0.45972222222222 0.033854166666667 0.043518518518519
43 0.878125 0.1337962962963 0.033333333333333 0.041666666666667
43 0.59791666666667 0.12916666666667 0.032291666666667 0.041666666666667
19 0.68072916666667 0.43518518518519 0.03125 0.042592592592593
43 0.934375 0.13564814814815 0.03125 0.041666666666667
19 0.65703125 0.63009259259259 0.030729166666667 0.041666666666667
43 0.55234375 0.28425925925926 0.031770833333333 0.038888888888889
43 0.88177083333333 0.29537037037037 0.030208333333333 0.040740740740741
43 0.75182291666667 0.31203703703704 0.031770833333333 0.037037037037037
43 0.87213541666667 0.017592592592593 0.034895833333333 0.035185185185185
19 0.94791666666667 0.59074074074074 0.028125 0.038888888888889
43 0.85677083333333 0.35046296296296 0.030208333333333 0.036111111111111
43 0.63697916666667 0.27268518518519 0.032291666666667 0.036111111111111
19 0.53307291666667 0.92407407407407 0.028645833333333 0.037037037037037
43 0.69270833333333 0.34166666666667 0.028125 0.037037037037037
43 0.91145833333333 0.44814814814815 0.027083333333333 0.037037037037037
19 0.37135416666667 0.60092592592593 0.028125 0.035185185185185
19 0.34296875 0.48888888888889 0.028645833333333 0.035185185185185
19 0.43151041666667 0.20555555555556 0.027604166666667 0.037037037037037
43 0.72057291666667 0.3 0.0296875 0.033333333333333
43 0.628125 0.35787037037037 0.028125 0.034259259259259
19 0.15572916666667 0.69490740740741 0.028125 0.034259259259259
19 0.27838541666667 0.64537037037037 0.0265625 0.035185185185185
19 0.26848958333333 0.13518518518519 0.028645833333333 0.033333333333333
19 0.75520833333333 0.85138888888889 0.027083333333333 0.034259259259259
19 0.88046875 0.98425925925926 0.027604166666667 0.031481481481481
19 0.9734375 0.85 0.027083333333333 0.031481481481481
19 0.02578125 0.98472222222222 0.027604166666667 0.030555555555556
19 0.32916666666667 0.92453703703704 0.026041666666667 0.032407407407407
19 0.79505208333333 0.5375 0.0265625 0.030555555555556
19 0.71354166666667 0.80138888888889 0.025 0.032407407407407
19 0.33776041666667 0.35740740740741 0.025520833333333 0.031481481481481
19 0.2375 0.6162037037037 0.026041666666667 0.030555555555556
19 0.53515625 0.53981481481481 0.0265625 0.02962962962963
19 0.45807291666667 0.52037037037037 0.0265625 0.02962962962963
19 0.37083333333333 0.66388888888889 0.023958333333333 0.02962962962963
19 0.078645833333333 0.36018518518519 0.025 0.027777777777778
19 0.71354166666667 0.725 0.022916666666667 0.02962962962963
19 0.9 0.92592592592593 0.022916666666667 0.02962962962963
19 0.033854166666667 0.45185185185185 0.022916666666667 0.025925925925926
19 0.036979166666667 0.036111111111111 0.036458333333333 0.048148148148148
19 0.96328125 0.039814814814815 0.038020833333333 0.055555555555556
19 0.90703125 0.19259259259259 0.031770833333333 0.05
19 0.24583333333333 0.25925925925926 0.0375 0.046296296296296
43 0.80729166666667 0.32175925925926 0.029166666666667 0.049074074074074
19 0.94921875 0.42962962962963 0.0296875 0.048148148148148
19 0.59817708333333 0.13009259259259 0.030729166666667 0.043518518518519
19 0.87838541666667 0.13333333333333 0.0296875 0.042592592592593
19 0.88203125 0.2962962962963 0.027604166666667 0.044444444444444
19 0.96692708333333 0.12777777777778 0.028645833333333 0.042592592592593
19 0.68203125 0.1337962962963 0.030729166666667 0.039814814814815
43 0.4703125 0.45972222222222 0.029166666666667 0.041666666666667
19 0.93489583333333 0.13703703703704 0.028125 0.042592592592593
19 0.68020833333333 0.43564814814815 0.028125 0.041666666666667
19 0.55286458333333 0.2837962962963 0.0296875 0.037962962962963
19 0.69270833333333 0.34166666666667 0.028125 0.038888888888889
19 0.65729166666667 0.63101851851852 0.027083333333333 0.039814814814815
19 0.753125 0.3125 0.028125 0.037962962962963
19 0.87135416666667 0.018055555555556 0.029166666666667 0.036111111111111
19 0.85651041666667 0.35231481481481 0.027604166666667 0.037962962962963
19 0.9484375 0.5912037037037 0.025 0.041666666666667
19 0.63802083333333 0.27314814814815 0.029166666666667 0.035185185185185
19 0.43125 0.20462962962963 0.026041666666667 0.038888888888889
19 0.91145833333333 0.44814814814815 0.026041666666667 0.038888888888889
19 0.61796875 0.28611111111111 0.0265625 0.037037037037037
19 0.53307291666667 0.92361111111111 0.025520833333333 0.037962962962963
19 0.72057291666667 0.30046296296296 0.028645833333333 0.032407407407407
19 0.26848958333333 0.13518518518519 0.027604166666667 0.033333333333333
19 0.15625 0.69537037037037 0.026041666666667 0.035185185185185
19 0.34375 0.48842592592593 0.025 0.036111111111111
19 0.88098958333333 0.98518518518519 0.0265625 0.033333333333333
19 0.86796875 0.45138888888889 0.024479166666667 0.036111111111111
19 0.0265625 0.98472222222222 0.027083333333333 0.032407407407407
19 0.23723958333333 0.61574074074074 0.024479166666667 0.035185185185185
19 0.7140625 0.80138888888889 0.025 0.034259259259259
19 0.62838541666667 0.35833333333333 0.025520833333333 0.033333333333333
19 0.27838541666667 0.64490740740741 0.0234375 0.036111111111111
19 0.37161458333333 0.60138888888889 0.0234375 0.036111111111111
19 0.33802083333333 0.35833333333333 0.023958333333333 0.035185185185185
19 0.75520833333333 0.85138888888889 0.023958333333333 0.034259259259259
19 0.32890625 0.92407407407407 0.024479166666667 0.033333333333333
19 0.078645833333333 0.35972222222222 0.026041666666667 0.030555555555556
19 0.97317708333333 0.84953703703704 0.024479166666667 0.032407407407407
19 0.37135416666667 0.66388888888889 0.022916666666667 0.033333333333333
19 0.46796875 0.39212962962963 0.0234375 0.032407407407407
43 0.4578125 0.52037037037037 0.023958333333333 0.02962962962963
19 0.53567708333333 0.53981481481481 0.024479166666667 0.02962962962963
19 0.76614583333333 0.43703703703704 0.023958333333333 0.02962962962963
19 0.79505208333333 0.53796296296296 0.0234375 0.02962962962963
19 0.90052083333333 0.92546296296296 0.021875 0.030555555555556
19 0.034375 0.45231481481481 0.021875 0.026851851851852
19 0.71328125 0.72546296296296 0.0203125 0.028703703703704
43 0.96328125 0.039351851851852 0.0390625 0.05462962962963
43 0.036979166666667 0.035648148148148 0.0375 0.049074074074074
43 0.90703125 0.19212962962963 0.0328125 0.049074074074074
43 0.24583333333333 0.25972222222222 0.0375 0.04537037037037
43 0.94895833333333 0.42962962962963 0.030208333333333 0.048148148148148
43 0.80625 0.31898148148148 0.030208333333333 0.047222222222222
43 0.59791666666667 0.13009259259259 0.030208333333333 0.043518518518519
43 0.87838541666667 0.1337962962963 0.0296875 0.043518518518519
43 0.68229166666667 0.13425925925926 0.03125 0.040740740740741
43 0.6265625 0.28101851851852 0.03125 0.039814814814815
43 0.93489583333333 0.13703703703704 0.029166666666667 0.042592592592593
43 0.88203125 0.2962962962963 0.028645833333333 0.042592592592593
43 0.96640625 0.12777777777778 0.028645833333333 0.042592592592593
43 0.68020833333333 0.43518518518519 0.029166666666667 0.040740740740741
43 0.55260416666667 0.2837962962963 0.029166666666667 0.037962962962963
43 0.75286458333333 0.3125 0.028645833333333 0.037962962962963
43 0.65703125 0.63148148148148 0.027604166666667 0.038888888888889
43 0.69270833333333 0.34212962962963 0.028125 0.037962962962963
43 0.85677083333333 0.35185185185185 0.028125 0.037037037037037
43 0.87161458333333 0.01712962962963 0.0296875 0.034259259259259
43 0.43125 0.20462962962963 0.026041666666667 0.038888888888889
43 0.91145833333333 0.44814814814815 0.026041666666667 0.038888888888889
43 0.63802083333333 0.27314814814815 0.028125 0.035185185185185
43 0.94817708333333 0.5912037037037 0.024479166666667 0.039814814814815
43 0.61770833333333 0.28611111111111 0.026041666666667 0.037037037037037
43 0.5328125 0.92314814814815 0.025 0.037037037037037
43 0.72083333333333 0.30046296296296 0.028125 0.032407407407407
43 0.26822916666667 0.13518518518519 0.027083333333333 0.033333333333333
43 0.34375 0.48842592592593 0.025 0.036111111111111
43 0.15625 0.69583333333333 0.026041666666667 0.034259259259259
43 0.86796875 0.45138888888889 0.024479166666667 0.036111111111111
43 0.88125 0.98518518518519 0.026041666666667 0.033333333333333
43 0.62864583333333 0.35833333333333 0.025 0.033333333333333
43 0.026302083333333 0.98518518518519 0.0265625 0.031481481481481
43 0.33802083333333 0.35787037037037 0.023958333333333 0.034259259259259
43 0.23723958333333 0.61574074074074 0.024479166666667 0.033333333333333
43 0.37135416666667 0.60185185185185 0.022916666666667 0.035185185185185
43 0.27864583333333 0.64537037037037 0.022916666666667 0.035185185185185
43 0.078385416666667 0.36018518518519 0.025520833333333 0.031481481481481
43 0.75494791666667 0.85138888888889 0.0234375 0.034259259259259
43 0.32864583333333 0.92407407407407 0.023958333333333 0.033333333333333
43 0.97291666666667 0.84907407407407 0.023958333333333 0.033333333333333
43 0.7140625 0.80138888888889 0.023958333333333 0.032407407407407
43 0.46796875 0.39212962962963 0.0234375 0.032407407407407
43 0.53567708333333 0.53981481481481 0.024479166666667 0.02962962962963
43 0.37109375 0.66388888888889 0.022395833333333 0.031481481481481
43 0.79479166666667 0.53796296296296 0.022916666666667 0.02962962962963
43 0.765625 0.43796296296296 0.022916666666667 0.02962962962963
43 0.034114583333333 0.45138888888889 0.022395833333333 0.026851851851852
43 0.90026041666667 0.92592592592593 0.021354166666667 0.031481481481481
43 0.71302083333333 0.72546296296296 0.020833333333333 0.028703703703704
43 0.46145833333333 0.59907407407407 0.01875 0.022222222222222