20 0.1953125 0.14444444444444 0.028125 0.038888888888889
20 0.60598958333333 0.13101851851852 0.028645833333333 0.037962962962963
20 0.75859375 0.19212962962963 0.0265625 0.032407407407407
20 0.68046875 0.063888888888889 0.028645833333333 0.037037037037037
20 0.26953125 0.46944444444444 0.024479166666667 0.035185185185185
20 0.4359375 0.82453703703704 0.026041666666667 0.032407407407407
20 0.017447916666667 0.27638888888889 0.025520833333333 0.032407407407407
20 0.93463541666667 0.021296296296296 0.025520833333333 0.02962962962963
20 0.78151041666667 0.016666666666667 0.022395833333333 0.033333333333333
20 0.50104166666667 0.43009259259259 0.023958333333333 0.030555555555556
20 0.5578125 0.57268518518519 0.023958333333333 0.030555555555556
20 0.88489583333333 0.54166666666667 0.022916666666667 0.031481481481481
20 0.39557291666667 0.17824074074074 0.0234375 0.030555555555556
20 0.70703125 0.55277777777778 0.022395833333333 0.031481481481481
20 0.021354166666667 0.34861111111111 0.022916666666667 0.030555555555556
20 0.48958333333333 0.51064814814815 0.023958333333333 0.028703703703704
20 0.57265625 0.36203703703704 0.024479166666667 0.027777777777778
20 0.4375 0.48148148148148 0.022916666666667 0.02962962962963
20 0.57161458333333 0.6212962962963 0.021354166666667 0.031481481481481
20 0.35208333333333 0.25324074074074 0.021875 0.030555555555556
20 0.47473958333333 0.18240740740741 0.022395833333333 0.02962962962963
20 0.38229166666667 0.5412037037037 0.021875 0.030555555555556
20 0.12109375 0.2875 0.024479166666667 0.026851851851852
20 0.771875 0.80462962962963 0.020833333333333 0.031481481481481
20 0.81328125 0.32222222222222 0.0234375 0.027777777777778
20 0.45598958333333 0.45 0.021354166666667 0.02962962962963
20 0.36536458333333 0.38564814814815 0.021354166666667 0.030555555555556
20 0.57734375 0.54351851851852 0.021354166666667 0.02962962962963
20 0.65130208333333 0.20092592592593 0.021354166666667 0.02962962962963
20 0.14453125 0.25324074074074 0.0234375 0.026851851851852
20 0.6921875 0.40648148148148 0.023958333333333 0.025925925925926
20 0.94140625 0.30509259259259 0.0203125 0.030555555555556
20 0.91458333333333 0.71481481481481 0.020833333333333 0.02962962962963
20 0.59947916666667 0.19907407407407 0.020833333333333 0.02962962962963
20 0.6625 0.16203703703704 0.021875 0.027777777777778
20 0.70494791666667 0.63101851851852 0.022395833333333 0.026851851851852
20 0.37083333333333 0.22546296296296 0.020833333333333 0.028703703703704
20 0.79895833333333 0.39583333333333 0.020833333333333 0.028703703703704
20 0.64895833333333 0.30601851851852 0.020833333333333 0.028703703703704
20 0.32604166666667 0.21064814814815 0.021875 0.026851851851852
20 0.85052083333333 0.87222222222222 0.019791666666667 0.02962962962963
20 0.47265625 0.67222222222222 0.022395833333333 0.025925925925926
20 0.43020833333333 0.76296296296296 0.020833333333333 0.027777777777778
20 0.047135416666667 0.68472222222222 0.019270833333333 0.028703703703704
20 0.41979166666667 0.325 0.020833333333333 0.027777777777778
20 0.39192708333333 0.080092592592593 0.0203125 0.026851851851852
20 0.0515625 0.096296296296296 0.019791666666667 0.027777777777778
20 0.79817708333333 0.58703703703704 0.018229166666667 0.02962962962963
20 0.97708333333333 0.83055555555556 0.020833333333333 0.025925925925926
20 0.17265625 0.64166666666667 0.019270833333333 0.027777777777778
20 0.73072916666667 0.28009259259259 0.01875 0.028703703703704
20 0.73177083333333 0.38287037037037 0.019791666666667 0.026851851851852
20 0.85182291666667 0.54444444444444 0.019270833333333 0.027777777777778
20 0.7359375 0.018518518518519 0.01875 0.027777777777778
20 0.55130208333333 0.81944444444444 0.0203125 0.025925925925926
20 0.22265625 0.64351851851852 0.019270833333333 0.025925925925926
20 0.82135416666667 0.37731481481481 0.01875 0.026851851851852
20 0.6234375 0.6162037037037 0.020833333333333 0.025
20 0.51614583333333 0.10462962962963 0.019791666666667 0.025925925925926
20 0.60546875 0.16712962962963 0.019270833333333 0.026851851851852
20 0.32994791666667 0.047685185185185 0.018229166666667 0.026851851851852
20 0.67369791666667 0.8662037037037 0.018229166666667 0.026851851851852
20 0.62994791666667 0.66342592592593 0.019270833333333 0.025
20 0.21588541666667 0.23981481481481 0.0203125 0.024074074074074
20 0.63098958333333 0.9337962962963 0.018229166666667 0.026851851851852
20 0.11666666666667 0.65925925925926 0.01875 0.025925925925926
20 0.94635416666667 0.5125 0.017708333333333 0.026851851851852
20 0.32994791666667 0.54907407407407 0.018229166666667 0.025925925925926
20 0.028385416666667 0.40833333333333 0.019270833333333 0.024074074074074
20 0.36692708333333 0.64444444444444 0.018229166666667 0.025925925925926
20 0.027864583333333 0.20925925925926 0.018229166666667 0.025925925925926
20 0.97005208333333 0.68981481481481 0.018229166666667 0.025925925925926
20 0.057552083333333 0.48101851851852 0.0171875 0.026851851851852
20 0.52369791666667 0.30648148148148 0.019270833333333 0.024074074074074
20 0.028125 0.085185185185185 0.017708333333333 0.025925925925926
20 0.64583333333333 0.7287037037037 0.017708333333333 0.025925925925926
20 0.72109375 0.68935185185185 0.018229166666667 0.025
20 0.22057291666667 0.30231481481481 0.018229166666667 0.025
20 0.61953125 0.83287037037037 0.018229166666667 0.025
20 0.36276041666667 0.081944444444444 0.018229166666667 0.025
20 0.0921875 0.5375 0.020833333333333 0.021296296296296
20 0.78619791666667 0.93333333333333 0.0171875 0.025925925925926
20 0.1671875 0.71805555555556 0.017708333333333 0.025
20 0.10807291666667 0.16944444444444 0.018229166666667 0.024074074074074
20 0.81354166666667 0.98564814814815 0.01875 0.023148148148148
20 0.46197916666667 0.92453703703704 0.01875 0.023148148148148
20 0.78802083333333 0.86296296296296 0.016666666666667 0.025925925925926
20 0.6453125 0.89768518518519 0.016666666666667 0.025
20 0.055208333333333 0.4287037037037 0.016666666666667 0.024074074074074
20 0.15572916666667 0.89722222222222 0.016666666666667 0.024074074074074
20 0.30520833333333 0.76435185185185 0.015625 0.025
20 0.52369791666667 0.8212962962963 0.0171875 0.022222222222222
20 0.31770833333333 0.35555555555556 0.016666666666667 0.022222222222222
20 0.16328125 0.11018518518519 0.016145833333333 0.022222222222222
20 0.045052083333333 0.85231481481481 0.015104166666667 0.023148148148148
20 0.086197916666667 0.78009259259259 0.016145833333333 0.021296296296296
20 0.46328125 0.0087962962962963 0.019270833333333 0.017592592592593
20 0.42838541666667 0.97268518518519 0.015104166666667 0.021296296296296
20 0.89479166666667 0.92407407407407 0.013541666666667 0.022222222222222
20 0.03828125 0.013425925925926 0.0140625 0.017592592592593