19 0.23828125 0.59212962962963 0.033854166666667 0.041666666666667
19 0.42760416666667 0.61527777777778 0.033333333333333 0.037962962962963
19 0.39401041666667 0.64722222222222 0.031770833333333 0.038888888888889
19 0.3328125 0.58657407407407 0.030208333333333 0.037962962962963
19 0.45104166666667 0.575 0.028125 0.037037037037037
19 0.2515625 0.47222222222222 0.028125 0.037037037037037
19 0.47760416666667 0.55138888888889 0.023958333333333 0.034259259259259
19 0.57864583333333 0.53981481481481 0.027083333333333 0.02962962962963
19 0.58255208333333 0.4037037037037 0.024479166666667 0.02962962962963
19 0.49713541666667 0.58611111111111 0.024479166666667 0.027777777777778
19 0.28255208333333 0.46574074074074 0.024479166666667 0.027777777777778
19 0.61770833333333 0.55972222222222 0.025 0.026851851851852
19 0.43776041666667 0.65277777777778 0.0234375 0.027777777777778
19 0.52578125 0.43518518518519 0.024479166666667 0.025925925925926
19 0.53463541666667 0.43888888888889 0.022395833333333 0.025925925925926
19 0.60651041666667 0.59583333333333 0.021354166666667 0.023148148148148
19 0.26666666666667 0.50925925925926 0.020833333333333 0.025925925925926
19 0.56692708333333 0.55046296296296 0.022395833333333 0.025
19 0.38802083333333 0.5087962962963 0.020833333333333 0.023148148148148
19 0.52395833333333 0.57546296296296 0.020833333333333 0.023148148148148
19 0.53567708333333 0.40324074074074 0.019270833333333 0.023148148148148
19 0.52734375 0.54305555555556 0.0203125 0.021296296296296
19 0.65520833333333 0.67037037037037 0.019791666666667 0.02037037037037
19 0.5859375 0.43703703703704 0.016666666666667 0.02037037037037
19 0.5078125 0.46481481481481 0.017708333333333 0.02037037037037
19 0.34375 0.45740740740741 0.017708333333333 0.02037037037037
19 0.55104166666667 0.61990740740741 0.017708333333333 0.019444444444444
19 0.67161458333333 0.49814814814815 0.018229166666667 0.018518518518519
19 0.56171875 0.45046296296296 0.0171875 0.019444444444444
19 0.65755208333333 0.59953703703704 0.0171875 0.019444444444444
19 0.37447916666667 0.48009259259259 0.016666666666667 0.019444444444444
19 0.50052083333333 0.48888888888889 0.016666666666667 0.018518518518519
19 0.62057291666667 0.51759259259259 0.0171875 0.018518518518519
19 0.47369791666667 0.43287037037037 0.016145833333333 0.017592592592593
19 0.65364583333333 0.64814814814815 0.015625 0.016666666666667
43 0.40572916666667 0.61944444444444 0.59166666666667 0.57407407407407