19 0.66015625 0.46203703703704 0.027604166666667 0.042592592592593
19 0.56276041666667 0.71018518518519 0.027604166666667 0.040740740740741
19 0.38567708333333 0.94907407407407 0.0296875 0.037037037037037
19 0.34583333333333 0.76111111111111 0.026041666666667 0.038888888888889
19 0.50703125 0.57592592592593 0.0265625 0.035185185185185
19 0.74036458333333 0.90509259259259 0.0265625 0.034259259259259
19 0.02578125 0.94861111111111 0.0265625 0.032407407407407
19 0.22447916666667 0.71157407407407 0.027083333333333 0.030555555555556
19 0.66302083333333 0.47685185185185 0.025 0.031481481481481
19 0.82994791666667 0.60092592592593 0.0234375 0.033333333333333
19 0.40807291666667 0.65138888888889 0.025520833333333 0.030555555555556
19 0.99010416666667 0.37037037037037 0.020833333333333 0.037037037037037
19 0.012760416666667 0.25787037037037 0.025520833333333 0.028703703703704
19 0.1640625 0.11851851851852 0.025 0.02962962962963
19 0.19921875 0.13935185185185 0.025520833333333 0.028703703703704
19 0.60729166666667 0.77361111111111 0.023958333333333 0.030555555555556
19 0.25208333333333 0.71898148148148 0.027083333333333 0.026851851851852
19 0.29192708333333 0.19166666666667 0.024479166666667 0.02962962962963
19 0.17864583333333 0.76944444444444 0.023958333333333 0.02962962962963
19 0.83567708333333 0.70277777777778 0.022395833333333 0.031481481481481
19 0.85416666666667 0.78935185185185 0.021875 0.030555555555556
19 0.228125 0.28148148148148 0.023958333333333 0.027777777777778
19 0.71380208333333 0.50231481481481 0.022395833333333 0.030555555555556
19 0.29427083333333 0.73333333333333 0.023958333333333 0.027777777777778
19 0.94921875 0.32361111111111 0.021354166666667 0.030555555555556
19 0.48776041666667 0.21018518518519 0.0234375 0.027777777777778
19 0.65755208333333 0.45092592592593 0.0234375 0.027777777777778
19 0.070572916666667 0.79537037037037 0.0203125 0.031481481481481
19 0.71953125 0.59212962962963 0.022395833333333 0.028703703703704
19 0.075 0.65925925925926 0.023958333333333 0.025925925925926
19 0.12291666666667 0.34722222222222 0.022916666666667 0.025925925925926
19 0.6515625 0.98564814814815 0.020833333333333 0.026851851851852
19 0.88776041666667 0.99074074074074 0.024479166666667 0.02037037037037
19 0.52005208333333 0.05 0.019270833333333 0.022222222222222
19 0.48177083333333 0.46064814814815 0.019791666666667 0.023148148148148