19 0.1828125 0.33055555555556 0.026041666666667 0.037037037037037
19 0.024739583333333 0.69166666666667 0.027604166666667 0.02962962962963
19 0.43723958333333 0.225 0.0265625 0.02962962962963
19 0.02578125 0.34907407407407 0.022395833333333 0.02962962962963
19 0.8078125 0.37361111111111 0.022916666666667 0.028703703703704
19 0.57708333333333 0.9662037037037 0.023958333333333 0.026851851851852
19 0.052604166666667 0.51527777777778 0.022916666666667 0.026851851851852
19 0.0796875 0.66388888888889 0.021875 0.027777777777778
19 0.091145833333333 0.87037037037037 0.022916666666667 0.025925925925926
19 0.036458333333333 0.2962962962963 0.020833333333333 0.027777777777778
19 0.14375 0.38796296296296 0.021875 0.025925925925926
19 0.32682291666667 0.23287037037037 0.021354166666667 0.026851851851852
19 0.18776041666667 0.83981481481481 0.0203125 0.027777777777778
19 0.11432291666667 0.95138888888889 0.022395833333333 0.025
19 0.90234375 0.088888888888889 0.019270833333333 0.027777777777778
19 0.050260416666667 0.92962962962963 0.021354166666667 0.024074074074074
19 0.0234375 0.25462962962963 0.019791666666667 0.025925925925926
19 0.30833333333333 0.59027777777778 0.021875 0.023148148148148
19 0.57083333333333 0.73425925925926 0.020833333333333 0.024074074074074
19 0.64557291666667 0.26296296296296 0.019270833333333 0.025925925925926
19 0.65494791666667 0.5537037037037 0.022395833333333 0.022222222222222
19 0.26953125 0.8212962962963 0.0203125 0.024074074074074
19 0.54869791666667 0.55740740740741 0.0203125 0.024074074074074
19 0.28072916666667 0.65138888888889 0.020833333333333 0.023148148148148
19 0.0875 0.58055555555556 0.01875 0.024074074074074
19 0.028125 0.66481481481481 0.01875 0.024074074074074
19 0.16223958333333 0.88657407407407 0.019270833333333 0.023148148148148
19 0.98385416666667 0.32453703703704 0.020833333333333 0.021296296296296
19 0.22916666666667 0.63425925925926 0.019791666666667 0.022222222222222
19 0.78854166666667 0.63148148148148 0.019791666666667 0.022222222222222
19 0.98567708333333 0.63055555555556 0.019270833333333 0.022222222222222
19 0.20598958333333 0.225 0.019270833333333 0.022222222222222
19 0.12890625 0.85555555555556 0.019270833333333 0.022222222222222
19 0.0359375 0.8537037037037 0.017708333333333 0.024074074074074
19 0.6125 0.62546296296296 0.019791666666667 0.021296296296296
19 0.53125 0.74768518518519 0.019791666666667 0.021296296296296
19 0.14166666666667 0.8162037037037 0.019791666666667 0.021296296296296
19 0.46380208333333 0.925 0.0203125 0.02037037037037
19 0.76276041666667 0.40740740740741 0.0203125 0.02037037037037
19 0.06484375 0.80555555555556 0.018229166666667 0.022222222222222
19 0.15 0.48564814814815 0.017708333333333 0.023148148148148
19 0.35130208333333 0.30740740740741 0.021354166666667 0.018518518518519
19 0.36432291666667 0.83703703703704 0.018229166666667 0.022222222222222
19 0.067708333333333 0.32083333333333 0.01875 0.021296296296296
19 0.42838541666667 0.75462962962963 0.0203125 0.02037037037037
19 0.41744791666667 0.48425925925926 0.019270833333333 0.02037037037037
19 0.86848958333333 0.28796296296296 0.0171875 0.022222222222222
19 0.087760416666667 0.84305555555556 0.018229166666667 0.021296296296296
19 0.029427083333333 0.43055555555556 0.0171875 0.022222222222222
19 0.034635416666667 0.78842592592593 0.018229166666667 0.021296296296296
19 0.81614583333333 0.67314814814815 0.01875 0.02037037037037
19 0.21614583333333 0.49768518518519 0.017708333333333 0.021296296296296
19 0.031510416666667 0.72962962962963 0.018229166666667 0.02037037037037
19 0.23072916666667 0.80138888888889 0.017708333333333 0.021296296296296
19 0.34427083333333 0.52268518518519 0.017708333333333 0.021296296296296
19 0.10286458333333 0.27175925925926 0.0171875 0.021296296296296
19 0.43854166666667 0.035185185185185 0.016666666666667 0.022222222222222
19 0.77630208333333 0.85416666666667 0.0171875 0.021296296296296
19 0.7265625 0.3625 0.01875 0.019444444444444
19 0.55625 0.7912037037037 0.01875 0.019444444444444
19 0.19322916666667 0.63935185185185 0.01875 0.019444444444444
19 0.2390625 0.51666666666667 0.017708333333333 0.02037037037037
19 0.23802083333333 0.34305555555556 0.01875 0.019444444444444
43 0.51223958333333 0.82175925925926 0.0203125 0.017592592592593
43 0.49713541666667 0.45925925925926 0.018229166666667 0.018518518518519
43 0.64192708333333 0.78472222222222 0.018229166666667 0.019444444444444
43 0.70442708333333 0.65833333333333 0.018229166666667 0.018518518518519
43 0.40520833333333 0.72824074074074 0.01875 0.017592592592593
43 0.25182291666667 0.9625 0.016145833333333 0.021296296296296
43 0.465625 0.47222222222222 0.017708333333333 0.016666666666667
43 0.13828125 0.74351851851852 0.016145833333333 0.016666666666667
19 0.41875 0.59768518518519 0.016666666666667 0.017592592592593
43 0.02890625 0.54351851851852 0.015104166666667 0.018518518518519
43 0.41770833333333 0.56574074074074 0.015625 0.016666666666667
43 0.18203125 0.68240740740741 0.016145833333333 0.016666666666667
19 0.95416666666667 0.19768518518519 0.014583333333333 0.017592592592593
43 0.21197916666667 0.71712962962963 0.015625 0.015740740740741
43 0.99036458333333 0.46342592592593 0.0140625 0.017592592592593