19 0.16380208333333 0.31111111111111 0.0265625 0.02962962962963
19 0.59140625 0.62824074074074 0.025520833333333 0.032407407407407
19 0.94869791666667 0.13611111111111 0.024479166666667 0.033333333333333
19 0.53854166666667 0.22037037037037 0.025 0.02962962962963
19 0.77369791666667 0.050925925925926 0.024479166666667 0.031481481481481
19 0.32057291666667 0.54351851851852 0.024479166666667 0.031481481481481
19 0.34895833333333 0.31805555555556 0.025 0.026851851851852
19 0.6 0.01712962962963 0.023958333333333 0.028703703703704
19 0.09140625 0.42175925925926 0.024479166666667 0.026851851851852
19 0.69244791666667 0.62685185185185 0.0234375 0.027777777777778
19 0.24166666666667 0.25833333333333 0.025 0.025925925925926
19 0.069791666666667 0.48101851851852 0.023958333333333 0.026851851851852
19 0.0125 0.18240740740741 0.022916666666667 0.027777777777778
19 0.69583333333333 0.15972222222222 0.023958333333333 0.026851851851852
19 0.97578125 0.77638888888889 0.0203125 0.030555555555556
19 0.47942708333333 0.085185185185185 0.0234375 0.025925925925926
19 0.93671875 0.058333333333333 0.0203125 0.02962962962963
19 0.89192708333333 0.1337962962963 0.022395833333333 0.026851851851852
19 0.28072916666667 0.35092592592593 0.025 0.024074074074074
19 0.3265625 0.24537037037037 0.022916666666667 0.025925925925926
19 0.7234375 0.12824074074074 0.020833333333333 0.028703703703704
19 0.68723958333333 0.053703703703704 0.021354166666667 0.027777777777778
19 0.41770833333333 0.61805555555556 0.021875 0.026851851851852
19 0.38255208333333 0.61805555555556 0.021354166666667 0.026851851851852
19 0.83645833333333 0.59212962962963 0.019791666666667 0.028703703703704
19 0.057552083333333 0.21759259259259 0.021354166666667 0.025925925925926
19 0.15208333333333 0.091666666666667 0.022916666666667 0.024074074074074
19 0.053385416666667 0.13888888888889 0.0234375 0.024074074074074
19 0.4171875 0.68287037037037 0.021875 0.025
19 0.83255208333333 0.5 0.019270833333333 0.027777777777778
19 0.9421875 0.90277777777778 0.020833333333333 0.025925925925926
19 0.040364583333333 0.63472222222222 0.021354166666667 0.025
19 0.11692708333333 0.61944444444444 0.0203125 0.025925925925926
19 0.79479166666667 0.11388888888889 0.01875 0.027777777777778
19 0.30833333333333 0.22268518518519 0.020833333333333 0.025
19 0.18984375 0.68194444444444 0.022395833333333 0.023148148148148
19 0.1046875 0.52777777777778 0.019791666666667 0.025925925925926
19 0.76901041666667 0.075925925925926 0.019270833333333 0.025925925925926
19 0.075520833333333 0.31805555555556 0.019791666666667 0.025
19 0.74192708333333 0.45324074074074 0.021354166666667 0.023148148148148
19 0.56796875 0.063425925925926 0.021354166666667 0.023148148148148
19 0.087239583333333 0.71157407407407 0.019270833333333 0.025
43 0.41067708333333 0.091203703703704 0.0203125 0.023148148148148
19 0.30755208333333 0.43657407407407 0.018229166666667 0.025
19 0.31380208333333 0.4875 0.018229166666667 0.025
19 0.0359375 0.079166666666667 0.01875 0.025
19 0.34166666666667 0.16435185185185 0.01875 0.023148148148148
19 0.70572916666667 0.86481481481481 0.019791666666667 0.02037037037037
19 0.0080729166666667 0.56157407407407 0.016145833333333 0.026851851851852
19 0.73463541666667 0.56990740740741 0.0171875 0.023148148148148
19 0.0072916666666667 0.24027777777778 0.014583333333333 0.026851851851852
19 0.38932291666667 0.4125 0.019270833333333 0.019444444444444
19 0.52265625 0.34490740740741 0.0171875 0.021296296296296
19 0.25833333333333 0.68703703703704 0.016666666666667 0.02037037037037
19 0.61380208333333 0.11064814814815 0.016145833333333 0.021296296296296
19 0.3546875 0.65740740740741 0.016666666666667 0.02037037037037
19 0.85677083333333 0.54027777777778 0.015625 0.021296296296296
19 0.578125 0.775 0.017708333333333 0.018518518518519
19 0.3359375 0.76527777777778 0.015625 0.019444444444444
19 0.32213541666667 0.70231481481481 0.016145833333333 0.017592592592593
43 0.94869791666667 0.13564814814815 0.024479166666667 0.032407407407407
43 0.59140625 0.6287037037037 0.024479166666667 0.033333333333333
43 0.32057291666667 0.54351851851852 0.0234375 0.031481481481481
43 0.7734375 0.051388888888889 0.023958333333333 0.032407407407407
43 0.53854166666667 0.22083333333333 0.025 0.030555555555556
43 0.34921875 0.31805555555556 0.024479166666667 0.028703703703704
43 0.16354166666667 0.31157407407407 0.025 0.028703703703704
43 0.6 0.01712962962963 0.023958333333333 0.028703703703704
43 0.47942708333333 0.085185185185185 0.0234375 0.027777777777778
43 0.24166666666667 0.25787037037037 0.023958333333333 0.026851851851852
43 0.06953125 0.48101851851852 0.0234375 0.026851851851852
43 0.09140625 0.42175925925926 0.0234375 0.026851851851852
43 0.0125 0.18194444444444 0.021875 0.028703703703704
43 0.69583333333333 0.15972222222222 0.022916666666667 0.026851851851852
43 0.3265625 0.24583333333333 0.022916666666667 0.026851851851852
43 0.69244791666667 0.62638888888889 0.022395833333333 0.026851851851852
43 0.7234375 0.12824074074074 0.020833333333333 0.028703703703704
43 0.89192708333333 0.13472222222222 0.022395833333333 0.026851851851852
43 0.97552083333333 0.77685185185185 0.019791666666667 0.02962962962963
43 0.68723958333333 0.053703703703704 0.021354166666667 0.027777777777778
43 0.93671875 0.058796296296296 0.0203125 0.028703703703704
43 0.41796875 0.61805555555556 0.021354166666667 0.026851851851852
43 0.83645833333333 0.59212962962963 0.019791666666667 0.028703703703704
43 0.28072916666667 0.35092592592593 0.023958333333333 0.024074074074074
43 0.38255208333333 0.61851851851852 0.0203125 0.027777777777778
43 0.053385416666667 0.13935185185185 0.022395833333333 0.025
43 0.057291666666667 0.21805555555556 0.020833333333333 0.026851851851852
43 0.41692708333333 0.68240740740741 0.021354166666667 0.025925925925926
43 0.15182291666667 0.091666666666667 0.022395833333333 0.024074074074074
43 0.83229166666667 0.5 0.019791666666667 0.027777777777778
43 0.19036458333333 0.68194444444444 0.021354166666667 0.025
43 0.30859375 0.22222222222222 0.0203125 0.025925925925926
43 0.94244791666667 0.90277777777778 0.0203125 0.025925925925926
43 0.040364583333333 0.63472222222222 0.0203125 0.025
43 0.1046875 0.52777777777778 0.019791666666667 0.025925925925926
43 0.79479166666667 0.11388888888889 0.01875 0.027777777777778
43 0.087239583333333 0.7125 0.0203125 0.025
43 0.76901041666667 0.075925925925926 0.019270833333333 0.025925925925926
43 0.74192708333333 0.45324074074074 0.021354166666667 0.023148148148148
43 0.41067708333333 0.090740740740741 0.0203125 0.024074074074074
43 0.07578125 0.31851851851852 0.019270833333333 0.024074074074074
43 0.56770833333333 0.063425925925926 0.020833333333333 0.023148148148148
43 0.11692708333333 0.61944444444444 0.019270833333333 0.024074074074074
43 0.30755208333333 0.43657407407407 0.018229166666667 0.025
43 0.036197916666667 0.079166666666667 0.018229166666667 0.025
43 0.34140625 0.16435185185185 0.018229166666667 0.023148148148148
43 0.31380208333333 0.4875 0.018229166666667 0.025
43 0.0078125 0.56157407407407 0.015625 0.026851851851852
43 0.734375 0.57037037037037 0.016666666666667 0.024074074074074
43 0.0072916666666667 0.24027777777778 0.014583333333333 0.026851851851852
43 0.70546875 0.86527777777778 0.018229166666667 0.021296296296296
43 0.38932291666667 0.4125 0.018229166666667 0.019444444444444
43 0.52239583333333 0.34490740740741 0.016666666666667 0.021296296296296
43 0.61380208333333 0.11064814814815 0.016145833333333 0.021296296296296
43 0.85677083333333 0.54027777777778 0.015625 0.021296296296296
43 0.57760416666667 0.77453703703704 0.016666666666667 0.019444444444444
43 0.35442708333333 0.65740740740741 0.016145833333333 0.02037037037037
43 0.25833333333333 0.68703703703704 0.015625 0.02037037037037
43 0.33567708333333 0.76527777777778 0.015104166666667 0.019444444444444
43 0.32213541666667 0.70231481481481 0.016145833333333 0.017592592592593