19 0.62213541666667 0.30138888888889 0.0296875 0.030555555555556
19 0.15208333333333 0.30046296296296 0.025 0.034259259259259
19 0.88255208333333 0.13472222222222 0.030729166666667 0.028703703703704
19 0.25859375 0.51712962962963 0.0265625 0.028703703703704
19 0.40208333333333 0.56851851851852 0.026041666666667 0.027777777777778
19 0.24713541666667 0.91574074074074 0.025520833333333 0.027777777777778
19 0.14453125 0.9162037037037 0.024479166666667 0.028703703703704
19 0.94791666666667 0.44212962962963 0.023958333333333 0.028703703703704
19 0.04765625 0.20324074074074 0.0265625 0.025
19 0.58671875 0.055092592592593 0.0265625 0.025
19 0.88255208333333 0.62314814814815 0.0234375 0.027777777777778
19 0.97604166666667 0.51111111111111 0.025 0.025925925925926
19 0.16223958333333 0.38009259259259 0.022395833333333 0.028703703703704
19 0.528125 0.39166666666667 0.026041666666667 0.024074074074074
19 0.9828125 0.61111111111111 0.021875 0.027777777777778
19 0.92005208333333 0.67592592592593 0.0234375 0.025925925925926
19 0.48958333333333 0.40092592592593 0.025 0.024074074074074
19 0.46692708333333 0.2212962962963 0.024479166666667 0.024074074074074
19 0.52708333333333 0.43425925925926 0.023958333333333 0.024074074074074
19 0.84791666666667 0.55138888888889 0.022916666666667 0.025
19 0.81171875 0.66574074074074 0.025520833333333 0.022222222222222
19 0.44791666666667 0.37175925925926 0.022916666666667 0.025
19 0.62161458333333 0.17083333333333 0.024479166666667 0.023148148148148
19 0.89791666666667 0.77824074074074 0.023958333333333 0.023148148148148
19 0.65364583333333 0.90138888888889 0.023958333333333 0.023148148148148
19 0.98828125 0.34537037037037 0.021354166666667 0.025925925925926
19 0.6921875 0.77546296296296 0.023958333333333 0.023148148148148
19 0.64453125 0.97083333333333 0.0234375 0.023148148148148
19 0.49557291666667 0.57685185185185 0.021354166666667 0.025925925925926
19 0.088020833333333 0.36944444444444 0.020833333333333 0.025925925925926
19 0.92473958333333 0.10046296296296 0.0234375 0.023148148148148
19 0.11119791666667 0.33333333333333 0.0234375 0.022222222222222
19 0.19739583333333 0.18240740740741 0.021875 0.024074074074074
19 0.36432291666667 0.26990740740741 0.0203125 0.025
19 0.75052083333333 0.63611111111111 0.022916666666667 0.022222222222222
19 0.8546875 0.64907407407407 0.020833333333333 0.024074074074074
19 0.4546875 0.43194444444444 0.021875 0.023148148148148
19 0.3390625 0.42685185185185 0.020833333333333 0.024074074074074
19 0.7484375 0.4712962962963 0.021875 0.022222222222222
19 0.24713541666667 0.36388888888889 0.0234375 0.02037037037037
19 0.036979166666667 0.52962962962963 0.019791666666667 0.024074074074074
19 0.4390625 0.63657407407407 0.021875 0.021296296296296
19 0.50416666666667 0.35509259259259 0.023958333333333 0.019444444444444
19 0.56458333333333 0.33472222222222 0.021875 0.021296296296296
19 0.22239583333333 0.69259259259259 0.020833333333333 0.022222222222222
19 0.71015625 0.61388888888889 0.022395833333333 0.02037037037037
19 0.32994791666667 0.63101851851852 0.019270833333333 0.023148148148148
19 0.29635416666667 0.63240740740741 0.019791666666667 0.022222222222222
19 0.070052083333333 0.15231481481481 0.022395833333333 0.019444444444444
19 0.098697916666667 0.015740740740741 0.0234375 0.018518518518519
19 0.51380208333333 0.61342592592593 0.0203125 0.021296296296296
19 0.58359375 0.51111111111111 0.019270833333333 0.022222222222222
19 0.32916666666667 0.92638888888889 0.021875 0.019444444444444
19 0.940625 0.90092592592593 0.020833333333333 0.02037037037037
19 0.79010416666667 0.9162037037037 0.019791666666667 0.021296296296296
19 0.90572916666667 0.7375 0.019791666666667 0.021296296296296
19 0.278125 0.22453703703704 0.019791666666667 0.021296296296296
19 0.75338541666667 0.61481481481481 0.0203125 0.02037037037037
19 0.74244791666667 0.94259259259259 0.0203125 0.02037037037037
19 0.72369791666667 0.43611111111111 0.0203125 0.02037037037037
19 0.36119791666667 0.32314814814815 0.0203125 0.02037037037037
19 0.20182291666667 0.58194444444444 0.019270833333333 0.021296296296296
19 0.9625 0.68657407407407 0.017708333333333 0.023148148148148
19 0.98072916666667 0.9 0.019791666666667 0.02037037037037
19 0.99010416666667 0.55787037037037 0.01875 0.021296296296296
19 0.29505208333333 0.59722222222222 0.018229166666667 0.022222222222222
19 0.079166666666667 0.79305555555556 0.01875 0.021296296296296
19 0.91302083333333 0.28842592592593 0.01875 0.021296296296296
19 0.41041666666667 0.59722222222222 0.01875 0.02037037037037
19 0.8953125 0.45185185185185 0.01875 0.02037037037037
19 0.021875 0.88935185185185 0.017708333333333 0.021296296296296
19 0.80182291666667 0.43194444444444 0.019270833333333 0.019444444444444
19 0.97005208333333 0.80787037037037 0.019270833333333 0.019444444444444
19 0.18411458333333 0.25833333333333 0.018229166666667 0.02037037037037
19 0.72708333333333 0.68240740740741 0.019791666666667 0.018518518518519
19 0.88723958333333 0.4875 0.0171875 0.021296296296296
19 0.9796875 0.58703703703704 0.017708333333333 0.02037037037037
19 0.01171875 0.49259259259259 0.016145833333333 0.02037037037037
19 0.27135416666667 0.42268518518519 0.016666666666667 0.019444444444444
19 0.98776041666667 0.76018518518519 0.016145833333333 0.018518518518519
19 0.39609375 0.74398148148148 0.0171875 0.017592592592593
19 0.690625 0.31111111111111 0.017708333333333 0.016666666666667
19 0.30572916666667 0.26111111111111 0.015625 0.018518518518519
19 0.88854166666667 0.80324074074074 0.014583333333333 0.015740740740741