20 0.80651041666667 0.52824074074074 0.033854166666667 0.043518518518519
20 0.70078125 0.77916666666667 0.028645833333333 0.043518518518519
20 0.925 0.48842592592593 0.030208333333333 0.047222222222222
20 0.85598958333333 0.75648148148148 0.0296875 0.042592592592593
20 0.78619791666667 0.52962962962963 0.0328125 0.040740740740741
20 0.82942708333333 0.41157407407407 0.0296875 0.043518518518519
20 0.93671875 0.043518518518519 0.031770833333333 0.038888888888889
20 0.615625 0.59722222222222 0.027083333333333 0.040740740740741
20 0.48567708333333 0.30694444444444 0.0296875 0.039814814814815
20 0.91223958333333 0.19861111111111 0.030729166666667 0.037962962962963
20 0.37734375 0.34027777777778 0.030729166666667 0.036111111111111
20 0.728125 0.22685185185185 0.027083333333333 0.040740740740741
20 0.23880208333333 0.018055555555556 0.028645833333333 0.036111111111111
20 0.86640625 0.05787037037037 0.028645833333333 0.037962962962963
20 0.64088541666667 0.073148148148148 0.028645833333333 0.035185185185185
20 0.98828125 0.068981481481481 0.0234375 0.039814814814815
20 0.032552083333333 0.97453703703704 0.0265625 0.034259259259259
20 0.3171875 0.67546296296296 0.027083333333333 0.034259259259259
20 0.38776041666667 0.6875 0.0265625 0.034259259259259
20 0.821875 0.65509259259259 0.026041666666667 0.034259259259259
20 0.074479166666667 0.37361111111111 0.027083333333333 0.034259259259259
20 0.98776041666667 0.2875 0.0234375 0.034259259259259
20 0.61875 0.89953703703704 0.022916666666667 0.036111111111111
20 0.1828125 0.48009259259259 0.026041666666667 0.034259259259259
20 0.10130208333333 0.71435185185185 0.025520833333333 0.032407407407407
20 0.50598958333333 0.96805555555556 0.024479166666667 0.032407407407407
20 0.98880208333333 0.028703703703704 0.022395833333333 0.033333333333333
20 0.328125 0.18194444444444 0.027083333333333 0.026851851851852
20 0.43723958333333 0.14537037037037 0.024479166666667 0.02962962962963
20 0.93515625 0.086111111111111 0.0265625 0.02962962962963
20 0.48619791666667 0.052777777777778 0.025520833333333 0.027777777777778
20 0.48776041666667 0.38703703703704 0.0234375 0.027777777777778
20 0.0453125 0.35648148148148 0.025 0.025925925925926
20 0.24375 0.25740740740741 0.025 0.025925925925926
20 0.019791666666667 0.043055555555556 0.026041666666667 0.023148148148148
20 0.39348958333333 0.27314814814815 0.024479166666667 0.024074074074074
20 0.0109375 0.73888888888889 0.019791666666667 0.024074074074074
20 0.17317708333333 0.16944444444444 0.024479166666667 0.024074074074074
20 0.3 0.29907407407407 0.022916666666667 0.024074074074074
20 0.48151041666667 0.45416666666667 0.021354166666667 0.023148148148148