20 0.24140625 0.77777777777778 0.022395833333333 0.02962962962963
20 0.067447916666667 0.79537037037037 0.022395833333333 0.02962962962963
20 0.048177083333333 0.33888888888889 0.0234375 0.027777777777778
20 0.18072916666667 0.52824074074074 0.021875 0.026851851851852
20 0.28307291666667 0.58333333333333 0.0234375 0.025925925925926
20 0.6828125 0.41898148148148 0.020833333333333 0.026851851851852
20 0.78333333333333 0.40509259259259 0.020833333333333 0.026851851851852
20 0.01875 0.78472222222222 0.020833333333333 0.026851851851852
20 0.44713541666667 0.82407407407407 0.021354166666667 0.025925925925926
20 0.5359375 0.64027777777778 0.021875 0.025
20 0.40442708333333 0.30555555555556 0.024479166666667 0.022222222222222
20 0.63671875 0.31481481481481 0.019270833333333 0.025925925925926
20 0.16822916666667 0.40462962962963 0.021875 0.024074074074074
20 0.56536458333333 0.95740740740741 0.022395833333333 0.022222222222222
20 0.18151041666667 0.28796296296296 0.0203125 0.024074074074074
20 0.27005208333333 0.67037037037037 0.0203125 0.024074074074074
20 0.50546875 0.75925925925926 0.0203125 0.024074074074074
20 0.38333333333333 0.52453703703704 0.020833333333333 0.023148148148148
20 0.37057291666667 0.74583333333333 0.019270833333333 0.025
20 0.759375 0.66203703703704 0.019791666666667 0.024074074074074
20 0.33359375 0.30601851851852 0.019270833333333 0.025
20 0.85911458333333 0.34814814814815 0.018229166666667 0.025925925925926
20 0.66197916666667 0.87731481481481 0.01875 0.025
20 0.0098958333333333 0.86527777777778 0.01875 0.025
20 0.8796875 0.64398148148148 0.021875 0.021296296296296
20 0.64348958333333 0.75185185185185 0.019270833333333 0.024074074074074
20 0.53541666666667 0.7412037037037 0.019791666666667 0.023148148148148
20 0.54739583333333 0.36944444444444 0.01875 0.024074074074074
20 0.2078125 0.39305555555556 0.01875 0.023148148148148
20 0.10260416666667 0.43518518518519 0.01875 0.024074074074074
20 0.11276041666667 0.85046296296296 0.0203125 0.021296296296296
20 0.81380208333333 0.53148148148148 0.019270833333333 0.022222222222222
20 0.47239583333333 0.22731481481481 0.021875 0.019444444444444
20 0.096614583333333 0.41435185185185 0.018229166666667 0.023148148148148
20 0.80807291666667 0.43518518518519 0.0171875 0.024074074074074
20 0.97942708333333 0.89166666666667 0.0203125 0.02037037037037
20 0.4421875 0.50462962962963 0.01875 0.02037037037037
20 0.52317708333333 0.55138888888889 0.018229166666667 0.021296296296296
20 0.11328125 0.75 0.0171875 0.022222222222222
20 0.13125 0.2 0.01875 0.02037037037037
20 0.57135416666667 0.53935185185185 0.017708333333333 0.021296296296296
20 0.94010416666667 0.23842592592593 0.017708333333333 0.021296296296296
20 0.61822916666667 0.84953703703704 0.017708333333333 0.021296296296296
20 0.0703125 0.97777777777778 0.017708333333333 0.02037037037037
20 0.06875 0.61018518518519 0.017708333333333 0.02037037037037
20 0.8984375 0.48657407407407 0.016666666666667 0.021296296296296
20 0.14557291666667 0.33287037037037 0.018229166666667 0.019444444444444
20 0.60911458333333 0.58518518518519 0.0171875 0.02037037037037
20 0.81302083333333 0.61388888888889 0.016666666666667 0.02037037037037
20 0.073177083333333 0.30787037037037 0.0171875 0.019444444444444
20 0.15807291666667 0.69490740740741 0.0171875 0.019444444444444
20 0.30546875 0.050925925925926 0.016145833333333 0.02037037037037
20 0.93697916666667 0.74675925925926 0.016666666666667 0.019444444444444
20 0.25729166666667 0.64814814814815 0.017708333333333 0.018518518518519
20 0.16171875 0.64074074074074 0.0171875 0.018518518518519
20 0.90677083333333 0.30740740740741 0.015625 0.02037037037037
20 0.41380208333333 0.20972222222222 0.016145833333333 0.019444444444444
20 0.96744791666667 0.64861111111111 0.016145833333333 0.019444444444444
20 0.90598958333333 0.16574074074074 0.015104166666667 0.02037037037037
20 0.4109375 0.13935185185185 0.016666666666667 0.017592592592593
20 0.23802083333333 0.425 0.015625 0.016666666666667