19 0.95729166666667 0.71296296296296 0.032291666666667 0.044444444444444
19 0.51614583333333 0.19675925925926 0.035416666666667 0.039814814814815
19 0.74817708333333 0.43425925925926 0.031770833333333 0.035185185185185
19 0.78984375 0.45138888888889 0.027604166666667 0.034259259259259
19 0.77578125 0.70092592592593 0.0328125 0.040740740740741
19 0.46119791666667 0.043518518518519 0.027604166666667 0.035185185185185
19 0.14088541666667 0.16157407407407 0.027604166666667 0.037962962962963
19 0.58333333333333 0.51296296296296 0.030208333333333 0.037037037037037
19 0.4265625 0.50648148148148 0.027083333333333 0.031481481481481
43 0.92708333333333 0.25231481481481 0.027083333333333 0.028703703703704
19 0.24583333333333 0.8 0.025 0.031481481481481
19 0.25677083333333 0.014814814814815 0.026041666666667 0.02962962962963
19 0.64609375 0.58611111111111 0.025520833333333 0.027777777777778
19 0.50911458333333 0.59212962962963 0.0265625 0.026851851851852
19 0.67083333333333 0.9875 0.028125 0.025
19 0.44661458333333 0.76111111111111 0.025520833333333 0.025925925925926
19 0.98645833333333 0.18842592592593 0.025 0.026851851851852
19 0.52291666666667 0.40092592592593 0.025 0.025925925925926
19 0.85078125 0.40925925925926 0.0234375 0.025925925925926
19 0.45963541666667 0.64398148148148 0.0234375 0.025
19 0.62083333333333 0.84027777777778 0.021875 0.023148148148148
19 0.54348958333333 0.89907407407407 0.021354166666667 0.02037037037037