20 0.91302083333333 0.6537037037037 0.028125 0.038888888888889
20 0.8453125 0.31157407407407 0.023958333333333 0.036111111111111
20 0.66848958333333 0.23935185185185 0.024479166666667 0.034259259259259
20 0.3859375 0.70833333333333 0.026041666666667 0.031481481481481
20 0.62421875 0.80416666666667 0.025520833333333 0.032407407407407
20 0.96901041666667 0.73657407407407 0.027604166666667 0.028703703703704
20 0.054947916666667 0.58194444444444 0.025520833333333 0.030555555555556
20 0.85885416666667 0.16898148148148 0.023958333333333 0.032407407407407
20 0.71666666666667 0.57268518518519 0.025 0.030555555555556
20 0.6453125 0.76666666666667 0.022916666666667 0.033333333333333
20 0.77317708333333 0.17546296296296 0.024479166666667 0.030555555555556
20 0.18489583333333 0.54490740740741 0.027083333333333 0.026851851851852
20 0.02265625 0.74166666666667 0.024479166666667 0.02962962962963
20 0.05 0.90277777777778 0.021875 0.031481481481481
20 0.10546875 0.55185185185185 0.024479166666667 0.027777777777778
20 0.37552083333333 0.041203703703704 0.022916666666667 0.030555555555556
20 0.59427083333333 0.21759259259259 0.023958333333333 0.02962962962963
20 0.4234375 0.74398148148148 0.022916666666667 0.028703703703704
20 0.16015625 0.91481481481481 0.0234375 0.027777777777778
20 0.037760416666667 0.34305555555556 0.022395833333333 0.028703703703704
20 0.88645833333333 0.24953703703704 0.022916666666667 0.028703703703704
20 0.29010416666667 0.92731481481481 0.021875 0.028703703703704
20 0.12734375 0.94027777777778 0.021354166666667 0.028703703703704
20 0.94088541666667 0.24675925925926 0.021354166666667 0.028703703703704
20 0.36901041666667 0.45648148148148 0.021354166666667 0.027777777777778
20 0.59140625 0.90740740740741 0.021354166666667 0.027777777777778
20 0.0578125 0.4 0.021875 0.027777777777778
20 0.125 0.38194444444444 0.021875 0.026851851851852
20 0.92734375 0.9375 0.021354166666667 0.026851851851852
20 0.66692708333333 0.42083333333333 0.021354166666667 0.026851851851852
20 0.82317708333333 0.24907407407407 0.0203125 0.027777777777778
20 0.42760416666667 0.39444444444444 0.019791666666667 0.027777777777778
20 0.7578125 0.78287037037037 0.021875 0.025
20 0.07890625 0.30046296296296 0.021354166666667 0.026851851851852
20 0.12473958333333 0.80833333333333 0.0203125 0.025925925925926
20 0.47552083333333 0.82268518518519 0.020833333333333 0.025
20 0.27447916666667 0.68657407407407 0.01875 0.026851851851852
20 0.19947916666667 0.98148148148148 0.020833333333333 0.024074074074074
20 0.51354166666667 0.34166666666667 0.020833333333333 0.024074074074074
20 0.40026041666667 0.22916666666667 0.018229166666667 0.026851851851852
20 0.096354166666667 0.88842592592593 0.019791666666667 0.025
20 0.25833333333333 0.48425925925926 0.019791666666667 0.024074074074074
20 0.25885416666667 0.51018518518519 0.01875 0.024074074074074
20 0.35833333333333 0.58518518518519 0.021875 0.02037037037037
20 0.6640625 0.29305555555556 0.016666666666667 0.025
20 0.66197916666667 0.10972222222222 0.017708333333333 0.023148148148148
20 0.0078125 0.4287037037037 0.015625 0.025925925925926
20 0.34401041666667 0.16203703703704 0.016145833333333 0.024074074074074
20 0.84583333333333 0.23935185185185 0.016666666666667 0.023148148148148
20 0.4609375 0.84351851851852 0.01875 0.02037037037037
20 0.87057291666667 0.045833333333333 0.016145833333333 0.023148148148148
20 0.29557291666667 0.36296296296296 0.015104166666667 0.022222222222222
20 0.55442708333333 0.95462962962963 0.015104166666667 0.018518518518519