20 0.34166666666667 0.51342592592593 0.027083333333333 0.041666666666667
20 0.13776041666667 0.35462962962963 0.024479166666667 0.037037037037037
20 0.57682291666667 0.55925925925926 0.0265625 0.031481481481481
20 0.86119791666667 0.074074074074074 0.024479166666667 0.031481481481481
20 0.90598958333333 0.08287037037037 0.0234375 0.028703703703704
20 0.79140625 0.4087962962963 0.0203125 0.034259259259259
20 0.16328125 0.024537037037037 0.0234375 0.028703703703704
20 0.7515625 0.030092592592593 0.021875 0.030555555555556
20 0.43072916666667 0.425 0.020833333333333 0.031481481481481
20 0.25598958333333 0.18611111111111 0.0234375 0.027777777777778
20 0.38385416666667 0.325 0.022916666666667 0.027777777777778
20 0.63645833333333 0.080092592592593 0.022916666666667 0.026851851851852
20 0.15026041666667 0.49583333333333 0.021354166666667 0.028703703703704
20 0.14635416666667 0.22222222222222 0.021875 0.027777777777778
20 0.27317708333333 0.42453703703704 0.022395833333333 0.026851851851852
20 0.34765625 0.094907407407407 0.022395833333333 0.026851851851852
20 0.56432291666667 0.25972222222222 0.022395833333333 0.026851851851852
20 0.48802083333333 0.14027777777778 0.023958333333333 0.025
20 0.58020833333333 0.053240740740741 0.020833333333333 0.028703703703704
20 0.0359375 0.54305555555556 0.021875 0.026851851851852
20 0.95807291666667 0.45462962962963 0.019270833333333 0.02962962962963
20 0.096875 0.33148148148148 0.021875 0.025925925925926
20 0.80989583333333 0.47731481481481 0.01875 0.028703703703704
20 0.027864583333333 0.48981481481481 0.021354166666667 0.025925925925926
20 0.37213541666667 0.5837962962963 0.021354166666667 0.025
20 0.38307291666667 0.66851851851852 0.0203125 0.025925925925926
20 0.81458333333333 0.52453703703704 0.020833333333333 0.025
20 0.75390625 0.79722222222222 0.021354166666667 0.024074074074074
20 0.076302083333333 0.39305555555556 0.021354166666667 0.023148148148148
20 0.72942708333333 0.49166666666667 0.018229166666667 0.025925925925926
20 0.30651041666667 0.34212962962963 0.019270833333333 0.025
20 0.68723958333333 0.050925925925926 0.018229166666667 0.025925925925926
20 0.30442708333333 0.56759259259259 0.019270833333333 0.024074074074074
20 0.064322916666667 0.2087962962963 0.018229166666667 0.025
20 0.40677083333333 0.015740740740741 0.01875 0.024074074074074
20 0.11588541666667 0.53842592592593 0.018229166666667 0.023148148148148
20 0.04921875 0.017592592592593 0.018229166666667 0.024074074074074
20 0.98828125 0.7625 0.0171875 0.025
20 0.625 0.67453703703704 0.017708333333333 0.023148148148148
20 0.98880208333333 0.40416666666667 0.016145833333333 0.025
20 0.734375 0.37407407407407 0.016666666666667 0.024074074074074
20 0.95520833333333 0.8037037037037 0.016666666666667 0.024074074074074
20 0.26848958333333 0.15324074074074 0.016145833333333 0.023148148148148
20 0.32994791666667 0.24537037037037 0.0171875 0.022222222222222
20 0.048697916666667 0.049074074074074 0.016145833333333 0.022222222222222
20 0.32942708333333 0.17037037037037 0.016145833333333 0.022222222222222
20 0.079947916666667 0.096759259259259 0.016145833333333 0.021296296296296
20 0.26848958333333 0.27175925925926 0.015104166666667 0.021296296296296
20 0.709375 0.54583333333333 0.014583333333333 0.021296296296296