43 0.52994791666667 0.64444444444444 0.025520833333333 0.040740740740741
43 0.8921875 0.55925925925926 0.021875 0.025925925925926
43 0.64895833333333 0.62592592592593 0.022916666666667 0.024074074074074
43 0.68072916666667 0.69907407407407 0.020833333333333 0.024074074074074
43 0.66276041666667 0.55648148148148 0.019270833333333 0.024074074074074
43 0.665625 0.49907407407407 0.020833333333333 0.024074074074074
43 0.66015625 0.50833333333333 0.0203125 0.022222222222222
43 0.87421875 0.54907407407407 0.019270833333333 0.022222222222222
43 0.64088541666667 0.62037037037037 0.019270833333333 0.022222222222222
43 0.88151041666667 0.59814814814815 0.0203125 0.022222222222222
43 0.56927083333333 0.60416666666667 0.01875 0.021296296296296
43 0.91067708333333 0.48611111111111 0.0171875 0.02037037037037
43 0.63385416666667 0.52731481481481 0.017708333333333 0.019444444444444
43 0.60677083333333 0.54027777777778 0.017708333333333 0.019444444444444
43 0.70182291666667 0.56805555555556 0.016145833333333 0.021296296296296
43 0.70729166666667 0.58796296296296 0.016666666666667 0.02037037037037
43 0.78984375 0.47916666666667 0.0171875 0.019444444444444
43 0.59713541666667 0.63657407407407 0.0171875 0.019444444444444
43 0.95052083333333 0.39814814814815 0.016666666666667 0.02037037037037
43 0.66822916666667 0.63472222222222 0.016666666666667 0.019444444444444
43 0.61953125 0.5712962962963 0.016145833333333 0.018518518518519
43 0.52786458333333 0.58148148148148 0.016145833333333 0.018518518518519
43 0.64713541666667 0.60092592592593 0.016145833333333 0.018518518518519
43 0.56354166666667 0.55740740740741 0.015625 0.018518518518519
43 0.86953125 0.47592592592593 0.015104166666667 0.018518518518519
43 0.77604166666667 0.52916666666667 0.015625 0.017592592592593
43 0.61171875 0.49398148148148 0.015104166666667 0.017592592592593
43 0.67916666666667 0.57453703703704 0.015625 0.017592592592593
43 0.96380208333333 0.38472222222222 0.015104166666667 0.017592592592593
43 0.82057291666667 0.47453703703704 0.015104166666667 0.017592592592593
43 0.65182291666667 0.68657407407407 0.015104166666667 0.017592592592593
43 0.47916666666667 0.53240740740741 0.015625 0.016666666666667
43 0.73359375 0.49444444444444 0.015104166666667 0.016666666666667
43 0.66380208333333 0.46296296296296 0.015104166666667 0.016666666666667
43 0.82682291666667 0.61759259259259 0.015104166666667 0.016666666666667
43 0.96484375 0.42731481481481 0.0140625 0.017592592592593
43 0.5921875 0.56944444444444 0.014583333333333 0.016666666666667
43 0.80677083333333 0.58333333333333 0.014583333333333 0.016666666666667
43 0.8 0.49351851851852 0.014583333333333 0.016666666666667
43 0.6765625 0.74074074074074 0.014583333333333 0.016666666666667
43 0.74010416666667 0.68981481481481 0.014583333333333 0.016666666666667