19 0.88776041666667 0.2662037037037 0.022395833333333 0.030555555555556
19 0.93541666666667 0.30740740740741 0.020833333333333 0.02962962962963
19 0.30833333333333 0.65462962962963 0.019791666666667 0.025925925925926
19 0.565625 0.3 0.019791666666667 0.025925925925926
19 0.39505208333333 0.021759259259259 0.0203125 0.023148148148148
19 0.178125 0.90416666666667 0.017708333333333 0.021296296296296
19 0.88932291666667 0.038888888888889 0.016145833333333 0.022222222222222
19 0.83098958333333 0.56111111111111 0.015104166666667 0.022222222222222
19 0.89739583333333 0.57777777777778 0.011458333333333 0.016666666666667
19 0.97109375 0.28333333333333 0.013020833333333 0.018518518518519
19 0.89817708333333 0.0125 0.013020833333333 0.019444444444444
19 0.68411458333333 0.5037037037037 0.018229166666667 0.02037037037037