43 0.028125 0.97314814814815 0.033333333333333 0.035185185185185
43 0.9375 0.70925925925926 0.030208333333333 0.05
43 0.803125 0.67824074074074 0.028125 0.039814814814815
43 0.58828125 0.81990740740741 0.028645833333333 0.037962962962963
43 0.60078125 0.97546296296296 0.0296875 0.036111111111111
43 0.72864583333333 0.42314814814815 0.029166666666667 0.037037037037037
43 0.47161458333333 0.14675925925926 0.0328125 0.032407407407407
43 0.4234375 0.61435185185185 0.028125 0.034259259259259
43 0.76458333333333 0.46342592592593 0.028125 0.032407407407407
43 0.25833333333333 0.9212962962963 0.028125 0.02962962962963
43 0.10390625 0.25046296296296 0.027604166666667 0.030555555555556
43 0.24270833333333 0.6962962962963 0.027083333333333 0.02962962962963
43 0.17552083333333 0.81666666666667 0.027083333333333 0.031481481481481