19 0.20260416666667 0.42685185185185 0.030208333333333 0.042592592592593
19 0.246875 0.58333333333333 0.028125 0.035185185185185
19 0.40755208333333 0.45324074074074 0.0265625 0.032407407407407
19 0.29114583333333 0.4712962962963 0.025 0.031481481481481
19 0.17473958333333 0.63472222222222 0.0265625 0.026851851851852
19 0.18177083333333 0.48009259259259 0.023958333333333 0.028703703703704
19 0.13020833333333 0.51018518518519 0.023958333333333 0.027777777777778
19 0.3125 0.58564814814815 0.026041666666667 0.026851851851852
19 0.31822916666667 0.37731481481481 0.021875 0.028703703703704
19 0.23307291666667 0.47962962962963 0.022395833333333 0.025925925925926
19 0.203125 0.59537037037037 0.023958333333333 0.025925925925926
19 0.3015625 0.52546296296296 0.022916666666667 0.025
19 0.46614583333333 0.45740740740741 0.022916666666667 0.024074074074074
19 0.16328125 0.44722222222222 0.0203125 0.027777777777778
19 0.28645833333333 0.42546296296296 0.020833333333333 0.025
19 0.51328125 0.72731481481481 0.0203125 0.023148148148148
19 0.55885416666667 0.62453703703704 0.019791666666667 0.023148148148148
19 0.20208333333333 0.52685185185185 0.01875 0.02037037037037
19 0.23046875 0.61342592592593 0.019270833333333 0.021296296296296
19 0.16614583333333 0.4787037037037 0.01875 0.022222222222222
19 0.39713541666667 0.38703703703704 0.0171875 0.02037037037037
19 0.28697916666667 0.5662037037037 0.017708333333333 0.019444444444444
19 0.25911458333333 0.54675925925926 0.0171875 0.019444444444444
19 0.12057291666667 0.47268518518519 0.016145833333333 0.019444444444444
19 0.1984375 0.49768518518519 0.016666666666667 0.019444444444444
19 0.33828125 0.40046296296296 0.016145833333333 0.019444444444444
19 0.55078125 0.56990740740741 0.016145833333333 0.019444444444444
19 0.49114583333333 0.4787037037037 0.016666666666667 0.018518518518519
19 0.2296875 0.40972222222222 0.015625 0.019444444444444
19 0.20598958333333 0.46388888888889 0.016145833333333 0.018518518518519
19 0.42265625 0.40833333333333 0.016145833333333 0.018518518518519
19 0.3625 0.36435185185185 0.015625 0.019444444444444
19 0.428125 0.51064814814815 0.016666666666667 0.017592592592593
19 0.30989583333333 0.41018518518519 0.015625 0.018518518518519
19 0.21458333333333 0.54722222222222 0.015625 0.018518518518519
19 0.26328125 0.43564814814815 0.015104166666667 0.017592592592593
19 0.094270833333333 0.49861111111111 0.015625 0.017592592592593
19 0.22864583333333 0.53194444444444 0.015625 0.017592592592593
19 0.15807291666667 0.52592592592593 0.015104166666667 0.016666666666667
19 0.1828125 0.55833333333333 0.014583333333333 0.016666666666667
19 0.24557291666667 0.44768518518519 0.0140625 0.015740740740741
19 0.24635416666667 0.58287037037037 0.028125 0.039814814814815
19 0.20182291666667 0.42777777777778 0.0265625 0.040740740740741
19 0.40755208333333 0.45231481481481 0.024479166666667 0.032407407407407
19 0.29088541666667 0.47083333333333 0.024479166666667 0.034259259259259
19 0.16328125 0.44768518518519 0.021354166666667 0.030555555555556
19 0.46223958333333 0.45648148148148 0.0234375 0.027777777777778
19 0.31848958333333 0.37685185185185 0.0203125 0.02962962962963
19 0.28619791666667 0.425 0.0203125 0.027777777777778
19 0.36223958333333 0.36435185185185 0.016145833333333 0.019444444444444
19 0.22942708333333 0.41018518518519 0.016145833333333 0.02037037037037
19 0.42317708333333 0.4087962962963 0.015104166666667 0.019444444444444
43 0.20182291666667 0.42777777777778 0.025520833333333 0.040740740740741
43 0.3125 0.58564814814815 0.025 0.028703703703704
43 0.24583333333333 0.58240740740741 0.027083333333333 0.038888888888889
43 0.29140625 0.46990740740741 0.024479166666667 0.032407407407407
43 0.28645833333333 0.42453703703704 0.019791666666667 0.026851851851852
43 0.2296875 0.41064814814815 0.015625 0.021296296296296