19 0.23151041666667 0.43888888888889 0.0359375 0.038888888888889
19 0.57552083333333 0.11805555555556 0.029166666666667 0.037962962962963
19 0.69609375 0.37222222222222 0.030729166666667 0.038888888888889
19 0.77005208333333 0.66898148148148 0.031770833333333 0.034259259259259
19 0.29166666666667 0.90046296296296 0.027083333333333 0.036111111111111
19 0.57942708333333 0.50833333333333 0.030729166666667 0.035185185185185
19 0.88411458333333 0.42083333333333 0.0296875 0.032407407407407
19 0.59192708333333 0.64351851851852 0.030729166666667 0.02962962962963
19 0.40677083333333 0.65925925925926 0.029166666666667 0.02962962962963
19 0.72291666666667 0.3962962962963 0.027083333333333 0.033333333333333
19 0.97708333333333 0.97361111111111 0.023958333333333 0.034259259259259
19 0.33255208333333 0.81666666666667 0.024479166666667 0.031481481481481
19 0.38828125 0.70694444444444 0.0234375 0.032407407407407
19 0.18671875 0.45648148148148 0.0265625 0.027777777777778
19 0.196875 0.66064814814815 0.026041666666667 0.026851851851852
19 0.78645833333333 0.49583333333333 0.026041666666667 0.026851851851852
19 0.69921875 0.21388888888889 0.024479166666667 0.027777777777778
19 0.509375 0.50509259259259 0.025 0.026851851851852
19 0.66145833333333 0.83148148148148 0.025 0.025925925925926
19 0.765625 0.81435185185185 0.023958333333333 0.026851851851852
19 0.71354166666667 0.67175925925926 0.025 0.025
19 0.93151041666667 0.50740740740741 0.022395833333333 0.027777777777778
19 0.5203125 0.71944444444444 0.023958333333333 0.025925925925926
19 0.496875 0.77962962962963 0.023958333333333 0.025925925925926
19 0.41302083333333 0.088425925925926 0.022916666666667 0.026851851851852
19 0.90885416666667 0.5875 0.022916666666667 0.026851851851852
19 0.79296875 0.32175925925926 0.021354166666667 0.028703703703704
19 0.09609375 0.18842592592593 0.021354166666667 0.028703703703704
19 0.41171875 0.48842592592593 0.024479166666667 0.025
19 0.70703125 0.69537037037037 0.0234375 0.025925925925926
19 0.88333333333333 0.75925925925926 0.025 0.024074074074074
19 0.82838541666667 0.5412037037037 0.022395833333333 0.026851851851852
19 0.86458333333333 0.56944444444444 0.022916666666667 0.025925925925926
19 0.9609375 0.59444444444444 0.022916666666667 0.025925925925926
19 0.86484375 0.13796296296296 0.021354166666667 0.027777777777778
19 0.62421875 0.66944444444444 0.024479166666667 0.024074074074074
19 0.83307291666667 0.75833333333333 0.022395833333333 0.025925925925926
19 0.92604166666667 0.52824074074074 0.021875 0.026851851851852
19 0.95546875 0.02037037037037 0.022395833333333 0.025925925925926
19 0.07578125 0.50648148148148 0.022395833333333 0.025925925925926
19 0.14869791666667 0.5662037037037 0.021354166666667 0.026851851851852
19 0.82057291666667 0.57638888888889 0.021354166666667 0.026851851851852
19 0.11484375 0.5375 0.021354166666667 0.026851851851852
19 0.7078125 0.84722222222222 0.021875 0.025925925925926
19 0.8046875 0.6125 0.021875 0.025
19 0.47317708333333 0.73425925925926 0.021354166666667 0.025925925925926
19 0.77005208333333 0.61203703703704 0.022395833333333 0.024074074074074
19 0.39583333333333 0.55694444444444 0.020833333333333 0.025
19 0.65 0.015277777777778 0.020833333333333 0.025
19 0.38203125 0.073611111111111 0.0203125 0.025
19 0.4296875 0.78009259259259 0.019791666666667 0.025
19 0.66458333333333 0.66851851851852 0.021875 0.022222222222222
19 0.53567708333333 0.69861111111111 0.021354166666667 0.023148148148148
19 0.84192708333333 0.61805555555556 0.021354166666667 0.023148148148148
19 0.91510416666667 0.64444444444444 0.021875 0.022222222222222
19 0.79583333333333 0.74212962962963 0.022916666666667 0.021296296296296
19 0.74453125 0.90138888888889 0.019270833333333 0.025
19 0.61979166666667 0.81064814814815 0.021875 0.021296296296296
19 0.965625 0.64583333333333 0.022916666666667 0.019444444444444
19 0.61953125 0.5037037037037 0.019270833333333 0.022222222222222
19 0.790625 0.70509259259259 0.021875 0.021296296296296
19 0.5640625 0.94583333333333 0.019791666666667 0.023148148148148
19 0.25625 0.54537037037037 0.01875 0.024074074074074
19 0.88880208333333 0.51018518518519 0.018229166666667 0.022222222222222
19 0.29947916666667 0.76296296296296 0.017708333333333 0.022222222222222
19 0.89973958333333 0.61898148148148 0.0203125 0.019444444444444
19 0.6625 0.7037037037037 0.019791666666667 0.02037037037037
19 0.97291666666667 0.68472222222222 0.022916666666667 0.017592592592593
19 0.76484375 0.57083333333333 0.018229166666667 0.021296296296296
19 0.28515625 0.63287037037037 0.018229166666667 0.021296296296296
19 0.49479166666667 0.95509259259259 0.017708333333333 0.021296296296296
19 0.41848958333333 0.95740740740741 0.0171875 0.02037037037037
43 0.50234375 0.50462962962963 0.9921875 0.97962962962963