19 0.1515625 0.28888888888889 0.020833333333333 0.027777777777778
19 0.29869791666667 0.33888888888889 0.0203125 0.027777777777778
19 0.64036458333333 0.3837962962963 0.0203125 0.025
19 0.10078125 0.37777777777778 0.019270833333333 0.025925925925926
19 0.190625 0.23657407407407 0.01875 0.023148148148148
19 0.79453125 0.14953703703704 0.018229166666667 0.023148148148148
19 0.77395833333333 0.24583333333333 0.017708333333333 0.023148148148148
19 0.60338541666667 0.39212962962963 0.0171875 0.023148148148148
19 0.30885416666667 0.41064814814815 0.017708333333333 0.021296296296296
19 0.24609375 0.31805555555556 0.016145833333333 0.023148148148148
19 0.46015625 0.83842592592593 0.016145833333333 0.021296296296296
19 0.89921875 0.12407407407407 0.018229166666667 0.02037037037037
19 0.70651041666667 0.21712962962963 0.0140625 0.017592592592593
19 0.578125 0.30324074074074 0.0125 0.017592592592593
19 0.74114583333333 0.081018518518519 0.01875 0.021296296296296