19 0.40520833333333 0.058333333333333 0.026041666666667 0.035185185185185
19 0.31848958333333 0.097222222222222 0.0265625 0.031481481481481
19 0.23802083333333 0.20277777777778 0.023958333333333 0.033333333333333
19 0.50130208333333 0.90694444444444 0.0265625 0.028703703703704
19 0.29375 0.021296296296296 0.022916666666667 0.031481481481481
19 0.915625 0.15694444444444 0.022916666666667 0.030555555555556
19 0.24244791666667 0.3625 0.022395833333333 0.030555555555556
19 0.93463541666667 0.60694444444444 0.022395833333333 0.030555555555556
19 0.41666666666667 0.4787037037037 0.022916666666667 0.02962962962963
19 0.90390625 0.29537037037037 0.021354166666667 0.031481481481481
19 0.56848958333333 0.25972222222222 0.022395833333333 0.028703703703704
19 0.76067708333333 0.36481481481481 0.021354166666667 0.02962962962963
19 0.72447916666667 0.36990740740741 0.021875 0.028703703703704
19 0.33046875 0.23981481481481 0.022395833333333 0.027777777777778
19 0.91901041666667 0.081481481481481 0.022395833333333 0.027777777777778
19 0.72526041666667 0.56111111111111 0.022395833333333 0.027777777777778
19 0.13098958333333 0.33287037037037 0.022395833333333 0.026851851851852
19 0.49270833333333 0.13240740740741 0.022916666666667 0.025925925925926
19 0.52265625 0.24537037037037 0.021354166666667 0.027777777777778
19 0.70390625 0.48564814814815 0.0203125 0.028703703703704
19 0.43359375 0.40833333333333 0.022395833333333 0.025925925925926
19 0.50677083333333 0.07962962962963 0.020833333333333 0.027777777777778
19 0.89114583333333 0.49351851851852 0.020833333333333 0.027777777777778
19 0.63020833333333 0.25787037037037 0.020833333333333 0.026851851851852
19 0.10390625 0.38611111111111 0.0203125 0.027777777777778
19 0.503125 0.55324074074074 0.020833333333333 0.026851851851852
19 0.34322916666667 0.16990740740741 0.020833333333333 0.026851851851852
19 0.18932291666667 0.37638888888889 0.0203125 0.026851851851852
19 0.96848958333333 0.081018518518519 0.0203125 0.026851851851852
19 0.34635416666667 0.27592592592593 0.020833333333333 0.025925925925926
19 0.28854166666667 0.28472222222222 0.01875 0.028703703703704
19 0.95442708333333 0.31388888888889 0.019270833333333 0.027777777777778
19 0.91041666666667 0.55324074074074 0.019791666666667 0.026851851851852
19 0.65963541666667 0.18657407407407 0.021354166666667 0.025
19 0.018489583333333 0.086111111111111 0.021354166666667 0.024074074074074
19 0.17526041666667 0.21388888888889 0.021354166666667 0.024074074074074
19 0.4828125 0.6 0.019791666666667 0.025925925925926
19 0.015625 0.35462962962963 0.019791666666667 0.025925925925926
19 0.91536458333333 0.70787037037037 0.0203125 0.025
19 0.30911458333333 0.40694444444444 0.0203125 0.025
19 0.55234375 0.20138888888889 0.0203125 0.025
19 0.097395833333333 0.3337962962963 0.019791666666667 0.025
19 0.44869791666667 0.64490740740741 0.019270833333333 0.025
19 0.87578125 0.68935185185185 0.019270833333333 0.025
19 0.74296875 0.11064814814815 0.019270833333333 0.025
19 0.042447916666667 0.49027777777778 0.0203125 0.023148148148148
19 0.04921875 0.11064814814815 0.0203125 0.023148148148148
19 0.53984375 0.13981481481481 0.019270833333333 0.024074074074074
19 0.68567708333333 0.085185185185185 0.019270833333333 0.024074074074074
19 0.0828125 0.88333333333333 0.017708333333333 0.025925925925926
19 0.13567708333333 0.58287037037037 0.018229166666667 0.025
19 0.48802083333333 0.21388888888889 0.01875 0.024074074074074
19 0.78828125 0.27453703703704 0.018229166666667 0.025
19 0.85520833333333 0.54583333333333 0.019791666666667 0.023148148148148
19 0.17317708333333 0.61203703703704 0.0171875 0.025925925925926
19 0.35520833333333 0.47222222222222 0.01875 0.024074074074074
19 0.125 0.068981481481481 0.017708333333333 0.025
19 0.75729166666667 0.63935185185185 0.017708333333333 0.025
19 0.12447916666667 0.7087962962963 0.017708333333333 0.025
19 0.55625 0.7875 0.017708333333333 0.025
19 0.76302083333333 0.53935185185185 0.017708333333333 0.025
19 0.40364583333333 0.10601851851852 0.017708333333333 0.025
19 0.41536458333333 0.76203703703704 0.018229166666667 0.024074074074074
19 0.52630208333333 0.76296296296296 0.018229166666667 0.024074074074074
19 0.78307291666667 0.81944444444444 0.018229166666667 0.024074074074074
19 0.38880208333333 0.24537037037037 0.018229166666667 0.024074074074074
19 0.57213541666667 0.71805555555556 0.0171875 0.025
19 0.26901041666667 0.5837962962963 0.0171875 0.025
19 0.028385416666667 0.26064814814815 0.0171875 0.025
19 0.27135416666667 0.062962962962963 0.017708333333333 0.024074074074074
19 0.6046875 0.065740740740741 0.017708333333333 0.024074074074074
19 0.6828125 0.64351851851852 0.017708333333333 0.024074074074074
19 0.1546875 0.91018518518519 0.017708333333333 0.024074074074074
19 0.47734375 0.6587962962963 0.018229166666667 0.023148148148148
19 0.27760416666667 0.14351851851852 0.017708333333333 0.024074074074074
19 0.96041666666667 0.51018518518519 0.017708333333333 0.024074074074074
19 0.62473958333333 0.92731481481481 0.018229166666667 0.023148148148148
19 0.71848958333333 0.16064814814815 0.018229166666667 0.023148148148148
19 0.56458333333333 0.75416666666667 0.016666666666667 0.025
19 0.045052083333333 0.59722222222222 0.0171875 0.024074074074074
19 0.57890625 0.64537037037037 0.016145833333333 0.024074074074074
19 0.72161458333333 0.87222222222222 0.016145833333333 0.025925925925926
19 0.20963541666667 0.50092592592593 0.0171875 0.024074074074074
19 0.93046875 0.44722222222222 0.016145833333333 0.024074074074074
19 0.067708333333333 0.54027777777778 0.016666666666667 0.023148148148148
19 0.17994791666667 0.42083333333333 0.016145833333333 0.023148148148148
19 0.78541666666667 0.099074074074074 0.015625 0.024074074074074
19 0.77057291666667 0.22916666666667 0.016145833333333 0.023148148148148
19 0.0109375 0.95648148148148 0.016666666666667 0.022222222222222
19 0.91380208333333 0.76157407407407 0.016145833333333 0.023148148148148
19 0.094270833333333 0.54074074074074 0.016666666666667 0.022222222222222
19 0.28802083333333 0.65972222222222 0.015625 0.023148148148148
19 0.21458333333333 0.56712962962963 0.015625 0.023148148148148
19 0.71354166666667 0.77268518518519 0.015625 0.023148148148148
19 0.11484375 0.27314814814815 0.016145833333333 0.022222222222222
19 0.12265625 0.83703703703704 0.016145833333333 0.022222222222222
19 0.11458333333333 0.92546296296296 0.016666666666667 0.021296296296296
19 0.11067708333333 0.18194444444444 0.0171875 0.019444444444444
19 0.13854166666667 0.51064814814815 0.015625 0.021296296296296
19 0.0796875 0.82037037037037 0.014583333333333 0.02037037037037