49 0.903515625 0.21875 0.02734375 0.0375
49 0.47734375 0.46875 0.9390625 0.91527777777778
49 0.96015625 0.27638888888889 0.025 0.030555555555556
49 0.963671875 0.18680555555556 0.02578125 0.029166666666667
49 0.946484375 0.24930555555556 0.02578125 0.034722222222222
49 0.91953125 0.17152777777778 0.021875 0.026388888888889
49 0.91796875 0.28472222222222 0.0203125 0.027777777777778
49 0.833203125 0.42013888888889 0.02109375 0.026388888888889
49 0.903125 0.25555555555556 0.01875 0.025
49 0.823046875 0.33541666666667 0.01953125 0.020833333333333
49 0.903515625 0.33194444444444 0.01796875 0.022222222222222
49 0.854296875 0.29305555555556 0.01328125 0.013888888888889