43 0.923828125 0.3375 0.03828125 0.041666666666667
43 0.9546875 0.27291666666667 0.05 0.0625
43 0.836328125 0.20694444444444 0.03515625 0.041666666666667
43 0.886328125 0.22986111111111 0.03515625 0.040277777777778
43 0.95859375 0.068055555555556 0.03125 0.041666666666667
43 0.69765625 0.38333333333333 0.0328125 0.038888888888889
43 0.2640625 0.19930555555556 0.03125 0.040277777777778
43 0.978515625 0.01875 0.03359375 0.0375
43 0.9421875 0.1875 0.0296875 0.038888888888889
43 0.698046875 0.10694444444444 0.03203125 0.036111111111111
43 0.896484375 0.020833333333333 0.03046875 0.036111111111111
43 0.19453125 0.20347222222222 0.0265625 0.034722222222222
43 0.8640625 0.10069444444444 0.025 0.031944444444444
43 0.8328125 0.024305555555556 0.0265625 0.031944444444444
43 0.73828125 0.36041666666667 0.0265625 0.031944444444444
43 0.78046875 0.21319444444444 0.0265625 0.031944444444444
43 0.916015625 0.15347222222222 0.02421875 0.031944444444444
43 0.851171875 0.26180555555556 0.02578125 0.029166666666667
43 0.1328125 0.35625 0.0203125 0.026388888888889
43 0.65 0.21944444444444 0.025 0.030555555555556
43 0.05078125 0.40138888888889 0.01875 0.027777777777778