20 0.22552083333333 0.53981481481481 0.058333333333333 0.088888888888889
20 0.31145833333333 0.46574074074074 0.030208333333333 0.037037037037037
20 0.51015625 0.50046296296296 0.025520833333333 0.032407407407407
20 0.40885416666667 0.42037037037037 0.025 0.02962962962963
20 0.0609375 0.073611111111111 0.022916666666667 0.028703703703704
20 0.65052083333333 0.58518518518519 0.027083333333333 0.025925925925926
20 0.62994791666667 0.51435185185185 0.022395833333333 0.028703703703704
20 0.16927083333333 0.11759259259259 0.022916666666667 0.027777777777778
20 0.21614583333333 0.60324074074074 0.020833333333333 0.030555555555556
20 0.46223958333333 0.9337962962963 0.0234375 0.026851851851852
20 0.1078125 0.46805555555556 0.023958333333333 0.025
20 0.56588541666667 0.34814814814815 0.0234375 0.025925925925926
20 0.43671875 0.17731481481481 0.0234375 0.026851851851852
20 0.50520833333333 0.33055555555556 0.021875 0.025925925925926
20 0.19505208333333 0.14259259259259 0.021354166666667 0.025925925925926
20 0.16276041666667 0.50324074074074 0.0203125 0.026851851851852
20 0.14375 0.61111111111111 0.020833333333333 0.025925925925926
20 0.3859375 0.45185185185185 0.020833333333333 0.025925925925926
20 0.52447916666667 0.21666666666667 0.021875 0.024074074074074
20 0.25390625 0.027314814814815 0.024479166666667 0.021296296296296
20 0.153125 0.74305555555556 0.020833333333333 0.025
20 0.98515625 0.77453703703704 0.019270833333333 0.026851851851852
20 0.68984375 0.56944444444444 0.021354166666667 0.024074074074074
20 0.35208333333333 0.040277777777778 0.023958333333333 0.021296296296296
20 0.94765625 0.34953703703704 0.0203125 0.025
20 0.20807291666667 0.23194444444444 0.0203125 0.025
20 0.85677083333333 0.19259259259259 0.020833333333333 0.024074074074074
20 0.75260416666667 0.61435185185185 0.019791666666667 0.025
20 0.5671875 0.071759259259259 0.022916666666667 0.021296296296296
20 0.8859375 0.52037037037037 0.01875 0.025925925925926
20 0.72161458333333 0.33009259259259 0.019270833333333 0.025
20 0.25 0.36898148148148 0.01875 0.025
20 0.36796875 0.55324074074074 0.018229166666667 0.025
20 0.53541666666667 0.053240740740741 0.021875 0.021296296296296
20 0.89296875 0.26064814814815 0.018229166666667 0.025
20 0.1578125 0.45833333333333 0.01875 0.024074074074074
20 0.46276041666667 0.14074074074074 0.019270833333333 0.022222222222222
20 0.3578125 0.28703703703704 0.01875 0.024074074074074
20 0.91536458333333 0.70324074074074 0.018229166666667 0.023148148148148
20 0.0453125 0.57037037037037 0.017708333333333 0.024074074074074
20 0.44453125 0.54490740740741 0.018229166666667 0.023148148148148
20 0.646875 0.64444444444444 0.01875 0.022222222222222
20 0.1390625 0.13703703703704 0.01875 0.022222222222222
20 0.6640625 0.51481481481481 0.01875 0.022222222222222
20 0.77578125 0.53703703703704 0.0203125 0.02037037037037
20 0.2921875 0.32824074074074 0.017708333333333 0.023148148148148
20 0.08359375 0.57222222222222 0.0171875 0.024074074074074
20 0.12239583333333 0.56203703703704 0.016666666666667 0.024074074074074
20 0.88567708333333 0.59768518518519 0.0171875 0.023148148148148
20 0.74739583333333 0.094907407407407 0.01875 0.021296296296296
20 0.01640625 0.5412037037037 0.0171875 0.023148148148148
20 0.82838541666667 0.25787037037037 0.0171875 0.023148148148148
20 0.58697916666667 0.80277777777778 0.017708333333333 0.022222222222222
20 0.384375 0.40277777777778 0.017708333333333 0.022222222222222
20 0.76119791666667 0.8212962962963 0.0171875 0.022222222222222
20 0.69583333333333 0.2625 0.016666666666667 0.023148148148148
20 0.665625 0.083333333333333 0.01875 0.02037037037037
20 0.15833333333333 0.32268518518519 0.017708333333333 0.021296296296296
20 0.74635416666667 0.38240740740741 0.016666666666667 0.022222222222222
20 0.83958333333333 0.17037037037037 0.016666666666667 0.022222222222222
20 0.43203125 0.51064814814815 0.0171875 0.021296296296296
20 0.92838541666667 0.42175925925926 0.0171875 0.021296296296296
20 0.8203125 0.88472222222222 0.01875 0.019444444444444
20 0.26614583333333 0.71574074074074 0.017708333333333 0.02037037037037
20 0.14661458333333 0.53888888888889 0.016145833333333 0.022222222222222
20 0.05078125 0.63333333333333 0.016145833333333 0.022222222222222
20 0.69479166666667 0.41898148148148 0.01875 0.019444444444444
20 0.87161458333333 0.099074074074074 0.016145833333333 0.022222222222222
20 0.85833333333333 0.57083333333333 0.016666666666667 0.021296296296296
20 0.928125 0.45509259259259 0.016666666666667 0.021296296296296
20 0.93541666666667 0.16574074074074 0.015625 0.022222222222222
20 0.4015625 0.59814814814815 0.016666666666667 0.02037037037037
20 0.36328125 0.425 0.016145833333333 0.02037037037037
20 0.59557291666667 0.87824074074074 0.016145833333333 0.021296296296296
20 0.77864583333333 0.61435185185185 0.016666666666667 0.019444444444444
20 0.84401041666667 0.70601851851852 0.016145833333333 0.019444444444444
20 0.703125 0.88101851851852 0.014583333333333 0.021296296296296
20 0.95989583333333 0.56666666666667 0.014583333333333 0.02037037037037
20 0.209375 0.8537037037037 0.016666666666667 0.018518518518519
20 0.59140625 0.64305555555556 0.015104166666667 0.017592592592593
49 0.49947916666667 0.5037037037037 0.99791666666667 0.99074074074074