19 0.67864583333333 0.3837962962963 0.029166666666667 0.037962962962963
19 0.60338541666667 0.28009259259259 0.0265625 0.036111111111111
19 0.32291666666667 0.045833333333333 0.028125 0.032407407407407
19 0.11067708333333 0.13240740740741 0.025520833333333 0.033333333333333
19 0.68958333333333 0.2337962962963 0.026041666666667 0.032407407407407
19 0.31822916666667 0.2837962962963 0.023958333333333 0.034259259259259
19 0.81588541666667 0.3787037037037 0.025520833333333 0.031481481481481
19 0.59453125 0.049074074074074 0.024479166666667 0.031481481481481
19 0.049739583333333 0.60925925925926 0.022395833333333 0.033333333333333
19 0.75677083333333 0.28842592592593 0.022916666666667 0.032407407407407
19 0.90104166666667 0.25509259259259 0.023958333333333 0.030555555555556
19 0.4328125 0.1712962962963 0.025 0.02962962962963
19 0.72682291666667 0.20092592592593 0.0234375 0.031481481481481
19 0.21510416666667 0.39907407407407 0.021875 0.033333333333333
19 0.36223958333333 0.030555555555556 0.024479166666667 0.027777777777778
19 0.60390625 0.56805555555556 0.024479166666667 0.028703703703704
19 0.51041666666667 0.31203703703704 0.022916666666667 0.02962962962963
19 0.9609375 0.49259259259259 0.022916666666667 0.02962962962963
19 0.93046875 0.31342592592593 0.0234375 0.028703703703704
19 0.01796875 0.057407407407407 0.021354166666667 0.031481481481481
19 0.9125 0.42962962962963 0.021875 0.02962962962963
19 0.353125 0.5462962962963 0.020833333333333 0.031481481481481
19 0.65416666666667 0.1587962962963 0.023958333333333 0.026851851851852
19 0.415625 0.3712962962963 0.020833333333333 0.02962962962963
19 0.38645833333333 0.47962962962963 0.020833333333333 0.02962962962963
19 0.14973958333333 0.50740740740741 0.0203125 0.02962962962963
19 0.9515625 0.53703703703704 0.020833333333333 0.027777777777778
19 0.9265625 0.68703703703704 0.020833333333333 0.027777777777778
19 0.80703125 0.2037037037037 0.0203125 0.027777777777778
19 0.55052083333333 0.26898148148148 0.020833333333333 0.026851851851852
19 0.890625 0.19953703703704 0.022916666666667 0.025
19 0.49583333333333 0.46898148148148 0.020833333333333 0.026851851851852
19 0.32083333333333 0.62638888888889 0.020833333333333 0.026851851851852
19 0.24895833333333 0.36851851851852 0.019791666666667 0.027777777777778
19 0.34583333333333 0.35925925925926 0.020833333333333 0.025925925925926
19 0.16901041666667 0.80231481481481 0.019270833333333 0.026851851851852
19 0.52265625 0.20092592592593 0.021354166666667 0.024074074074074
19 0.0072916666666667 0.95833333333333 0.014583333333333 0.033333333333333