20 0.275 0.67361111111111 0.026041666666667 0.034259259259259
20 0.95026041666667 0.72962962962963 0.0296875 0.031481481481481
20 0.13255208333333 0.13240740740741 0.0265625 0.031481481481481
20 0.16666666666667 0.68518518518519 0.028125 0.02962962962963
20 0.82473958333333 0.20925925925926 0.022395833333333 0.037037037037037
20 0.28177083333333 0.18287037037037 0.022916666666667 0.028703703703704
20 0.29010416666667 0.48101851851852 0.028125 0.023148148148148
20 0.1453125 0.75092592592593 0.022916666666667 0.027777777777778
20 0.096875 0.56435185185185 0.027083333333333 0.023148148148148
20 0.62552083333333 0.35694444444444 0.022916666666667 0.026851851851852
20 0.041927083333333 0.28842592592593 0.0234375 0.025
20 0.50364583333333 0.83240740740741 0.026041666666667 0.022222222222222
20 0.51041666666667 0.12592592592593 0.023958333333333 0.024074074074074
20 0.56484375 0.92083333333333 0.022395833333333 0.025
20 0.78177083333333 0.10555555555556 0.023958333333333 0.024074074074074
20 0.28203125 0.51944444444444 0.0234375 0.024074074074074
20 0.77578125 0.75694444444444 0.022395833333333 0.025
20 0.016927083333333 0.40694444444444 0.0234375 0.023148148148148
20 0.66822916666667 0.48981481481481 0.025 0.022222222222222
20 0.84244791666667 0.30277777777778 0.021354166666667 0.025925925925926
20 0.64427083333333 0.28981481481481 0.020833333333333 0.025925925925926
20 0.20625 0.41018518518519 0.021875 0.024074074074074
20 0.54921875 0.44953703703704 0.021354166666667 0.025
20 0.036197916666667 0.85509259259259 0.021354166666667 0.025
20 0.74140625 0.26018518518519 0.022395833333333 0.024074074074074
20 0.228125 0.31944444444444 0.021875 0.024074074074074
20 0.8484375 0.8337962962963 0.020833333333333 0.025
20 0.85911458333333 0.55509259259259 0.019270833333333 0.026851851851852
20 0.91484375 0.43842592592593 0.022395833333333 0.023148148148148
20 0.43776041666667 0.70833333333333 0.021354166666667 0.024074074074074
20 0.28854166666667 0.33009259259259 0.020833333333333 0.025
20 0.29583333333333 0.13148148148148 0.019791666666667 0.025925925925926
20 0.13776041666667 0.71759259259259 0.0203125 0.024074074074074
20 0.7875 0.1962962962963 0.019791666666667 0.025925925925926
20 0.80442708333333 0.54861111111111 0.0203125 0.025
20 0.096354166666667 0.44027777777778 0.019791666666667 0.025
20 0.346875 0.65972222222222 0.020833333333333 0.023148148148148
20 0.11015625 0.37685185185185 0.021354166666667 0.022222222222222
20 0.59661458333333 0.87314814814815 0.021354166666667 0.022222222222222
20 0.83828125 0.47083333333333 0.019270833333333 0.025
20 0.04140625 0.47916666666667 0.0203125 0.023148148148148
20 0.44817708333333 0.36157407407407 0.0203125 0.023148148148148
20 0.024479166666667 0.69814814814815 0.020833333333333 0.022222222222222
20 0.82734375 0.34768518518519 0.018229166666667 0.025
20 0.0375 0.54351851851852 0.019791666666667 0.022222222222222
20 0.35 0.73287037037037 0.020833333333333 0.021296296296296
20 0.065364583333333 0.84675925925926 0.0203125 0.021296296296296
20 0.503125 0.63981481481481 0.019791666666667 0.022222222222222
20 0.31328125 0.85462962962963 0.019270833333333 0.022222222222222
20 0.24609375 0.5537037037037 0.019270833333333 0.022222222222222
20 0.45572916666667 0.27083333333333 0.019791666666667 0.021296296296296
20 0.72708333333333 0.36111111111111 0.017708333333333 0.024074074074074
20 0.24270833333333 0.84074074074074 0.01875 0.022222222222222
20 0.43828125 0.41157407407407 0.019270833333333 0.021296296296296
20 0.08046875 0.27453703703704 0.018229166666667 0.021296296296296
20 0.047916666666667 0.15555555555556 0.01875 0.02037037037037
20 0.097135416666667 0.1712962962963 0.018229166666667 0.02037037037037
20 0.73723958333333 0.73287037037037 0.019270833333333 0.019444444444444
20 0.32369791666667 0.78981481481481 0.018229166666667 0.02037037037037
20 0.044791666666667 0.39444444444444 0.019791666666667 0.018518518518519
20 0.61328125 0.19953703703704 0.0171875 0.021296296296296
20 0.97760416666667 0.57407407407407 0.017708333333333 0.02037037037037
20 0.83489583333333 0.56064814814815 0.016666666666667 0.021296296296296
20 0.67317708333333 0.77731481481481 0.018229166666667 0.019444444444444
20 0.22213541666667 0.17083333333333 0.018229166666667 0.019444444444444
20 0.16015625 0.41990740740741 0.018229166666667 0.019444444444444
20 0.086979166666667 0.32638888888889 0.017708333333333 0.019444444444444
20 0.00859375 0.1212962962963 0.0171875 0.02037037037037
20 0.37994791666667 0.16851851851852 0.0171875 0.02037037037037
20 0.93203125 0.40787037037037 0.0171875 0.019444444444444
20 0.41901041666667 0.87546296296296 0.0171875 0.019444444444444
20 0.77291666666667 0.29444444444444 0.015625 0.02037037037037
20 0.84635416666667 0.05787037037037 0.015625 0.019444444444444
20 0.38854166666667 0.0097222222222222 0.016666666666667 0.017592592592593
20 0.71276041666667 0.58842592592593 0.0171875 0.015740740740741
20 0.71197916666667 0.066666666666667 0.014583333333333 0.018518518518519