19 0.65 0.34444444444444 0.035416666666667 0.035185185185185
19 0.60807291666667 0.21435185185185 0.033854166666667 0.034259259259259
19 0.29036458333333 0.69212962962963 0.028645833333333 0.037962962962963
19 0.80130208333333 0.39074074074074 0.0234375 0.033333333333333
19 0.68932291666667 0.66712962962963 0.0234375 0.032407407407407
19 0.58463541666667 0.46388888888889 0.025520833333333 0.02962962962963
19 0.65572916666667 0.42731481481481 0.022916666666667 0.032407407407407
19 0.54973958333333 0.56759259259259 0.0234375 0.031481481481481
19 0.96171875 0.98518518518519 0.0265625 0.027777777777778
19 0.83932291666667 0.41342592592593 0.022395833333333 0.032407407407407
19 0.97942708333333 0.95555555555556 0.022395833333333 0.031481481481481
19 0.66666666666667 0.88055555555556 0.01875 0.037037037037037
19 0.65026041666667 0.275 0.024479166666667 0.027777777777778
19 0.04140625 0.16018518518519 0.024479166666667 0.027777777777778
19 0.54244791666667 0.36435185185185 0.0234375 0.028703703703704
19 0.32552083333333 0.38009259259259 0.021875 0.030555555555556
19 0.90859375 0.41712962962963 0.021354166666667 0.030555555555556
19 0.80911458333333 0.28240740740741 0.0234375 0.027777777777778
19 0.67994791666667 0.46388888888889 0.021354166666667 0.02962962962963
19 0.82838541666667 0.21388888888889 0.022395833333333 0.027777777777778
19 0.81171875 0.91805555555556 0.0203125 0.030555555555556
19 0.3921875 0.28472222222222 0.022916666666667 0.026851851851852
19 0.29166666666667 0.31574074074074 0.021875 0.027777777777778
19 0.17213541666667 0.19444444444444 0.021354166666667 0.027777777777778
19 0.43776041666667 0.46203703703704 0.021354166666667 0.027777777777778
19 0.73645833333333 0.8962962962963 0.01875 0.031481481481481
19 0.33671875 0.65092592592593 0.021354166666667 0.027777777777778
19 0.78177083333333 0.50648148148148 0.019791666666667 0.02962962962963
19 0.52239583333333 0.50555555555556 0.020833333333333 0.027777777777778
19 0.9359375 0.46898148148148 0.01875 0.030555555555556
19 0.88619791666667 0.80833333333333 0.019270833333333 0.02962962962963
19 0.39270833333333 0.69305555555556 0.019791666666667 0.028703703703704
19 0.68880208333333 0.72407407407407 0.0203125 0.027777777777778
19 0.01328125 0.14583333333333 0.022395833333333 0.025
19 0.84583333333333 0.34490740740741 0.020833333333333 0.026851851851852
19 0.86276041666667 0.73287037037037 0.018229166666667 0.030555555555556
19 0.77265625 0.84074074074074 0.018229166666667 0.02962962962963
19 0.69921875 0.90925925925926 0.018229166666667 0.02962962962963
19 0.459375 0.74212962962963 0.01875 0.028703703703704
19 0.91041666666667 0.81898148148148 0.019791666666667 0.026851851851852
19 0.6375 0.3037037037037 0.021875 0.024074074074074
19 0.59895833333333 0.60833333333333 0.01875 0.027777777777778
19 0.42265625 0.87361111111111 0.018229166666667 0.028703703703704
19 0.68645833333333 0.78657407407407 0.01875 0.026851851851852
19 0.90260416666667 0.76574074074074 0.017708333333333 0.027777777777778
19 0.52708333333333 0.97407407407407 0.01875 0.025925925925926
19 0.69765625 0.40046296296296 0.019270833333333 0.025
19 0.51171875 0.88657407407407 0.019270833333333 0.025
19 0.78177083333333 0.35648148148148 0.019791666666667 0.024074074074074
19 0.75729166666667 0.56064814814815 0.01875 0.025
19 0.80442708333333 0.1087962962963 0.0203125 0.023148148148148
19 0.85260416666667 0.77916666666667 0.017708333333333 0.026851851851852
19 0.84739583333333 0.49675925925926 0.01875 0.025
19 0.45364583333333 0.96759259259259 0.016666666666667 0.027777777777778
19 0.70651041666667 0.52268518518519 0.018229166666667 0.025
19 0.41380208333333 0.8037037037037 0.016145833333333 0.027777777777778
19 0.61223958333333 0.84351851851852 0.0171875 0.025925925925926
19 0.39166666666667 0.39351851851852 0.01875 0.024074074074074
19 0.55442708333333 0.63518518518519 0.0171875 0.025925925925926
19 0.59791666666667 0.65972222222222 0.017708333333333 0.025
19 0.77526041666667 0.75046296296296 0.016145833333333 0.026851851851852
19 0.75 0.7287037037037 0.016666666666667 0.025925925925926
19 0.50625 0.76296296296296 0.017708333333333 0.024074074074074
19 0.054427083333333 0.50509259259259 0.0171875 0.025
19 0.30364583333333 0.39305555555556 0.017708333333333 0.023148148148148
19 0.31744791666667 0.83935185185185 0.016145833333333 0.025
19 0.70911458333333 0.58935185185185 0.0171875 0.023148148148148
19 0.22447916666667 0.84583333333333 0.015625 0.025
19 0.93177083333333 0.54074074074074 0.017708333333333 0.024074074074074
19 0.79583333333333 0.69305555555556 0.015625 0.025
19 0.47369791666667 0.67777777777778 0.0171875 0.022222222222222
19 0.36796875 0.93240740740741 0.016145833333333 0.024074074074074
19 0.3375 0.87037037037037 0.015625 0.024074074074074
19 0.26328125 0.80277777777778 0.015104166666667 0.024074074074074
19 0.62526041666667 0.59861111111111 0.016145833333333 0.023148148148148
19 0.91354166666667 0.85972222222222 0.016666666666667 0.021296296296296
19 0.38333333333333 0.8462962962963 0.014583333333333 0.024074074074074
19 0.984375 0.91111111111111 0.015625 0.022222222222222
19 0.6453125 0.82222222222222 0.015625 0.022222222222222
19 0.98958333333333 0.78657407407407 0.015625 0.021296296296296
19 0.91276041666667 0.60972222222222 0.015104166666667 0.021296296296296
19 0.10364583333333 0.63842592592593 0.014583333333333 0.023148148148148
19 0.91744791666667 0.7 0.0140625 0.018518518518519
19 0.86848958333333 0.98472222222222 0.015104166666667 0.019444444444444
19 0.79427083333333 0.53888888888889 0.015625 0.02037037037037
19 0.94296875 0.63888888888889 0.0171875 0.018518518518519
19 0.70546875 0.81203703703704 0.0140625 0.02037037037037
43 0.50078125 0.49768518518519 0.9921875 0.99351851851852