20 0.79453125 0.49351851851852 0.0265625 0.037037037037037
20 0.3375 0.11342592592593 0.023958333333333 0.030555555555556
20 0.19322916666667 0.55 0.022916666666667 0.02962962962963
20 0.46536458333333 0.5 0.021354166666667 0.02962962962963
20 0.39322916666667 0.31898148148148 0.023958333333333 0.028703703703704
20 0.58333333333333 0.39259259259259 0.020833333333333 0.02962962962963
20 0.80755208333333 0.051388888888889 0.021354166666667 0.028703703703704
20 0.3171875 0.65185185185185 0.020833333333333 0.02962962962963
20 0.47083333333333 0.21296296296296 0.022916666666667 0.025925925925926
20 0.26614583333333 0.27546296296296 0.020833333333333 0.028703703703704
20 0.33203125 0.23148148148148 0.0203125 0.027777777777778
20 0.30859375 0.40277777777778 0.0203125 0.027777777777778
20 0.90078125 0.51157407407407 0.019270833333333 0.028703703703704
20 0.41770833333333 0.65185185185185 0.019791666666667 0.025925925925926
20 0.050260416666667 0.52222222222222 0.018229166666667 0.027777777777778
20 0.72604166666667 0.51157407407407 0.01875 0.026851851851852
20 0.23046875 0.25277777777778 0.019270833333333 0.025925925925926
20 0.76614583333333 0.47916666666667 0.01875 0.026851851851852
20 0.94270833333333 0.54861111111111 0.017708333333333 0.026851851851852
20 0.16458333333333 0.71064814814815 0.017708333333333 0.026851851851852
20 0.209375 0.044907407407407 0.017708333333333 0.026851851851852
20 0.18203125 0.059722222222222 0.0171875 0.026851851851852
20 0.23385416666667 0.54305555555556 0.01875 0.025
20 0.29739583333333 0.34722222222222 0.017708333333333 0.025925925925926
20 0.95520833333333 0.40787037037037 0.016666666666667 0.026851851851852
20 0.063020833333333 0.11805555555556 0.017708333333333 0.025
20 0.026041666666667 0.2037037037037 0.016666666666667 0.025925925925926
20 0.15442708333333 0.28842592592593 0.018229166666667 0.023148148148148
20 0.3796875 0.051851851851852 0.017708333333333 0.024074074074074
20 0.23697916666667 0.40138888888889 0.016666666666667 0.025
20 0.29140625 0.58287037037037 0.018229166666667 0.023148148148148
20 0.33567708333333 0.35185185185185 0.0171875 0.024074074074074
20 0.36770833333333 0.55555555555556 0.016666666666667 0.024074074074074
20 0.1109375 0.5712962962963 0.015625 0.024074074074074
20 0.38645833333333 0.11018518518519 0.017708333333333 0.022222222222222
20 0.86614583333333 0.63981481481481 0.015625 0.024074074074074
20 0.012760416666667 0.56990740740741 0.016145833333333 0.023148148148148
20 0.28776041666667 0.44027777777778 0.016145833333333 0.023148148148148
20 0.80729166666667 0.70601851851852 0.015625 0.025
20 0.18151041666667 0.47083333333333 0.016145833333333 0.023148148148148
20 0.17604166666667 0.21296296296296 0.016666666666667 0.022222222222222
20 0.096614583333333 0.30324074074074 0.016145833333333 0.021296296296296
20 0.17630208333333 0.60694444444444 0.015104166666667 0.023148148148148
20 0.43151041666667 0.62037037037037 0.015104166666667 0.024074074074074
20 0.1609375 0.023611111111111 0.015625 0.023148148148148
20 0.07890625 0.64953703703704 0.0140625 0.023148148148148
20 0.045833333333333 0.39351851851852 0.014583333333333 0.022222222222222
20 0.060416666666667 0.46111111111111 0.014583333333333 0.022222222222222
20 0.063802083333333 0.1912037037037 0.015104166666667 0.021296296296296
20 0.63802083333333 0.40972222222222 0.014583333333333 0.021296296296296
20 0.26744791666667 0.71666666666667 0.015104166666667 0.02037037037037
20 0.052083333333333 0.55740740740741 0.013541666666667 0.018518518518519
20 0.079947916666667 0.42592592592593 0.011979166666667 0.018518518518519