43 0.51536458333333 0.33333333333333 0.033854166666667 0.05
19 0.93333333333333 0.24953703703704 0.028125 0.041666666666667
19 0.34375 0.1625 0.027083333333333 0.039814814814815
19 0.95703125 0.30925925925926 0.027604166666667 0.038888888888889
19 0.56666666666667 0.225 0.028125 0.038888888888889
19 0.44609375 0.69212962962963 0.025520833333333 0.039814814814815
19 0.653125 0.16481481481481 0.026041666666667 0.038888888888889
19 0.43072916666667 0.35462962962963 0.027083333333333 0.037037037037037
43 0.83880208333333 0.93194444444444 0.024479166666667 0.039814814814815
19 0.42057291666667 0.83796296296296 0.025520833333333 0.038888888888889
19 0.065104166666667 0.7712962962963 0.026041666666667 0.037037037037037
43 0.80130208333333 0.31203703703704 0.025520833333333 0.037037037037037
43 0.92109375 0.72037037037037 0.024479166666667 0.037037037037037
19 0.9453125 0.90509259259259 0.025 0.036111111111111
43 0.71953125 0.072222222222222 0.025520833333333 0.035185185185185
19 0.6953125 0.077777777777778 0.025 0.033333333333333
19 0.63333333333333 0.32777777777778 0.025 0.033333333333333
19 0.74895833333333 0.59861111111111 0.026041666666667 0.032407407407407
19 0.48020833333333 0.19537037037037 0.025 0.033333333333333
43 0.73880208333333 0.099074074074074 0.024479166666667 0.033333333333333
19 0.011979166666667 0.23842592592593 0.023958333333333 0.032407407407407
19 0.39088541666667 0.37361111111111 0.0234375 0.032407407407407
19 0.409375 0.22824074074074 0.025 0.030555555555556
19 0.77552083333333 0.35601851851852 0.022916666666667 0.032407407407407
19 0.665625 0.38009259259259 0.023958333333333 0.030555555555556
19 0.72317708333333 0.61018518518519 0.024479166666667 0.02962962962963
43 0.94166666666667 0.68703703703704 0.022916666666667 0.031481481481481
19 0.10703125 0.76111111111111 0.022395833333333 0.031481481481481
19 0.83229166666667 0.10231481481481 0.022916666666667 0.030555555555556
19 0.39609375 0.43657407407407 0.0234375 0.028703703703704
19 0.072395833333333 0.42361111111111 0.022916666666667 0.028703703703704
19 0.78671875 0.59259259259259 0.022395833333333 0.02962962962963
19 0.37916666666667 0.6287037037037 0.021875 0.02962962962963
43 0.32682291666667 0.51759259259259 0.021354166666667 0.02962962962963
43 0.91328125 0.21388888888889 0.021354166666667 0.02962962962963
43 0.6453125 0.049537037037037 0.021875 0.028703703703704
19 0.190625 0.75138888888889 0.021875 0.028703703703704
19 0.6609375 0.75694444444444 0.021875 0.028703703703704
43 0.95807291666667 0.11111111111111 0.022395833333333 0.027777777777778
19 0.29088541666667 0.44259259259259 0.022395833333333 0.027777777777778
19 0.28958333333333 0.86481481481481 0.020833333333333 0.027777777777778
43 0.653125 0.16527777777778 0.027083333333333 0.039814814814815
43 0.93333333333333 0.25 0.028125 0.040740740740741
43 0.51510416666667 0.33333333333333 0.034375 0.05
43 0.56692708333333 0.225 0.027604166666667 0.038888888888889
43 0.34375 0.16296296296296 0.027083333333333 0.038888888888889
43 0.95703125 0.3087962962963 0.027604166666667 0.037962962962963
43 0.44557291666667 0.69212962962963 0.025520833333333 0.039814814814815
43 0.42057291666667 0.83796296296296 0.025520833333333 0.038888888888889
43 0.43072916666667 0.35462962962963 0.026041666666667 0.037037037037037
43 0.71953125 0.072685185185185 0.025520833333333 0.036111111111111
43 0.83854166666667 0.93194444444444 0.025 0.037962962962963
43 0.065104166666667 0.77083333333333 0.026041666666667 0.036111111111111
43 0.94505208333333 0.90509259259259 0.024479166666667 0.036111111111111
43 0.92109375 0.72083333333333 0.024479166666667 0.036111111111111
43 0.8015625 0.31203703703704 0.026041666666667 0.035185185185185
43 0.73854166666667 0.099537037037037 0.025 0.034259259259259
43 0.69557291666667 0.077777777777778 0.024479166666667 0.033333333333333
43 0.63333333333333 0.32777777777778 0.025 0.033333333333333
43 0.409375 0.22824074074074 0.025 0.030555555555556
43 0.47994791666667 0.19537037037037 0.024479166666667 0.033333333333333
43 0.74895833333333 0.59861111111111 0.025 0.032407407407407
43 0.39088541666667 0.37361111111111 0.0234375 0.032407407407407
43 0.77526041666667 0.35648148148148 0.0234375 0.031481481481481
43 0.665625 0.38009259259259 0.023958333333333 0.030555555555556
43 0.83255208333333 0.10231481481481 0.0234375 0.030555555555556
43 0.72317708333333 0.61018518518519 0.0234375 0.02962962962963
43 0.01171875 0.23842592592593 0.0234375 0.030555555555556
43 0.10703125 0.76157407407407 0.022395833333333 0.030555555555556
43 0.94140625 0.68657407407407 0.022395833333333 0.030555555555556
43 0.39609375 0.43657407407407 0.0234375 0.028703703703704
43 0.78645833333333 0.59259259259259 0.021875 0.02962962962963
43 0.37916666666667 0.6287037037037 0.021875 0.02962962962963
43 0.6609375 0.75694444444444 0.021875 0.028703703703704
43 0.190625 0.75138888888889 0.021875 0.028703703703704
43 0.072395833333333 0.42361111111111 0.022916666666667 0.026851851851852
43 0.91354166666667 0.21435185185185 0.020833333333333 0.028703703703704
43 0.29114583333333 0.44351851851852 0.021875 0.027777777777778
43 0.64505208333333 0.049074074074074 0.021354166666667 0.027777777777778
43 0.9578125 0.11064814814815 0.021875 0.026851851851852
43 0.28932291666667 0.86481481481481 0.0203125 0.027777777777778