19 0.875390625 0.225 0.04140625 0.052777777777778
19 0.747265625 0.019444444444444 0.05546875 0.038888888888889
19 0.8375 0.030555555555556 0.0390625 0.047222222222222
19 0.79609375 0.125 0.0390625 0.044444444444444
19 0.77890625 0.065972222222222 0.0359375 0.045833333333333
19 0.359375 0.2125 0.0359375 0.044444444444444
19 0.741015625 0.21805555555556 0.03515625 0.044444444444444
19 0.6796875 0.049305555555556 0.0359375 0.043055555555556
19 0.6609375 0.41041666666667 0.034375 0.043055555555556
19 0.935546875 0.040972222222222 0.03515625 0.040277777777778
19 0.689453125 0.24861111111111 0.03359375 0.041666666666667
19 0.060546875 0.35902777777778 0.03203125 0.043055555555556
19 0.918359375 0.18055555555556 0.03203125 0.041666666666667
19 0.92109375 0.30694444444444 0.03125 0.038888888888889
19 0.761328125 0.12777777777778 0.03203125 0.038888888888889
19 0.594921875 0.27777777777778 0.03203125 0.041666666666667
19 0.207421875 0.33541666666667 0.03203125 0.0375
19 0.81328125 0.18055555555556 0.03125 0.041666666666667
19 0.97734375 0.27986111111111 0.0296875 0.040277777777778
19 0.7078125 0.30972222222222 0.028125 0.038888888888889
19 0.157421875 0.25138888888889 0.03046875 0.036111111111111
19 0.9625 0.08125 0.0296875 0.034722222222222
19 0.827734375 0.43958333333333 0.02890625 0.0375
19 0.694140625 0.14444444444444 0.02734375 0.033333333333333
19 0.84140625 0.16875 0.0265625 0.034722222222222
19 0.621875 0.24513888888889 0.0265625 0.031944444444444
19 0.315234375 0.23958333333333 0.02578125 0.031944444444444
19 0.86796875 0.29513888888889 0.025 0.031944444444444
19 0.27890625 0.29097222222222 0.025 0.031944444444444
19 0.837109375 0.076388888888889 0.02578125 0.030555555555556
19 0.243359375 0.28819444444444 0.02421875 0.031944444444444
19 0.187890625 0.22083333333333 0.02421875 0.030555555555556
19 0.745703125 0.34791666666667 0.02265625 0.031944444444444
19 0.769140625 0.35972222222222 0.02421875 0.030555555555556
19 0.46796875 0.088888888888889 0.025 0.027777777777778
19 0.9109375 0.34513888888889 0.0234375 0.029166666666667
19 0.801953125 0.26458333333333 0.02421875 0.029166666666667
19 0.83984375 0.47569444444444 0.0234375 0.029166666666667
19 0.613671875 0.36666666666667 0.02265625 0.027777777777778
19 0.8125 0.095138888888889 0.0234375 0.026388888888889
19 0.65625 0.25208333333333 0.021875 0.026388888888889
19 0.221484375 0.19375 0.01953125 0.026388888888889
19 0.397265625 0.24722222222222 0.01953125 0.022222222222222
19 0.281640625 0.24513888888889 0.02109375 0.026388888888889
43 0.50546875 0.49722222222222 0.984375 0.98055555555556