20 0.6890625 0.22916666666667 0.034375 0.05462962962963
20 0.475 0.4662037037037 0.03125 0.039814814814815
20 0.38541666666667 0.65046296296296 0.030208333333333 0.039814814814815
20 0.2640625 0.54166666666667 0.03125 0.038888888888889
20 0.565625 0.44537037037037 0.03125 0.037037037037037
20 0.95755208333333 0.67453703703704 0.0296875 0.037962962962963
20 0.46927083333333 0.78472222222222 0.028125 0.039814814814815
20 0.043229166666667 0.79675925925926 0.029166666666667 0.037962962962963
20 0.934375 0.72407407407407 0.030208333333333 0.033333333333333
20 0.77447916666667 0.29305555555556 0.027083333333333 0.036111111111111
20 0.3671875 0.49675925925926 0.028125 0.034259259259259
20 0.95989583333333 0.62314814814815 0.027083333333333 0.035185185185185
20 0.74322916666667 0.98333333333333 0.028125 0.031481481481481
20 0.828125 0.84074074074074 0.026041666666667 0.035185185185185
20 0.31041666666667 0.81805555555556 0.026041666666667 0.032407407407407
20 0.13385416666667 0.66064814814815 0.026041666666667 0.032407407407407
20 0.029166666666667 0.20648148148148 0.032291666666667 0.025925925925926
20 0.026822916666667 0.021759259259259 0.030729166666667 0.026851851851852
20 0.95807291666667 0.36203703703704 0.0234375 0.033333333333333
20 0.18411458333333 0.2712962962963 0.027604166666667 0.027777777777778
20 0.60286458333333 0.73842592592593 0.0265625 0.028703703703704
20 0.56067708333333 0.18935185185185 0.027604166666667 0.026851851851852
20 0.5546875 0.39814814814815 0.027083333333333 0.025925925925926
20 0.33359375 0.23148148148148 0.0265625 0.025925925925926
20 0.64739583333333 0.49027777777778 0.023958333333333 0.028703703703704
20 0.59973958333333 0.17083333333333 0.025520833333333 0.025
20 0.85130208333333 0.59537037037037 0.024479166666667 0.025925925925926
20 0.05625 0.84444444444444 0.019791666666667 0.024074074074074