20 0.50833333333333 0.40601851851852 0.023958333333333 0.025
20 0.275 0.19305555555556 0.023958333333333 0.025
20 0.47760416666667 0.15462962962963 0.023958333333333 0.024074074074074
20 0.65703125 0.39166666666667 0.0203125 0.027777777777778
20 0.94088541666667 0.018055555555556 0.0203125 0.026851851851852
20 0.17578125 0.39351851851852 0.0234375 0.022222222222222
20 0.25598958333333 0.30324074074074 0.0234375 0.021296296296296
20 0.10234375 0.2837962962963 0.022395833333333 0.021296296296296
20 0.26067708333333 0.3837962962963 0.021354166666667 0.021296296296296
20 0.64296875 0.078703703703704 0.0203125 0.022222222222222
20 0.39739583333333 0.28796296296296 0.021875 0.02037037037037
20 0.98567708333333 0.034259259259259 0.018229166666667 0.024074074074074
20 0.8984375 0.27731481481481 0.017708333333333 0.023148148148148
20 0.78880208333333 0.072685185185185 0.0171875 0.023148148148148
20 0.16276041666667 0.49583333333333 0.018229166666667 0.021296296296296
20 0.31067708333333 0.44259259259259 0.0171875 0.022222222222222
20 0.10520833333333 0.2 0.019791666666667 0.018518518518519
20 0.81744791666667 0.51990740740741 0.0171875 0.021296296296296
20 0.37005208333333 0.15740740740741 0.021354166666667 0.016666666666667
20 0.15494791666667 0.28935185185185 0.019270833333333 0.017592592592593
20 0.28828125 0.43796296296296 0.016145833333333 0.02037037037037
20 0.34765625 0.49537037037037 0.016145833333333 0.02037037037037
20 0.67734375 0.10740740740741 0.016145833333333 0.02037037037037
20 0.73697916666667 0.22916666666667 0.016666666666667 0.019444444444444
20 0.52135416666667 0.44490740740741 0.016666666666667 0.019444444444444
20 0.90364583333333 0.3337962962963 0.014583333333333 0.021296296296296
20 0.046354166666667 0.49675925925926 0.014583333333333 0.021296296296296
20 0.64609375 0.14351851851852 0.015104166666667 0.02037037037037
20 0.9109375 0.57731481481481 0.014583333333333 0.019444444444444
20 0.84895833333333 0.36481481481481 0.014583333333333 0.018518518518519
20 0.022395833333333 0.5462962962963 0.013541666666667 0.018518518518519
20 0.27213541666667 0.78888888888889 0.0109375 0.012962962962963
20 0.39401041666667 0.57222222222222 0.0140625 0.014814814814815
49 0.50260416666667 0.33009259259259 0.990625 0.64722222222222