19 0.1578125 0.96203703703704 0.030208333333333 0.040740740740741
19 0.24322916666667 0.014351851851852 0.03125 0.028703703703704
19 0.63020833333333 0.95833333333333 0.027083333333333 0.02962962962963
19 0.39921875 0.74768518518519 0.025520833333333 0.028703703703704
19 0.77161458333333 0.43425925925926 0.024479166666667 0.02962962962963
19 0.66979166666667 0.81342592592593 0.023958333333333 0.032407407407407
19 0.59947916666667 0.55324074074074 0.026041666666667 0.026851851851852
19 0.64947916666667 0.86527777777778 0.025 0.026851851851852
19 0.57109375 0.65138888888889 0.025520833333333 0.025
19 0.79036458333333 0.4787037037037 0.022395833333333 0.02962962962963
19 0.68359375 0.50925925925926 0.024479166666667 0.025925925925926
19 0.73802083333333 0.35740740740741 0.023958333333333 0.025925925925926
19 0.97109375 0.28148148148148 0.0234375 0.025925925925926
19 0.50677083333333 0.71296296296296 0.025 0.024074074074074
19 0.53307291666667 0.37453703703704 0.025520833333333 0.023148148148148
19 0.68411458333333 0.75185185185185 0.022395833333333 0.025925925925926
19 0.48177083333333 0.79351851851852 0.022916666666667 0.024074074074074
19 0.94114583333333 0.71851851851852 0.019791666666667 0.022222222222222