20 0.65234375 0.34907407407407 0.0328125 0.044444444444444
20 0.27994791666667 0.13425925925926 0.030729166666667 0.044444444444444
20 0.13333333333333 0.55833333333333 0.028125 0.035185185185185
20 0.56640625 0.41064814814815 0.025520833333333 0.034259259259259
20 0.6125 0.29027777777778 0.026041666666667 0.032407407407407
20 0.31302083333333 0.056018518518519 0.026041666666667 0.032407407407407
20 0.5984375 0.53703703703704 0.026041666666667 0.031481481481481
20 0.51067708333333 0.23194444444444 0.0265625 0.030555555555556
20 0.29973958333333 0.15787037037037 0.0234375 0.034259259259259
20 0.097395833333333 0.24722222222222 0.027083333333333 0.02962962962963
20 0.41302083333333 0.30138888888889 0.022916666666667 0.034259259259259
20 0.13723958333333 0.74814814814815 0.024479166666667 0.031481481481481
20 0.54140625 0.48981481481481 0.024479166666667 0.031481481481481
20 0.034114583333333 0.39398148148148 0.0234375 0.032407407407407