20 0.03125 0.62268518518519 0.022916666666667 0.028703703703704
20 0.91380208333333 0.96018518518519 0.0203125 0.031481481481481
20 0.023697916666667 0.3712962962963 0.021354166666667 0.02962962962963
20 0.140625 0.76990740740741 0.022916666666667 0.025
20 0.24401041666667 0.28518518518519 0.019270833333333 0.02962962962963
20 0.17161458333333 0.74722222222222 0.019270833333333 0.02962962962963
20 0.42395833333333 0.32546296296296 0.019791666666667 0.028703703703704
20 0.33776041666667 0.47083333333333 0.0203125 0.026851851851852
20 0.10338541666667 0.93981481481481 0.018229166666667 0.02962962962963
20 0.044791666666667 0.099537037037037 0.019791666666667 0.026851851851852
20 0.42005208333333 0.39583333333333 0.019270833333333 0.026851851851852
20 0.16119791666667 0.3712962962963 0.018229166666667 0.027777777777778
20 0.25963541666667 0.60787037037037 0.018229166666667 0.026851851851852
20 0.825 0.62777777777778 0.01875 0.025925925925926
20 0.62838541666667 0.45833333333333 0.0234375 0.02037037037037
20 0.14973958333333 0.43657407407407 0.0171875 0.026851851851852
20 0.32552083333333 0.96018518518519 0.017708333333333 0.025925925925926
20 0.14088541666667 0.69027777777778 0.016145833333333 0.026851851851852
20 0.34114583333333 0.6712962962963 0.017708333333333 0.024074074074074
20 0.34609375 0.56990740740741 0.0171875 0.025
20 0.86822916666667 0.425 0.017708333333333 0.024074074074074
20 0.58541666666667 0.58055555555556 0.01875 0.022222222222222
20 0.6828125 0.64166666666667 0.01875 0.022222222222222
20 0.36536458333333 0.28842592592593 0.019270833333333 0.021296296296296
20 0.043229166666667 0.77037037037037 0.015625 0.025925925925926
20 0.22083333333333 0.6412037037037 0.015625 0.025
20 0.38828125 0.50462962962963 0.016145833333333 0.024074074074074
20 0.45286458333333 0.75648148148148 0.0171875 0.022222222222222
20 0.921875 0.39259259259259 0.015625 0.024074074074074
20 0.38619791666667 0.86527777777778 0.0171875 0.021296296296296
20 0.21015625 0.45787037037037 0.015104166666667 0.023148148148148
20 0.7296875 0.86805555555556 0.016666666666667 0.021296296296296
20 0.35390625 0.43009259259259 0.016145833333333 0.021296296296296
20 0.78411458333333 0.85509259259259 0.016145833333333 0.021296296296296
20 0.53098958333333 0.69490740740741 0.018229166666667 0.017592592592593
20 0.24713541666667 0.75740740740741 0.015104166666667 0.022222222222222
20 0.359375 0.53888888888889 0.015625 0.02037037037037
20 0.40807291666667 0.43935185185185 0.016145833333333 0.019444444444444
20 0.55026041666667 0.79212962962963 0.016145833333333 0.019444444444444
20 0.3140625 0.68981481481481 0.014583333333333 0.02037037037037
20 0.010677083333333 0.65787037037037 0.015104166666667 0.019444444444444
20 0.57942708333333 0.7037037037037 0.016145833333333 0.018518518518519
20 0.36015625 0.62731481481481 0.015104166666667 0.019444444444444
20 0.080729166666667 0.52962962962963 0.015625 0.018518518518519
20 0.69765625 0.77638888888889 0.016145833333333 0.019444444444444
20 0.053645833333333 0.30740740740741 0.013541666666667 0.018518518518519
20 0.14765625 0.50648148148148 0.0140625 0.018518518518519
20 0.011458333333333 0.77777777777778 0.013541666666667 0.02037037037037
20 0.17213541666667 0.33796296296296 0.0140625 0.016666666666667
20 0.18307291666667 0.80694444444444 0.013020833333333 0.019444444444444
20 0.278125 0.53796296296296 0.013541666666667 0.016666666666667