20 0.3921875 0.4662037037037 0.023958333333333 0.036111111111111
20 0.86197916666667 0.55601851851852 0.023958333333333 0.034259259259259
20 0.43333333333333 0.43518518518519 0.021875 0.033333333333333
20 0.34401041666667 0.63287037037037 0.024479166666667 0.026851851851852
20 0.75 0.64351851851852 0.022916666666667 0.027777777777778
20 0.35390625 0.51851851851852 0.0203125 0.02962962962963
20 0.81692708333333 0.71527777777778 0.0234375 0.026851851851852
20 0.33645833333333 0.31990740740741 0.019791666666667 0.028703703703704
20 0.47213541666667 0.72592592592593 0.022395833333333 0.024074074074074
20 0.22838541666667 0.17314814814815 0.019270833333333 0.027777777777778
20 0.072916666666667 0.91388888888889 0.023958333333333 0.022222222222222
20 0.20364583333333 0.60324074074074 0.019791666666667 0.026851851851852
20 0.41041666666667 0.56111111111111 0.021875 0.024074074074074
20 0.4328125 0.31944444444444 0.01875 0.027777777777778
20 0.67083333333333 0.28611111111111 0.01875 0.027777777777778
20 0.04453125 0.77731481481481 0.022395833333333 0.023148148148148
20 0.5875 0.43564814814815 0.01875 0.026851851851852
20 0.32578125 0.38796296296296 0.018229166666667 0.027777777777778
20 0.45520833333333 0.46805555555556 0.01875 0.026851851851852
20 0.10703125 0.35324074074074 0.021354166666667 0.023148148148148
20 0.84375 0.40833333333333 0.017708333333333 0.027777777777778
20 0.47552083333333 0.35555555555556 0.01875 0.025925925925926
20 0.40807291666667 0.60833333333333 0.0203125 0.024074074074074
20 0.15208333333333 0.50787037037037 0.020833333333333 0.023148148148148
20 0.69713541666667 0.64166666666667 0.019270833333333 0.024074074074074
20 0.087760416666667 0.26342592592593 0.0171875 0.026851851851852
20 0.63359375 0.56157407407407 0.018229166666667 0.025
20 0.20572916666667 0.57777777777778 0.01875 0.024074074074074
20 0.98515625 0.52638888888889 0.018229166666667 0.025
20 0.21067708333333 0.7125 0.019270833333333 0.023148148148148
20 0.64010416666667 0.48657407407407 0.016666666666667 0.026851851851852
20 0.25625 0.67916666666667 0.020833333333333 0.021296296296296
20 0.5203125 0.060648148148148 0.016666666666667 0.025
20 0.46458333333333 0.021759259259259 0.016666666666667 0.025
20 0.20390625 0.1212962962963 0.0171875 0.024074074074074
20 0.52578125 0.18194444444444 0.0171875 0.025
20 0.51432291666667 0.55185185185185 0.0171875 0.024074074074074
20 0.35442708333333 0.56898148148148 0.019270833333333 0.021296296296296
20 0.49661458333333 0.53796296296296 0.018229166666667 0.022222222222222
20 0.6140625 0.79537037037037 0.016666666666667 0.024074074074074
20 0.28385416666667 0.05787037037037 0.01875 0.021296296296296
20 0.746875 0.51064814814815 0.015625 0.025
20 0.015364583333333 0.8537037037037 0.018229166666667 0.02037037037037
20 0.0515625 0.84027777777778 0.01875 0.019444444444444
20 0.91953125 0.46666666666667 0.016145833333333 0.022222222222222
20 0.80052083333333 0.49722222222222 0.015625 0.022222222222222
20 0.25651041666667 0.51018518518519 0.0171875 0.02037037037037
20 0.72786458333333 0.39675925925926 0.016145833333333 0.021296296296296
20 0.29557291666667 0.73703703703704 0.0171875 0.018518518518519
20 0.30963541666667 0.53194444444444 0.016145833333333 0.019444444444444
20 0.55963541666667 0.6587962962963 0.016145833333333 0.019444444444444
20 0.56510416666667 0.62546296296296 0.014583333333333 0.019444444444444
20 0.35520833333333 0.65925925925926 0.014583333333333 0.018518518518519
20 0.571875 0.54907407407407 0.014583333333333 0.02037037037037