43 0.8546875 0.14027777777778 0.026041666666667 0.041666666666667
43 0.24479166666667 0.13518518518519 0.027083333333333 0.040740740740741
43 0.028125 0.2912037037037 0.026041666666667 0.032407407407407
43 0.47161458333333 0.11111111111111 0.028645833333333 0.033333333333333
43 0.16614583333333 0.63425925925926 0.023958333333333 0.040740740740741
43 0.30729166666667 0.37175925925926 0.027083333333333 0.032407407407407
43 0.030208333333333 0.053240740740741 0.026041666666667 0.032407407407407
43 0.94322916666667 0.25555555555556 0.025 0.033333333333333
43 0.085416666666667 0.90601851851852 0.023958333333333 0.034259259259259
43 0.099479166666667 0.23842592592593 0.026041666666667 0.030555555555556
43 0.26536458333333 0.4087962962963 0.021354166666667 0.032407407407407
43 0.98359375 0.15138888888889 0.0234375 0.032407407407407
43 0.89713541666667 0.20648148148148 0.0234375 0.033333333333333
43 0.80104166666667 0.13935185185185 0.021875 0.032407407407407
43 0.9109375 0.59583333333333 0.022916666666667 0.028703703703704
43 0.6 0.15185185185185 0.020833333333333 0.031481481481481
43 0.9703125 0.33009259259259 0.020833333333333 0.030555555555556
43 0.803125 0.72962962962963 0.021875 0.02962962962963
43 0.63255208333333 0.52777777777778 0.022395833333333 0.027777777777778
43 0.68671875 0.14398148148148 0.0203125 0.030555555555556
43 0.91979166666667 0.20925925925926 0.020833333333333 0.02962962962963
43 0.403125 0.46435185185185 0.020833333333333 0.028703703703704
43 0.93671875 0.11666666666667 0.0203125 0.02962962962963
43 0.017447916666667 0.65462962962963 0.021354166666667 0.027777777777778
43 0.56979166666667 0.1962962962963 0.019791666666667 0.02962962962963
43 0.84114583333333 0.30324074074074 0.019791666666667 0.028703703703704
43 0.72395833333333 0.40787037037037 0.019791666666667 0.028703703703704
43 0.18333333333333 0.3162037037037 0.020833333333333 0.026851851851852
43 0.16510416666667 0.51296296296296 0.019791666666667 0.027777777777778
43 0.47057291666667 0.79027777777778 0.0203125 0.026851851851852
43 0.38671875 0.76111111111111 0.019270833333333 0.027777777777778
43 0.46588541666667 0.33287037037037 0.0203125 0.026851851851852
43 0.43984375 0.1212962962963 0.019270833333333 0.027777777777778
43 0.97838541666667 0.02962962962963 0.019270833333333 0.027777777777778
43 0.34609375 0.087037037037037 0.019270833333333 0.027777777777778
43 0.85651041666667 0.50138888888889 0.018229166666667 0.028703703703704
43 0.27083333333333 0.78518518518519 0.01875 0.027777777777778
43 0.38958333333333 0.13703703703704 0.01875 0.027777777777778
43 0.18098958333333 0.38194444444444 0.019270833333333 0.026851851851852
43 0.33411458333333 0.43472222222222 0.019270833333333 0.026851851851852
43 0.47578125 0.38657407407407 0.019270833333333 0.026851851851852
43 0.37473958333333 0.35740740740741 0.019270833333333 0.025925925925926
43 0.41927083333333 0.6337962962963 0.019791666666667 0.025
43 0.62942708333333 0.30972222222222 0.018229166666667 0.026851851851852
43 0.04765625 0.22962962962963 0.0203125 0.024074074074074
43 0.67447916666667 0.50277777777778 0.01875 0.025925925925926
43 0.063802083333333 0.47361111111111 0.019270833333333 0.025
43 0.30234375 0.67685185185185 0.018229166666667 0.025925925925926
43 0.73854166666667 0.64212962962963 0.01875 0.025
43 0.14401041666667 0.54074074074074 0.018229166666667 0.025925925925926
43 0.35208333333333 0.54305555555556 0.01875 0.025
43 0.0796875 0.33009259259259 0.01875 0.025
43 0.53619791666667 0.018981481481481 0.018229166666667 0.025
43 0.42369791666667 0.44583333333333 0.018229166666667 0.025
43 0.51197916666667 0.87222222222222 0.01875 0.024074074074074
43 0.80546875 0.57685185185185 0.0171875 0.025925925925926
43 0.98697916666667 0.20231481481481 0.017708333333333 0.025
43 0.5296875 0.27268518518519 0.017708333333333 0.025
43 0.50130208333333 0.17962962962963 0.018229166666667 0.024074074074074
43 0.25703125 0.73796296296296 0.018229166666667 0.024074074074074
43 0.69505208333333 0.4787037037037 0.018229166666667 0.024074074074074
43 0.44921875 0.58611111111111 0.018229166666667 0.024074074074074
43 0.097135416666667 0.080555555555556 0.018229166666667 0.024074074074074
43 0.69166666666667 0.5375 0.01875 0.023148148148148
43 0.56927083333333 0.049074074074074 0.016666666666667 0.025925925925926
43 0.87786458333333 0.54583333333333 0.0171875 0.025
43 0.15885416666667 0.76203703703704 0.017708333333333 0.024074074074074
43 0.14375 0.014814814814815 0.017708333333333 0.024074074074074
43 0.4859375 0.36111111111111 0.017708333333333 0.024074074074074
43 0.42604166666667 0.29537037037037 0.017708333333333 0.024074074074074
43 0.60598958333333 0.72824074074074 0.018229166666667 0.023148148148148
43 0.12161458333333 0.31435185185185 0.018229166666667 0.023148148148148
43 0.4296875 0.073611111111111 0.016666666666667 0.025
43 0.68880208333333 0.80555555555556 0.0171875 0.024074074074074
43 0.87057291666667 0.36018518518519 0.0171875 0.024074074074074
43 0.61328125 0.50277777777778 0.0171875 0.024074074074074
43 0.54010416666667 0.37546296296296 0.017708333333333 0.023148148148148
43 0.6109375 0.85416666666667 0.017708333333333 0.023148148148148
43 0.75572916666667 0.58518518518519 0.016666666666667 0.024074074074074
43 0.40442708333333 0.52453703703704 0.0171875 0.023148148148148
43 0.51328125 0.23009259259259 0.0171875 0.023148148148148
43 0.68567708333333 0.025462962962963 0.0171875 0.023148148148148
43 0.65078125 0.17685185185185 0.016145833333333 0.024074074074074
43 0.95390625 0.40092592592593 0.016145833333333 0.024074074074074
43 0.62213541666667 0.028703703703704 0.016145833333333 0.024074074074074
43 0.29114583333333 0.76064814814815 0.016666666666667 0.023148148148148
43 0.23645833333333 0.42268518518519 0.016666666666667 0.023148148148148
43 0.79765625 0.05 0.0171875 0.022222222222222
43 0.30130208333333 0.56851851851852 0.0171875 0.022222222222222
43 0.50989583333333 0.63888888888889 0.016666666666667 0.022222222222222
43 0.475 0.73240740740741 0.016666666666667 0.022222222222222
43 0.8 0.27407407407407 0.016666666666667 0.022222222222222
43 0.86302083333333 0.27731481481481 0.015625 0.023148148148148
43 0.6953125 0.17175925925926 0.015625 0.023148148148148
43 0.95572916666667 0.21990740740741 0.015625 0.021296296296296
43 0.646875 0.069907407407407 0.016666666666667 0.021296296296296
43 0.728125 0.76064814814815 0.016666666666667 0.021296296296296
43 0.17005208333333 0.85185185185185 0.016145833333333 0.02037037037037
43 0.67916666666667 0.62962962962963 0.014583333333333 0.018518518518519
43 0.33697916666667 0.85462962962963 0.014583333333333 0.018518518518519
43 0.85390625 0.13981481481481 0.025520833333333 0.038888888888889
43 0.24505208333333 0.13657407407407 0.025520833333333 0.037962962962963
43 0.085416666666667 0.90555555555556 0.023958333333333 0.035185185185185
43 0.0984375 0.23981481481481 0.028125 0.02962962962963
43 0.47213541666667 0.11111111111111 0.0265625 0.02962962962963
43 0.734375 0.34490740740741 0.027083333333333 0.030555555555556
43 0.94375 0.25601851851852 0.023958333333333 0.032407407407407
43 0.028125 0.29074074074074 0.025 0.02962962962963
43 0.98359375 0.15138888888889 0.022395833333333 0.032407407407407
43 0.91119791666667 0.5962962962963 0.0234375 0.027777777777778
43 0.80078125 0.13935185185185 0.0203125 0.030555555555556
43 0.80260416666667 0.73009259259259 0.020833333333333 0.030555555555556
43 0.89661458333333 0.20601851851852 0.021354166666667 0.028703703703704
43 0.017708333333333 0.65555555555556 0.020833333333333 0.027777777777778
43 0.9703125 0.33055555555556 0.019791666666667 0.02962962962963
43 0.6 0.15277777777778 0.019791666666667 0.02962962962963
43 0.56979166666667 0.19722222222222 0.019791666666667 0.027777777777778
43 0.72473958333333 0.40787037037037 0.0203125 0.026851851851852
43 0.92005208333333 0.2087962962963 0.0203125 0.026851851851852
43 0.6328125 0.52777777777778 0.020833333333333 0.025925925925926
43 0.93671875 0.11712962962963 0.018229166666667 0.028703703703704
43 0.403125 0.46435185185185 0.019791666666667 0.026851851851852
43 0.1828125 0.3162037037037 0.020833333333333 0.025
43 0.47083333333333 0.79027777777778 0.020833333333333 0.025
43 0.68697916666667 0.14351851851852 0.01875 0.027777777777778
43 0.440625 0.12222222222222 0.019791666666667 0.025925925925926
43 0.85598958333333 0.50185185185185 0.018229166666667 0.027777777777778
43 0.27239583333333 0.78611111111111 0.01875 0.025925925925926
43 0.079166666666667 0.33055555555556 0.01875 0.025925925925926
43 0.74765625 0.41990740740741 0.019270833333333 0.025
43 0.38723958333333 0.76111111111111 0.018229166666667 0.025925925925926
43 0.063802083333333 0.47407407407407 0.018229166666667 0.025925925925926
43 0.3890625 0.13657407407407 0.01875 0.025
43 0.37421875 0.35648148148148 0.019270833333333 0.024074074074074
43 0.16380208333333 0.62824074074074 0.018229166666667 0.025
43 0.67421875 0.50324074074074 0.018229166666667 0.025
43 0.73854166666667 0.64259259259259 0.01875 0.024074074074074
43 0.44869791666667 0.58564814814815 0.019270833333333 0.023148148148148
43 0.97838541666667 0.02962962962963 0.0171875 0.025925925925926
43 0.16458333333333 0.5125 0.017708333333333 0.025
43 0.84114583333333 0.30324074074074 0.017708333333333 0.025
43 0.013541666666667 0.70231481481481 0.017708333333333 0.025
43 0.6140625 0.50416666666667 0.017708333333333 0.025
43 0.047395833333333 0.22962962962963 0.019791666666667 0.022222222222222
43 0.18098958333333 0.38148148148148 0.018229166666667 0.024074074074074
43 0.41979166666667 0.6337962962963 0.01875 0.023148148148148
43 0.35208333333333 0.54305555555556 0.01875 0.023148148148148
43 0.159375 0.76296296296296 0.017708333333333 0.024074074074074
43 0.30260416666667 0.67638888888889 0.017708333333333 0.023148148148148
43 0.096875 0.081018518518519 0.017708333333333 0.023148148148148
43 0.33385416666667 0.43564814814815 0.017708333333333 0.023148148148148
43 0.50130208333333 0.17962962962963 0.018229166666667 0.022222222222222
43 0.69166666666667 0.5375 0.01875 0.021296296296296
43 0.48619791666667 0.36157407407407 0.0171875 0.023148148148148
43 0.62916666666667 0.30925925925926 0.016666666666667 0.024074074074074
43 0.98723958333333 0.20277777777778 0.016145833333333 0.024074074074074
43 0.68854166666667 0.80601851851852 0.016666666666667 0.023148148148148
43 0.53645833333333 0.018981481481481 0.016666666666667 0.023148148148148
43 0.87083333333333 0.36157407407407 0.016666666666667 0.023148148148148
43 0.61015625 0.85462962962963 0.0171875 0.022222222222222
43 0.29088541666667 0.76111111111111 0.0171875 0.022222222222222
43 0.51171875 0.87222222222222 0.0171875 0.022222222222222
43 0.0328125 0.33101851851852 0.017708333333333 0.021296296296296
43 0.56875 0.049074074074074 0.015625 0.024074074074074
43 0.6953125 0.4787037037037 0.016666666666667 0.022222222222222
43 0.14375 0.014814814814815 0.016666666666667 0.022222222222222
43 0.80546875 0.57638888888889 0.016145833333333 0.023148148148148
43 0.75520833333333 0.58518518518519 0.016666666666667 0.022222222222222
43 0.91145833333333 0.7212962962963 0.016666666666667 0.022222222222222
43 0.6859375 0.025462962962963 0.015625 0.023148148148148
43 0.509375 0.63935185185185 0.016666666666667 0.021296296296296
43 0.621875 0.029166666666667 0.015625 0.023148148148148
43 0.52942708333333 0.27314814814815 0.016145833333333 0.022222222222222
43 0.51302083333333 0.23009259259259 0.016666666666667 0.021296296296296
43 0.12161458333333 0.31481481481481 0.0171875 0.02037037037037
43 0.71770833333333 0.10231481481481 0.016666666666667 0.021296296296296
43 0.17005208333333 0.85138888888889 0.016145833333333 0.021296296296296
43 0.4296875 0.074074074074074 0.015625 0.022222222222222
43 0.40390625 0.52453703703704 0.016145833333333 0.021296296296296
43 0.25677083333333 0.73796296296296 0.016666666666667 0.02037037037037
43 0.54010416666667 0.375 0.016666666666667 0.02037037037037
43 0.087760416666667 0.48148148148148 0.015104166666667 0.022222222222222
43 0.44635416666667 0.83009259259259 0.015625 0.021296296296296
43 0.646875 0.069907407407407 0.015625 0.021296296296296
43 0.0953125 0.75694444444444 0.015625 0.021296296296296
43 0.084635416666667 0.8087962962963 0.015104166666667 0.021296296296296
43 0.0953125 0.35925925925926 0.015625 0.02037037037037
43 0.39583333333333 0.2537037037037 0.015625 0.02037037037037
43 0.65052083333333 0.17731481481481 0.014583333333333 0.021296296296296
43 0.8 0.27453703703704 0.014583333333333 0.021296296296296
43 0.6953125 0.17175925925926 0.014583333333333 0.021296296296296
43 0.47447916666667 0.73287037037037 0.015625 0.019444444444444
43 0.9578125 0.8837962962963 0.015625 0.019444444444444
43 0.65182291666667 0.62083333333333 0.015104166666667 0.019444444444444
43 0.72838541666667 0.76111111111111 0.015104166666667 0.018518518518519
43 0.11901041666667 0.7162037037037 0.0140625 0.019444444444444
43 0.93567708333333 0.5087962962963 0.015104166666667 0.019444444444444
43 0.67890625 0.62962962962963 0.0140625 0.018518518518519
43 0.43854166666667 0.78888888888889 0.014583333333333 0.018518518518519
43 0.33671875 0.85416666666667 0.0140625 0.017592592592593
19 0.85390625 0.13981481481481 0.025520833333333 0.038888888888889
19 0.24505208333333 0.13657407407407 0.025520833333333 0.037962962962963
19 0.0984375 0.23981481481481 0.028125 0.02962962962963
19 0.47213541666667 0.11111111111111 0.0265625 0.02962962962963
19 0.734375 0.34490740740741 0.027083333333333 0.030555555555556
19 0.085416666666667 0.90555555555556 0.023958333333333 0.035185185185185
19 0.94375 0.25601851851852 0.023958333333333 0.032407407407407
19 0.98359375 0.15138888888889 0.022395833333333 0.032407407407407
19 0.028125 0.29074074074074 0.025 0.02962962962963
19 0.91119791666667 0.5962962962963 0.0234375 0.027777777777778
19 0.80260416666667 0.73009259259259 0.020833333333333 0.030555555555556
19 0.80078125 0.13935185185185 0.0203125 0.030555555555556
19 0.89661458333333 0.20601851851852 0.021354166666667 0.028703703703704
19 0.9703125 0.33055555555556 0.019791666666667 0.02962962962963
19 0.017708333333333 0.65555555555556 0.020833333333333 0.027777777777778
19 0.6 0.15277777777778 0.019791666666667 0.02962962962963
19 0.56979166666667 0.19722222222222 0.019791666666667 0.027777777777778
19 0.72473958333333 0.40787037037037 0.0203125 0.026851851851852
19 0.92005208333333 0.2087962962963 0.0203125 0.026851851851852
19 0.6328125 0.52777777777778 0.020833333333333 0.025925925925926
19 0.403125 0.46435185185185 0.019791666666667 0.026851851851852
19 0.93671875 0.11712962962963 0.018229166666667 0.028703703703704
19 0.1828125 0.3162037037037 0.020833333333333 0.025
19 0.47083333333333 0.79027777777778 0.020833333333333 0.025
19 0.68697916666667 0.14351851851852 0.01875 0.027777777777778
19 0.440625 0.12222222222222 0.019791666666667 0.025925925925926
19 0.85598958333333 0.50185185185185 0.018229166666667 0.027777777777778
19 0.079166666666667 0.33055555555556 0.01875 0.025925925925926
19 0.27239583333333 0.78611111111111 0.01875 0.025925925925926
19 0.063802083333333 0.47407407407407 0.018229166666667 0.025925925925926
19 0.74765625 0.41990740740741 0.019270833333333 0.025
19 0.38723958333333 0.76111111111111 0.018229166666667 0.025925925925926
19 0.3890625 0.13657407407407 0.01875 0.025
19 0.37421875 0.35648148148148 0.019270833333333 0.024074074074074
19 0.16380208333333 0.62824074074074 0.018229166666667 0.025
19 0.67421875 0.50324074074074 0.018229166666667 0.025
19 0.97838541666667 0.02962962962963 0.0171875 0.025925925925926
19 0.73854166666667 0.64259259259259 0.01875 0.024074074074074
19 0.44869791666667 0.58564814814815 0.019270833333333 0.023148148148148
19 0.16458333333333 0.5125 0.017708333333333 0.025
19 0.6140625 0.50416666666667 0.017708333333333 0.025
19 0.18098958333333 0.38148148148148 0.018229166666667 0.024074074074074
19 0.84114583333333 0.30324074074074 0.017708333333333 0.025
19 0.013541666666667 0.70231481481481 0.017708333333333 0.025
19 0.047395833333333 0.22962962962963 0.019791666666667 0.022222222222222
19 0.41979166666667 0.6337962962963 0.01875 0.023148148148148
19 0.35208333333333 0.54305555555556 0.01875 0.023148148148148
19 0.50130208333333 0.17962962962963 0.018229166666667 0.022222222222222
19 0.096875 0.081018518518519 0.017708333333333 0.023148148148148
19 0.159375 0.76296296296296 0.017708333333333 0.024074074074074
19 0.30260416666667 0.67638888888889 0.017708333333333 0.023148148148148
19 0.33385416666667 0.43564814814815 0.017708333333333 0.023148148148148
19 0.62916666666667 0.30925925925926 0.016666666666667 0.024074074074074
19 0.69166666666667 0.5375 0.01875 0.021296296296296
19 0.87083333333333 0.36157407407407 0.016666666666667 0.023148148148148
19 0.68854166666667 0.80601851851852 0.016666666666667 0.023148148148148
19 0.48619791666667 0.36157407407407 0.0171875 0.023148148148148
19 0.98723958333333 0.20277777777778 0.016145833333333 0.024074074074074
19 0.53645833333333 0.018981481481481 0.016666666666667 0.023148148148148
19 0.61015625 0.85462962962963 0.0171875 0.022222222222222
19 0.56875 0.049074074074074 0.015625 0.024074074074074
19 0.0328125 0.33101851851852 0.017708333333333 0.021296296296296
19 0.29088541666667 0.76111111111111 0.0171875 0.022222222222222
19 0.51171875 0.87222222222222 0.0171875 0.022222222222222
19 0.80546875 0.57638888888889 0.016145833333333 0.023148148148148
19 0.6953125 0.4787037037037 0.016666666666667 0.022222222222222
19 0.75520833333333 0.58518518518519 0.016666666666667 0.022222222222222
19 0.14375 0.014814814814815 0.016666666666667 0.022222222222222
19 0.91145833333333 0.7212962962963 0.016666666666667 0.022222222222222
19 0.621875 0.029166666666667 0.015625 0.023148148148148
19 0.6859375 0.025462962962963 0.015625 0.023148148148148
19 0.52942708333333 0.27314814814815 0.016145833333333 0.022222222222222
19 0.51302083333333 0.23009259259259 0.016666666666667 0.021296296296296
19 0.71770833333333 0.10231481481481 0.016666666666667 0.021296296296296
19 0.509375 0.63935185185185 0.016666666666667 0.021296296296296
19 0.12161458333333 0.31481481481481 0.0171875 0.02037037037037
19 0.4296875 0.074074074074074 0.015625 0.022222222222222
19 0.17005208333333 0.85138888888889 0.016145833333333 0.021296296296296
19 0.40390625 0.52453703703704 0.016145833333333 0.021296296296296
19 0.54010416666667 0.375 0.016666666666667 0.02037037037037
19 0.25677083333333 0.73796296296296 0.016666666666667 0.02037037037037
19 0.646875 0.069907407407407 0.015625 0.021296296296296
19 0.087760416666667 0.48148148148148 0.015104166666667 0.022222222222222
19 0.44635416666667 0.83009259259259 0.015625 0.021296296296296
19 0.084635416666667 0.8087962962963 0.015104166666667 0.021296296296296
19 0.0953125 0.75694444444444 0.015625 0.021296296296296
19 0.0953125 0.35925925925926 0.015625 0.02037037037037
19 0.65052083333333 0.17731481481481 0.014583333333333 0.021296296296296
19 0.39583333333333 0.2537037037037 0.015625 0.02037037037037
19 0.6953125 0.17175925925926 0.014583333333333 0.021296296296296
19 0.8 0.27453703703704 0.014583333333333 0.021296296296296
19 0.47447916666667 0.73287037037037 0.015625 0.019444444444444
19 0.9578125 0.8837962962963 0.015625 0.019444444444444
19 0.93567708333333 0.5087962962963 0.015104166666667 0.019444444444444
19 0.65182291666667 0.62083333333333 0.015104166666667 0.019444444444444
19 0.72838541666667 0.76111111111111 0.015104166666667 0.018518518518519
19 0.11901041666667 0.7162037037037 0.0140625 0.019444444444444
19 0.43854166666667 0.78888888888889 0.014583333333333 0.018518518518519
19 0.67890625 0.62962962962963 0.0140625 0.018518518518519
19 0.33671875 0.85416666666667 0.0140625 0.017592592592593