20 0.28541666666667 0.16851851851852 0.03125 0.048148148148148
20 0.1796875 0.41018518518519 0.030208333333333 0.038888888888889
20 0.63776041666667 0.31018518518519 0.030729166666667 0.035185185185185
20 0.057291666666667 0.087962962962963 0.027083333333333 0.035185185185185
20 0.28203125 0.44861111111111 0.0265625 0.032407407407407
20 0.034114583333333 0.14212962962963 0.0234375 0.036111111111111
20 0.63125 0.44814814814815 0.027083333333333 0.031481481481481
20 0.328125 0.27685185185185 0.025 0.031481481481481
20 0.10286458333333 0.085185185185185 0.0234375 0.033333333333333
20 0.59817708333333 0.26018518518519 0.024479166666667 0.02962962962963
20 0.85078125 0.56157407407407 0.024479166666667 0.030555555555556
20 0.36458333333333 0.11435185185185 0.022916666666667 0.030555555555556
20 0.040104166666667 0.52268518518519 0.023958333333333 0.028703703703704
20 0.023697916666667 0.22638888888889 0.022395833333333 0.030555555555556
20 0.34296875 0.66898148148148 0.0234375 0.028703703703704
20 0.26015625 0.087962962962963 0.022395833333333 0.02962962962963
20 0.23932291666667 0.94351851851852 0.0203125 0.031481481481481
20 0.26302083333333 0.61805555555556 0.021875 0.030555555555556
20 0.080729166666667 0.11712962962963 0.020833333333333 0.030555555555556
20 0.29270833333333 0.51342592592593 0.021875 0.028703703703704
20 0.15989583333333 0.39675925925926 0.021875 0.028703703703704
20 0.10364583333333 0.24166666666667 0.020833333333333 0.02962962962963
20 0.1421875 0.56851851851852 0.020833333333333 0.02962962962963
20 0.06015625 0.38194444444444 0.021354166666667 0.028703703703704
20 0.26953125 0.12916666666667 0.021354166666667 0.028703703703704
20 0.35286458333333 0.13009259259259 0.021354166666667 0.028703703703704
20 0.25364583333333 0.55462962962963 0.021875 0.027777777777778
20 0.83697916666667 0.90046296296296 0.020833333333333 0.028703703703704
20 0.17291666666667 0.54305555555556 0.020833333333333 0.028703703703704
20 0.32994791666667 0.11666666666667 0.021354166666667 0.027777777777778
20 0.30104166666667 0.082407407407407 0.019791666666667 0.02962962962963
20 0.215625 0.34907407407407 0.020833333333333 0.027777777777778
20 0.72760416666667 0.56759259259259 0.020833333333333 0.027777777777778
20 0.20208333333333 0.66296296296296 0.020833333333333 0.027777777777778
20 0.92552083333333 0.63240740740741 0.020833333333333 0.027777777777778
20 0.31875 0.76111111111111 0.020833333333333 0.027777777777778
20 0.1359375 0.59537037037037 0.020833333333333 0.027777777777778
20 0.087239583333333 0.40462962962963 0.0203125 0.027777777777778
20 0.10182291666667 0.27314814814815 0.0203125 0.027777777777778
20 0.56536458333333 0.67916666666667 0.022395833333333 0.025
20 0.246875 0.0375 0.020833333333333 0.026851851851852
20 0.146875 0.35694444444444 0.020833333333333 0.026851851851852
20 0.0091145833333333 0.31527777777778 0.018229166666667 0.030555555555556
20 0.77552083333333 0.74953703703704 0.020833333333333 0.026851851851852
20 0.22682291666667 0.70138888888889 0.019270833333333 0.028703703703704
20 0.32135416666667 0.69907407407407 0.019791666666667 0.027777777777778
20 0.026822916666667 0.25787037037037 0.021354166666667 0.025
20 0.22786458333333 0.27268518518519 0.0203125 0.026851851851852
20 0.54192708333333 0.30324074074074 0.021354166666667 0.025
20 0.82395833333333 0.64583333333333 0.019791666666667 0.026851851851852
20 0.045052083333333 0.32592592592593 0.0203125 0.025925925925926
20 0.38020833333333 0.62916666666667 0.020833333333333 0.025
20 0.69817708333333 0.8462962962963 0.0203125 0.025925925925926
20 0.31458333333333 0.53935185185185 0.020833333333333 0.025
20 0.38151041666667 0.67361111111111 0.019270833333333 0.026851851851852
20 0.18854166666667 0.1037037037037 0.019791666666667 0.025925925925926
20 0.24322916666667 0.11018518518519 0.019791666666667 0.025925925925926
20 0.40677083333333 0.7212962962963 0.019791666666667 0.025925925925926
20 0.94791666666667 0.81944444444444 0.019791666666667 0.025925925925926
20 0.58854166666667 0.29722222222222 0.019791666666667 0.025925925925926
20 0.22630208333333 0.21435185185185 0.0203125 0.025
20 0.62161458333333 0.13287037037037 0.0203125 0.025
20 0.22161458333333 0.60277777777778 0.019270833333333 0.025925925925926
20 0.2546875 0.76064814814815 0.019791666666667 0.025
20 0.96354166666667 0.9837962962963 0.019791666666667 0.025
20 0.30052083333333 0.65416666666667 0.019791666666667 0.025
20 0.56302083333333 0.82731481481481 0.019791666666667 0.025
20 0.0096354166666667 0.37638888888889 0.018229166666667 0.026851851851852
20 0.83932291666667 0.41759259259259 0.0203125 0.024074074074074
20 0.084375 0.43425925925926 0.01875 0.025925925925926
20 0.0515625 0.57592592592593 0.01875 0.025925925925926
20 0.0734375 0.90925925925926 0.01875 0.025925925925926
20 0.13880208333333 0.88101851851852 0.019270833333333 0.025
20 0.29583333333333 0.95925925925926 0.01875 0.025925925925926
20 0.77760416666667 0.83981481481481 0.019791666666667 0.024074074074074
20 0.5484375 0.43287037037037 0.019791666666667 0.023148148148148
20 0.35260416666667 0.9587962962963 0.017708333333333 0.025
20 0.56796875 0.92222222222222 0.018229166666667 0.024074074074074
20 0.21380208333333 0.036574074074074 0.019270833333333 0.023148148148148
20 0.23072916666667 0.74351851851852 0.017708333333333 0.024074074074074
20 0.87604166666667 0.25601851851852 0.019791666666667 0.021296296296296
20 0.3109375 0.22777777777778 0.01875 0.022222222222222
20 0.6703125 0.60462962962963 0.01875 0.022222222222222
20 0.7921875 0.91018518518519 0.01875 0.022222222222222
20 0.75755208333333 0.28981481481481 0.019270833333333 0.02037037037037
20 0.016927083333333 0.77222222222222 0.0171875 0.024074074074074
20 0.079947916666667 0.49861111111111 0.019270833333333 0.021296296296296
20 0.1546875 0.21805555555556 0.017708333333333 0.023148148148148
20 0.31197916666667 0.0097222222222222 0.020833333333333 0.019444444444444
20 0.41328125 0.82731481481481 0.018229166666667 0.021296296296296
20 0.22265625 0.38009259259259 0.018229166666667 0.021296296296296
20 0.15182291666667 0.60740740740741 0.0171875 0.022222222222222
20 0.16979166666667 0.72083333333333 0.017708333333333 0.021296296296296
20 0.48697916666667 0.39351851851852 0.01875 0.02037037037037
20 0.33723958333333 0.025 0.018229166666667 0.02037037037037
20 0.0078125 0.91712962962963 0.015625 0.023148148148148
20 0.20520833333333 0.53935185185185 0.016666666666667 0.019444444444444
20 0.17239583333333 0.2837962962963 0.017708333333333 0.019444444444444
20 0.0065104166666667 0.40277777777778 0.013020833333333 0.022222222222222
20 0.2546875 0.17037037037037 0.015625 0.018518518518519