43 0.124609375 0.10694444444444 0.02734375 0.038888888888889
43 0.488671875 0.5125 0.96796875 0.93333333333333
19 0.575 0.12430555555556 0.0265625 0.0375
19 0.433984375 0.11805555555556 0.02578125 0.033333333333333
43 0.02265625 0.099305555555556 0.0265625 0.034722222222222
43 0.186328125 0.067361111111111 0.02578125 0.034722222222222
43 0.0453125 0.079861111111111 0.0265625 0.034722222222222
19 0.560546875 0.20902777777778 0.02734375 0.031944444444444
19 0.687890625 0.29444444444444 0.02421875 0.033333333333333
19 0.594140625 0.24583333333333 0.02421875 0.027777777777778
19 0.577734375 0.28333333333333 0.02421875 0.030555555555556
43 0.25703125 0.095833333333333 0.021875 0.030555555555556
43 0.193359375 0.15347222222222 0.02109375 0.029166666666667
43 0.111328125 0.065277777777778 0.02109375 0.027777777777778
19 0.74453125 0.24444444444444 0.0203125 0.027777777777778
43 0.21796875 0.18263888888889 0.0203125 0.026388888888889
19 0.392578125 0.0083333333333333 0.01953125 0.016666666666667
43 0.205859375 0.096527777777778 0.01796875 0.023611111111111
43 0.49140625 0.51319444444444 0.9828125 0.95416666666667
43 0.497265625 0.51944444444444 0.99453125 0.93333333333333
43 0.044921875 0.079861111111111 0.02578125 0.034722222222222
43 0.111328125 0.066666666666667 0.02265625 0.030555555555556
43 0.496875 0.51736111111111 0.99375 0.94861111111111
43 0.044921875 0.080555555555556 0.02578125 0.033333333333333
43 0.1859375 0.067361111111111 0.025 0.0375
43 0.0234375 0.099305555555556 0.0265625 0.034722222222222
43 0.19375 0.15347222222222 0.021875 0.029166666666667