20 0.15885416666667 0.68981481481481 0.036458333333333 0.044444444444444
20 0.43151041666667 0.56527777777778 0.0390625 0.037962962962963
20 0.665625 0.49305555555556 0.036458333333333 0.039814814814815
20 0.44739583333333 0.63240740740741 0.032291666666667 0.02962962962963
20 0.19244791666667 0.56666666666667 0.0265625 0.033333333333333
20 0.38645833333333 0.65925925925926 0.03125 0.027777777777778
20 0.11197916666667 0.56064814814815 0.025 0.034259259259259
20 0.47005208333333 0.70416666666667 0.0328125 0.030555555555556
20 0.9828125 0.26666666666667 0.027083333333333 0.031481481481481
20 0.78463541666667 0.28842592592593 0.0296875 0.028703703703704
20 0.66848958333333 0.56990740740741 0.027604166666667 0.030555555555556
20 0.57994791666667 0.14583333333333 0.028645833333333 0.028703703703704
20 0.10885416666667 0.44027777777778 0.023958333333333 0.034259259259259
20 0.96640625 0.5587962962963 0.024479166666667 0.032407407407407
20 0.59583333333333 0.61481481481481 0.027083333333333 0.027777777777778
20 0.60911458333333 0.073611111111111 0.025520833333333 0.028703703703704
20 0.94244791666667 0.33287037037037 0.024479166666667 0.028703703703704
20 0.67890625 0.29305555555556 0.025520833333333 0.026851851851852
20 0.55729166666667 0.64259259259259 0.026041666666667 0.025925925925926
20 0.91588541666667 0.45046296296296 0.0234375 0.028703703703704
20 0.59765625 0.018518518518519 0.024479166666667 0.025925925925926
20 0.071354166666667 0.90509259259259 0.025 0.026851851851852
20 0.96328125 0.024074074074074 0.024479166666667 0.025925925925926
20 0.57005208333333 0.54259259259259 0.022395833333333 0.027777777777778
20 0.75494791666667 0.52037037037037 0.0203125 0.027777777777778
20 0.083333333333333 0.66851851851852 0.021875 0.027777777777778
20 0.42291666666667 0.85231481481481 0.029166666666667 0.021296296296296
20 0.41953125 0.71203703703704 0.024479166666667 0.024074074074074
20 0.080729166666667 0.73055555555556 0.021875 0.027777777777778
20 0.6640625 0.62916666666667 0.023958333333333 0.025
20 0.90963541666667 0.54444444444444 0.0203125 0.027777777777778
20 0.89322916666667 0.68842592592593 0.023958333333333 0.023148148148148
20 0.70677083333333 0.63888888888889 0.022916666666667 0.024074074074074
20 0.41041666666667 0.65972222222222 0.023958333333333 0.023148148148148
20 0.78697916666667 0.76064814814815 0.021875 0.025
20 0.90598958333333 0.67037037037037 0.022395833333333 0.024074074074074
20 0.61328125 0.44768518518519 0.021354166666667 0.025
20 0.71666666666667 0.75 0.021875 0.024074074074074
20 0.68645833333333 0.79212962962963 0.022916666666667 0.023148148148148
20 0.84791666666667 0.49583333333333 0.019791666666667 0.026851851851852
20 0.7328125 0.7587962962963 0.020833333333333 0.025
20 0.30546875 0.94166666666667 0.025520833333333 0.02037037037037
20 0.58151041666667 0.65972222222222 0.022395833333333 0.023148148148148
20 0.56458333333333 0.8037037037037 0.025 0.02037037037037
20 0.21145833333333 0.89212962962963 0.021875 0.023148148148148
20 0.81979166666667 0.62083333333333 0.021875 0.023148148148148
20 0.7359375 0.80740740740741 0.020833333333333 0.024074074074074
20 0.79609375 0.69027777777778 0.0234375 0.021296296296296
20 0.73958333333333 0.48009259259259 0.019791666666667 0.025
20 0.60807291666667 0.78518518518519 0.022395833333333 0.022222222222222
20 0.34192708333333 0.76527777777778 0.021354166666667 0.023148148148148
20 0.76302083333333 0.7587962962963 0.019791666666667 0.025
20 0.024739583333333 0.073611111111111 0.018229166666667 0.026851851851852
20 0.2375 0.68842592592593 0.020833333333333 0.023148148148148
20 0.33229166666667 0.67824074074074 0.020833333333333 0.023148148148148
20 0.77864583333333 0.59861111111111 0.020833333333333 0.023148148148148
20 0.61197916666667 0.72962962962963 0.020833333333333 0.022222222222222
20 0.690625 0.88981481481481 0.022916666666667 0.02037037037037
20 0.35546875 0.84953703703704 0.021354166666667 0.021296296296296
20 0.098177083333333 0.60601851851852 0.019270833333333 0.023148148148148
20 0.340625 0.98935185185185 0.027083333333333 0.015740740740741
20 0.15208333333333 0.59398148148148 0.017708333333333 0.023148148148148
20 0.83151041666667 0.70694444444444 0.021354166666667 0.019444444444444
20 0.14739583333333 0.43287037037037 0.017708333333333 0.025
20 0.19739583333333 0.68240740740741 0.019791666666667 0.02037037037037
20 0.64505208333333 0.68703703703704 0.019270833333333 0.02037037037037
20 0.2546875 0.96296296296296 0.019791666666667 0.018518518518519
20 0.36979166666667 0.71898148148148 0.017708333333333 0.019444444444444
20 0.32369791666667 0.73101851851852 0.018229166666667 0.019444444444444
20 0.15286458333333 0.98935185185185 0.0171875 0.019444444444444
20 0.71197916666667 0.81018518518519 0.01875 0.018518518518519