19 0.55598958333333 0.54768518518519 0.024479166666667 0.025
19 0.58333333333333 0.26018518518519 0.020833333333333 0.027777777777778
19 0.7421875 0.04212962962963 0.01875 0.028703703703704
19 0.013541666666667 0.88935185185185 0.019791666666667 0.026851851851852
19 0.63671875 0.40740740740741 0.0203125 0.025925925925926
19 0.10520833333333 0.47777777777778 0.019791666666667 0.025925925925926
19 0.83020833333333 0.13240740740741 0.019791666666667 0.025925925925926
19 0.23020833333333 0.17916666666667 0.017708333333333 0.028703703703704
19 0.33958333333333 0.4162037037037 0.01875 0.026851851851852
19 0.5546875 0.11296296296296 0.01875 0.025925925925926
19 0.072916666666667 0.57824074074074 0.019791666666667 0.025
19 0.63697916666667 0.050925925925926 0.01875 0.025925925925926
19 0.5578125 0.20185185185185 0.019791666666667 0.024074074074074
19 0.93229166666667 0.38657407407407 0.017708333333333 0.026851851851852
19 0.76458333333333 0.3912037037037 0.017708333333333 0.026851851851852
19 0.28489583333333 0.23333333333333 0.016666666666667 0.024074074074074
19 0.74661458333333 0.096759259259259 0.016145833333333 0.025
19 0.97708333333333 0.17037037037037 0.01875 0.024074074074074
19 0.15442708333333 0.47361111111111 0.0171875 0.023148148148148
19 0.23723958333333 0.76296296296296 0.019270833333333 0.02037037037037
19 0.3 0.37361111111111 0.015625 0.025
19 0.035416666666667 0.10972222222222 0.016666666666667 0.023148148148148
19 0.03984375 0.63611111111111 0.0171875 0.022222222222222
19 0.61822916666667 0.25185185185185 0.015625 0.024074074074074
19 0.81901041666667 0.26990740740741 0.016145833333333 0.023148148148148
19 0.62161458333333 0.022685185185185 0.016145833333333 0.023148148148148
19 0.76640625 0.31759259259259 0.015104166666667 0.024074074074074