43 0.825390625 0.025694444444444 0.04453125 0.048611111111111
43 0.78203125 0.10902777777778 0.0390625 0.048611111111111
43 0.747265625 0.019444444444444 0.04140625 0.038888888888889
43 0.665625 0.026388888888889 0.0359375 0.041666666666667
43 0.781640625 0.05625 0.03828125 0.043055555555556
43 0.575390625 0.10347222222222 0.03515625 0.0375
43 0.74140625 0.13680555555556 0.03125 0.040277777777778
43 0.73671875 0.079166666666667 0.025 0.030555555555556
43 0.569140625 0.22222222222222 0.03671875 0.038888888888889
43 0.0390625 0.66319444444444 0.0265625 0.0375
43 0.50234375 0.5 0.990625 0.98055555555556