20 0.46536458333333 0.081944444444444 0.041145833333333 0.039814814814815
20 0.63307291666667 0.16712962962963 0.033854166666667 0.04537037037037
20 0.45104166666667 0.44675925925926 0.03125 0.039814814814815
20 0.91015625 0.29583333333333 0.030729166666667 0.039814814814815
20 0.87109375 0.58240740740741 0.028645833333333 0.038888888888889
20 0.82213541666667 0.34351851851852 0.028645833333333 0.038888888888889
20 0.034895833333333 0.2125 0.034375 0.030555555555556
20 0.97994791666667 0.13194444444444 0.027604166666667 0.036111111111111
20 0.93984375 0.47222222222222 0.027604166666667 0.035185185185185
20 0.091927083333333 0.85833333333333 0.024479166666667 0.038888888888889
20 0.96666666666667 0.26388888888889 0.025 0.035185185185185
20 0.12447916666667 0.16990740740741 0.032291666666667 0.026851851851852
20 0.29322916666667 0.63935185185185 0.023958333333333 0.036111111111111
20 0.90911458333333 0.11805555555556 0.024479166666667 0.034259259259259
20 0.79192708333333 0.66388888888889 0.0234375 0.035185185185185
20 0.48098958333333 0.71296296296296 0.024479166666667 0.033333333333333
20 0.32604166666667 0.043518518518519 0.029166666666667 0.027777777777778
20 0.24140625 0.16990740740741 0.0296875 0.026851851851852
20 0.84583333333333 0.044907407407407 0.022916666666667 0.032407407407407
20 0.5953125 0.15138888888889 0.025 0.028703703703704
20 0.19739583333333 0.2587962962963 0.029166666666667 0.025
20 0.82213541666667 0.12268518518519 0.0234375 0.030555555555556
20 0.5828125 0.22453703703704 0.023958333333333 0.028703703703704
20 0.15260416666667 0.44259259259259 0.022916666666667 0.02962962962963
20 0.43671875 0.37777777777778 0.025520833333333 0.025925925925926
20 0.15546875 0.52175925925926 0.021354166666667 0.030555555555556
20 0.11015625 0.19814814814815 0.0265625 0.024074074074074
20 0.69973958333333 0.75648148148148 0.0203125 0.031481481481481
20 0.098697916666667 0.29305555555556 0.0265625 0.023148148148148
20 0.69973958333333 0.15509259259259 0.021354166666667 0.028703703703704
20 0.85989583333333 0.42222222222222 0.021875 0.027777777777778
20 0.57447916666667 0.69675925925926 0.019791666666667 0.030555555555556
20 0.9234375 0.1587962962963 0.020833333333333 0.028703703703704
20 0.60234375 0.43657407407407 0.022395833333333 0.026851851851852
20 0.3796875 0.3787037037037 0.022916666666667 0.025925925925926
20 0.48333333333333 0.33194444444444 0.023958333333333 0.025
20 0.2375 0.37083333333333 0.021875 0.026851851851852
20 0.71484375 0.48240740740741 0.021354166666667 0.027777777777778
20 0.23802083333333 0.2212962962963 0.023958333333333 0.024074074074074
20 0.56380208333333 0.59259259259259 0.0203125 0.027777777777778
20 0.89114583333333 0.41759259259259 0.020833333333333 0.027777777777778
20 0.16197916666667 0.65555555555556 0.019791666666667 0.027777777777778
20 0.45963541666667 0.40694444444444 0.022395833333333 0.025
20 0.85911458333333 0.24305555555556 0.0203125 0.026851851851852
20 0.10078125 0.52175925925926 0.0203125 0.026851851851852
20 0.61510416666667 0.37314814814815 0.020833333333333 0.025925925925926
20 0.55026041666667 0.37685185185185 0.022395833333333 0.024074074074074
20 0.52786458333333 0.40324074074074 0.022395833333333 0.025
20 0.62005208333333 0.62824074074074 0.021354166666667 0.025
20 0.38723958333333 0.34953703703704 0.021354166666667 0.025
20 0.27473958333333 0.43148148148148 0.0203125 0.025925925925926
20 0.61302083333333 0.72777777777778 0.01875 0.027777777777778
20 0.43151041666667 0.3337962962963 0.022395833333333 0.023148148148148
20 0.083072916666667 0.76203703703704 0.018229166666667 0.027777777777778
20 0.91953125 0.55185185185185 0.019270833333333 0.027777777777778
20 0.70520833333333 0.57731481481481 0.01875 0.026851851851852
20 0.13645833333333 0.77731481481481 0.019791666666667 0.025
20 0.31822916666667 0.425 0.020833333333333 0.024074074074074
20 0.15755208333333 0.10324074074074 0.0234375 0.021296296296296
20 0.30520833333333 0.46527777777778 0.019791666666667 0.025
20 0.64505208333333 0.125 0.0203125 0.024074074074074
20 0.89635416666667 0.78148148148148 0.01875 0.025925925925926
20 0.37786458333333 0.064351851851852 0.021354166666667 0.023148148148148
20 0.44479166666667 0.73055555555556 0.01875 0.025925925925926
20 0.55416666666667 0.078240740740741 0.020833333333333 0.023148148148148
20 0.24505208333333 0.47407407407407 0.018229166666667 0.025925925925926
20 0.28385416666667 0.54675925925926 0.01875 0.025
20 0.20963541666667 0.56990740740741 0.018229166666667 0.025
20 0.47057291666667 0.60555555555556 0.019270833333333 0.024074074074074
20 0.1765625 0.077314814814815 0.021875 0.021296296296296
20 0.58984375 0.34351851851852 0.019270833333333 0.024074074074074
20 0.37526041666667 0.83796296296296 0.018229166666667 0.024074074074074
20 0.69322916666667 0.65324074074074 0.017708333333333 0.025
20 0.8203125 0.83611111111111 0.016666666666667 0.025925925925926
20 0.55572916666667 0.74814814814815 0.017708333333333 0.024074074074074
20 0.36145833333333 0.58981481481481 0.01875 0.024074074074074
20 0.39010416666667 0.61574074074074 0.017708333333333 0.024074074074074
20 0.35520833333333 0.56064814814815 0.01875 0.021296296296296
20 0.71953125 0.69907407407407 0.0171875 0.024074074074074
20 0.07265625 0.40555555555556 0.018229166666667 0.02037037037037
20 0.33333333333333 0.66203703703704 0.016666666666667 0.022222222222222
20 0.1421875 0.56388888888889 0.016666666666667 0.022222222222222
20 0.050260416666667 0.81898148148148 0.0171875 0.021296296296296
20 0.41119791666667 0.62361111111111 0.0171875 0.021296296296296
20 0.76848958333333 0.52731481481481 0.016145833333333 0.021296296296296
20 0.13307291666667 0.62407407407407 0.0171875 0.024074074074074
20 0.33671875 0.30833333333333 0.018229166666667 0.02037037037037
20 0.96536458333333 0.85925925925926 0.015104166666667 0.022222222222222
20 0.31171875 0.36805555555556 0.0171875 0.019444444444444
20 0.054166666666667 0.053703703703704 0.017708333333333 0.018518518518519
20 0.11276041666667 0.49583333333333 0.015104166666667 0.021296296296296
20 0.38307291666667 0.76435185185185 0.015104166666667 0.021296296296296
20 0.89713541666667 0.61296296296296 0.015104166666667 0.02037037037037
20 0.83046875 0.81157407407407 0.0140625 0.021296296296296
20 0.25807291666667 0.63842592592593 0.0140625 0.019444444444444