49 0.508203125 0.51736111111111 0.98359375 0.95138888888889
20 0.9671875 0.025 0.040625 0.044444444444444
20 0.42265625 0.13611111111111 0.034375 0.05
20 0.398828125 0.19375 0.03671875 0.045833333333333
20 0.903515625 0.11805555555556 0.03515625 0.047222222222222
20 0.753125 0.025694444444444 0.0328125 0.040277777777778
20 0.633984375 0.225 0.03203125 0.038888888888889
20 0.2828125 0.1875 0.0328125 0.036111111111111
20 0.326171875 0.18194444444444 0.03203125 0.036111111111111
20 0.33515625 0.22569444444444 0.0296875 0.0375
20 0.376953125 0.22361111111111 0.03046875 0.036111111111111
20 0.888671875 0.071527777777778 0.02890625 0.0375
20 0.566796875 0.06875 0.02890625 0.0375
20 0.208984375 0.26944444444444 0.02890625 0.036111111111111
20 0.290625 0.25208333333333 0.028125 0.0375
20 0.23984375 0.28541666666667 0.028125 0.034722222222222
20 0.334765625 0.10694444444444 0.02734375 0.033333333333333
20 0.292578125 0.27152777777778 0.02578125 0.034722222222222
20 0.35859375 0.19027777777778 0.025 0.033333333333333
20 0.2625 0.38611111111111 0.025 0.033333333333333
20 0.162890625 0.22430555555556 0.02578125 0.031944444444444
20 0.44453125 0.16527777777778 0.025 0.030555555555556
20 0.41015625 0.26875 0.025 0.029166666666667
20 0.192578125 0.30069444444444 0.02421875 0.029166666666667
20 0.455859375 0.099305555555556 0.02421875 0.029166666666667
20 0.054296875 0.35555555555556 0.02265625 0.030555555555556
20 0.350390625 0.15 0.02421875 0.027777777777778
20 0.012890625 0.44305555555556 0.02109375 0.030555555555556
20 0.101171875 0.34236111111111 0.02265625 0.029166666666667
20 0.322265625 0.29652777777778 0.02265625 0.026388888888889
20 0.21328125 0.22152777777778 0.021875 0.026388888888889
20 0.434375 0.19791666666667 0.0203125 0.023611111111111
20 0.212109375 0.18541666666667 0.02109375 0.026388888888889