43 0.48567708333333 0.22546296296296 0.028645833333333 0.039814814814815
43 0.24609375 0.18148148148148 0.028645833333333 0.040740740740741
43 0.58671875 0.32824074074074 0.025520833333333 0.036111111111111
43 0.940625 0.53194444444444 0.026041666666667 0.034259259259259
43 0.0390625 0.55833333333333 0.025 0.031481481481481
43 0.14791666666667 0.033796296296296 0.022916666666667 0.032407407407407
43 0.04921875 0.02962962962963 0.024479166666667 0.02962962962963
43 0.29895833333333 0.16666666666667 0.026041666666667 0.031481481481481
43 0.57317708333333 0.74166666666667 0.025520833333333 0.033333333333333
43 0.41041666666667 0.42407407407407 0.022916666666667 0.031481481481481
43 0.083854166666667 0.47314814814815 0.022916666666667 0.031481481481481
43 0.10416666666667 0.13240740740741 0.021875 0.031481481481481
43 0.8546875 0.30416666666667 0.022916666666667 0.028703703703704
43 0.77838541666667 0.13194444444444 0.021354166666667 0.030555555555556
43 0.76875 0.050925925925926 0.021875 0.02962962962963
43 0.52317708333333 0.57546296296296 0.021354166666667 0.028703703703704
43 0.45963541666667 0.040740740740741 0.0203125 0.027777777777778
43 0.64427083333333 0.27453703703704 0.021875 0.026851851851852
43 0.20885416666667 0.18055555555556 0.020833333333333 0.02962962962963
43 0.9296875 0.20324074074074 0.020833333333333 0.028703703703704
43 0.44114583333333 0.26064814814815 0.020833333333333 0.025
43 0.21822916666667 0.042592592592593 0.019791666666667 0.025925925925926
43 0.072395833333333 0.057407407407407 0.019791666666667 0.025925925925926
43 0.41796875 0.53981481481481 0.0203125 0.024074074074074
43 0.69817708333333 0.23981481481481 0.019270833333333 0.025925925925926
43 0.15 0.36111111111111 0.01875 0.025925925925926
43 0.64713541666667 0.023611111111111 0.019270833333333 0.025
43 0.45703125 0.42314814814815 0.018229166666667 0.025925925925926
43 0.24505208333333 0.43148148148148 0.018229166666667 0.025925925925926
43 0.53723958333333 0.25185185185185 0.019270833333333 0.024074074074074
43 0.80104166666667 0.081944444444444 0.01875 0.025
43 0.46744791666667 0.3962962962963 0.019270833333333 0.024074074074074
43 0.63098958333333 0.37083333333333 0.018229166666667 0.025
43 0.31822916666667 0.44814814814815 0.01875 0.024074074074074
43 0.087239583333333 0.015277777777778 0.019270833333333 0.023148148148148
43 0.40182291666667 0.14722222222222 0.018229166666667 0.024074074074074
43 0.19479166666667 0.36342592592593 0.01875 0.023148148148148
43 0.011197916666667 0.03287037037037 0.0171875 0.025
43 0.38619791666667 0.33981481481481 0.018229166666667 0.024074074074074
43 0.67213541666667 0.60694444444444 0.0171875 0.025
43 0.046354166666667 0.38425925925926 0.017708333333333 0.024074074074074
43 0.82734375 0.50740740740741 0.0171875 0.024074074074074
43 0.55859375 0.45138888888889 0.0171875 0.023148148148148
43 0.70885416666667 0.57916666666667 0.016666666666667 0.023148148148148
43 0.92916666666667 0.34861111111111 0.017708333333333 0.023148148148148
43 0.011979166666667 0.2662037037037 0.016666666666667 0.023148148148148
43 0.71197916666667 0.39490740740741 0.016666666666667 0.023148148148148
43 0.78828125 0.36388888888889 0.016145833333333 0.022222222222222
43 0.1046875 0.52824074074074 0.016666666666667 0.021296296296296
43 0.33541666666667 0.33842592592593 0.016666666666667 0.021296296296296
43 0.43385416666667 0.47916666666667 0.016666666666667 0.021296296296296
43 0.47109375 0.51990740740741 0.016145833333333 0.021296296296296
43 0.64322916666667 0.4375 0.014583333333333 0.021296296296296
43 0.62109375 0.58194444444444 0.015104166666667 0.019444444444444
43 0.24505208333333 0.18425925925926 0.0265625 0.035185185185185
43 0.29791666666667 0.1662037037037 0.025 0.028703703703704
43 0.94088541666667 0.53240740740741 0.025520833333333 0.035185185185185
19 0.41067708333333 0.42361111111111 0.0234375 0.030555555555556
43 0.5234375 0.57546296296296 0.021875 0.026851851851852
43 0.76927083333333 0.051388888888889 0.020833333333333 0.026851851851852
19 0.040885416666667 0.55555555555556 0.021354166666667 0.025925925925926
19 0.41796875 0.53935185185185 0.0203125 0.023148148148148
19 0.10442708333333 0.52777777777778 0.016145833333333 0.022222222222222
43 0.70859375 0.57916666666667 0.016145833333333 0.023148148148148
43 0.94088541666667 0.53240740740741 0.024479166666667 0.033333333333333
43 0.24505208333333 0.18425925925926 0.025520833333333 0.035185185185185
43 0.28958333333333 0.43981481481481 0.025 0.031481481481481
43 0.41067708333333 0.42314814814815 0.0234375 0.02962962962963
43 0.29765625 0.1662037037037 0.024479166666667 0.028703703703704
43 0.040885416666667 0.55555555555556 0.021354166666667 0.025925925925926
43 0.778125 0.13194444444444 0.019791666666667 0.026851851851852
43 0.76927083333333 0.051388888888889 0.019791666666667 0.026851851851852
43 0.671875 0.60648148148148 0.017708333333333 0.024074074074074
43 0.41796875 0.53935185185185 0.019270833333333 0.023148148148148
43 0.1046875 0.52777777777778 0.015625 0.022222222222222
43 0.44635416666667 0.59907407407407 0.016666666666667 0.02037037037037
43 0.93203125 0.63888888888889 0.015104166666667 0.022222222222222
43 0.52213541666667 0.61296296296296 0.016145833333333 0.02037037037037
43 0.67057291666667 0.66481481481481 0.015104166666667 0.02037037037037
43 0.47109375 0.51990740740741 0.015104166666667 0.019444444444444
43 0.62161458333333 0.58240740740741 0.0140625 0.018518518518519