49 0.351171875 0.40555555555556 0.69453125 0.78333333333333
49 0.9453125 0.26666666666667 0.021875 0.030555555555556
49 0.919140625 0.25 0.02421875 0.025
49 0.97265625 0.21944444444444 0.0234375 0.025
49 0.96796875 0.28611111111111 0.0203125 0.022222222222222
49 0.91484375 0.20138888888889 0.0203125 0.022222222222222
49 0.962890625 0.29513888888889 0.01953125 0.020833333333333
49 0.901953125 0.27708333333333 0.01953125 0.023611111111111
49 0.924609375 0.29444444444444 0.01796875 0.019444444444444
49 0.94921875 0.22777777777778 0.015625 0.016666666666667
49 0.897265625 0.24722222222222 0.01484375 0.016666666666667
49 0.91015625 0.3375 0.0125 0.013888888888889