20 0.40703125 0.66388888888889 0.0421875 0.035185185185185
20 0.98385416666667 0.33981481481481 0.029166666666667 0.038888888888889
20 0.49947916666667 0.70972222222222 0.034375 0.032407407407407
20 0.3046875 0.39351851851852 0.033333333333333 0.033333333333333
20 0.4171875 0.41666666666667 0.032291666666667 0.033333333333333
20 0.69765625 0.10740740740741 0.0296875 0.031481481481481
20 0.70208333333333 0.57916666666667 0.027083333333333 0.034259259259259
20 0.63567708333333 0.39537037037037 0.028645833333333 0.031481481481481
20 0.7109375 0.6162037037037 0.027083333333333 0.032407407407407
20 0.61953125 0.6125 0.028645833333333 0.030555555555556
20 0.77369791666667 0.58194444444444 0.027604166666667 0.030555555555556
20 0.69583333333333 0.35972222222222 0.028125 0.028703703703704
20 0.52265625 0.55416666666667 0.027604166666667 0.028703703703704
20 0.8890625 0.35092592592593 0.025 0.02962962962963
20 0.8484375 0.61944444444444 0.022916666666667 0.031481481481481
20 0.6859375 0.51157407407407 0.025 0.028703703703704
20 0.83072916666667 0.42453703703704 0.025 0.028703703703704
20 0.69401041666667 0.01712962962963 0.028645833333333 0.025
20 0.3125 0.56898148148148 0.026041666666667 0.026851851851852
20 0.20182291666667 0.7037037037037 0.028645833333333 0.024074074074074
20 0.1921875 0.87222222222222 0.027083333333333 0.025925925925926
20 0.40651041666667 0.61944444444444 0.0265625 0.025925925925926
20 0.60078125 0.64166666666667 0.024479166666667 0.027777777777778
20 0.60416666666667 0.53194444444444 0.025 0.026851851851852
20 0.073177083333333 0.60972222222222 0.024479166666667 0.026851851851852
20 0.94869791666667 0.074074074074074 0.0234375 0.027777777777778
20 0.76119791666667 0.67638888888889 0.022395833333333 0.028703703703704
20 0.50338541666667 0.13148148148148 0.0265625 0.024074074074074
20 0.15989583333333 0.13611111111111 0.023958333333333 0.025925925925926
20 0.5375 0.86342592592593 0.026041666666667 0.023148148148148
20 0.62239583333333 0.31574074074074 0.022916666666667 0.025925925925926
20 0.12135416666667 0.65740740740741 0.021875 0.025925925925926
20 0.0140625 0.77731481481481 0.022916666666667 0.025
20 0.16666666666667 0.047222222222222 0.023958333333333 0.024074074074074
20 0.82734375 0.74537037037037 0.0203125 0.027777777777778
20 0.39401041666667 0.4912037037037 0.022395833333333 0.025
20 0.81875 0.70509259259259 0.020833333333333 0.026851851851852
20 0.68645833333333 0.64814814814815 0.022916666666667 0.024074074074074
20 0.78697916666667 0.74861111111111 0.020833333333333 0.026851851851852
20 0.47395833333333 0.12314814814815 0.022916666666667 0.024074074074074
20 0.75546875 0.79027777777778 0.0203125 0.026851851851852
20 0.88619791666667 0.49583333333333 0.0203125 0.026851851851852
20 0.44973958333333 0.67175925925926 0.0234375 0.023148148148148
20 0.240625 0.69814814814815 0.023958333333333 0.022222222222222
20 0.37005208333333 0.89814814814815 0.024479166666667 0.022222222222222
20 0.0484375 0.92592592592593 0.023958333333333 0.022222222222222
20 0.92317708333333 0.68796296296296 0.0203125 0.025925925925926
20 0.39322916666667 0.55416666666667 0.022916666666667 0.023148148148148
20 0.5921875 0.36574074074074 0.021875 0.024074074074074
20 0.33723958333333 0.70509259259259 0.024479166666667 0.021296296296296
20 0.20598958333333 0.5787037037037 0.021354166666667 0.024074074074074
20 0.041145833333333 0.35601851851852 0.020833333333333 0.025
20 0.68125 0.69259259259259 0.019791666666667 0.025925925925926
20 0.55208333333333 0.52268518518519 0.021875 0.023148148148148
20 0.45729166666667 0.61435185185185 0.022916666666667 0.021296296296296
20 0.54635416666667 0.70509259259259 0.022916666666667 0.021296296296296
20 0.24166666666667 0.76064814814815 0.022916666666667 0.021296296296296
20 0.94635416666667 0.65925925925926 0.01875 0.025925925925926
20 0.61927083333333 0.67685185185185 0.019791666666667 0.024074074074074
20 0.27291666666667 0.75046296296296 0.020833333333333 0.023148148148148
20 0.69869791666667 0.79305555555556 0.019270833333333 0.025
20 0.11145833333333 0.33148148148148 0.019791666666667 0.024074074074074
20 0.017708333333333 0.55324074074074 0.020833333333333 0.021296296296296
20 0.86588541666667 0.7037037037037 0.018229166666667 0.024074074074074
20 0.46067708333333 0.70277777777778 0.021354166666667 0.02037037037037
20 0.11822916666667 0.068055555555556 0.01875 0.023148148148148
20 0.66770833333333 0.88101851851852 0.01875 0.023148148148148
20 0.83645833333333 0.58101851851852 0.01875 0.023148148148148
20 0.7421875 0.73888888888889 0.017708333333333 0.024074074074074
20 0.77369791666667 0.80601851851852 0.018229166666667 0.023148148148148
20 0.38567708333333 0.59351851851852 0.0203125 0.02037037037037
20 0.051302083333333 0.068981481481481 0.019270833333333 0.021296296296296
20 0.63671875 0.7287037037037 0.018229166666667 0.022222222222222
20 0.12890625 0.3875 0.019270833333333 0.019444444444444
20 0.71536458333333 0.69583333333333 0.0171875 0.019444444444444
20 0.62161458333333 0.80601851851852 0.016145833333333 0.019444444444444
20 0.74427083333333 0.89166666666667 0.016666666666667 0.018518518518519
20 0.76276041666667 0.85925925925926 0.0140625 0.018518518518519
20 0.57786458333333 0.81574074074074 0.0171875 0.016666666666667
20 0.30416666666667 0.67222222222222 0.016666666666667 0.016666666666667
49 0.49921875 0.50277777777778 0.98697916666667 0.98888888888889