20 0.8078125 0.55 0.022916666666667 0.02962962962963
20 0.42994791666667 0.85972222222222 0.024479166666667 0.025
20 0.80598958333333 0.24675925925926 0.021354166666667 0.028703703703704
20 0.75885416666667 0.15555555555556 0.021875 0.027777777777778
20 0.38463541666667 0.74953703703704 0.022395833333333 0.026851851851852
20 0.5671875 0.32453703703704 0.023958333333333 0.025
20 0.86302083333333 0.3912037037037 0.020833333333333 0.026851851851852
20 0.15104166666667 0.091666666666667 0.019791666666667 0.027777777777778
20 0.87708333333333 0.42361111111111 0.019791666666667 0.026851851851852
20 0.75859375 0.33194444444444 0.021354166666667 0.025
20 0.38072916666667 0.024074074074074 0.01875 0.025925925925926
20 0.20859375 0.15694444444444 0.019270833333333 0.025
20 0.092708333333333 0.87592592592593 0.019791666666667 0.024074074074074
20 0.38255208333333 0.91712962962963 0.0203125 0.023148148148148
20 0.38385416666667 0.69212962962963 0.01875 0.025
20 0.52994791666667 0.87685185185185 0.019270833333333 0.024074074074074
20 0.28802083333333 0.40092592592593 0.020833333333333 0.022222222222222
20 0.39661458333333 0.37083333333333 0.018229166666667 0.025
20 0.10260416666667 0.64722222222222 0.019791666666667 0.022222222222222
20 0.23958333333333 0.2 0.020833333333333 0.022222222222222
20 0.75546875 0.82453703703704 0.018229166666667 0.025
20 0.019270833333333 0.88287037037037 0.019791666666667 0.023148148148148
20 0.97786458333333 0.70740740740741 0.018229166666667 0.024074074074074
20 0.97890625 0.39537037037037 0.018229166666667 0.024074074074074
20 0.62838541666667 0.34537037037037 0.019270833333333 0.022222222222222
20 0.61432291666667 0.69537037037037 0.019270833333333 0.022222222222222
20 0.59869791666667 0.6462962962963 0.019270833333333 0.022222222222222
20 0.050260416666667 0.40833333333333 0.019270833333333 0.022222222222222
20 0.10182291666667 0.13472222222222 0.018229166666667 0.023148148148148
20 0.84036458333333 0.28009259259259 0.018229166666667 0.023148148148148
20 0.73151041666667 0.19675925925926 0.019270833333333 0.021296296296296
20 0.33984375 0.43703703703704 0.018229166666667 0.022222222222222
20 0.20130208333333 0.35555555555556 0.018229166666667 0.022222222222222
20 0.37994791666667 0.30416666666667 0.019270833333333 0.021296296296296
20 0.044270833333333 0.64953703703704 0.01875 0.021296296296296
20 0.17708333333333 0.69166666666667 0.017708333333333 0.022222222222222
20 0.453125 0.61574074074074 0.017708333333333 0.022222222222222
20 0.94166666666667 0.51111111111111 0.017708333333333 0.022222222222222
20 0.47890625 0.24444444444444 0.019270833333333 0.02037037037037
20 0.12083333333333 0.21481481481481 0.017708333333333 0.022222222222222
20 0.75520833333333 0.60462962962963 0.01875 0.02037037037037
20 0.69114583333333 0.76064814814815 0.017708333333333 0.021296296296296
20 0.43723958333333 0.27268518518519 0.019270833333333 0.019444444444444
20 0.17786458333333 0.6037037037037 0.018229166666667 0.02037037037037
20 0.33958333333333 0.67685185185185 0.017708333333333 0.02037037037037
20 0.68515625 0.63101851851852 0.0171875 0.021296296296296
20 0.33697916666667 0.84305555555556 0.016666666666667 0.021296296296296
20 0.34921875 0.48333333333333 0.0171875 0.02037037037037
20 0.7953125 0.5837962962963 0.017708333333333 0.019444444444444
20 0.13463541666667 0.84583333333333 0.016145833333333 0.021296296296296
20 0.80677083333333 0.49212962962963 0.015625 0.021296296296296
20 0.083072916666667 0.31805555555556 0.0171875 0.019444444444444
20 0.76640625 0.75277777777778 0.016145833333333 0.02037037037037
20 0.6375 0.59074074074074 0.016666666666667 0.02037037037037
20 0.55364583333333 0.3662037037037 0.016666666666667 0.019444444444444
20 0.21302083333333 0.38333333333333 0.015625 0.02037037037037
20 0.93515625 0.71805555555556 0.016145833333333 0.019444444444444
20 0.086458333333333 0.52638888888889 0.017708333333333 0.017592592592593
20 0.1796875 0.28055555555556 0.015625 0.02037037037037
20 0.74921875 0.56527777777778 0.016145833333333 0.019444444444444
20 0.84817708333333 0.69166666666667 0.015104166666667 0.02037037037037
20 0.97473958333333 0.94722222222222 0.016145833333333 0.018518518518519
20 0.10859375 0.40277777777778 0.015104166666667 0.018518518518519
20 0.44583333333333 0.65601851851852 0.015625 0.019444444444444
20 0.13880208333333 0.34537037037037 0.015104166666667 0.02037037037037
20 0.18098958333333 0.65833333333333 0.016145833333333 0.018518518518519
20 0.3078125 0.47731481481481 0.015625 0.017592592592593
20 0.01015625 0.33518518518519 0.016145833333333 0.016666666666667
20 0.69973958333333 0.57175925925926 0.015104166666667 0.017592592592593
20 0.80755208333333 0.84074074074074 0.0140625 0.018518518518519
20 0.85026041666667 0.50925925925926 0.0140625 0.018518518518519
20 0.50677083333333 0.81203703703704 0.014583333333333 0.016666666666667
20 0.74557291666667 0.37685185185185 0.0140625 0.016666666666667
49 0.50052083333333 0.49166666666667 0.99479166666667 0.98148148148148