20 0.15286458333333 0.47731481481481 0.031770833333333 0.041666666666667
20 0.44192708333333 0.48333333333333 0.027604166666667 0.040740740740741
20 0.18151041666667 0.22638888888889 0.0265625 0.032407407407407
20 0.91848958333333 0.051388888888889 0.027604166666667 0.030555555555556
20 0.69973958333333 0.65509259259259 0.0234375 0.030555555555556
20 0.41588541666667 0.063888888888889 0.022395833333333 0.031481481481481
20 0.40989583333333 0.35138888888889 0.022916666666667 0.028703703703704
20 0.034635416666667 0.53148148148148 0.031770833333333 0.038888888888889
20 0.13697916666667 0.18333333333333 0.032291666666667 0.037037037037037
20 0.26223958333333 0.50740740740741 0.027604166666667 0.035185185185185
20 0.21666666666667 0.16064814814815 0.026041666666667 0.036111111111111
20 0.40859375 0.20833333333333 0.0265625 0.033333333333333
20 0.55052083333333 0.35787037037037 0.025 0.034259259259259
20 0.9765625 0.64583333333333 0.025 0.030555555555556
20 0.1046875 0.20694444444444 0.025 0.030555555555556
20 0.503125 0.52175925925926 0.023958333333333 0.030555555555556
20 0.18177083333333 0.94027777777778 0.025 0.028703703703704
20 0.87916666666667 0.34907407407407 0.023958333333333 0.02962962962963
20 0.71484375 0.22685185185185 0.022395833333333 0.031481481481481
20 0.74088541666667 0.61435185185185 0.024479166666667 0.028703703703704
20 0.13619791666667 0.87083333333333 0.022395833333333 0.030555555555556
20 0.04296875 0.125 0.024479166666667 0.027777777777778
20 0.43958333333333 0.52592592592593 0.022916666666667 0.02962962962963
20 0.975 0.47592592592593 0.022916666666667 0.02962962962963
20 0.49348958333333 0.68518518518519 0.021354166666667 0.031481481481481
20 0.045833333333333 0.040277777777778 0.021875 0.030555555555556
20 0.27760416666667 0.65509259259259 0.021875 0.030555555555556
20 0.55911458333333 0.40462962962963 0.022395833333333 0.02962962962963
20 0.25807291666667 0.30787037037037 0.024479166666667 0.026851851851852
20 0.56484375 0.91018518518519 0.0234375 0.027777777777778
20 0.34010416666667 0.43055555555556 0.021875 0.02962962962963
20 0.51979166666667 0.59166666666667 0.021875 0.02962962962963
20 0.32604166666667 0.1462962962963 0.021875 0.02962962962963
20 0.29244791666667 0.094907407407407 0.022395833333333 0.028703703703704
20 0.82109375 0.20648148148148 0.021354166666667 0.02962962962963
20 0.18463541666667 0.66388888888889 0.021354166666667 0.02962962962963
20 0.18046875 0.29166666666667 0.021354166666667 0.02962962962963
20 0.58255208333333 0.64490740740741 0.0234375 0.026851851851852
20 0.56901041666667 0.81296296296296 0.022395833333333 0.027777777777778
20 0.44088541666667 0.81111111111111 0.022395833333333 0.027777777777778
20 0.6140625 0.24027777777778 0.022916666666667 0.026851851851852