20 0.059114583333333 0.46898148148148 0.030729166666667 0.032407407407407
20 0.93958333333333 0.51296296296296 0.027083333333333 0.031481481481481
20 0.91302083333333 0.36018518518519 0.03125 0.025925925925926
20 0.12421875 0.89814814814815 0.025520833333333 0.031481481481481
20 0.3953125 0.3962962962963 0.025 0.031481481481481
20 0.228125 0.21064814814815 0.027083333333333 0.028703703703704
20 0.95859375 0.62638888888889 0.0234375 0.028703703703704
20 0.32135416666667 0.45972222222222 0.021875 0.030555555555556
20 0.15807291666667 0.61296296296296 0.022395833333333 0.02962962962963
20 0.88776041666667 0.66296296296296 0.022395833333333 0.02962962962963
20 0.91640625 0.60694444444444 0.021354166666667 0.030555555555556
20 0.13385416666667 0.59722222222222 0.021875 0.02962962962963
20 0.86953125 0.53055555555556 0.021354166666667 0.02962962962963
20 0.25 0.60138888888889 0.021875 0.028703703703704
20 0.16901041666667 0.44861111111111 0.021354166666667 0.028703703703704
20 0.84401041666667 0.61527777777778 0.022395833333333 0.026851851851852
20 0.7515625 0.39814814814815 0.023958333333333 0.024074074074074
20 0.069791666666667 0.83287037037037 0.022916666666667 0.025
20 0.9265625 0.56898148148148 0.020833333333333 0.026851851851852
20 0.0984375 0.52546296296296 0.021875 0.025
20 0.06640625 0.66018518518519 0.022395833333333 0.024074074074074
20 0.39375 0.54259259259259 0.020833333333333 0.025925925925926
20 0.88984375 0.57083333333333 0.021354166666667 0.025
20 0.29192708333333 0.81064814814815 0.021354166666667 0.025
20 0.13567708333333 0.15601851851852 0.022395833333333 0.023148148148148
20 0.17291666666667 0.24444444444444 0.023958333333333 0.022222222222222
20 0.49088541666667 0.90555555555556 0.0203125 0.025925925925926
20 0.68333333333333 0.27361111111111 0.021875 0.023148148148148
20 0.87734375 0.74768518518519 0.019270833333333 0.026851851851852
20 0.80364583333333 0.51342592592593 0.01875 0.026851851851852
20 0.075260416666667 0.33703703703704 0.019270833333333 0.025925925925926
20 0.3484375 0.40787037037037 0.020833333333333 0.023148148148148
20 0.44713541666667 0.91851851851852 0.0203125 0.024074074074074
20 0.62630208333333 0.51064814814815 0.019270833333333 0.025
20 0.2859375 0.71574074074074 0.019791666666667 0.024074074074074
20 0.84557291666667 0.72962962962963 0.018229166666667 0.025925925925926
20 0.72708333333333 0.75416666666667 0.017708333333333 0.025
20 0.74348958333333 0.60787037037037 0.0171875 0.026851851851852
20 0.47682291666667 0.53240740740741 0.018229166666667 0.024074074074074
20 0.0890625 0.64305555555556 0.01875 0.023148148148148
20 0.80442708333333 0.68333333333333 0.0171875 0.025925925925926
20 0.32213541666667 0.57268518518519 0.018229166666667 0.025
20 0.84427083333333 0.77592592592593 0.016666666666667 0.025925925925926
20 0.26380208333333 0.52453703703704 0.018229166666667 0.023148148148148
20 0.42161458333333 0.54398148148148 0.0203125 0.021296296296296
20 0.18229166666667 0.32361111111111 0.01875 0.023148148148148
20 0.67109375 0.6625 0.0171875 0.025
20 0.02734375 0.84814814814815 0.019270833333333 0.022222222222222
20 0.78723958333333 0.63657407407407 0.018229166666667 0.023148148148148
20 0.221875 0.65833333333333 0.01875 0.022222222222222
20 0.1453125 0.51342592592593 0.019791666666667 0.021296296296296
20 0.73645833333333 0.64305555555556 0.016666666666667 0.025
20 0.022395833333333 0.45138888888889 0.017708333333333 0.023148148148148
20 0.92161458333333 0.82268518518519 0.019270833333333 0.021296296296296
20 0.96796875 0.052314814814815 0.0203125 0.019444444444444
20 0.052083333333333 0.94861111111111 0.017708333333333 0.021296296296296
20 0.62109375 0.62916666666667 0.016145833333333 0.023148148148148
20 0.30026041666667 0.32083333333333 0.0203125 0.019444444444444
20 0.64557291666667 0.68935185185185 0.016145833333333 0.023148148148148
20 0.41432291666667 0.27638888888889 0.019270833333333 0.019444444444444
20 0.071614583333333 0.92592592592593 0.016145833333333 0.022222222222222
20 0.2359375 0.56851851851852 0.016666666666667 0.02037037037037
20 0.66901041666667 0.69953703703704 0.015104166666667 0.023148148148148
20 0.61015625 0.55833333333333 0.016145833333333 0.02037037037037
20 0.66380208333333 0.93703703703704 0.015104166666667 0.022222222222222
20 0.1140625 0.50046296296296 0.015625 0.021296296296296
20 0.50911458333333 0.84305555555556 0.015104166666667 0.021296296296296
20 0.29583333333333 0.91111111111111 0.015625 0.02037037037037
20 0.23828125 0.94722222222222 0.016145833333333 0.018518518518519
20 0.0046875 0.57175925925926 0.009375 0.019444444444444
20 0.9640625 0.56851851851852 0.014583333333333 0.02037037037037
49 0.496875 0.49444444444444 0.99166666666667 0.98518518518519