43 0.228125 0.059722222222222 0.030208333333333 0.043518518518519
43 0.76875 0.35555555555556 0.028125 0.040740740740741
43 0.6890625 0.19166666666667 0.021875 0.033333333333333
43 0.21145833333333 0.2037037037037 0.019791666666667 0.037037037037037
43 0.88880208333333 0.33101851851852 0.022395833333333 0.030555555555556
19 0.068229166666667 0.73333333333333 0.021875 0.031481481481481
43 0.56953125 0.20046296296296 0.021354166666667 0.030555555555556
43 0.73046875 0.6337962962963 0.021354166666667 0.030555555555556
43 0.98984375 0.49444444444444 0.018229166666667 0.02962962962963
43 0.16536458333333 0.92916666666667 0.0203125 0.026851851851852
43 0.11223958333333 0.098611111111111 0.033854166666667 0.050925925925926
43 0.13697916666667 0.33703703703704 0.028125 0.044444444444444
43 0.71067708333333 0.88657407407407 0.031770833333333 0.037962962962963
43 0.28958333333333 0.35462962962963 0.028125 0.042592592592593
19 0.031510416666667 0.032407407407407 0.0265625 0.038888888888889
43 0.41067708333333 0.18981481481481 0.024479166666667 0.038888888888889
19 0.082291666666667 0.1412037037037 0.025 0.036111111111111
19 0.1125 0.68842592592593 0.025 0.034259259259259
43 0.14088541666667 0.16759259259259 0.025520833333333 0.038888888888889