20 0.52005208333333 0.36666666666667 0.0234375 0.033333333333333
20 0.04140625 0.61203703703704 0.022395833333333 0.035185185185185
20 0.95494791666667 0.94814814814815 0.021354166666667 0.031481481481481
20 0.50807291666667 0.29444444444444 0.0203125 0.031481481481481
20 0.33932291666667 0.67638888888889 0.0203125 0.028703703703704
20 0.0734375 0.60972222222222 0.01875 0.030555555555556
20 0.10130208333333 0.76018518518519 0.0171875 0.027777777777778
20 0.28411458333333 0.29027777777778 0.019270833333333 0.026851851851852
20 0.22890625 0.38518518518519 0.018229166666667 0.02962962962963
20 0.22682291666667 0.72361111111111 0.018229166666667 0.026851851851852
20 0.53359375 0.95185185185185 0.018229166666667 0.025925925925926
20 0.87708333333333 0.97638888888889 0.01875 0.025
20 0.61510416666667 0.77962962962963 0.017708333333333 0.025925925925926
20 0.13385416666667 0.059722222222222 0.017708333333333 0.026851851851852
20 0.403125 0.98287037037037 0.017708333333333 0.025
20 0.081510416666667 0.38981481481481 0.0171875 0.025925925925926
20 0.3828125 0.61712962962963 0.017708333333333 0.025
20 0.17552083333333 0.87222222222222 0.017708333333333 0.025925925925926
20 0.39479166666667 0.64861111111111 0.016666666666667 0.025
20 0.11302083333333 0.3412037037037 0.016666666666667 0.025
20 0.084635416666667 0.88425925925926 0.0171875 0.024074074074074
20 0.20729166666667 0.59953703703704 0.017708333333333 0.023148148148148
20 0.3875 0.26064814814815 0.017708333333333 0.023148148148148
20 0.58854166666667 0.47314814814815 0.016666666666667 0.024074074074074
20 0.2765625 0.87407407407407 0.017708333333333 0.022222222222222
20 0.17630208333333 0.67407407407407 0.016145833333333 0.024074074074074
20 0.47552083333333 0.67453703703704 0.017708333333333 0.021296296296296
20 0.60729166666667 0.70231481481481 0.016666666666667 0.023148148148148
20 0.23333333333333 0.81990740740741 0.017708333333333 0.021296296296296
20 0.37838541666667 0.5625 0.016145833333333 0.023148148148148
20 0.79244791666667 0.9287037037037 0.018229166666667 0.02037037037037
20 0.44453125 0.26574074074074 0.018229166666667 0.02037037037037
20 0.052604166666667 0.77546296296296 0.015625 0.023148148148148
20 0.46927083333333 0.42777777777778 0.017708333333333 0.02037037037037
20 0.26432291666667 0.64166666666667 0.016145833333333 0.022222222222222
20 0.069010416666667 0.36018518518519 0.016145833333333 0.022222222222222
20 0.84322916666667 0.78425925925926 0.015625 0.022222222222222
20 0.1265625 0.15740740740741 0.015625 0.022222222222222
20 0.79114583333333 0.70138888888889 0.015625 0.021296296296296
20 0.38854166666667 0.51111111111111 0.015625 0.02037037037037
20 0.47864583333333 0.53796296296296 0.016666666666667 0.018518518518519
20 0.30104166666667 0.64351851851852 0.014583333333333 0.02037037037037
20 0.05 0.69583333333333 0.013541666666667 0.021296296296296
20 0.16302083333333 0.48009259259259 0.014583333333333 0.019444444444444
20 0.34791666666667 0.96342592592593 0.014583333333333 0.019444444444444
20 0.55442708333333 0.67453703703704 0.015104166666667 0.017592592592593
20 0.3046875 0.82222222222222 0.014583333333333 0.018518518518519
20 0.27552083333333 0.58888888888889 0.013541666666667 0.018518518518519
20 0.23697916666667 0.66944444444444 0.013541666666667 0.018518518518519
20 0.43307291666667 0.48009259259259 0.0140625 0.017592592592593
20 0.61380208333333 0.57824074074074 0.0140625 0.017592592592593
20 0.11432291666667 0.38981481481481 0.013020833333333 0.018518518518519
20 0.23229166666667 0.99166666666667 0.013541666666667 0.016666666666667
20 0.146875 0.90601851851852 0.011458333333333 0.017592592592593