19 0.23567708333333 0.50509259259259 0.019270833333333 0.019444444444444
19 0.46953125 0.47731481481481 0.018229166666667 0.019444444444444
19 0.20833333333333 0.36203703703704 0.014583333333333 0.016666666666667
19 0.309375 0.3537037037037 0.015625 0.016666666666667
19 0.47421875 0.44861111111111 0.015104166666667 0.015740740740741
19 0.5375 0.54861111111111 0.014583333333333 0.015740740740741
19 0.49973958333333 0.21574074074074 0.015104166666667 0.014814814814815
19 0.490625 0.39166666666667 0.014583333333333 0.014814814814815
19 0.5359375 0.47777777777778 0.014583333333333 0.014814814814815
19 0.41875 0.35462962962963 0.013541666666667 0.014814814814815
19 0.32005208333333 0.52175925925926 0.013020833333333 0.013888888888889
19 0.56822916666667 0.51111111111111 0.014583333333333 0.012962962962963
19 0.396875 0.36481481481481 0.0125 0.014814814814815
19 0.40286458333333 0.17453703703704 0.013020833333333 0.013888888888889
19 0.45208333333333 0.3787037037037 0.013541666666667 0.012962962962963
19 0.3703125 0.32175925925926 0.0125 0.013888888888889
19 0.225 0.41990740740741 0.0125 0.013888888888889
19 0.41979166666667 0.45231481481481 0.0125 0.013888888888889
19 0.28229166666667 0.375 0.0125 0.012962962962963
19 0.30494791666667 0.3837962962963 0.011979166666667 0.013888888888889
19 0.51614583333333 0.50555555555556 0.0125 0.012962962962963
19 0.30755208333333 0.40277777777778 0.011979166666667 0.012962962962963
19 0.29192708333333 0.46296296296296 0.011979166666667 0.012962962962963
19 0.49661458333333 0.52731481481481 0.011979166666667 0.012037037037037
19 0.56510416666667 0.43564814814815 0.011458333333333 0.012037037037037
19 0.33671875 0.41805555555556 0.0109375 0.012037037037037