20 0.033854166666667 0.52824074074074 0.029166666666667 0.034259259259259
20 0.98567708333333 0.13287037037037 0.024479166666667 0.037962962962963
20 0.56848958333333 0.15231481481481 0.021354166666667 0.030555555555556
20 0.01875 0.15648148148148 0.020833333333333 0.031481481481481
20 0.49296875 0.18333333333333 0.0203125 0.027777777777778
20 0.72161458333333 0.45 0.0203125 0.027777777777778
20 0.15520833333333 0.30787037037037 0.01875 0.025
20 0.26328125 0.75277777777778 0.019270833333333 0.024074074074074
20 0.62708333333333 0.4875 0.027083333333333 0.034259259259259
20 0.36770833333333 0.40694444444444 0.028125 0.028703703703704
20 0.54401041666667 0.20231481481481 0.022395833333333 0.034259259259259
20 0.790625 0.29907407407407 0.022916666666667 0.033333333333333
20 0.097135416666667 0.15185185185185 0.022395833333333 0.033333333333333
20 0.15833333333333 0.14166666666667 0.022916666666667 0.02962962962963
20 0.30598958333333 0.2287037037037 0.022395833333333 0.02962962962963
20 0.23203125 0.61388888888889 0.022395833333333 0.02962962962963
20 0.81770833333333 0.19722222222222 0.021875 0.027777777777778