19 0.06171875 0.89444444444444 0.028645833333333 0.02962962962963
19 0.091145833333333 0.84583333333333 0.022916666666667 0.026851851851852
19 0.084114583333333 0.75601851851852 0.0234375 0.025
19 0.18463541666667 0.16666666666667 0.021354166666667 0.027777777777778
19 0.29557291666667 0.44768518518519 0.0203125 0.028703703703704
19 0.78072916666667 0.16435185185185 0.020833333333333 0.026851851851852
19 0.53255208333333 0.7587962962963 0.0203125 0.026851851851852
19 0.13229166666667 0.70833333333333 0.020833333333333 0.025925925925926
19 0.032552083333333 0.15787037037037 0.0265625 0.019444444444444
19 0.80651041666667 0.34305555555556 0.019270833333333 0.025
19 0.36770833333333 0.048611111111111 0.019791666666667 0.023148148148148
19 0.34036458333333 0.3162037037037 0.018229166666667 0.025
19 0.13723958333333 0.10694444444444 0.018229166666667 0.025
19 0.84140625 0.41342592592593 0.018229166666667 0.023148148148148
19 0.24791666666667 0.17407407407407 0.019791666666667 0.022222222222222
19 0.87109375 0.76666666666667 0.019270833333333 0.025925925925926
19 0.70703125 0.61759259259259 0.018229166666667 0.022222222222222
19 0.8796875 0.27685185185185 0.017708333333333 0.022222222222222
19 0.37083333333333 0.37268518518519 0.016666666666667 0.023148148148148
19 0.1953125 0.21296296296296 0.01875 0.02037037037037
19 0.33151041666667 0.69537037037037 0.0171875 0.022222222222222
19 0.22395833333333 0.36805555555556 0.017708333333333 0.021296296296296
19 0.72916666666667 0.49907407407407 0.015625 0.024074074074074
19 0.8203125 0.47685185185185 0.016666666666667 0.024074074074074
19 0.096354166666667 0.33703703703704 0.015625 0.024074074074074
19 0.75494791666667 0.29398148148148 0.016145833333333 0.023148148148148
19 0.10338541666667 0.23148148148148 0.018229166666667 0.02037037037037
19 0.61953125 0.20046296296296 0.0171875 0.021296296296296
19 0.96276041666667 0.51111111111111 0.015104166666667 0.024074074074074
19 0.64583333333333 0.74768518518519 0.015625 0.023148148148148
19 0.18229166666667 0.87175925925926 0.015625 0.023148148148148
19 0.79427083333333 0.68981481481481 0.017708333333333 0.02037037037037
19 0.19166666666667 0.29907407407407 0.017708333333333 0.02037037037037
19 0.346875 0.41296296296296 0.017708333333333 0.02037037037037
19 0.38645833333333 0.66111111111111 0.017708333333333 0.02037037037037
19 0.72005208333333 0.73425925925926 0.016145833333333 0.022222222222222
19 0.6453125 0.6087962962963 0.016666666666667 0.021296296296296
19 0.58072916666667 0.34583333333333 0.016666666666667 0.021296296296296
19 0.890625 0.41157407407407 0.016666666666667 0.021296296296296
19 0.92604166666667 0.42268518518519 0.016666666666667 0.021296296296296
19 0.8375 0.53472222222222 0.016666666666667 0.021296296296296
19 0.5046875 0.81990740740741 0.016666666666667 0.021296296296296
19 0.69817708333333 0.19814814814815 0.0171875 0.02037037037037
19 0.7234375 0.67592592592593 0.015625 0.022222222222222
19 0.94322916666667 0.25925925925926 0.015625 0.022222222222222
19 0.29921875 0.84953703703704 0.016145833333333 0.021296296296296
19 0.73385416666667 0.76759259259259 0.015625 0.022222222222222
19 0.057291666666667 0.65185185185185 0.016666666666667 0.02037037037037
19 0.54791666666667 0.48148148148148 0.016666666666667 0.02037037037037
19 0.27213541666667 0.9537037037037 0.015104166666667 0.022222222222222
19 0.66041666666667 0.58101851851852 0.015625 0.021296296296296
19 0.7046875 0.54490740740741 0.015625 0.021296296296296
19 0.259375 0.46435185185185 0.015625 0.021296296296296
19 0.25364583333333 0.69490740740741 0.015625 0.021296296296296
19 0.87760416666667 0.6125 0.016666666666667 0.019444444444444
19 0.925 0.29305555555556 0.015625 0.021296296296296
19 0.3796875 0.42453703703704 0.016666666666667 0.019444444444444
19 0.017447916666667 0.86388888888889 0.0171875 0.018518518518519
19 0.77734375 0.54305555555556 0.015104166666667 0.021296296296296
19 0.51953125 0.37731481481481 0.016145833333333 0.019444444444444
19 0.026041666666667 0.62314814814815 0.016666666666667 0.018518518518519
19 0.40963541666667 0.61342592592593 0.016145833333333 0.019444444444444
19 0.84505208333333 0.96388888888889 0.015104166666667 0.02037037037037
19 0.75390625 0.49583333333333 0.0140625 0.021296296296296
19 0.82369791666667 0.77222222222222 0.016145833333333 0.018518518518519
19 0.11901041666667 0.59814814814815 0.016145833333333 0.018518518518519
19 0.91328125 0.7125 0.015104166666667 0.019444444444444
19 0.29348958333333 0.39814814814815 0.015104166666667 0.018518518518519
19 0.7015625 0.39444444444444 0.014583333333333 0.018518518518519
19 0.89895833333333 0.675 0.014583333333333 0.018518518518519
19 0.92916666666667 0.84259259259259 0.014583333333333 0.018518518518519
19 0.26276041666667 0.63333333333333 0.0140625 0.018518518518519
19 0.0203125 0.55787037037037 0.016666666666667 0.015740740740741
19 0.38489583333333 0.51111111111111 0.013541666666667 0.018518518518519
19 0.68125 0.44212962962963 0.0125 0.019444444444444
19 0.85729166666667 0.82222222222222 0.0125 0.018518518518519
19 0.80546875 0.84027777777778 0.013020833333333 0.017592592592593