43 0.039583333333333 0.68240740740741 0.030208333333333 0.02962962962963
43 0.19010416666667 0.18564814814815 0.022916666666667 0.025
43 0.22786458333333 0.8 0.021354166666667 0.024074074074074
43 0.052083333333333 0.63194444444444 0.021875 0.023148148148148
43 0.53619791666667 0.36296296296296 0.0234375 0.022222222222222
43 0.020052083333333 0.9087962962963 0.021354166666667 0.023148148148148
19 0.49348958333333 0.18657407407407 0.0203125 0.023148148148148
19 0.31041666666667 0.16527777777778 0.019791666666667 0.023148148148148
43 0.25755208333333 0.86527777777778 0.019270833333333 0.023148148148148
43 0.25651041666667 0.34814814814815 0.022395833333333 0.02037037037037
43 0.36848958333333 0.60833333333333 0.019270833333333 0.022222222222222
43 0.43020833333333 0.41990740740741 0.01875 0.019444444444444
19 0.38671875 0.094907407407407 0.016145833333333 0.019444444444444
43 0.20052083333333 0.31666666666667 0.01875 0.018518518518519
19 0.039583333333333 0.68240740740741 0.030208333333333 0.02962962962963
19 0.032291666666667 0.74583333333333 0.028125 0.030555555555556
19 0.69114583333333 0.97268518518519 0.027083333333333 0.025
19 0.084895833333333 0.42314814814815 0.029166666666667 0.024074074074074
19 0.12786458333333 0.81527777777778 0.024479166666667 0.021296296296296
19 0.59713541666667 0.72222222222222 0.022395833333333 0.024074074074074
19 0.19010416666667 0.18564814814815 0.022916666666667 0.025
19 0.017708333333333 0.46481481481481 0.022916666666667 0.022222222222222
19 0.53619791666667 0.36296296296296 0.022395833333333 0.022222222222222
19 0.64479166666667 0.6375 0.025 0.019444444444444
19 0.228125 0.79953703703704 0.020833333333333 0.023148148148148
19 0.020052083333333 0.90833333333333 0.021354166666667 0.022222222222222
19 0.052083333333333 0.63194444444444 0.021875 0.023148148148148
19 0.25651041666667 0.34814814814815 0.022395833333333 0.02037037037037
19 0.49348958333333 0.18564814814815 0.019270833333333 0.023148148148148
19 0.60677083333333 0.69675925925926 0.019791666666667 0.021296296296296
19 0.2578125 0.86574074074074 0.01875 0.022222222222222
19 0.36848958333333 0.60833333333333 0.019270833333333 0.022222222222222
19 0.22317708333333 0.63240740740741 0.021354166666667 0.02037037037037
19 0.21015625 0.25925925925926 0.021354166666667 0.018518518518519
19 0.31041666666667 0.16527777777778 0.01875 0.023148148148148
19 0.43020833333333 0.41990740740741 0.01875 0.019444444444444
19 0.54895833333333 0.58425925925926 0.020833333333333 0.018518518518519
19 0.18151041666667 0.66666666666667 0.019270833333333 0.018518518518519
19 0.30755208333333 0.8875 0.018229166666667 0.019444444444444
19 0.20052083333333 0.31666666666667 0.01875 0.018518518518519
19 0.32135416666667 0.41712962962963 0.019791666666667 0.017592592592593
19 0.25 0.7462962962963 0.019791666666667 0.02037037037037
19 0.81666666666667 0.76944444444444 0.019791666666667 0.02037037037037
19 0.16875 0.26574074074074 0.020833333333333 0.016666666666667
19 0.70026041666667 0.23009259259259 0.0171875 0.019444444444444
19 0.69973958333333 0.66990740740741 0.0171875 0.019444444444444
19 0.49869791666667 0.40972222222222 0.019270833333333 0.017592592592593
19 0.36770833333333 0.38888888888889 0.019791666666667 0.016666666666667
19 0.38671875 0.09537037037037 0.016145833333333 0.02037037037037
19 0.73802083333333 0.13703703703704 0.015625 0.02037037037037
19 0.20130208333333 0.86574074074074 0.018229166666667 0.016666666666667
19 0.63385416666667 0.81435185185185 0.016666666666667 0.017592592592593
19 0.69739583333333 0.38009259259259 0.014583333333333 0.017592592592593
19 0.30833333333333 0.34351851851852 0.017708333333333 0.014814814814815
19 0.14973958333333 0.15138888888889 0.018229166666667 0.015740740740741