20 0.1953125 0.68888888888889 0.0375 0.038888888888889
20 0.02890625 0.023611111111111 0.027604166666667 0.037962962962963
20 0.63958333333333 0.1837962962963 0.028125 0.036111111111111
20 0.36770833333333 0.16111111111111 0.03125 0.033333333333333
20 0.0234375 0.32592592592593 0.03125 0.031481481481481
20 0.037239583333333 0.11574074074074 0.028645833333333 0.033333333333333
20 0.10989583333333 0.3837962962963 0.029166666666667 0.032407407407407
20 0.18515625 0.40694444444444 0.025520833333333 0.032407407407407
20 0.47369791666667 0.079166666666667 0.028645833333333 0.032407407407407
20 0.84583333333333 0.70185185185185 0.023958333333333 0.035185185185185
20 0.60078125 0.53981481481481 0.024479166666667 0.033333333333333
20 0.04140625 0.25694444444444 0.027604166666667 0.028703703703704
20 0.60494791666667 0.090740740740741 0.024479166666667 0.031481481481481
20 0.72708333333333 0.90555555555556 0.022916666666667 0.033333333333333
20 0.19765625 0.11111111111111 0.025520833333333 0.02962962962963
20 0.40677083333333 0.17685185185185 0.025 0.02962962962963
20 0.075 0.17546296296296 0.023958333333333 0.030555555555556
20 0.22682291666667 0.12037037037037 0.024479166666667 0.02962962962963
20 0.82526041666667 0.27268518518519 0.0234375 0.030555555555556
20 0.53151041666667 0.0875 0.024479166666667 0.028703703703704
20 0.094010416666667 0.50601851851852 0.024479166666667 0.028703703703704
20 0.84114583333333 0.84166666666667 0.022916666666667 0.02962962962963
20 0.71875 0.9 0.022916666666667 0.02962962962963
20 0.30729166666667 0.54074074074074 0.023958333333333 0.027777777777778
20 0.48151041666667 0.071759259259259 0.024479166666667 0.026851851851852
20 0.4890625 0.1837962962963 0.022916666666667 0.028703703703704
20 0.13828125 0.31527777777778 0.0265625 0.025
20 0.40286458333333 0.6962962962963 0.024479166666667 0.025925925925926
20 0.21822916666667 0.30833333333333 0.022916666666667 0.027777777777778
20 0.79010416666667 0.97361111111111 0.021875 0.028703703703704
20 0.71067708333333 0.10185185185185 0.022395833333333 0.027777777777778
20 0.746875 0.95046296296296 0.021875 0.028703703703704
20 0.33958333333333 0.27314814814815 0.021875 0.027777777777778
20 0.27395833333333 0.15138888888889 0.022916666666667 0.026851851851852
20 0.26458333333333 0.61111111111111 0.021875 0.027777777777778
20 0.70104166666667 0.28888888888889 0.021875 0.027777777777778
20 0.087239583333333 0.61157407407407 0.022395833333333 0.026851851851852
20 0.68802083333333 0.23101851851852 0.020833333333333 0.028703703703704
20 0.41744791666667 0.28518518518519 0.024479166666667 0.024074074074074
20 0.37135416666667 0.75648148148148 0.022916666666667 0.025925925925926
20 0.92890625 0.65601851851852 0.0203125 0.028703703703704
20 0.87786458333333 0.59768518518519 0.0203125 0.028703703703704
20 0.26484375 0.41203703703704 0.022395833333333 0.025925925925926
20 0.65416666666667 0.9462962962963 0.021875 0.025925925925926
20 0.83671875 0.92685185185185 0.0203125 0.027777777777778
20 0.67447916666667 0.17453703703704 0.020833333333333 0.026851851851852
20 0.3703125 0.11712962962963 0.021875 0.025
20 0.4234375 0.60046296296296 0.021875 0.025
20 0.88255208333333 0.88657407407407 0.0203125 0.026851851851852
20 0.017447916666667 0.53055555555556 0.022395833333333 0.024074074074074
20 0.69895833333333 0.7625 0.019791666666667 0.026851851851852
20 0.40911458333333 0.55324074074074 0.021354166666667 0.025
20 0.86015625 0.057407407407407 0.0203125 0.025925925925926
20 0.67057291666667 0.9462962962963 0.0203125 0.025925925925926
20 0.45963541666667 0.77222222222222 0.0203125 0.025925925925926
20 0.010677083333333 0.72592592592593 0.0203125 0.025925925925926
20 0.91015625 0.80555555555556 0.0203125 0.025925925925926
20 0.69322916666667 0.65509259259259 0.020833333333333 0.025
20 0.16770833333333 0.61064814814815 0.021875 0.023148148148148
20 0.83203125 0.7625 0.019270833333333 0.026851851851852
20 0.94244791666667 0.73564814814815 0.0203125 0.025
20 0.496875 0.2287037037037 0.019791666666667 0.025925925925926
20 0.96979166666667 0.59398148148148 0.01875 0.026851851851852
20 0.69947916666667 0.25925925925926 0.019791666666667 0.025925925925926
20 0.11822916666667 0.85 0.020833333333333 0.024074074074074
20 0.0359375 0.80555555555556 0.020833333333333 0.024074074074074
20 0.86328125 0.78611111111111 0.019270833333333 0.025925925925926
20 0.66640625 0.29814814814815 0.019270833333333 0.025925925925926
20 0.615625 0.24490740740741 0.019791666666667 0.025
20 0.50338541666667 0.95185185185185 0.0203125 0.024074074074074
20 0.69010416666667 0.33240740740741 0.01875 0.025925925925926
20 0.64713541666667 0.28194444444444 0.019270833333333 0.025
20 0.77890625 0.73564814814815 0.019270833333333 0.025
20 0.253125 0.20555555555556 0.019791666666667 0.024074074074074
20 0.48151041666667 0.13564814814815 0.0203125 0.023148148148148
20 0.50130208333333 0.25601851851852 0.0203125 0.023148148148148
20 0.65052083333333 0.69768518518519 0.01875 0.025
20 0.13307291666667 0.084722222222222 0.021354166666667 0.021296296296296
20 0.80572916666667 0.46342592592593 0.01875 0.023148148148148
20 0.23203125 0.8337962962963 0.0203125 0.021296296296296
20 0.62005208333333 0.37638888888889 0.018229166666667 0.023148148148148
20 0.12994791666667 0.54768518518519 0.0203125 0.021296296296296
20 0.31822916666667 0.92592592592593 0.01875 0.022222222222222
20 0.87447916666667 0.49351851851852 0.01875 0.022222222222222
20 0.94765625 0.70555555555556 0.0171875 0.024074074074074
20 0.01640625 0.9 0.0203125 0.02037037037037
20 0.98697916666667 0.63101851851852 0.017708333333333 0.023148148148148
20 0.7703125 0.8125 0.017708333333333 0.023148148148148
20 0.96901041666667 0.97685185185185 0.018229166666667 0.022222222222222
20 0.52213541666667 0.88333333333333 0.018229166666667 0.022222222222222
20 0.7828125 0.16064814814815 0.01875 0.021296296296296
20 0.92317708333333 0.35185185185185 0.018229166666667 0.022222222222222
20 0.59140625 0.30740740740741 0.018229166666667 0.022222222222222
20 0.098697916666667 0.081018518518519 0.0203125 0.019444444444444
20 0.097395833333333 0.018518518518519 0.019791666666667 0.018518518518519
20 0.64557291666667 0.11527777777778 0.0171875 0.021296296296296
20 0.71041666666667 0.076388888888889 0.015625 0.017592592592593
20 0.26380208333333 0.080555555555556 0.018229166666667 0.018518518518519
20 0.89479166666667 0.94444444444444 0.015625 0.02037037037037
20 0.23645833333333 0.021759259259259 0.017708333333333 0.017592592592593