20 0.93671875 0.20416666666667 0.0234375 0.030555555555556
20 0.16302083333333 0.014351851851852 0.021875 0.028703703703704
20 0.74401041666667 0.12638888888889 0.021354166666667 0.028703703703704
20 0.58072916666667 0.018518518518519 0.020833333333333 0.027777777777778
20 0.14947916666667 0.29490740740741 0.01875 0.030555555555556
20 0.91223958333333 0.35740740740741 0.019270833333333 0.02962962962963
20 0.28802083333333 0.098148148148148 0.01875 0.02962962962963
20 0.86822916666667 0.096296296296296 0.020833333333333 0.025925925925926
20 0.25052083333333 0.21342592592593 0.01875 0.028703703703704
20 0.56067708333333 0.093981481481481 0.019270833333333 0.026851851851852
20 0.94375 0.065277777777778 0.019791666666667 0.025
20 0.14895833333333 0.1287037037037 0.017708333333333 0.027777777777778
20 0.21171875 0.6337962962963 0.019270833333333 0.025
20 0.63072916666667 0.22407407407407 0.01875 0.025925925925926
20 0.83255208333333 0.074537037037037 0.019270833333333 0.025
20 0.37526041666667 0.37916666666667 0.019270833333333 0.025
20 0.80234375 0.059259259259259 0.019270833333333 0.024074074074074
20 0.35182291666667 0.26805555555556 0.0171875 0.026851851851852
20 0.51276041666667 0.23333333333333 0.018229166666667 0.024074074074074
20 0.47109375 0.15601851851852 0.0171875 0.025
20 0.7671875 0.053703703703704 0.01875 0.024074074074074
20 0.79166666666667 0.22037037037037 0.016666666666667 0.024074074074074
20 0.37552083333333 0.42777777777778 0.017708333333333 0.022222222222222
20 0.87239583333333 0.45555555555556 0.017708333333333 0.022222222222222
20 0.96614583333333 0.33611111111111 0.014583333333333 0.022222222222222
20 0.05625 0.68287037037037 0.015625 0.021296296296296
20 0.038020833333333 0.4212962962963 0.017708333333333 0.024074074074074