43 0.27135416666667 0.46527777777778 0.021875 0.030555555555556
19 0.60520833333333 0.30046296296296 0.029166666666667 0.032407407407407
43 0.49739583333333 0.63101851851852 0.022916666666667 0.026851851851852
43 0.0265625 0.81111111111111 0.021875 0.025925925925926
43 0.10807291666667 0.75925925925926 0.0234375 0.025925925925926
43 0.86328125 0.33333333333333 0.021354166666667 0.027777777777778
43 0.0125 0.68287037037037 0.020833333333333 0.025
43 0.57916666666667 0.42592592592593 0.019791666666667 0.024074074074074
43 0.9328125 0.3412037037037 0.017708333333333 0.025
43 0.83541666666667 0.30694444444444 0.017708333333333 0.023148148148148
43 0.051302083333333 0.79027777777778 0.018229166666667 0.023148148148148
43 0.35546875 0.55787037037037 0.021354166666667 0.030555555555556
43 0.46822916666667 0.175 0.022916666666667 0.033333333333333
43 0.27135416666667 0.46527777777778 0.021875 0.028703703703704
43 0.44010416666667 0.4087962962963 0.020833333333333 0.028703703703704
43 0.20963541666667 0.91851851851852 0.022395833333333 0.025925925925926
43 0.63776041666667 0.3962962962963 0.021354166666667 0.027777777777778
43 0.027083333333333 0.81111111111111 0.021875 0.025925925925926
43 0.10833333333333 0.76018518518519 0.022916666666667 0.024074074074074
43 0.49765625 0.63148148148148 0.021354166666667 0.025925925925926
43 0.0125 0.68240740740741 0.020833333333333 0.024074074074074
43 0.89505208333333 0.98518518518519 0.019270833333333 0.025925925925926
43 0.86380208333333 0.33333333333333 0.019270833333333 0.025925925925926
43 0.46953125 0.2412037037037 0.018229166666667 0.026851851851852
43 0.43854166666667 0.33055555555556 0.01875 0.025925925925926
43 0.070052083333333 0.57361111111111 0.019270833333333 0.025
43 0.66640625 0.34722222222222 0.0171875 0.027777777777778
43 0.17994791666667 0.43425925925926 0.018229166666667 0.025925925925926
43 0.59765625 0.21018518518519 0.018229166666667 0.025925925925926
43 0.87864583333333 0.53333333333333 0.01875 0.024074074074074
43 0.5796875 0.42592592592593 0.01875 0.024074074074074
43 0.91588541666667 0.2537037037037 0.018229166666667 0.024074074074074
43 0.051302083333333 0.79074074074074 0.019270833333333 0.022222222222222
43 0.74609375 0.1162037037037 0.0171875 0.023148148148148
43 0.040625 0.29722222222222 0.017708333333333 0.022222222222222
43 0.58802083333333 0.53657407407407 0.016666666666667 0.023148148148148
43 0.9328125 0.34074074074074 0.015625 0.024074074074074
43 0.94244791666667 0.46759259259259 0.015104166666667 0.024074074074074
43 0.69739583333333 0.49953703703704 0.015625 0.023148148148148
43 0.83515625 0.30648148148148 0.016145833333333 0.022222222222222
43 0.51640625 0.42407407407407 0.016145833333333 0.022222222222222
43 0.36953125 0.52962962962963 0.016145833333333 0.022222222222222
43 0.76145833333333 0.68148148148148 0.015625 0.022222222222222
43 0.27291666666667 0.68518518518519 0.016666666666667 0.02037037037037
43 0.80546875 0.33472222222222 0.015104166666667 0.021296296296296
43 0.22630208333333 0.8462962962963 0.0171875 0.018518518518519
43 0.76354166666667 0.54768518518519 0.014583333333333 0.021296296296296
43 0.10338541666667 0.48287037037037 0.016145833333333 0.019444444444444
43 0.39661458333333 0.6837962962963 0.0171875 0.017592592592593
43 0.28802083333333 0.58518518518519 0.015625 0.018518518518519
43 0.89869791666667 0.43240740740741 0.0140625 0.02037037037037
43 0.93411458333333 0.50648148148148 0.013020833333333 0.02037037037037