20 0.73385416666667 0.4662037037037 0.020833333333333 0.030555555555556
20 0.08671875 0.019444444444444 0.0203125 0.031481481481481
20 0.067708333333333 0.22546296296296 0.023958333333333 0.034259259259259
20 0.44869791666667 0.016666666666667 0.022395833333333 0.027777777777778
20 0.89583333333333 0.25972222222222 0.019791666666667 0.028703703703704
20 0.0796875 0.13287037037037 0.020833333333333 0.026851851851852
20 0.85651041666667 0.23009259259259 0.0203125 0.026851851851852
20 0.0703125 0.08287037037037 0.01875 0.026851851851852
20 0.65052083333333 0.43842592592593 0.01875 0.025
20 0.45208333333333 0.24490740740741 0.019791666666667 0.023148148148148
20 0.92109375 0.16990740740741 0.018229166666667 0.025
20 0.2890625 0.36666666666667 0.01875 0.024074074074074
20 0.646875 0.40324074074074 0.017708333333333 0.025
20 0.47916666666667 0.081481481481481 0.019791666666667 0.022222222222222
20 0.02265625 0.16990740740741 0.0171875 0.025
20 0.3171875 0.6287037037037 0.017708333333333 0.024074074074074
20 0.26197916666667 0.1 0.017708333333333 0.024074074074074
20 0.57916666666667 0.5162037037037 0.016666666666667 0.025
20 0.3609375 0.45046296296296 0.017708333333333 0.023148148148148
20 0.035416666666667 0.35555555555556 0.016666666666667 0.024074074074074
20 0.61145833333333 0.43564814814815 0.016666666666667 0.023148148148148
20 0.21510416666667 0.37407407407407 0.017708333333333 0.022222222222222
20 0.075520833333333 0.27314814814815 0.015625 0.024074074074074
20 0.25598958333333 0.50972222222222 0.0171875 0.021296296296296
20 0.20286458333333 0.50787037037037 0.0171875 0.021296296296296
20 0.12083333333333 0.2587962962963 0.015625 0.023148148148148
20 0.28880208333333 0.47546296296296 0.016145833333333 0.023148148148148
20 0.30494791666667 0.25601851851852 0.0171875 0.021296296296296
20 0.69765625 0.091203703703704 0.015104166666667 0.023148148148148
20 0.00859375 0.56805555555556 0.015104166666667 0.023148148148148
20 0.80833333333333 0.31851851851852 0.015625 0.022222222222222
20 0.28697916666667 0.33333333333333 0.015625 0.022222222222222
20 0.5921875 0.33240740740741 0.015625 0.022222222222222
20 0.0421875 0.66944444444444 0.015625 0.022222222222222
20 0.14765625 0.5087962962963 0.016145833333333 0.021296296296296
20 0.621875 0.58703703703704 0.016666666666667 0.02037037037037
20 0.48567708333333 0.52777777777778 0.016145833333333 0.02037037037037
20 0.17838541666667 0.18518518518519 0.015104166666667 0.022222222222222
20 0.11796875 0.51203703703704 0.016145833333333 0.02037037037037
20 0.43203125 0.41111111111111 0.015104166666667 0.02037037037037
20 0.0080729166666667 0.33055555555556 0.0140625 0.022222222222222
20 0.51171875 0.39861111111111 0.0140625 0.021296296296296
20 0.77239583333333 0.55 0.014583333333333 0.02037037037037
20 0.47578125 0.57592592592593 0.015104166666667 0.02037037037037
20 0.24635416666667 0.59768518518519 0.0125 0.017592592592593
20 0.45390625 0.5412037037037 0.0140625 0.019444444444444