43 0.68854166666667 0.29398148148148 0.020833333333333 0.025
43 0.625 0.13240740740741 0.01875 0.022222222222222
43 0.69661458333333 0.35694444444444 0.022395833333333 0.028703703703704
43 0.69192708333333 0.21527777777778 0.018229166666667 0.023148148148148
43 0.52526041666667 0.45046296296296 0.022395833333333 0.026851851851852
43 0.35078125 0.5287037037037 0.0171875 0.022222222222222
43 0.6375 0.33240740740741 0.016666666666667 0.02037037037037
43 0.47994791666667 0.2537037037037 0.018229166666667 0.02037037037037
43 0.55755208333333 0.33888888888889 0.016145833333333 0.018518518518519
43 0.36666666666667 0.30740740740741 0.014583333333333 0.018518518518519
43 0.69921875 0.54537037037037 0.015104166666667 0.022222222222222