20 0.89505208333333 0.14675925925926 0.025520833333333 0.034259259259259
20 0.12630208333333 0.74861111111111 0.027604166666667 0.030555555555556
20 0.25234375 0.58611111111111 0.027604166666667 0.031481481481481
20 0.2671875 0.51388888888889 0.026041666666667 0.031481481481481
20 0.22135416666667 0.21759259259259 0.026041666666667 0.031481481481481
20 0.044270833333333 0.43842592592593 0.026041666666667 0.030555555555556
20 0.40911458333333 0.66481481481481 0.0234375 0.033333333333333
20 0.12994791666667 0.41574074074074 0.025520833333333 0.02962962962963
20 0.038020833333333 0.65972222222222 0.025 0.028703703703704
20 0.47526041666667 0.043055555555556 0.0234375 0.030555555555556
20 0.1484375 0.13009259259259 0.025 0.028703703703704
20 0.24427083333333 0.13981481481481 0.027083333333333 0.024074074074074
20 0.040625 0.73888888888889 0.022916666666667 0.02962962962963
20 0.3484375 0.043518518518519 0.021875 0.02962962962963
20 0.190625 0.37175925925926 0.023958333333333 0.026851851851852
20 0.0375 0.26111111111111 0.022916666666667 0.025925925925926
20 0.24114583333333 0.28796296296296 0.022916666666667 0.025925925925926
20 0.51640625 0.28703703703704 0.021354166666667 0.027777777777778
20 0.540625 0.31944444444444 0.020833333333333 0.027777777777778
20 0.17916666666667 0.61342592592593 0.021875 0.026851851851852
20 0.55286458333333 0.067592592592593 0.0234375 0.025925925925926
20 0.56510416666667 0.20925925925926 0.020833333333333 0.027777777777778
20 0.69895833333333 0.049074074074074 0.021875 0.025925925925926
20 0.12369791666667 0.33287037037037 0.021354166666667 0.026851851851852
20 0.25416666666667 0.13888888888889 0.021875 0.025925925925926
20 0.57135416666667 0.58009259259259 0.021875 0.025
20 0.3125 0.30138888888889 0.020833333333333 0.026851851851852
20 0.79869791666667 0.25787037037037 0.0203125 0.026851851851852
20 0.93802083333333 0.0375 0.019791666666667 0.026851851851852
20 0.39401041666667 0.038425925925926 0.0203125 0.026851851851852
20 0.43619791666667 0.1837962962963 0.0203125 0.026851851851852
20 0.22838541666667 0.38888888888889 0.0203125 0.025925925925926
20 0.90052083333333 0.23194444444444 0.019791666666667 0.026851851851852
20 0.23541666666667 0.038888888888889 0.021875 0.024074074074074
20 0.94973958333333 0.087962962962963 0.0203125 0.025925925925926
20 0.35677083333333 0.125 0.021875 0.024074074074074
20 0.73151041666667 0.76712962962963 0.019270833333333 0.026851851851852
20 0.31171875 0.20694444444444 0.019270833333333 0.026851851851852
20 0.50182291666667 0.23148148148148 0.021354166666667 0.024074074074074
20 0.35 0.51111111111111 0.019791666666667 0.025925925925926
20 0.79192708333333 0.34953703703704 0.0203125 0.025
20 0.31171875 0.12731481481481 0.0203125 0.025
20 0.59609375 0.28611111111111 0.018229166666667 0.027777777777778
20 0.22083333333333 0.32268518518519 0.019791666666667 0.025
20 0.84921875 0.29398148148148 0.019270833333333 0.025
20 0.76276041666667 0.058796296296296 0.019270833333333 0.025
20 0.1609375 0.86388888888889 0.019791666666667 0.024074074074074
20 0.15234375 0.044907407407407 0.019270833333333 0.025
20 0.18177083333333 0.7537037037037 0.01875 0.025925925925926
20 0.0091145833333333 0.079166666666667 0.018229166666667 0.025
20 0.62083333333333 0.12268518518519 0.017708333333333 0.025
20 0.43098958333333 0.46435185185185 0.018229166666667 0.025
20 0.45546875 0.11342592592593 0.018229166666667 0.025
20 0.71197916666667 0.37638888888889 0.017708333333333 0.025
20 0.36953125 0.16805555555556 0.019270833333333 0.023148148148148
20 0.80260416666667 0.031944444444444 0.017708333333333 0.025
20 0.64869791666667 0.52592592592593 0.018229166666667 0.024074074074074
20 0.35520833333333 0.61481481481481 0.017708333333333 0.024074074074074
20 0.62369791666667 0.015740740740741 0.018229166666667 0.024074074074074
20 0.071875 0.52037037037037 0.017708333333333 0.024074074074074
20 0.45390625 0.56898148148148 0.018229166666667 0.023148148148148
20 0.50442708333333 0.69027777777778 0.018229166666667 0.023148148148148
20 0.64322916666667 0.41898148148148 0.017708333333333 0.023148148148148
20 0.5484375 0.46481481481481 0.01875 0.022222222222222
20 0.0096354166666667 0.55138888888889 0.018229166666667 0.023148148148148
20 0.65364583333333 0.23287037037037 0.017708333333333 0.023148148148148
20 0.11458333333333 0.66712962962963 0.017708333333333 0.023148148148148
20 0.034114583333333 0.14166666666667 0.018229166666667 0.022222222222222
20 0.26510416666667 0.24444444444444 0.017708333333333 0.022222222222222
20 0.07109375 0.61759259259259 0.018229166666667 0.022222222222222
20 0.2703125 0.37592592592593 0.017708333333333 0.022222222222222
20 0.89427083333333 0.675 0.017708333333333 0.022222222222222
20 0.12395833333333 0.2537037037037 0.017708333333333 0.022222222222222
20 0.33723958333333 0.47824074074074 0.0171875 0.023148148148148
20 0.55546875 0.12175925925926 0.018229166666667 0.021296296296296
20 0.64791666666667 0.45185185185185 0.017708333333333 0.022222222222222
20 0.16614583333333 0.0083333333333333 0.021875 0.016666666666667
20 0.71041666666667 0.13703703703704 0.016666666666667 0.022222222222222
20 0.37942708333333 0.24166666666667 0.0171875 0.022222222222222
20 0.64869791666667 0.73148148148148 0.016145833333333 0.022222222222222
20 0.50338541666667 0.55648148148148 0.016145833333333 0.022222222222222
20 0.95520833333333 0.77685185185185 0.015625 0.022222222222222
20 0.43854166666667 0.35 0.016666666666667 0.02037037037037
20 0.70416666666667 0.34814814814815 0.015625 0.022222222222222
20 0.8796875 0.32777777777778 0.015625 0.022222222222222
20 0.57942708333333 0.65046296296296 0.016145833333333 0.021296296296296
20 0.83098958333333 0.67037037037037 0.016145833333333 0.02037037037037
20 0.93229166666667 0.57175925925926 0.015625 0.021296296296296
20 0.69296875 0.61018518518519 0.016145833333333 0.02037037037037
20 0.95598958333333 0.73240740740741 0.015104166666667 0.02037037037037
20 0.7640625 0.49074074074074 0.015625 0.02037037037037
20 0.26302083333333 0.3037037037037 0.015625 0.02037037037037
20 0.70520833333333 0.73009259259259 0.014583333333333 0.019444444444444
20 0.2703125 0.70231481481481 0.015625 0.019444444444444
20 0.89036458333333 0.17731481481481 0.0140625 0.019444444444444
20 0.3890625 0.85138888888889 0.014583333333333 0.019444444444444
20 0.95364583333333 0.90092592592593 0.014583333333333 0.02037037037037
20 0.18671875 0.55462962962963 0.015104166666667 0.02037037037037
20 0.98828125 0.19814814814815 0.0140625 0.018518518518519
20 0.8890625 0.011111111111111 0.014583333333333 0.018518518518519