20 0.16197916666667 0.16481481481481 0.030208333333333 0.044444444444444
20 0.15494791666667 0.31435185185185 0.0265625 0.037962962962963
20 0.91744791666667 0.92083333333333 0.0265625 0.037962962962963
20 0.26927083333333 0.20925925925926 0.026041666666667 0.037037037037037
20 0.31432291666667 0.32685185185185 0.025520833333333 0.037037037037037
20 0.22708333333333 0.81944444444444 0.027083333333333 0.035185185185185
20 0.2296875 0.017592592592593 0.026041666666667 0.035185185185185
20 0.77421875 0.57407407407407 0.025520833333333 0.035185185185185
20 0.39947916666667 0.12037037037037 0.025 0.035185185185185
20 0.011979166666667 0.47361111111111 0.020833333333333 0.039814814814815
20 0.36276041666667 0.075 0.0234375 0.035185185185185
20 0.4421875 0.25416666666667 0.023958333333333 0.034259259259259
20 0.7046875 0.72916666666667 0.025 0.032407407407407
20 0.25625 0.16111111111111 0.022916666666667 0.035185185185185
20 0.2125 0.51018518518519 0.022916666666667 0.035185185185185
20 0.42317708333333 0.28935185185185 0.022395833333333 0.034259259259259
20 0.30546875 0.013888888888889 0.027604166666667 0.027777777777778
20 0.44583333333333 0.072222222222222 0.021875 0.033333333333333
20 0.80703125 0.35833333333333 0.0234375 0.031481481481481
20 0.62369791666667 0.03287037037037 0.022395833333333 0.032407407407407
20 0.62473958333333 0.42314814814815 0.024479166666667 0.02962962962963
20 0.30520833333333 0.090740740740741 0.021875 0.031481481481481
20 0.026822916666667 0.66111111111111 0.022395833333333 0.031481481481481
20 0.25442708333333 0.57731481481481 0.022395833333333 0.030555555555556
20 0.971875 0.7212962962963 0.020833333333333 0.031481481481481
20 0.13567708333333 0.12731481481481 0.021354166666667 0.030555555555556
20 0.98776041666667 0.90787037037037 0.022395833333333 0.030555555555556
20 0.44453125 0.44861111111111 0.022395833333333 0.028703703703704
20 0.49765625 0.35277777777778 0.0203125 0.031481481481481
20 0.019010416666667 0.32037037037037 0.019270833333333 0.031481481481481
20 0.12708333333333 0.52222222222222 0.020833333333333 0.02962962962963
20 0.30260416666667 0.425 0.022916666666667 0.027777777777778
20 0.20572916666667 0.086111111111111 0.019791666666667 0.031481481481481
20 0.178125 0.26435185185185 0.019791666666667 0.030555555555556
20 0.21614583333333 0.26342592592593 0.019791666666667 0.030555555555556
20 0.78255208333333 0.69537037037037 0.0203125 0.02962962962963
20 0.87994791666667 0.73796296296296 0.0203125 0.02962962962963
20 0.18307291666667 0.42777777777778 0.0203125 0.02962962962963
20 0.020572916666667 0.22962962962963 0.0203125 0.02962962962963
20 0.7578125 0.98472222222222 0.020833333333333 0.028703703703704
20 0.83541666666667 0.77962962962963 0.019791666666667 0.02962962962963
20 0.30130208333333 0.2662037037037 0.019270833333333 0.030555555555556
20 0.65807291666667 0.77175925925926 0.0203125 0.028703703703704
20 0.22708333333333 0.38888888888889 0.019791666666667 0.02962962962963
20 0.4765625 0.45277777777778 0.020833333333333 0.027777777777778
20 0.27109375 0.42175925925926 0.0203125 0.028703703703704
20 0.36588541666667 0.2 0.019270833333333 0.02962962962963
20 0.3796875 0.79907407407407 0.020833333333333 0.027777777777778
20 0.93385416666667 0.64212962962963 0.019791666666667 0.028703703703704
20 0.3734375 0.24675925925926 0.019791666666667 0.028703703703704
20 0.228125 0.89398148148148 0.020833333333333 0.026851851851852
20 0.32786458333333 0.24675925925926 0.019270833333333 0.028703703703704
20 0.12265625 0.1587962962963 0.0203125 0.026851851851852
20 0.5328125 0.39537037037037 0.019791666666667 0.027777777777778
20 0.19270833333333 0.89814814814815 0.020833333333333 0.025925925925926
20 0.086458333333333 0.034722222222222 0.01875 0.028703703703704
20 0.58125 0.9712962962963 0.020833333333333 0.025925925925926
20 0.725 0.9662037037037 0.01875 0.028703703703704
20 0.44140625 0.17037037037037 0.0203125 0.025925925925926
20 0.853125 0.98101851851852 0.019791666666667 0.026851851851852
20 0.16875 0.6837962962963 0.019791666666667 0.025
20 0.08828125 0.31527777777778 0.019270833333333 0.026851851851852
20 0.046354166666667 0.19814814814815 0.01875 0.025925925925926
20 0.21067708333333 0.34351851851852 0.018229166666667 0.027777777777778
20 0.26875 0.73148148148148 0.01875 0.025925925925926
20 0.17578125 0.48888888888889 0.018229166666667 0.027777777777778
20 0.57395833333333 0.225 0.01875 0.025925925925926
20 0.090104166666667 0.71111111111111 0.019791666666667 0.024074074074074
20 0.665625 0.70555555555556 0.017708333333333 0.025925925925926
20 0.72005208333333 0.18425925925926 0.018229166666667 0.025925925925926
20 0.60234375 0.22407407407407 0.018229166666667 0.025925925925926
20 0.16953125 0.39259259259259 0.019270833333333 0.024074074074074
20 0.16015625 0.89259259259259 0.0203125 0.022222222222222
20 0.41380208333333 0.78935185185185 0.018229166666667 0.025
20 0.303125 0.75740740740741 0.01875 0.024074074074074
20 0.019270833333333 0.82175925925926 0.020833333333333 0.021296296296296
20 0.6953125 0.58287037037037 0.017708333333333 0.025
20 0.67578125 0.43888888888889 0.018229166666667 0.024074074074074
20 0.425 0.52083333333333 0.01875 0.023148148148148
20 0.45 0.64861111111111 0.01875 0.023148148148148
20 0.13802083333333 0.24814814814815 0.016666666666667 0.025925925925926
20 0.39713541666667 0.22731481481481 0.0171875 0.025
20 0.58723958333333 0.40601851851852 0.0171875 0.025
20 0.88645833333333 0.45185185185185 0.017708333333333 0.024074074074074
20 0.6046875 0.1875 0.016666666666667 0.025
20 0.36614583333333 0.62361111111111 0.017708333333333 0.023148148148148
20 0.37005208333333 0.73009259259259 0.018229166666667 0.023148148148148
20 0.011979166666667 0.10925925925926 0.016666666666667 0.024074074074074
20 0.12005208333333 0.59953703703704 0.0171875 0.023148148148148
20 0.35598958333333 0.5587962962963 0.0171875 0.023148148148148
20 0.84088541666667 0.40509259259259 0.0171875 0.023148148148148
20 0.96380208333333 0.64351851851852 0.016145833333333 0.024074074074074
20 0.340625 0.72685185185185 0.017708333333333 0.022222222222222
20 0.10442708333333 0.86064814814815 0.018229166666667 0.021296296296296
20 0.21744791666667 0.2125 0.016145833333333 0.023148148148148
20 0.26640625 0.4837962962963 0.016145833333333 0.023148148148148
20 0.51432291666667 0.45046296296296 0.0171875 0.021296296296296
20 0.046354166666667 0.73009259259259 0.016666666666667 0.021296296296296
20 0.14192708333333 0.63564814814815 0.016145833333333 0.021296296296296
20 0.76067708333333 0.62407407407407 0.015104166666667 0.022222222222222