19 0.9609375 0.47916666666667 0.030208333333333 0.047222222222222
19 0.91380208333333 0.6912037037037 0.027604166666667 0.037962962962963
19 0.33255208333333 0.58888888888889 0.028645833333333 0.037037037037037
19 0.796875 0.80787037037037 0.026041666666667 0.039814814814815
19 0.63359375 0.15787037037037 0.027604166666667 0.037962962962963
19 0.54296875 0.71805555555556 0.0265625 0.037962962962963
19 0.42890625 0.40787037037037 0.028645833333333 0.034259259259259
19 0.925 0.58935185185185 0.023958333333333 0.041666666666667
19 0.91380208333333 0.61759259259259 0.0265625 0.037037037037037
19 0.215625 0.47546296296296 0.027083333333333 0.036111111111111
19 0.44166666666667 0.015277777777778 0.03125 0.030555555555556
19 0.42708333333333 0.75138888888889 0.026041666666667 0.036111111111111
19 0.1640625 0.085648148148148 0.028125 0.034259259259259
19 0.5625 0.16481481481481 0.027083333333333 0.035185185185185
19 0.634375 0.50185185185185 0.027083333333333 0.033333333333333
19 0.51119791666667 0.36018518518519 0.028645833333333 0.031481481481481
19 0.96197916666667 0.84074074074074 0.025 0.035185185185185
19 0.71380208333333 0.95833333333333 0.0234375 0.037037037037037
19 0.29036458333333 0.22314814814815 0.027604166666667 0.031481481481481
19 0.74557291666667 0.22037037037037 0.024479166666667 0.033333333333333
19 0.10494791666667 0.35925925925926 0.025520833333333 0.031481481481481
19 0.5140625 0.3912037037037 0.028125 0.030555555555556
19 0.89505208333333 0.33101851851852 0.024479166666667 0.032407407407407
19 0.11432291666667 0.90324074074074 0.024479166666667 0.032407407407407
19 0.340625 0.41481481481481 0.026041666666667 0.02962962962963
19 0.0091145833333333 0.72731481481481 0.018229166666667 0.041666666666667
19 0.24895833333333 0.78472222222222 0.025 0.028703703703704
19 0.99088541666667 0.43333333333333 0.018229166666667 0.038888888888889
19 0.23958333333333 0.010648148148148 0.032291666666667 0.021296296296296
19 0.4984375 0.19953703703704 0.027083333333333 0.025
19 0.07578125 0.60462962962963 0.0234375 0.027777777777778
19 0.20364583333333 0.35462962962963 0.025 0.025925925925926
19 0.78697916666667 0.59907407407407 0.025 0.025925925925926
19 0.640625 0.55092592592593 0.023958333333333 0.027777777777778
19 0.60494791666667 0.43055555555556 0.0234375 0.025925925925926
19 0.038541666666667 0.56435185185185 0.021875 0.026851851851852
19 0.023177083333333 0.8375 0.0234375 0.025
19 0.12552083333333 0.27453703703704 0.023958333333333 0.023148148148148