20 0.17552083333333 0.50648148148148 0.022916666666667 0.027777777777778
20 0.088802083333333 0.67777777777778 0.019270833333333 0.027777777777778
20 0.87213541666667 0.59398148148148 0.021354166666667 0.025
20 0.056510416666667 0.60462962962963 0.018229166666667 0.024074074074074
20 0.94348958333333 0.28703703703704 0.018229166666667 0.024074074074074
20 0.40494791666667 0.69074074074074 0.019270833333333 0.022222222222222
20 0.49114583333333 0.58703703703704 0.020833333333333 0.02037037037037
20 0.90911458333333 0.22546296296296 0.0171875 0.023148148148148
20 0.85416666666667 0.21111111111111 0.016666666666667 0.022222222222222
20 0.9171875 0.54351851851852 0.015625 0.022222222222222
20 0.76171875 0.4287037037037 0.0171875 0.02037037037037
20 0.69635416666667 0.29675925925926 0.017708333333333 0.019444444444444
20 0.80729166666667 0.4162037037037 0.014583333333333 0.017592592592593
20 0.99427083333333 0.29259259259259 0.010416666666667 0.022222222222222