20 0.6484375 0.46666666666667 0.032291666666667 0.048148148148148
20 0.55963541666667 0.67685185185185 0.031770833333333 0.048148148148148
20 0.49427083333333 0.23194444444444 0.03125 0.041666666666667
20 0.20703125 0.73981481481481 0.0296875 0.040740740740741
20 0.37916666666667 0.93796296296296 0.027083333333333 0.040740740740741
20 0.50260416666667 0.60833333333333 0.030208333333333 0.037037037037037
20 0.80390625 0.63842592592593 0.027604166666667 0.039814814814815
20 0.57213541666667 0.81388888888889 0.027604166666667 0.037037037037037
20 0.67578125 0.97824074074074 0.0265625 0.037962962962963
20 0.14010416666667 0.79490740740741 0.029166666666667 0.034259259259259
20 0.96614583333333 0.027314814814815 0.029166666666667 0.034259259259259
20 0.32838541666667 0.78796296296296 0.025520833333333 0.037037037037037
20 0.68463541666667 0.62222222222222 0.028645833333333 0.031481481481481
20 0.9640625 0.44351851851852 0.026041666666667 0.035185185185185
20 0.98776041666667 0.1625 0.022395833333333 0.039814814814815
20 0.65182291666667 0.47962962962963 0.025520833333333 0.033333333333333
20 0.91979166666667 0.39305555555556 0.027083333333333 0.030555555555556
20 0.27734375 0.80185185185185 0.024479166666667 0.033333333333333
20 0.01796875 0.9662037037037 0.0265625 0.030555555555556
20 0.7609375 0.88333333333333 0.023958333333333 0.033333333333333
20 0.68385416666667 0.56342592592593 0.026041666666667 0.030555555555556
20 0.52057291666667 0.14768518518519 0.024479166666667 0.032407407407407
20 0.47369791666667 0.49583333333333 0.027604166666667 0.026851851851852
20 0.2171875 0.3537037037037 0.026041666666667 0.02962962962963
20 0.28125 0.25648148148148 0.028125 0.025925925925926
20 0.15833333333333 0.21481481481481 0.028125 0.025925925925926
20 0.39713541666667 0.63703703703704 0.025520833333333 0.027777777777778
20 0.18515625 0.18611111111111 0.0265625 0.025925925925926
20 0.1 0.43657407407407 0.026041666666667 0.026851851851852
20 0.067447916666667 0.64398148148148 0.024479166666667 0.026851851851852
20 0.83333333333333 0.72824074074074 0.023958333333333 0.028703703703704
20 0.84895833333333 0.80231481481481 0.022916666666667 0.026851851851852
20 0.057552083333333 0.8875 0.022395833333333 0.028703703703704
20 0.25208333333333 0.70787037037037 0.025 0.025
20 0.99322916666667 0.52731481481481 0.013541666666667 0.030555555555556