20 0.61510416666667 0.18611111111111 0.042708333333333 0.048148148148148
20 0.1453125 0.5 0.033333333333333 0.042592592592593
20 0.72578125 0.31157407407407 0.028645833333333 0.043518518518519
20 0.92838541666667 0.77314814814815 0.027604166666667 0.042592592592593
20 0.089583333333333 0.87546296296296 0.029166666666667 0.039814814814815
20 0.4921875 0.51898148148148 0.028125 0.037962962962963
20 0.048177083333333 0.875 0.028645833333333 0.037037037037037
20 0.82421875 0.89490740740741 0.024479166666667 0.039814814814815
20 0.665625 0.55046296296296 0.026041666666667 0.036111111111111
20 0.97604166666667 0.73333333333333 0.025 0.037037037037037
20 0.08671875 0.91759259259259 0.0265625 0.033333333333333
20 0.59140625 0.51296296296296 0.0265625 0.033333333333333
20 0.40442708333333 0.72037037037037 0.0265625 0.033333333333333
20 0.221875 0.25138888888889 0.023958333333333 0.030555555555556
20 0.044010416666667 0.049537037037037 0.027604166666667 0.030555555555556
20 0.28255208333333 0.61805555555556 0.0265625 0.030555555555556
20 0.47786458333333 0.83333333333333 0.0234375 0.031481481481481
20 0.57213541666667 0.43657407407407 0.0265625 0.028703703703704
20 0.74192708333333 0.55555555555556 0.024479166666667 0.027777777777778
20 0.74453125 0.60231481481481 0.0234375 0.026851851851852
20 0.96770833333333 0.67222222222222 0.022916666666667 0.02962962962963
20 0.058333333333333 0.22962962962963 0.026041666666667 0.025925925925926
20 0.24661458333333 0.13657407407407 0.024479166666667 0.025
20 0.35703125 0.24212962962963 0.024479166666667 0.025
20 0.16744791666667 0.71712962962963 0.022395833333333 0.026851851851852
20 0.88489583333333 0.60416666666667 0.021875 0.026851851851852
20 0.99192708333333 0.38842592592593 0.015104166666667 0.039814814814815
20 0.78098958333333 0.38240740740741 0.021354166666667 0.025925925925926
20 0.63411458333333 0.77685185185185 0.021354166666667 0.027777777777778
20 0.33776041666667 0.83703703703704 0.021354166666667 0.025925925925926
20 0.36510416666667 0.58055555555556 0.020833333333333 0.025925925925926
20 0.28645833333333 0.34814814814815 0.021875 0.024074074074074
20 0.990625 0.99212962962963 0.016666666666667 0.017592592592593