20 0.0359375 0.57222222222222 0.030208333333333 0.033333333333333
20 0.7875 0.11481481481481 0.028125 0.033333333333333
20 0.072135416666667 0.51111111111111 0.028645833333333 0.02962962962963
20 0.96145833333333 0.17962962962963 0.025 0.033333333333333
20 0.59713541666667 0.059722222222222 0.0265625 0.030555555555556
20 0.85 0.57685185185185 0.023958333333333 0.02962962962963
20 0.37630208333333 0.52962962962963 0.025520833333333 0.027777777777778
20 0.47630208333333 0.20324074074074 0.024479166666667 0.028703703703704
20 0.96614583333333 0.14398148148148 0.022916666666667 0.030555555555556
20 0.34869791666667 0.38333333333333 0.0265625 0.025925925925926
20 0.31692708333333 0.25925925925926 0.0265625 0.025925925925926
20 0.59479166666667 0.69583333333333 0.023958333333333 0.028703703703704
20 0.20859375 0.33564814814815 0.025520833333333 0.026851851851852
20 0.33307291666667 0.31388888888889 0.024479166666667 0.027777777777778
20 0.66015625 0.68888888888889 0.024479166666667 0.027777777777778
20 0.018229166666667 0.33148148148148 0.023958333333333 0.027777777777778
20 0.0203125 0.26574074074074 0.023958333333333 0.027777777777778
20 0.26744791666667 0.43148148148148 0.025520833333333 0.025925925925926
20 0.69921875 0.12314814814815 0.0234375 0.027777777777778
20 0.7796875 0.17175925925926 0.023958333333333 0.026851851851852
20 0.56015625 0.16018518518519 0.024479166666667 0.025925925925926
20 0.62005208333333 0.19537037037037 0.024479166666667 0.025925925925926
20 0.076302083333333 0.42268518518519 0.0234375 0.026851851851852
20 0.45130208333333 0.78888888888889 0.022395833333333 0.027777777777778
20 0.28802083333333 0.54722222222222 0.023958333333333 0.025925925925926
20 0.051302083333333 0.58240740740741 0.0234375 0.025925925925926
20 0.81145833333333 0.17962962962963 0.021875 0.027777777777778
20 0.72942708333333 0.23194444444444 0.022395833333333 0.026851851851852
20 0.73854166666667 0.19722222222222 0.021875 0.025925925925926
20 0.17395833333333 0.7787037037037 0.021875 0.025925925925926
20 0.46119791666667 0.43564814814815 0.024479166666667 0.023148148148148
20 0.89270833333333 0.18240740740741 0.019791666666667 0.025925925925926
20 0.82578125 0.91111111111111 0.0203125 0.027777777777778
20 0.042708333333333 0.2337962962963 0.021875 0.023148148148148
20 0.7265625 0.64212962962963 0.019791666666667 0.025
20 0.38671875 0.73333333333333 0.0203125 0.024074074074074
20 0.30625 0.80277777777778 0.019791666666667 0.024074074074074
20 0.82421875 0.015740740740741 0.019270833333333 0.024074074074074
20 0.39739583333333 0.17037037037037 0.019791666666667 0.022222222222222
20 0.091927083333333 0.8 0.019270833333333 0.024074074074074
20 0.11328125 0.68981481481481 0.018229166666667 0.024074074074074
20 0.038020833333333 0.73472222222222 0.01875 0.023148148148148
20 0.16432291666667 0.40740740740741 0.019270833333333 0.022222222222222
20 0.56588541666667 0.30092592592593 0.0203125 0.02037037037037
20 0.33932291666667 0.57222222222222 0.018229166666667 0.022222222222222
20 0.30026041666667 0.33518518518519 0.018229166666667 0.02037037037037
20 0.61484375 0.096759259259259 0.0171875 0.021296296296296
20 0.18515625 0.67453703703704 0.0171875 0.019444444444444
20 0.87942708333333 0.62962962962963 0.016145833333333 0.02037037037037