20 0.21848958333333 0.20648148148148 0.034895833333333 0.059259259259259
20 0.81145833333333 0.28703703703704 0.033333333333333 0.048148148148148
20 0.8078125 0.075 0.034375 0.046296296296296
20 0.38567708333333 0.4162037037037 0.0328125 0.047222222222222
20 0.68958333333333 0.25324074074074 0.032291666666667 0.047222222222222
20 0.4703125 0.33657407407407 0.032291666666667 0.04537037037037
20 0.79270833333333 0.18194444444444 0.033333333333333 0.043518518518519
20 0.85052083333333 0.075 0.032291666666667 0.044444444444444
20 0.55052083333333 0.21666666666667 0.032291666666667 0.044444444444444
20 0.30885416666667 0.12638888888889 0.030208333333333 0.047222222222222
20 0.33854166666667 0.39861111111111 0.029166666666667 0.043518518518519
20 0.72838541666667 0.19722222222222 0.030729166666667 0.040740740740741
20 0.015364583333333 0.31157407407407 0.028645833333333 0.043518518518519
20 0.86458333333333 0.66898148148148 0.029166666666667 0.041666666666667
20 0.51328125 0.18703703703704 0.030729166666667 0.038888888888889
20 0.38463541666667 0.22546296296296 0.030729166666667 0.037962962962963
20 0.90182291666667 0.19907407407407 0.0296875 0.038888888888889
20 0.97109375 0.65 0.0296875 0.038888888888889
20 0.59192708333333 0.20972222222222 0.0296875 0.037962962962963
20 0.81875 0.42222222222222 0.030208333333333 0.037037037037037
20 0.65807291666667 0.18055555555556 0.0296875 0.037037037037037
20 0.72083333333333 0.35648148148148 0.028125 0.038888888888889
20 0.87239583333333 0.031481481481481 0.028125 0.038888888888889
20 0.77369791666667 0.081944444444444 0.028645833333333 0.037962962962963
20 0.67526041666667 0.28240740740741 0.0265625 0.040740740740741
20 0.8171875 0.11805555555556 0.029166666666667 0.036111111111111
20 0.10989583333333 0.6087962962963 0.027083333333333 0.037962962962963
20 0.7765625 0.3662037037037 0.027083333333333 0.036111111111111
20 0.59791666666667 0.5 0.027083333333333 0.035185185185185
20 0.65703125 0.73055555555556 0.0265625 0.035185185185185
20 0.2140625 0.825 0.025 0.037037037037037
20 0.6453125 0.14398148148148 0.028125 0.032407407407407
20 0.61328125 0.6912037037037 0.024479166666667 0.036111111111111
20 0.60494791666667 0.13611111111111 0.027604166666667 0.031481481481481
20 0.20885416666667 0.26481481481481 0.026041666666667 0.033333333333333
20 0.69479166666667 0.91805555555556 0.023958333333333 0.036111111111111
20 0.19427083333333 0.39027777777778 0.028125 0.030555555555556
20 0.61119791666667 0.60324074074074 0.024479166666667 0.034259259259259
20 0.84453125 0.26898148148148 0.025520833333333 0.032407407407407
20 0.32734375 0.52268518518519 0.025520833333333 0.032407407407407
20 0.26119791666667 0.50925925925926 0.025520833333333 0.031481481481481
20 0.17578125 0.98425925925926 0.025520833333333 0.031481481481481
20 0.9359375 0.475 0.025 0.031481481481481
20 0.38333333333333 0.96898148148148 0.023958333333333 0.032407407407407
20 0.27552083333333 0.46435185185185 0.023958333333333 0.032407407407407
20 0.75625 0.85416666666667 0.025 0.030555555555556
20 0.09921875 0.45231481481481 0.0234375 0.030555555555556
20 0.42604166666667 0.76481481481481 0.023958333333333 0.02962962962963
20 0.79166666666667 0.78935185185185 0.023958333333333 0.028703703703704
20 0.86223958333333 0.63425925925926 0.022395833333333 0.02962962962963
20 0.18984375 0.011574074074074 0.028645833333333 0.023148148148148
20 0.52552083333333 0.27361111111111 0.023958333333333 0.026851851851852
20 0.16354166666667 0.45787037037037 0.022916666666667 0.026851851851852