49 0.74375 0.41481481481481 0.019791666666667 0.033333333333333
49 0.69791666666667 0.38148148148148 0.021875 0.031481481481481
49 0.79661458333333 0.3537037037037 0.0203125 0.025925925925926
49 0.94895833333333 0.175 0.017708333333333 0.024074074074074
49 0.70989583333333 0.51064814814815 0.019791666666667 0.023148148148148
49 0.725 0.4337962962963 0.015625 0.021296296296296
49 0.83932291666667 0.19953703703704 0.015104166666667 0.021296296296296
49 0.83802083333333 0.43055555555556 0.014583333333333 0.02037037037037
49 0.78098958333333 0.60462962962963 0.0140625 0.018518518518519
49 0.70208333333333 0.48796296296296 0.013541666666667 0.018518518518519
49 0.73932291666667 0.51435185185185 0.0140625 0.017592592592593
49 0.79817708333333 0.57175925925926 0.011979166666667 0.017592592592593