19 0.53385416666667 0.31805555555556 0.03125 0.049074074074074
19 0.8609375 0.057407407407407 0.032291666666667 0.042592592592593
19 0.92838541666667 0.21018518518519 0.0265625 0.040740740740741
19 0.97916666666667 0.28703703703704 0.027083333333333 0.038888888888889
19 0.42604166666667 0.76898148148148 0.026041666666667 0.037962962962963
19 0.3359375 0.12731481481481 0.026041666666667 0.037962962962963
19 0.54192708333333 0.19675925925926 0.0265625 0.036111111111111
19 0.19479166666667 0.6662037037037 0.026041666666667 0.036111111111111
19 0.43333333333333 0.63796296296296 0.025 0.037037037037037
19 0.74869791666667 0.081018518518519 0.024479166666667 0.036111111111111
19 0.66432291666667 0.15092592592593 0.024479166666667 0.035185185185185
19 0.30104166666667 0.42453703703704 0.025 0.034259259259259
19 0.64895833333333 0.025925925925926 0.023958333333333 0.035185185185185
19 0.6953125 0.018981481481481 0.025 0.032407407407407
19 0.95755208333333 0.23935185185185 0.022395833333333 0.036111111111111
19 0.39557291666667 0.39259259259259 0.025520833333333 0.031481481481481
19 0.66953125 0.64490740740741 0.0234375 0.034259259259259
19 0.72994791666667 0.55972222222222 0.0234375 0.034259259259259
19 0.9421875 0.64351851851852 0.023958333333333 0.033333333333333
19 0.87838541666667 0.92361111111111 0.024479166666667 0.032407407407407
19 0.82526041666667 0.28009259259259 0.024479166666667 0.032407407407407
19 0.7703125 0.3125 0.025 0.030555555555556
19 0.083854166666667 0.73472222222222 0.025 0.030555555555556
19 0.039322916666667 0.35694444444444 0.0234375 0.032407407407407
19 0.40494791666667 0.30972222222222 0.0234375 0.032407407407407
19 0.67682291666667 0.31712962962963 0.024479166666667 0.030555555555556
19 0.66770833333333 0.26990740740741 0.022916666666667 0.032407407407407
19 0.073177083333333 0.9875 0.024479166666667 0.030555555555556
19 0.8859375 0.81203703703704 0.021875 0.031481481481481
19 0.30416666666667 0.78518518518519 0.022916666666667 0.02962962962963
19 0.60078125 0.72037037037037 0.022395833333333 0.02962962962963
19 0.346875 0.50601851851852 0.022916666666667 0.028703703703704
19 0.77916666666667 0.54305555555556 0.021875 0.028703703703704
19 0.46770833333333 0.3412037037037 0.021875 0.028703703703704
19 0.4765625 0.17824074074074 0.022916666666667 0.026851851851852
19 0.13984375 0.71527777777778 0.021354166666667 0.028703703703704
19 0.96015625 0.61296296296296 0.019270833333333 0.027777777777778
19 0.0083333333333333 0.19027777777778 0.016666666666667 0.034259259259259
19 0.80234375 0.50740740740741 0.0203125 0.027777777777778
19 0.40182291666667 0.16527777777778 0.022395833333333 0.023148148148148
19 0.40286458333333 0.5625 0.019270833333333 0.025