20 0.3078125 0.62824074074074 0.020833333333333 0.030555555555556
20 0.98854166666667 0.23194444444444 0.021875 0.028703703703704
20 0.6921875 0.15648148148148 0.026041666666667 0.042592592592593
20 0.89427083333333 0.2037037037037 0.027083333333333 0.038888888888889
20 0.51119791666667 0.3287037037037 0.025520833333333 0.037037037037037
20 0.45 0.25740740740741 0.027083333333333 0.038888888888889
20 0.36536458333333 0.13287037037037 0.025520833333333 0.036111111111111
20 0.3875 0.72638888888889 0.025 0.036111111111111
20 0.60208333333333 0.44212962962963 0.023958333333333 0.036111111111111
20 0.38880208333333 0.023611111111111 0.025520833333333 0.032407407407407
20 0.38619791666667 0.46944444444444 0.024479166666667 0.033333333333333
20 0.6 0.75833333333333 0.022916666666667 0.037037037037037
20 0.74479166666667 0.084722222222222 0.023958333333333 0.032407407407407
20 0.82083333333333 0.016203703703704 0.026041666666667 0.030555555555556
20 0.53932291666667 0.40092592592593 0.0234375 0.031481481481481
20 0.65182291666667 0.68935185185185 0.021354166666667 0.034259259259259
20 0.56927083333333 0.73935185185185 0.020833333333333 0.034259259259259
20 0.92421875 0.14305555555556 0.0234375 0.030555555555556
20 0.86432291666667 0.98101851851852 0.0234375 0.030555555555556
20 0.48723958333333 0.014351851851852 0.024479166666667 0.028703703703704
20 0.27760416666667 0.57685185185185 0.021875 0.031481481481481
20 0.55520833333333 0.32916666666667 0.020833333333333 0.032407407407407
20 0.87734375 0.81481481481481 0.021354166666667 0.031481481481481
20 0.81822916666667 0.8337962962963 0.021875 0.030555555555556
20 0.40416666666667 0.12685185185185 0.021875 0.02962962962963
20 0.79661458333333 0.2087962962963 0.0203125 0.032407407407407
20 0.82369791666667 0.34722222222222 0.022395833333333 0.02962962962963
20 0.44296875 0.41342592592593 0.021354166666667 0.030555555555556
20 0.8265625 0.17453703703704 0.020833333333333 0.030555555555556
20 0.93333333333333 0.59583333333333 0.021875 0.030555555555556
20 0.97265625 0.86296296296296 0.021354166666667 0.02962962962963
20 0.98307291666667 0.12731481481481 0.021354166666667 0.028703703703704
20 0.32864583333333 0.039814814814815 0.021875 0.027777777777778
20 0.52083333333333 0.84675925925926 0.019791666666667 0.030555555555556
20 0.96302083333333 0.41990740740741 0.020833333333333 0.028703703703704
20 0.978125 0.44861111111111 0.020833333333333 0.028703703703704
20 0.80416666666667 0.31481481481481 0.019791666666667 0.02962962962963
20 0.0296875 0.39074074074074 0.019791666666667 0.02962962962963
20 0.353125 0.64537037037037 0.020833333333333 0.027777777777778
20 0.95520833333333 0.80416666666667 0.01875 0.030555555555556
20 0.975 0.73287037037037 0.019791666666667 0.028703703703704
20 0.53880208333333 0.78796296296296 0.0203125 0.027777777777778
20 0.85494791666667 0.92037037037037 0.0203125 0.027777777777778
20 0.9203125 0.42268518518519 0.020833333333333 0.026851851851852
20 0.95390625 0.54444444444444 0.0203125 0.027777777777778
20 0.92526041666667 0.76342592592593 0.019270833333333 0.028703703703704
20 0.92057291666667 0.6212962962963 0.0203125 0.027777777777778
20 0.9046875 0.067592592592593 0.021875 0.024074074074074
20 0.88828125 0.35231481481481 0.0203125 0.026851851851852
20 0.83046875 0.55416666666667 0.019270833333333 0.026851851851852
20 0.50494791666667 0.68935185185185 0.021354166666667 0.025
20 0.51197916666667 0.81157407407407 0.01875 0.028703703703704
20 0.94114583333333 0.69074074074074 0.01875 0.027777777777778
20 0.80442708333333 0.88842592592593 0.0203125 0.025
20 0.66380208333333 0.18333333333333 0.018229166666667 0.027777777777778
20 0.74739583333333 0.95601851851852 0.01875 0.026851851851852
20 0.58567708333333 0.95138888888889 0.018229166666667 0.026851851851852
20 0.69453125 0.3037037037037 0.019270833333333 0.025925925925926
20 0.67708333333333 0.94305555555556 0.01875 0.026851851851852
20 0.71588541666667 0.18101851851852 0.018229166666667 0.026851851851852
20 0.79036458333333 0.95555555555556 0.018229166666667 0.025925925925926
20 0.44817708333333 0.77268518518519 0.018229166666667 0.026851851851852
20 0.84635416666667 0.067592592592593 0.01875 0.024074074074074
20 0.71875 0.56944444444444 0.017708333333333 0.025925925925926
20 0.82083333333333 0.40277777777778 0.019791666666667 0.024074074074074
20 0.61458333333333 0.59305555555556 0.017708333333333 0.025
20 0.98671875 0.91203703703704 0.018229166666667 0.024074074074074
20 0.71119791666667 0.92592592592593 0.0171875 0.024074074074074
20 0.47890625 0.28888888888889 0.018229166666667 0.024074074074074
20 0.98020833333333 0.6087962962963 0.017708333333333 0.023148148148148
20 0.75130208333333 0.59583333333333 0.0171875 0.025
20 0.85729166666667 0.25833333333333 0.016666666666667 0.024074074074074
20 0.83645833333333 0.48888888888889 0.016666666666667 0.024074074074074
20 0.70494791666667 0.82361111111111 0.0171875 0.023148148148148
20 0.63776041666667 0.36342592592593 0.0171875 0.023148148148148
20 0.77161458333333 0.18472222222222 0.016145833333333 0.023148148148148
20 0.75520833333333 0.64490740740741 0.016666666666667 0.023148148148148
20 0.88255208333333 0.63611111111111 0.016145833333333 0.022222222222222
20 0.4625 0.58287037037037 0.016666666666667 0.021296296296296
20 0.33854166666667 0.77592592592593 0.015625 0.02037037037037
20 0.5890625 0.30185185185185 0.015625 0.02037037037037
20 0.87864583333333 0.091666666666667 0.016666666666667 0.02037037037037
20 0.99401041666667 0.35462962962963 0.013020833333333 0.025925925925926