19 0.88932291666667 0.17175925925926 0.0265625 0.036111111111111
19 0.88307291666667 0.16388888888889 0.0296875 0.040740740740741
19 0.596875 0.19444444444444 0.025 0.033333333333333
19 0.13854166666667 0.06712962962963 0.022916666666667 0.036111111111111
19 0.43984375 0.30092592592593 0.025520833333333 0.02962962962963
19 0.68229166666667 0.16435185185185 0.025 0.030555555555556
19 0.315625 0.1962962962963 0.023958333333333 0.031481481481481
19 0.38541666666667 0.38009259259259 0.022916666666667 0.032407407407407
19 0.89895833333333 0.36990740740741 0.022916666666667 0.032407407407407
19 0.43020833333333 0.094444444444444 0.022916666666667 0.031481481481481
19 0.50729166666667 0.23611111111111 0.022916666666667 0.031481481481481
19 0.81848958333333 0.3087962962963 0.0234375 0.030555555555556
19 0.65078125 0.081481481481481 0.0234375 0.02962962962963
19 0.97786458333333 0.42824074074074 0.0234375 0.028703703703704
19 0.67864583333333 0.31111111111111 0.025 0.027777777777778
19 0.76328125 0.2162037037037 0.021354166666667 0.026851851851852
19 0.80833333333333 0.13009259259259 0.021875 0.028703703703704
19 0.54479166666667 0.13796296296296 0.021875 0.025925925925926
19 0.62291666666667 0.15 0.022916666666667 0.027777777777778
19 0.87604166666667 0.15324074074074 0.021875 0.025
19 0.35494791666667 0.54212962962963 0.0203125 0.026851851851852
19 0.97864583333333 0.010648148148148 0.025 0.021296296296296
19 0.23854166666667 0.31203703703704 0.01875 0.027777777777778
19 0.1609375 0.40601851851852 0.019791666666667 0.026851851851852
19 0.37526041666667 0.46574074074074 0.021354166666667 0.024074074074074
19 0.93125 0.22175925925926 0.020833333333333 0.025
19 0.36354166666667 0.27685185185185 0.01875 0.025925925925926
19 0.5171875 0.37777777777778 0.019791666666667 0.024074074074074
19 0.22239583333333 0.26712962962963 0.017708333333333 0.026851851851852
19 0.7171875 0.1125 0.01875 0.025
19 0.62447916666667 0.1162037037037 0.019791666666667 0.023148148148148
19 0.57447916666667 0.1787037037037 0.017708333333333 0.022222222222222
19 0.69427083333333 0.30046296296296 0.017708333333333 0.021296296296296