20 0.9625 0.39583333333333 0.028125 0.036111111111111
20 0.7609375 0.54768518518519 0.029166666666667 0.034259259259259
20 0.12890625 0.67314814814815 0.028645833333333 0.031481481481481
20 0.97473958333333 0.26388888888889 0.0265625 0.035185185185185
20 0.75078125 0.46481481481481 0.0265625 0.02962962962963
20 0.29661458333333 0.10092592592593 0.028645833333333 0.025925925925926
20 0.74140625 0.65277777777778 0.0234375 0.033333333333333
20 0.56328125 0.32268518518519 0.025520833333333 0.028703703703704
20 0.6265625 0.49027777777778 0.025 0.028703703703704
20 0.67890625 0.46898148148148 0.0234375 0.030555555555556
20 0.43723958333333 0.20462962962963 0.027604166666667 0.025925925925926
20 0.21015625 0.5662037037037 0.021354166666667 0.032407407407407
20 0.18541666666667 0.52731481481481 0.021875 0.030555555555556
20 0.93046875 0.53611111111111 0.025520833333333 0.025925925925926
20 0.44765625 0.53703703703704 0.024479166666667 0.025925925925926
20 0.9625 0.089351851851852 0.020833333333333 0.030555555555556
20 0.39322916666667 0.4412037037037 0.021875 0.028703703703704
20 0.34947916666667 0.33564814814815 0.025 0.025
20 0.23385416666667 0.33101851851852 0.023958333333333 0.025
20 0.078645833333333 0.62824074074074 0.020833333333333 0.028703703703704
20 0.54505208333333 0.29861111111111 0.0234375 0.025
20 0.75963541666667 0.75694444444444 0.0203125 0.028703703703704
20 0.753125 0.06712962962963 0.022916666666667 0.025
20 0.54453125 0.088888888888889 0.022395833333333 0.024074074074074
20 0.40520833333333 0.51018518518519 0.022916666666667 0.024074074074074
20 0.35260416666667 0.39722222222222 0.020833333333333 0.025925925925926
20 0.0765625 0.41805555555556 0.020833333333333 0.025
20 0.30520833333333 0.4537037037037 0.020833333333333 0.024074074074074
20 0.20130208333333 0.3 0.022395833333333 0.022222222222222
20 0.75963541666667 0.23564814814815 0.0203125 0.025
20 0.20494791666667 0.83240740740741 0.0203125 0.024074074074074
20 0.590625 0.47268518518519 0.020833333333333 0.023148148148148
20 0.16484375 0.017592592592593 0.025520833333333 0.018518518518519
20 0.48697916666667 0.80925925925926 0.020833333333333 0.022222222222222
20 0.4921875 0.45231481481481 0.019791666666667 0.023148148148148
20 0.47239583333333 0.39305555555556 0.021875 0.021296296296296
20 0.32239583333333 0.56296296296296 0.01875 0.024074074074074
20 0.05703125 0.76898148148148 0.018229166666667 0.025
20 0.13072916666667 0.60092592592593 0.01875 0.024074074074074
20 0.83541666666667 0.8662037037037 0.020833333333333 0.021296296296296
20 0.10546875 0.36990740740741 0.019270833333333 0.023148148148148
20 0.73723958333333 0.61203703703704 0.018229166666667 0.024074074074074
20 0.440625 0.5 0.019791666666667 0.022222222222222
20 0.058072916666667 0.33657407407407 0.0203125 0.021296296296296
20 0.009375 0.57175925925926 0.015625 0.026851851851852
20 0.79270833333333 0.39027777777778 0.021875 0.019444444444444
20 0.43619791666667 0.80833333333333 0.0203125 0.022222222222222
20 0.66901041666667 0.70046296296296 0.0234375 0.017592592592593
20 0.58515625 0.96111111111111 0.0203125 0.02037037037037
20 0.24114583333333 0.46527777777778 0.017708333333333 0.023148148148148
20 0.13932291666667 0.54768518518519 0.016145833333333 0.025
20 0.16067708333333 0.43611111111111 0.018229166666667 0.022222222222222
20 0.077864583333333 0.50046296296296 0.016145833333333 0.025
20 0.089322916666667 0.4587962962963 0.0171875 0.023148148148148
20 0.87578125 0.25462962962963 0.019270833333333 0.02037037037037
20 0.98984375 0.19953703703704 0.0171875 0.023148148148148
20 0.58359375 0.93657407407407 0.018229166666667 0.021296296296296
20 0.18072916666667 0.40046296296296 0.01875 0.021296296296296
20 0.14791666666667 0.19907407407407 0.020833333333333 0.018518518518519
20 0.70520833333333 0.19814814814815 0.016666666666667 0.022222222222222
20 0.05390625 0.5712962962963 0.016145833333333 0.022222222222222
20 0.31510416666667 0.38472222222222 0.01875 0.019444444444444
20 0.16979166666667 0.86851851851852 0.01875 0.02037037037037
20 0.072395833333333 0.26064814814815 0.019791666666667 0.019444444444444
20 0.81432291666667 0.25277777777778 0.0171875 0.02037037037037
20 0.02890625 0.42314814814815 0.0171875 0.02037037037037
20 0.32916666666667 0.68101851851852 0.017708333333333 0.019444444444444
20 0.37786458333333 0.55833333333333 0.0171875 0.02037037037037
20 0.89583333333333 0.18657407407407 0.015625 0.021296296296296
20 0.35755208333333 0.52407407407407 0.016145833333333 0.02037037037037
20 0.76223958333333 0.30231481481481 0.016145833333333 0.021296296296296
20 0.103125 0.51851851851852 0.014583333333333 0.022222222222222
20 0.2109375 0.65694444444444 0.014583333333333 0.021296296296296
20 0.10494791666667 0.95509259259259 0.015104166666667 0.021296296296296
20 0.028645833333333 0.80601851851852 0.014583333333333 0.021296296296296
20 0.52604166666667 0.81157407407407 0.016666666666667 0.017592592592593
20 0.43802083333333 0.59027777777778 0.015625 0.017592592592593