19 0.91510416666667 0.23888888888889 0.027083333333333 0.033333333333333
19 0.83645833333333 0.23611111111111 0.025 0.035185185185185
19 0.73020833333333 0.18194444444444 0.025 0.030555555555556
19 0.56953125 0.019907407407407 0.024479166666667 0.030555555555556
19 0.02734375 0.11018518518519 0.0234375 0.031481481481481
19 0.55651041666667 0.47546296296296 0.0234375 0.030555555555556
19 0.12916666666667 0.2287037037037 0.021875 0.031481481481481
19 0.63307291666667 0.25555555555556 0.021354166666667 0.031481481481481
19 0.31979166666667 0.36666666666667 0.020833333333333 0.031481481481481
19 0.39479166666667 0.027777777777778 0.020833333333333 0.02962962962963
19 0.28046875 0.21157407407407 0.021354166666667 0.028703703703704
19 0.73697916666667 0.47268518518519 0.019791666666667 0.030555555555556
19 0.64427083333333 0.19953703703704 0.020833333333333 0.028703703703704
19 0.66822916666667 0.12222222222222 0.020833333333333 0.027777777777778
19 0.34947916666667 0.027777777777778 0.020833333333333 0.027777777777778
19 0.89583333333333 0.16342592592593 0.01875 0.028703703703704
19 0.61875 0.06712962962963 0.019791666666667 0.026851851851852
19 0.69479166666667 0.1412037037037 0.020833333333333 0.025
19 0.82994791666667 0.025 0.019270833333333 0.025925925925926
19 0.25208333333333 0.25648148148148 0.01875 0.025925925925926
19 0.94739583333333 0.074537037037037 0.017708333333333 0.026851851851852
19 0.068489583333333 0.13703703703704 0.018229166666667 0.025925925925926
19 0.012760416666667 0.072685185185185 0.0171875 0.026851851851852
19 0.15859375 0.20046296296296 0.018229166666667 0.025
19 0.094010416666667 0.2587962962963 0.018229166666667 0.025
19 0.26302083333333 0.31712962962963 0.017708333333333 0.025
19 0.13541666666667 0.49583333333333 0.017708333333333 0.025
19 0.978125 0.34675925925926 0.017708333333333 0.025
19 0.13645833333333 0.62638888888889 0.017708333333333 0.025
19 0.89583333333333 0.56203703703704 0.016666666666667 0.025925925925926
19 0.71927083333333 0.22916666666667 0.017708333333333 0.025
19 0.38515625 0.1837962962963 0.0171875 0.025
19 0.32083333333333 0.10555555555556 0.017708333333333 0.024074074074074
19 0.42994791666667 0.11342592592593 0.018229166666667 0.023148148148148
19 0.2109375 0.30509259259259 0.016666666666667 0.025
19 0.80364583333333 0.43842592592593 0.016666666666667 0.025
19 0.13723958333333 0.087962962962963 0.0171875 0.024074074074074
19 0.740625 0.12592592592593 0.01875 0.022222222222222
19 0.58098958333333 0.29907407407407 0.0171875 0.024074074074074
19 0.39375 0.44861111111111 0.017708333333333 0.023148148148148
19 0.25729166666667 0.11157407407407 0.017708333333333 0.023148148148148
19 0.64895833333333 0.35046296296296 0.017708333333333 0.023148148148148
19 0.75989583333333 0.58518518518519 0.016666666666667 0.024074074074074
19 0.41796875 0.39583333333333 0.0171875 0.023148148148148
19 0.8609375 0.3787037037037 0.016666666666667 0.024074074074074
19 0.14713541666667 0.038425925925926 0.0171875 0.023148148148148
19 0.25364583333333 0.063888888888889 0.017708333333333 0.022222222222222
19 0.04921875 0.40925925925926 0.016145833333333 0.024074074074074
19 0.38177083333333 0.39305555555556 0.017708333333333 0.021296296296296
19 0.35807291666667 0.41759259259259 0.0171875 0.022222222222222
19 0.39739583333333 0.0875 0.016666666666667 0.023148148148148
19 0.70286458333333 0.30833333333333 0.0171875 0.022222222222222
19 0.24453125 0.48287037037037 0.016145833333333 0.023148148148148
19 0.072135416666667 0.24490740740741 0.016145833333333 0.023148148148148
19 0.77838541666667 0.31805555555556 0.016145833333333 0.023148148148148
19 0.12942708333333 0.46435185185185 0.016145833333333 0.023148148148148
19 0.64947916666667 0.4837962962963 0.015625 0.023148148148148
19 0.10338541666667 0.47083333333333 0.016145833333333 0.023148148148148
19 0.81848958333333 0.4787037037037 0.016145833333333 0.022222222222222
19 0.16197916666667 0.38425925925926 0.015625 0.022222222222222
19 0.62604166666667 0.425 0.015625 0.022222222222222
19 0.17838541666667 0.42361111111111 0.016145833333333 0.021296296296296
19 0.20078125 0.08287037037037 0.016145833333333 0.021296296296296
19 0.42786458333333 0.2337962962963 0.016145833333333 0.021296296296296
19 0.54895833333333 0.39490740740741 0.015625 0.021296296296296
19 0.24427083333333 0.43194444444444 0.015625 0.021296296296296
19 0.37838541666667 0.27268518518519 0.015104166666667 0.021296296296296
19 0.33125 0.21296296296296 0.015625 0.02037037037037
19 0.1546875 0.3337962962963 0.014583333333333 0.021296296296296
19 0.011979166666667 0.32638888888889 0.014583333333333 0.021296296296296
19 0.083854166666667 0.5412037037037 0.014583333333333 0.021296296296296
19 0.32057291666667 0.51111111111111 0.015104166666667 0.02037037037037
19 0.036197916666667 0.29861111111111 0.0140625 0.021296296296296
19 0.071614583333333 0.46388888888889 0.0140625 0.02037037037037
19 0.38385416666667 0.56666666666667 0.014583333333333 0.018518518518519
19 0.47005208333333 0.63333333333333 0.016145833333333 0.018518518518519
19 0.4609375 0.42314814814815 0.014583333333333 0.02037037037037
19 0.14505208333333 0.42037037037037 0.0140625 0.02037037037037