20 0.034114583333333 0.080555555555556 0.031770833333333 0.046296296296296
20 0.35234375 0.25416666666667 0.031770833333333 0.04537037037037
20 0.84973958333333 0.059259259259259 0.034895833333333 0.040740740740741
20 0.73333333333333 0.78564814814815 0.030208333333333 0.041666666666667
20 0.96640625 0.13888888888889 0.031770833333333 0.038888888888889
20 0.17395833333333 0.24583333333333 0.027083333333333 0.043518518518519
20 0.52578125 0.023611111111111 0.031770833333333 0.037962962962963
20 0.13125 0.069907407407407 0.030208333333333 0.037962962962963
20 0.80494791666667 0.071296296296296 0.030729166666667 0.037037037037037
20 0.81119791666667 0.10925925925926 0.030729166666667 0.037037037037037
20 0.20104166666667 0.92824074074074 0.027083333333333 0.039814814814815
20 0.067447916666667 0.19861111111111 0.027604166666667 0.037962962962963
20 0.017708333333333 0.46527777777778 0.027083333333333 0.037962962962963
20 0.33255208333333 0.025462962962963 0.0296875 0.034259259259259
20 0.65572916666667 0.42916666666667 0.028125 0.036111111111111
20 0.45520833333333 0.60601851851852 0.028125 0.036111111111111
20 0.67864583333333 0.61481481481481 0.027083333333333 0.037037037037037
20 0.8875 0.077314814814815 0.028125 0.034259259259259
20 0.72473958333333 0.64953703703704 0.027604166666667 0.036111111111111
20 0.21015625 0.64861111111111 0.0265625 0.036111111111111
20 0.79244791666667 0.54074074074074 0.028645833333333 0.033333333333333
20 0.63958333333333 0.53518518518519 0.027083333333333 0.035185185185185
20 0.4078125 0.86388888888889 0.027083333333333 0.035185185185185
20 0.69296875 0.018981481481481 0.030729166666667 0.030555555555556
20 0.17786458333333 0.20833333333333 0.025520833333333 0.037037037037037
20 0.37161458333333 0.01712962962963 0.028645833333333 0.032407407407407
20 0.84583333333333 0.15787037037037 0.027083333333333 0.034259259259259
20 0.71328125 0.046296296296296 0.0296875 0.02962962962963
20 0.33177083333333 0.40416666666667 0.027083333333333 0.032407407407407
20 0.67395833333333 0.525 0.027083333333333 0.033333333333333
20 0.87395833333333 0.36157407407407 0.027083333333333 0.032407407407407
20 0.9859375 0.27685185185185 0.026041666666667 0.033333333333333
20 0.60859375 0.81851851851852 0.024479166666667 0.035185185185185
20 0.51901041666667 0.87222222222222 0.024479166666667 0.033333333333333
20 0.70989583333333 0.25277777777778 0.027083333333333 0.02962962962963
20 0.21354166666667 0.40462962962963 0.026041666666667 0.02962962962963
20 0.23151041666667 0.71481481481481 0.024479166666667 0.031481481481481
20 0.71953125 0.081018518518519 0.028645833333333 0.026851851851852
20 0.27552083333333 0.26990740740741 0.026041666666667 0.028703703703704
20 0.56276041666667 0.15416666666667 0.027604166666667 0.025
20 0.1546875 0.17268518518519 0.026041666666667 0.026851851851852
20 0.30677083333333 0.20046296296296 0.025 0.025
20 0.8703125 0.3337962962963 0.023958333333333 0.025
20 0.3625 0.30046296296296 0.021875 0.023148148148148