49 0.21015625 0.41851851851852 0.027604166666667 0.031481481481481
49 0.43958333333333 0.32037037037037 0.028125 0.027777777777778
49 0.42005208333333 0.29398148148148 0.025520833333333 0.025
49 0.459375 0.45324074074074 0.025 0.026851851851852
49 0.35677083333333 0.3537037037037 0.022916666666667 0.027777777777778
49 0.42552083333333 0.41111111111111 0.026041666666667 0.025925925925926
49 0.24270833333333 0.39074074074074 0.022916666666667 0.025925925925926
49 0.26848958333333 0.41481481481481 0.022395833333333 0.027777777777778
49 0.490625 0.49675925925926 0.020833333333333 0.026851851851852
49 0.39348958333333 0.43888888888889 0.021354166666667 0.024074074074074
49 0.2953125 0.46203703703704 0.021875 0.024074074074074
49 0.2390625 0.4375 0.021875 0.023148148148148
49 0.38697916666667 0.32037037037037 0.017708333333333 0.02037037037037
49 0.19557291666667 0.36712962962963 0.0203125 0.023148148148148
49 0.4578125 0.40694444444444 0.017708333333333 0.019444444444444
49 0.26276041666667 0.33472222222222 0.0171875 0.019444444444444
49 0.31119791666667 0.32361111111111 0.0171875 0.019444444444444
49 0.2765625 0.36990740740741 0.016666666666667 0.019444444444444
49 0.36484375 0.32222222222222 0.0171875 0.018518518518519
49 0.34765625 0.40185185185185 0.016145833333333 0.018518518518519
49 0.42552083333333 0.41203703703704 0.025 0.027777777777778