19 0.67916666666667 0.080092592592593 0.028125 0.034259259259259
19 0.020572916666667 0.46666666666667 0.027604166666667 0.033333333333333
19 0.85338541666667 0.90740740740741 0.024479166666667 0.038888888888889
19 0.051302083333333 0.4875 0.024479166666667 0.034259259259259
19 0.43984375 0.26388888888889 0.0296875 0.02962962962963
19 0.81223958333333 0.23101851851852 0.0265625 0.030555555555556
19 0.53776041666667 0.37962962962963 0.025520833333333 0.031481481481481
19 0.34505208333333 0.17916666666667 0.027604166666667 0.028703703703704
19 0.40026041666667 0.055555555555556 0.0265625 0.02962962962963
19 0.057552083333333 0.75092592592593 0.021354166666667 0.035185185185185
19 0.95 0.29953703703704 0.022916666666667 0.032407407407407
19 0.71848958333333 0.64907407407407 0.0234375 0.031481481481481
19 0.38515625 0.098148148148148 0.024479166666667 0.02962962962963
19 0.97552083333333 0.038888888888889 0.022916666666667 0.031481481481481
19 0.56822916666667 0.43425925925926 0.023958333333333 0.02962962962963
19 0.875 0.35787037037037 0.021875 0.032407407407407
19 0.16302083333333 0.28564814814815 0.022916666666667 0.030555555555556
19 0.49791666666667 0.61898148148148 0.022916666666667 0.030555555555556
19 0.23020833333333 0.16898148148148 0.026041666666667 0.026851851851852
19 0.089583333333333 0.23518518518519 0.021875 0.031481481481481
19 0.64244791666667 0.11712962962963 0.0234375 0.028703703703704
19 0.88567708333333 0.52592592592593 0.022395833333333 0.02962962962963
19 0.88984375 0.47592592592593 0.021354166666667 0.031481481481481
19 0.75130208333333 0.35092592592593 0.0234375 0.027777777777778
19 0.446875 0.4962962962963 0.025 0.025925925925926
19 0.7890625 0.80601851851852 0.023958333333333 0.026851851851852
19 0.71796875 0.2375 0.022395833333333 0.028703703703704
19 0.49947916666667 0.039814814814815 0.022916666666667 0.027777777777778
19 0.73723958333333 0.3962962962963 0.021354166666667 0.02962962962963
19 0.21953125 0.32962962962963 0.021354166666667 0.02962962962963
19 0.95703125 0.8962962962963 0.021354166666667 0.02962962962963
19 0.98984375 0.090277777777778 0.019270833333333 0.032407407407407
19 0.65208333333333 0.84722222222222 0.020833333333333 0.02962962962963
19 0.88020833333333 0.12592592592593 0.021875 0.027777777777778
19 0.52395833333333 0.68333333333333 0.021875 0.027777777777778
19 0.15 0.51157407407407 0.021875 0.026851851851852
19 0.54036458333333 0.26342592592593 0.022395833333333 0.026851851851852
19 0.27161458333333 0.050462962962963 0.0203125 0.028703703703704
19 0.034375 0.43796296296296 0.020833333333333 0.027777777777778
19 0.53177083333333 0.16990740740741 0.022916666666667 0.025
19 0.72552083333333 0.73101851851852 0.019791666666667 0.028703703703704
19 0.6421875 0.39259259259259 0.021875 0.025925925925926
19 0.41848958333333 0.37685185185185 0.0234375 0.024074074074074
19 0.34791666666667 0.24953703703704 0.020833333333333 0.026851851851852
19 0.7125 0.06712962962963 0.020833333333333 0.026851851851852
19 0.35234375 0.40833333333333 0.021354166666667 0.025925925925926
19 0.97395833333333 0.44259259259259 0.019791666666667 0.027777777777778
19 0.19270833333333 0.76481481481481 0.019791666666667 0.027777777777778
19 0.26041666666667 0.12685185185185 0.019791666666667 0.027777777777778
19 0.74088541666667 0.69212962962963 0.0203125 0.026851851851852
19 0.7515625 0.067592592592593 0.020833333333333 0.025925925925926
19 0.20885416666667 0.95416666666667 0.019791666666667 0.026851851851852
19 0.60546875 0.25648148148148 0.0203125 0.025925925925926
19 0.3 0.19953703703704 0.020833333333333 0.025
19 0.04140625 0.17824074074074 0.019270833333333 0.026851851851852
19 0.7953125 0.43055555555556 0.019791666666667 0.025925925925926
19 0.20885416666667 0.67268518518519 0.021875 0.023148148148148
19 0.98776041666667 0.18240740740741 0.019270833333333 0.025925925925926
19 0.04921875 0.53518518518519 0.019270833333333 0.025925925925926
19 0.3390625 0.47083333333333 0.019791666666667 0.025
19 0.678125 0.1875 0.019791666666667 0.025
19 0.3609375 0.29953703703704 0.019791666666667 0.025
19 0.63723958333333 0.59907407407407 0.0203125 0.024074074074074
19 0.68125 0.52685185185185 0.01875 0.025925925925926
19 0.0125 0.58796296296296 0.01875 0.025925925925926
19 0.12109375 0.34861111111111 0.019270833333333 0.025
19 0.92447916666667 0.15833333333333 0.019791666666667 0.024074074074074
19 0.15494791666667 0.14305555555556 0.0203125 0.023148148148148
19 0.3046875 0.30231481481481 0.01875 0.025
19 0.26510416666667 0.54027777777778 0.01875 0.025
19 0.95572916666667 0.34166666666667 0.017708333333333 0.025925925925926
19 0.2109375 0.39907407407407 0.017708333333333 0.025925925925926
19 0.71875 0.48888888888889 0.01875 0.024074074074074
19 0.10338541666667 0.078703703703704 0.0171875 0.025925925925926
19 0.1203125 0.018981481481481 0.017708333333333 0.025
19 0.553125 0.75972222222222 0.01875 0.023148148148148
19 0.5734375 0.91435185185185 0.01875 0.023148148148148
19 0.89557291666667 0.84814814814815 0.019270833333333 0.022222222222222
19 0.0875 0.51203703703704 0.017708333333333 0.024074074074074
19 0.61953125 0.79212962962963 0.018229166666667 0.023148148148148
19 0.62057291666667 0.18518518518519 0.0171875 0.024074074074074
19 0.019791666666667 0.0097222222222222 0.020833333333333 0.019444444444444
19 0.19427083333333 0.34351851851852 0.016666666666667 0.024074074074074
19 0.93854166666667 0.66666666666667 0.016666666666667 0.024074074074074
19 0.14817708333333 0.71805555555556 0.0171875 0.023148148148148
19 0.78880208333333 0.74398148148148 0.0171875 0.023148148148148
19 0.046614583333333 0.14722222222222 0.016145833333333 0.024074074074074
19 0.13463541666667 0.95694444444444 0.016145833333333 0.023148148148148
19 0.29479166666667 0.51898148148148 0.016666666666667 0.023148148148148
19 0.25885416666667 0.87314814814815 0.016666666666667 0.022222222222222
19 0.68880208333333 0.79166666666667 0.016145833333333 0.022222222222222
19 0.76328125 0.88333333333333 0.0171875 0.02037037037037
19 0.58098958333333 0.12222222222222 0.0171875 0.02037037037037
19 0.13854166666667 0.74398148148148 0.015625 0.021296296296296
19 0.11588541666667 0.21435185185185 0.015104166666667 0.021296296296296
19 0.054427083333333 0.62685185185185 0.0140625 0.022222222222222
19 0.91354166666667 0.73611111111111 0.014583333333333 0.02037037037037
19 0.17942708333333 0.85925925925926 0.0140625 0.02037037037037
19 0.053645833333333 0.87824074074074 0.014583333333333 0.019444444444444
19 0.11536458333333 0.59907407407407 0.013020833333333 0.018518518518519