19 0.215625 0.043981481481481 0.021875 0.032407407407407
19 0.02265625 0.014814814814815 0.0234375 0.02962962962963
19 0.26901041666667 0.20740740740741 0.022395833333333 0.027777777777778
19 0.31979166666667 0.39953703703704 0.023958333333333 0.025
19 0.29479166666667 0.4287037037037 0.021875 0.025925925925926
19 0.86770833333333 0.015740740740741 0.020833333333333 0.027777777777778
19 0.56692708333333 0.097222222222222 0.021354166666667 0.025925925925926
19 0.80989583333333 0.48425925925926 0.01875 0.027777777777778
19 0.32447916666667 0.43518518518519 0.020833333333333 0.024074074074074
19 0.78203125 0.56018518518519 0.019270833333333 0.025925925925926
19 0.89375 0.21481481481481 0.01875 0.025925925925926
19 0.73828125 0.23194444444444 0.018229166666667 0.026851851851852
19 0.81380208333333 0.32037037037037 0.0203125 0.022222222222222
19 0.79166666666667 0.36064814814815 0.019791666666667 0.023148148148148
19 0.96822916666667 0.6162037037037 0.01875 0.023148148148148
19 0.60104166666667 0.40648148148148 0.019791666666667 0.022222222222222
19 0.48619791666667 0.49398148148148 0.0203125 0.019444444444444
19 0.087239583333333 0.024074074074074 0.016145833333333 0.024074074074074
19 0.9734375 0.013425925925926 0.016666666666667 0.021296296296296
19 0.76171875 0.39259259259259 0.0171875 0.02037037037037
19 0.82864583333333 0.45972222222222 0.014583333333333 0.023148148148148
19 0.903125 0.61203703703704 0.013541666666667 0.018518518518519
19 0.99348958333333 0.21388888888889 0.011979166666667 0.022222222222222