20 0.35572916666667 0.10694444444444 0.032291666666667 0.05462962962963
20 0.0578125 0.69814814814815 0.028125 0.042592592592593
20 0.66588541666667 0.23055555555556 0.028645833333333 0.037037037037037
20 0.61848958333333 0.36990740740741 0.025520833333333 0.039814814814815
20 0.32473958333333 0.043981481481481 0.0265625 0.037962962962963
20 0.19947916666667 0.48287037037037 0.025 0.039814814814815
20 0.60260416666667 0.11759259259259 0.026041666666667 0.037037037037037
20 0.08671875 0.18148148148148 0.025520833333333 0.035185185185185
20 0.43880208333333 0.23055555555556 0.0265625 0.033333333333333
20 0.76536458333333 0.36342592592593 0.024479166666667 0.036111111111111
20 0.70833333333333 0.27731481481481 0.027083333333333 0.032407407407407
20 0.69244791666667 0.47361111111111 0.025520833333333 0.034259259259259
20 0.7421875 0.29074074074074 0.026041666666667 0.033333333333333
20 0.13697916666667 0.87222222222222 0.026041666666667 0.033333333333333
20 0.503125 0.25185185185185 0.025 0.033333333333333
20 0.903125 0.22453703703704 0.026041666666667 0.030555555555556
20 0.94921875 0.031018518518519 0.024479166666667 0.032407407407407
20 0.66171875 0.29814814814815 0.024479166666667 0.031481481481481
20 0.9578125 0.56203703703704 0.022916666666667 0.033333333333333
20 0.50364583333333 0.055092592592593 0.022916666666667 0.032407407407407
20 0.33125 0.35833333333333 0.022916666666667 0.033333333333333
20 0.94479166666667 0.40694444444444 0.025 0.028703703703704
20 0.63723958333333 0.27361111111111 0.021354166666667 0.030555555555556
20 0.98020833333333 0.033796296296296 0.023958333333333 0.026851851851852
20 0.82317708333333 0.44074074074074 0.024479166666667 0.02962962962963
20 0.39296875 0.44861111111111 0.0234375 0.030555555555556
20 0.91796875 0.31574074074074 0.0234375 0.027777777777778
20 0.60598958333333 0.62777777777778 0.022395833333333 0.02962962962963
20 0.28411458333333 0.46435185185185 0.022395833333333 0.028703703703704
20 0.93229166666667 0.78518518518519 0.022916666666667 0.02962962962963
20 0.29036458333333 0.70277777777778 0.022395833333333 0.027777777777778
20 0.65625 0.43287037037037 0.019791666666667 0.025
20 0.33619791666667 0.62592592592593 0.0203125 0.031481481481481
20 0.33203125 0.43564814814815 0.022395833333333 0.028703703703704
20 0.51979166666667 0.39166666666667 0.01875 0.024074074074074
20 0.81953125 0.2837962962963 0.0203125 0.030555555555556
20 0.93333333333333 0.50324074074074 0.021875 0.026851851851852
20 0.95494791666667 0.62731481481481 0.019270833333333 0.028703703703704
20 0.53411458333333 0.35740740740741 0.0203125 0.02962962962963
20 0.01171875 0.10925925925926 0.019270833333333 0.02962962962963
20 0.39192708333333 0.57916666666667 0.021354166666667 0.028703703703704
20 0.478125 0.55601851851852 0.020833333333333 0.025
20 0.1375 0.5962962962963 0.019791666666667 0.025925925925926