19 0.91666666666667 0.023611111111111 0.022916666666667 0.030555555555556
19 0.85625 0.23333333333333 0.019791666666667 0.02962962962963
19 0.90260416666667 0.63101851851852 0.019791666666667 0.028703703703704
19 0.98046875 0.28287037037037 0.018229166666667 0.025
19 0.84036458333333 0.090740740740741 0.0203125 0.025925925925926
19 0.65104166666667 0.34212962962963 0.019791666666667 0.026851851851852
19 0.28489583333333 0.18657407407407 0.019791666666667 0.023148148148148
19 0.82578125 0.018055555555556 0.019270833333333 0.025
19 0.80364583333333 0.29675925925926 0.017708333333333 0.025
19 0.83177083333333 0.34305555555556 0.017708333333333 0.025
19 0.98307291666667 0.5787037037037 0.0171875 0.024074074074074
19 0.97604166666667 0.55601851851852 0.017708333333333 0.023148148148148
19 0.86328125 0.071296296296296 0.019270833333333 0.022222222222222
19 0.86276041666667 0.031481481481481 0.018229166666667 0.022222222222222
19 0.83828125 0.28935185185185 0.016145833333333 0.023148148148148
19 0.66041666666667 0.39027777777778 0.016666666666667 0.021296296296296
19 0.75364583333333 0.34907407407407 0.015625 0.022222222222222
19 0.48958333333333 0.10092592592593 0.016666666666667 0.02037037037037
19 0.81171875 0.46296296296296 0.016145833333333 0.02037037037037
19 0.9109375 0.42638888888889 0.011458333333333 0.017592592592593