20 0.27135416666667 0.44444444444444 0.033333333333333 0.053703703703704
20 0.27473958333333 0.16574074074074 0.030729166666667 0.040740740740741
20 0.25598958333333 0.11990740740741 0.033854166666667 0.043518518518519
20 0.03671875 0.077314814814815 0.0296875 0.039814814814815
20 0.34765625 0.093518518518519 0.028645833333333 0.038888888888889
20 0.15989583333333 0.40509259259259 0.027083333333333 0.037962962962963
20 0.08359375 0.91944444444444 0.027604166666667 0.037037037037037
20 0.55416666666667 0.38657407407407 0.029166666666667 0.032407407407407
20 0.89609375 0.80231481481481 0.028645833333333 0.032407407407407
20 0.66171875 0.66574074074074 0.024479166666667 0.037037037037037
20 0.30755208333333 0.033796296296296 0.025520833333333 0.034259259259259
20 0.59869791666667 0.28148148148148 0.027604166666667 0.031481481481481
20 0.28541666666667 0.24444444444444 0.026041666666667 0.033333333333333
20 0.25833333333333 0.59722222222222 0.022916666666667 0.035185185185185
20 0.41848958333333 0.29305555555556 0.024479166666667 0.032407407407407
20 0.044270833333333 0.23240740740741 0.022916666666667 0.031481481481481
20 0.18567708333333 0.94861111111111 0.025520833333333 0.030555555555556
20 0.064322916666667 0.10509259259259 0.022395833333333 0.034259259259259
20 0.055989583333333 0.14027777777778 0.0234375 0.030555555555556
20 0.024739583333333 0.5162037037037 0.0234375 0.030555555555556
20 0.015625 0.24583333333333 0.022916666666667 0.030555555555556
20 0.22552083333333 0.64398148148148 0.021875 0.030555555555556
20 0.88229166666667 0.31296296296296 0.025 0.027777777777778
20 0.0234375 0.12824074074074 0.022916666666667 0.028703703703704
20 0.61119791666667 0.14398148148148 0.024479166666667 0.026851851851852
20 0.19661458333333 0.052314814814815 0.021354166666667 0.030555555555556
20 0.1984375 0.5287037037037 0.021875 0.02962962962963
20 0.02890625 0.39074074074074 0.021354166666667 0.02962962962963
20 0.20390625 0.2787037037037 0.021354166666667 0.02962962962963
20 0.03984375 0.30555555555556 0.021354166666667 0.02962962962963
20 0.215625 0.37962962962963 0.020833333333333 0.02962962962963
20 0.20338541666667 0.22175925925926 0.0203125 0.030555555555556
20 0.33463541666667 0.14027777777778 0.021354166666667 0.028703703703704
20 0.31822916666667 0.27361111111111 0.022916666666667 0.026851851851852
20 0.25859375 0.70046296296296 0.021354166666667 0.028703703703704
20 0.03515625 0.36388888888889 0.0203125 0.02962962962963
20 0.3484375 0.66435185185185 0.020833333333333 0.028703703703704
20 0.51276041666667 0.14444444444444 0.021354166666667 0.027777777777778
20 0.41276041666667 0.069444444444444 0.021354166666667 0.027777777777778
20 0.30260416666667 0.10092592592593 0.021875 0.025925925925926
20 0.57135416666667 0.069444444444444 0.020833333333333 0.027777777777778
20 0.53619791666667 0.59814814814815 0.021354166666667 0.027777777777778
20 0.13932291666667 0.55416666666667 0.021354166666667 0.026851851851852
20 0.38515625 0.65740740740741 0.0203125 0.027777777777778
20 0.03203125 0.33240740740741 0.0203125 0.027777777777778
20 0.42994791666667 0.35925925925926 0.0203125 0.027777777777778
20 0.44869791666667 0.065277777777778 0.021354166666667 0.025
20 0.059895833333333 0.45231481481481 0.020833333333333 0.026851851851852
20 0.24010416666667 0.76296296296296 0.019791666666667 0.027777777777778
20 0.23854166666667 0.48888888888889 0.019791666666667 0.027777777777778
20 0.22864583333333 0.049537037037037 0.019791666666667 0.026851851851852
20 0.32239583333333 0.97638888888889 0.019791666666667 0.026851851851852
20 0.16015625 0.30185185185185 0.0203125 0.025925925925926
20 0.72473958333333 0.98148148148148 0.0203125 0.025925925925926
20 0.32057291666667 0.67407407407407 0.0203125 0.025925925925926
20 0.84296875 0.97777777777778 0.0203125 0.025925925925926
20 0.78151041666667 0.33148148148148 0.0203125 0.025925925925926
20 0.90338541666667 0.65648148148148 0.0203125 0.025925925925926
20 0.49479166666667 0.22083333333333 0.020833333333333 0.025
20 0.21770833333333 0.33888888888889 0.01875 0.027777777777778
20 0.14609375 0.35972222222222 0.019270833333333 0.026851851851852
20 0.06484375 0.48194444444444 0.019270833333333 0.026851851851852
20 0.36067708333333 0.70972222222222 0.019270833333333 0.026851851851852
20 0.28932291666667 0.53101851851852 0.0203125 0.025
20 0.82708333333333 0.7912037037037 0.01875 0.026851851851852
20 0.41302083333333 0.24675925925926 0.019791666666667 0.025
20 0.1515625 0.59351851851852 0.01875 0.025925925925926
20 0.19609375 0.60740740740741 0.019270833333333 0.025925925925926
20 0.20963541666667 0.67083333333333 0.018229166666667 0.026851851851852
20 0.096614583333333 0.22314814814815 0.019270833333333 0.025925925925926
20 0.84479166666667 0.83796296296296 0.01875 0.025925925925926
20 0.6375 0.87685185185185 0.019791666666667 0.024074074074074
20 0.54635416666667 0.82407407407407 0.019791666666667 0.024074074074074
20 0.6203125 0.41944444444444 0.019791666666667 0.024074074074074
20 0.40416666666667 0.72453703703704 0.01875 0.025
20 0.76223958333333 0.59722222222222 0.019270833333333 0.024074074074074
20 0.78828125 0.7537037037037 0.019270833333333 0.024074074074074
20 0.4609375 0.23287037037037 0.019791666666667 0.023148148148148
20 0.51692708333333 0.30555555555556 0.0203125 0.022222222222222
20 0.64401041666667 0.70509259259259 0.018229166666667 0.025
20 0.030208333333333 0.56759259259259 0.01875 0.024074074074074
20 0.42239583333333 0.57083333333333 0.01875 0.023148148148148
20 0.17395833333333 0.1125 0.01875 0.023148148148148
20 0.072916666666667 0.40462962962963 0.01875 0.022222222222222
20 0.38645833333333 0.61851851851852 0.01875 0.022222222222222
20 0.11901041666667 0.56527777777778 0.0171875 0.025
20 0.015885416666667 0.91296296296296 0.018229166666667 0.022222222222222
20 0.17369791666667 0.70462962962963 0.0171875 0.024074074074074
20 0.16796875 0.43425925925926 0.018229166666667 0.022222222222222
20 0.091666666666667 0.0092592592592593 0.021875 0.018518518518519
20 0.08984375 0.6712962962963 0.018229166666667 0.022222222222222
20 0.28333333333333 0.65601851851852 0.01875 0.021296296296296
20 0.14973958333333 0.19861111111111 0.0171875 0.023148148148148
20 0.01484375 0.6125 0.0171875 0.023148148148148
20 0.38932291666667 0.9625 0.0171875 0.023148148148148
20 0.22838541666667 0.55138888888889 0.0171875 0.023148148148148
20 0.4 0.49444444444444 0.01875 0.02037037037037
20 0.10572916666667 0.25416666666667 0.016666666666667 0.021296296296296
20 0.81354166666667 0.86481481481481 0.017708333333333 0.022222222222222
20 0.3640625 0.3912037037037 0.017708333333333 0.021296296296296