19 0.54166666666667 0.5837962962963 0.021875 0.028703703703704
19 0.590625 0.63703703703704 0.023958333333333 0.027777777777778
19 0.50104166666667 0.56018518518519 0.025 0.025925925925926
19 0.4484375 0.45231481481481 0.027083333333333 0.025
19 0.45729166666667 0.52777777777778 0.025 0.035185185185185
19 0.35807291666667 0.53703703703704 0.0234375 0.025925925925926
19 0.31640625 0.6 0.021354166666667 0.025925925925926
19 0.39583333333333 0.49814814814815 0.021875 0.025925925925926
19 0.47604166666667 0.41805555555556 0.021875 0.026851851851852
19 0.35572916666667 0.44398148148148 0.021875 0.026851851851852
19 0.62239583333333 0.63101851851852 0.021875 0.026851851851852
19 0.45677083333333 0.4537037037037 0.022916666666667 0.024074074074074
19 0.61067708333333 0.51666666666667 0.022395833333333 0.024074074074074
19 0.5625 0.50416666666667 0.020833333333333 0.025
19 0.51770833333333 0.41851851851852 0.020833333333333 0.024074074074074
19 0.58880208333333 0.57824074074074 0.021354166666667 0.025
19 0.47760416666667 0.62175925925926 0.020833333333333 0.023148148148148
19 0.52395833333333 0.49675925925926 0.021875 0.023148148148148
19 0.4375 0.45046296296296 0.021875 0.021296296296296
19 0.58541666666667 0.47083333333333 0.019791666666667 0.023148148148148
19 0.55104166666667 0.45185185185185 0.01875 0.022222222222222
19 0.59401041666667 0.43240740740741 0.018229166666667 0.022222222222222
19 0.31796875 0.48148148148148 0.018229166666667 0.022222222222222
19 0.26458333333333 0.47314814814815 0.017708333333333 0.022222222222222
19 0.55286458333333 0.69166666666667 0.019270833333333 0.02037037037037
19 0.57421875 0.6912037037037 0.018229166666667 0.021296296296296
19 0.49270833333333 0.44444444444444 0.017708333333333 0.02037037037037
19 0.61510416666667 0.68981481481481 0.017708333333333 0.02037037037037
19 0.39609375 0.46851851851852 0.0171875 0.02037037037037
19 0.65130208333333 0.56203703703704 0.0171875 0.02037037037037
19 0.1984375 0.44907407407407 0.016666666666667 0.02037037037037
19 0.61796875 0.5662037037037 0.0171875 0.019444444444444
19 0.59479166666667 0.60138888888889 0.016666666666667 0.019444444444444
19 0.47890625 0.5912037037037 0.0171875 0.019444444444444
19 0.43463541666667 0.56944444444444 0.0171875 0.018518518518519
19 0.49713541666667 0.49722222222222 0.0171875 0.018518518518519
19 0.63697916666667 0.49907407407407 0.016666666666667 0.018518518518519
19 0.53958333333333 0.40648148148148 0.016666666666667 0.018518518518519
19 0.44635416666667 0.62407407407407 0.016666666666667 0.018518518518519
19 0.58776041666667 0.53611111111111 0.016145833333333 0.018518518518519
19 0.42942708333333 0.5412037037037 0.016145833333333 0.017592592592593
19 0.35598958333333 0.49444444444444 0.015104166666667 0.016666666666667
19 0.25338541666667 0.43194444444444 0.015104166666667 0.015740740740741
43 0.36796875 0.60601851851852 0.6015625 0.51574074074074
43 0.60963541666667 0.51666666666667 0.022395833333333 0.027777777777778
43 0.35833333333333 0.5375 0.022916666666667 0.028703703703704
43 0.35625 0.44398148148148 0.021875 0.028703703703704
43 0.47604166666667 0.41759259259259 0.019791666666667 0.025925925925926
43 0.39557291666667 0.49814814814815 0.0203125 0.027777777777778
43 0.58489583333333 0.47037037037037 0.01875 0.024074074074074
43 0.59401041666667 0.43194444444444 0.018229166666667 0.023148148148148
43 0.55104166666667 0.45138888888889 0.017708333333333 0.023148148148148
43 0.49322916666667 0.44398148148148 0.017708333333333 0.023148148148148
43 0.19869791666667 0.44861111111111 0.0171875 0.023148148148148
43 0.63697916666667 0.49861111111111 0.016666666666667 0.021296296296296
43 0.65130208333333 0.56203703703704 0.016145833333333 0.022222222222222
43 0.39609375 0.46759259259259 0.015104166666667 0.02037037037037
43 0.5875 0.53564814814815 0.015625 0.019444444444444
43 0.50026041666667 0.56018518518519 0.024479166666667 0.027777777777778
43 0.45755208333333 0.52777777777778 0.025520833333333 0.035185185185185
43 0.35598958333333 0.44398148148148 0.022395833333333 0.028703703703704
43 0.35807291666667 0.53703703703704 0.0234375 0.027777777777778
43 0.60963541666667 0.5162037037037 0.0234375 0.026851851851852
43 0.58463541666667 0.47037037037037 0.019270833333333 0.024074074074074
43 0.49348958333333 0.44351851851852 0.018229166666667 0.022222222222222
43 0.55104166666667 0.45138888888889 0.01875 0.021296296296296
43 0.65130208333333 0.5625 0.016145833333333 0.021296296296296
43 0.39583333333333 0.46805555555556 0.015625 0.019444444444444
43 0.5875 0.53518518518519 0.015625 0.018518518518519
19 0.45755208333333 0.52777777777778 0.025520833333333 0.035185185185185
19 0.35807291666667 0.53703703703704 0.0234375 0.027777777777778
19 0.35598958333333 0.44398148148148 0.022395833333333 0.028703703703704
19 0.50026041666667 0.56018518518519 0.024479166666667 0.027777777777778
19 0.47604166666667 0.41759259259259 0.019791666666667 0.025925925925926
19 0.58463541666667 0.47037037037037 0.019270833333333 0.024074074074074
19 0.60963541666667 0.5162037037037 0.0234375 0.026851851851852
19 0.39557291666667 0.49814814814815 0.0203125 0.027777777777778
19 0.49348958333333 0.44351851851852 0.018229166666667 0.022222222222222
19 0.55104166666667 0.45138888888889 0.01875 0.021296296296296
19 0.65130208333333 0.5625 0.016145833333333 0.021296296296296
19 0.19869791666667 0.44861111111111 0.0171875 0.023148148148148
19 0.39583333333333 0.46805555555556 0.015625 0.019444444444444
19 0.5875 0.53518518518519 0.015625 0.018518518518519