19 0.4984375 0.30694444444444 0.023958333333333 0.030555555555556
19 0.45807291666667 0.25648148148148 0.022395833333333 0.031481481481481
19 0.63828125 0.21712962962963 0.024479166666667 0.028703703703704
19 0.8296875 0.3787037037037 0.021875 0.027777777777778
19 0.44296875 0.42916666666667 0.0203125 0.028703703703704
19 0.675 0.27824074074074 0.022916666666667 0.025
19 0.75260416666667 0.39722222222222 0.019791666666667 0.027777777777778
19 0.68854166666667 0.19444444444444 0.021875 0.025925925925926
19 0.78020833333333 0.41064814814815 0.019791666666667 0.026851851851852
19 0.70416666666667 0.52361111111111 0.01875 0.026851851851852
19 0.51875 0.43240740740741 0.020833333333333 0.024074074074074
19 0.66119791666667 0.1625 0.019270833333333 0.025
19 0.56770833333333 0.20787037037037 0.01875 0.023148148148148
19 0.62161458333333 0.083796296296296 0.018229166666667 0.023148148148148
19 0.80755208333333 0.22222222222222 0.0171875 0.024074074074074
19 0.596875 0.2625 0.017708333333333 0.023148148148148
19 0.46432291666667 0.14166666666667 0.018229166666667 0.022222222222222
19 0.55208333333333 0.22037037037037 0.017708333333333 0.022222222222222
19 0.63307291666667 0.30601851851852 0.0171875 0.023148148148148
19 0.51432291666667 0.3037037037037 0.0171875 0.02037037037037
19 0.79270833333333 0.2662037037037 0.016666666666667 0.023148148148148
19 0.56328125 0.26157407407407 0.016145833333333 0.021296296296296
19 0.55 0.32546296296296 0.015625 0.019444444444444
19 0.61927083333333 0.47407407407407 0.015625 0.02037037037037
19 0.35416666666667 0.32962962962963 0.014583333333333 0.02037037037037
19 0.38645833333333 0.38009259259259 0.014583333333333 0.019444444444444
19 0.40651041666667 0.28333333333333 0.015104166666667 0.018518518518519
19 0.56979166666667 0.48796296296296 0.014583333333333 0.018518518518519
19 0.52291666666667 0.40462962962963 0.014583333333333 0.018518518518519
19 0.68255208333333 0.39074074074074 0.013020833333333 0.018518518518519
19 0.3625 0.29398148148148 0.013541666666667 0.017592592592593
43 0.55572916666667 0.45555555555556 0.60416666666667 0.90740740740741