19 0.1421875 0.28472222222222 0.028125 0.032407407407407
19 0.44322916666667 0.44814814814815 0.022916666666667 0.02962962962963
19 0.07109375 0.47361111111111 0.0234375 0.037962962962963
19 0.39322916666667 0.59861111111111 0.021875 0.030555555555556
19 0.8984375 0.24814814814815 0.021875 0.02962962962963
19 0.63411458333333 0.64305555555556 0.0234375 0.025
19 0.48802083333333 0.31111111111111 0.020833333333333 0.027777777777778
19 0.92265625 0.70092592592593 0.022395833333333 0.025925925925926
19 0.18567708333333 0.61712962962963 0.021354166666667 0.026851851851852
19 0.94895833333333 0.41111111111111 0.01875 0.02962962962963
19 0.315625 0.77777777777778 0.019791666666667 0.027777777777778
19 0.22395833333333 0.45509259259259 0.020833333333333 0.025
19 0.0080729166666667 0.68611111111111 0.016145833333333 0.031481481481481
19 0.42630208333333 0.12407407407407 0.019270833333333 0.025925925925926
19 0.47005208333333 0.625 0.019270833333333 0.025925925925926
19 0.41041666666667 0.66064814814815 0.019791666666667 0.025
19 0.59244791666667 0.28425925925926 0.0203125 0.024074074074074
19 0.64010416666667 0.037962962962963 0.01875 0.025925925925926
19 0.94244791666667 0.10833333333333 0.018229166666667 0.025925925925926
19 0.7265625 0.40601851851852 0.01875 0.025
19 0.14401041666667 0.037037037037037 0.018229166666667 0.025925925925926
19 0.59791666666667 0.32731481481481 0.01875 0.025
19 0.13307291666667 0.7337962962963 0.018229166666667 0.025
19 0.7765625 0.30092592592593 0.01875 0.024074074074074
19 0.13671875 0.89259259259259 0.0171875 0.025925925925926
19 0.25104166666667 0.40694444444444 0.017708333333333 0.025
19 0.75494791666667 0.1712962962963 0.018229166666667 0.024074074074074
19 0.49713541666667 0.47314814814815 0.018229166666667 0.024074074074074
19 0.80729166666667 0.53935185185185 0.01875 0.023148148148148
19 0.076822916666667 0.56898148148148 0.0171875 0.025
19 0.19270833333333 0.75277777777778 0.017708333333333 0.024074074074074
19 0.63645833333333 0.40648148148148 0.017708333333333 0.024074074074074
19 0.75260416666667 0.61481481481481 0.017708333333333 0.024074074074074
19 0.64791666666667 0.15740740740741 0.017708333333333 0.024074074074074
19 0.37421875 0.7625 0.018229166666667 0.023148148148148
19 0.037239583333333 0.72962962962963 0.0171875 0.024074074074074
19 0.14453125 0.70277777777778 0.0171875 0.024074074074074
19 0.17890625 0.21296296296296 0.018229166666667 0.022222222222222
19 0.8140625 0.15138888888889 0.017708333333333 0.023148148148148
19 0.10520833333333 0.57314814814815 0.016666666666667 0.024074074074074
19 0.82317708333333 0.31666666666667 0.018229166666667 0.022222222222222
19 0.19557291666667 0.37592592592593 0.0171875 0.024074074074074
19 0.56432291666667 0.53564814814815 0.0171875 0.023148148148148
19 0.076302083333333 0.80648148148148 0.016145833333333 0.024074074074074
19 0.73984375 0.47824074074074 0.0171875 0.023148148148148
19 0.85390625 0.51203703703704 0.016145833333333 0.024074074074074
19 0.76770833333333 0.060648148148148 0.016666666666667 0.023148148148148
19 0.8859375 0.38287037037037 0.016666666666667 0.023148148148148
19 0.63489583333333 0.1837962962963 0.016666666666667 0.023148148148148
19 0.54453125 0.065740740740741 0.0171875 0.022222222222222
19 0.48776041666667 0.65833333333333 0.0171875 0.022222222222222
19 0.47994791666667 0.83287037037037 0.016145833333333 0.023148148148148
19 0.31770833333333 0.65787037037037 0.017708333333333 0.021296296296296
19 0.92708333333333 0.028703703703704 0.015625 0.024074074074074
19 0.51067708333333 0.78009259259259 0.016145833333333 0.023148148148148
19 0.52604166666667 0.34166666666667 0.016666666666667 0.022222222222222
19 0.621875 0.37546296296296 0.016666666666667 0.021296296296296
19 0.58046875 0.15277777777778 0.0171875 0.02037037037037
19 0.67760416666667 0.61712962962963 0.016666666666667 0.021296296296296
19 0.02421875 0.77037037037037 0.016145833333333 0.022222222222222
19 0.37369791666667 0.98518518518519 0.015104166666667 0.022222222222222
19 0.2140625 0.34861111111111 0.015625 0.021296296296296
19 0.44817708333333 0.56759259259259 0.016145833333333 0.02037037037037
19 0.83385416666667 0.37546296296296 0.015625 0.021296296296296
19 0.55182291666667 0.84166666666667 0.016145833333333 0.02037037037037
19 0.36875 0.67175925925926 0.016666666666667 0.019444444444444
19 0.17942708333333 0.51064814814815 0.015104166666667 0.021296296296296
19 0.35416666666667 0.82037037037037 0.015625 0.02037037037037
19 0.72369791666667 0.017592592592593 0.015104166666667 0.02037037037037
19 0.32447916666667 0.74490740740741 0.014583333333333 0.021296296296296
19 0.64088541666667 0.54166666666667 0.015104166666667 0.02037037037037
19 0.65390625 0.67962962962963 0.015104166666667 0.02037037037037
19 0.70286458333333 0.098611111111111 0.0140625 0.019444444444444
19 0.74088541666667 0.77638888888889 0.0140625 0.019444444444444
19 0.29505208333333 0.72546296296296 0.0140625 0.019444444444444
19 0.21302083333333 0.79861111111111 0.013541666666667 0.019444444444444
19 0.012239583333333 0.61898148148148 0.015104166666667 0.021296296296296
19 0.38854166666667 0.85185185185185 0.013541666666667 0.018518518518519
19 0.14557291666667 0.86666666666667 0.013020833333333 0.018518518518519