43 0.51119791666667 0.27777777777778 0.033854166666667 0.037037037037037
43 0.063020833333333 0.96990740740741 0.027083333333333 0.032407407407407
43 0.28333333333333 0.49722222222222 0.028125 0.033333333333333
43 0.40052083333333 0.53287037037037 0.028125 0.030555555555556
43 0.19505208333333 0.35972222222222 0.0265625 0.030555555555556
43 0.31119791666667 0.44583333333333 0.027604166666667 0.028703703703704
43 0.086458333333333 0.41990740740741 0.027083333333333 0.028703703703704
43 0.41953125 0.49398148148148 0.024479166666667 0.028703703703704
43 0.0625 0.5125 0.022916666666667 0.032407407407407
43 0.60625 0.45231481481481 0.026041666666667 0.028703703703704
43 0.39244791666667 0.60416666666667 0.0234375 0.026851851851852
43 0.46614583333333 0.022685185185185 0.029166666666667 0.025
43 0.84713541666667 0.10509259259259 0.0265625 0.023148148148148
43 0.61510416666667 0.084259259259259 0.027083333333333 0.022222222222222
43 0.33307291666667 0.13888888888889 0.0265625 0.022222222222222
43 0.14583333333333 0.46296296296296 0.021875 0.025925925925926
43 0.0375 0.23009259259259 0.030208333333333 0.023148148148148
43 0.84322916666667 0.68981481481481 0.028125 0.025925925925926
43 0.15494791666667 0.50231481481481 0.0234375 0.028703703703704
43 0.89453125 0.64074074074074 0.0234375 0.027777777777778
43 0.46953125 0.16296296296296 0.025520833333333 0.022222222222222
43 0.13411458333333 0.74444444444444 0.021354166666667 0.025925925925926
43 0.43984375 0.43287037037037 0.0203125 0.017592592592593
43 0.9890625 0.90231481481481 0.01875 0.019444444444444
43 0.95651041666667 0.55601851851852 0.018229166666667 0.019444444444444
43 0.26302083333333 0.9712962962963 0.016666666666667 0.018518518518519
43 0.0375 0.49907407407407 0.014583333333333 0.018518518518519
43 0.30026041666667 0.30277777777778 0.0265625 0.024074074074074
43 0.83255208333333 0.33333333333333 0.024479166666667 0.025925925925926
43 0.23645833333333 0.45462962962963 0.022916666666667 0.027777777777778
43 0.51822916666667 0.44444444444444 0.022916666666667 0.025925925925926
43 0.36588541666667 0.33564814814815 0.025520833333333 0.023148148148148
43 0.55442708333333 0.44814814814815 0.022395833333333 0.025925925925926
43 0.7203125 0.96064814814815 0.027083333333333 0.021296296296296
43 0.678125 0.28888888888889 0.026041666666667 0.022222222222222
43 0.93854166666667 0.67175925925926 0.022916666666667 0.025
43 0.47864583333333 0.43611111111111 0.022916666666667 0.024074074074074
43 0.21484375 0.55648148148148 0.0203125 0.025925925925926
43 0.86979166666667 0.55833333333333 0.021875 0.024074074074074
43 0.92916666666667 0.0125 0.025 0.021296296296296
43 0.24375 0.31898148148148 0.020833333333333 0.025
43 0.83307291666667 0.5162037037037 0.022395833333333 0.023148148148148
43 0.35234375 0.9412037037037 0.0234375 0.021296296296296
43 0.11067708333333 0.48935185185185 0.0203125 0.025
43 0.46510416666667 0.71990740740741 0.021875 0.023148148148148
43 0.76015625 0.83518518518519 0.024479166666667 0.02037037037037
43 0.9265625 0.275 0.023958333333333 0.02037037037037
43 0.43072916666667 0.61759259259259 0.019791666666667 0.024074074074074
43 0.4453125 0.36944444444444 0.021875 0.022222222222222
43 0.54192708333333 0.60277777777778 0.021354166666667 0.022222222222222
43 0.98177083333333 0.7087962962963 0.019791666666667 0.023148148148148
43 0.81614583333333 0.62083333333333 0.020833333333333 0.021296296296296
43 0.81744791666667 0.053703703703704 0.024479166666667 0.018518518518519
19 0.28385416666667 0.14259259259259 0.023958333333333 0.018518518518519
43 0.796875 0.93981481481481 0.021875 0.02037037037037
43 0.2890625 0.675 0.019791666666667 0.022222222222222
43 0.62109375 0.043518518518519 0.0234375 0.018518518518519
43 0.13255208333333 0.019907407407407 0.022395833333333 0.019444444444444
43 0.61223958333333 0.40324074074074 0.0203125 0.021296296296296
43 0.045572916666667 0.81574074074074 0.019270833333333 0.022222222222222
43 0.02421875 0.57962962962963 0.0203125 0.02037037037037
43 0.10286458333333 0.51527777777778 0.018229166666667 0.023148148148148
43 0.18359375 0.82407407407407 0.018229166666667 0.022222222222222
43 0.017708333333333 0.27453703703704 0.020833333333333 0.019444444444444
43 0.67760416666667 0.48055555555556 0.019791666666667 0.02037037037037
43 0.0125 0.30324074074074 0.019791666666667 0.019444444444444
43 0.0890625 0.925 0.017708333333333 0.022222222222222
43 0.44947916666667 0.67777777777778 0.01875 0.02037037037037
43 0.3453125 0.66157407407407 0.01875 0.019444444444444
43 0.85520833333333 0.72824074074074 0.01875 0.017592592592593
43 0.85208333333333 0.60648148148148 0.01875 0.02037037037037
43 0.22864583333333 0.58981481481481 0.016666666666667 0.018518518518519
43 0.24557291666667 0.53333333333333 0.015104166666667 0.018518518518519
43 0.80234375 0.71851851851852 0.0171875 0.016666666666667
43 0.478125 0.88703703703704 0.016666666666667 0.016666666666667
43 0.29010416666667 0.6287037037037 0.021875 0.02037037037037