20 0.55338541666667 0.3912037037037 0.033854166666667 0.034259259259259
20 0.328125 0.65324074074074 0.028125 0.036111111111111
20 0.7734375 0.81203703703704 0.033333333333333 0.040740740740741
20 0.78333333333333 0.039814814814815 0.027083333333333 0.035185185185185
20 0.088020833333333 0.034722222222222 0.025 0.036111111111111
20 0.8484375 0.13148148148148 0.027083333333333 0.033333333333333
20 0.54453125 0.35185185185185 0.027604166666667 0.033333333333333
20 0.884375 0.29398148148148 0.026041666666667 0.034259259259259
20 0.3 0.26388888888889 0.025 0.031481481481481
20 0.2671875 0.76435185185185 0.022916666666667 0.034259259259259
20 0.75911458333333 0.18148148148148 0.024479166666667 0.031481481481481
20 0.12630208333333 0.425 0.025520833333333 0.02962962962963
20 0.184375 0.82037037037037 0.022916666666667 0.031481481481481
20 0.29947916666667 0.18842592592593 0.028125 0.026851851851852
20 0.56744791666667 0.34444444444444 0.0234375 0.031481481481481
20 0.88203125 0.83611111111111 0.022395833333333 0.031481481481481
20 0.57447916666667 0.92824074074074 0.022916666666667 0.030555555555556
20 0.76354166666667 0.93472222222222 0.021875 0.032407407407407
20 0.85625 0.24490740740741 0.023958333333333 0.028703703703704
20 0.78151041666667 0.2162037037037 0.022395833333333 0.030555555555556
20 0.96015625 0.41342592592593 0.022395833333333 0.030555555555556
20 0.090364583333333 0.425 0.024479166666667 0.027777777777778
20 0.51666666666667 0.34444444444444 0.022916666666667 0.02962962962963
20 0.95963541666667 0.74953703703704 0.021354166666667 0.030555555555556
20 0.64244791666667 0.14583333333333 0.0234375 0.028703703703704
20 0.19166666666667 0.086111111111111 0.022916666666667 0.02962962962963
20 0.19322916666667 0.78009259259259 0.022916666666667 0.028703703703704
20 0.12682291666667 0.23888888888889 0.0234375 0.027777777777778
20 0.72057291666667 0.1412037037037 0.022395833333333 0.028703703703704
20 0.446875 0.6587962962963 0.021875 0.028703703703704
20 0.97239583333333 0.93287037037037 0.020833333333333 0.030555555555556
20 0.32057291666667 0.17361111111111 0.025520833333333 0.025
20 0.65130208333333 0.40833333333333 0.021354166666667 0.02962962962963
20 0.60078125 0.28703703703704 0.022395833333333 0.027777777777778
20 0.23619791666667 0.69583333333333 0.0203125 0.030555555555556
20 0.53671875 0.18240740740741 0.0234375 0.025925925925926
20 0.80416666666667 0.27037037037037 0.020833333333333 0.02962962962963
20 0.54635416666667 0.63425925925926 0.021875 0.027777777777778
20 0.86953125 0.45416666666667 0.0203125 0.030555555555556
20 0.44427083333333 0.93472222222222 0.019791666666667 0.030555555555556
20 0.48333333333333 0.59444444444444 0.021875 0.027777777777778
20 0.16197916666667 0.85231481481481 0.020833333333333 0.028703703703704
20 0.59453125 0.71481481481481 0.0203125 0.02962962962963
20 0.56901041666667 0.24722222222222 0.021354166666667 0.027777777777778
20 0.98958333333333 0.083333333333333 0.01875 0.031481481481481
20 0.47708333333333 0.75 0.020833333333333 0.027777777777778
20 0.30026041666667 0.68009259259259 0.021354166666667 0.026851851851852
20 0.56380208333333 0.60046296296296 0.0203125 0.028703703703704
20 0.44140625 0.54027777777778 0.021354166666667 0.026851851851852
20 0.18333333333333 0.44259259259259 0.021875 0.025925925925926
20 0.98229166666667 0.3587962962963 0.019791666666667 0.028703703703704
20 0.2109375 0.44259259259259 0.021875 0.025925925925926
20 0.35989583333333 0.49814814814815 0.019791666666667 0.027777777777778
20 0.051302083333333 0.65972222222222 0.0203125 0.026851851851852
20 0.82838541666667 0.5412037037037 0.019270833333333 0.028703703703704
20 0.91302083333333 0.50046296296296 0.020833333333333 0.026851851851852
20 0.18854166666667 0.46944444444444 0.019791666666667 0.027777777777778
20 0.71796875 0.90231481481481 0.0203125 0.026851851851852
20 0.32161458333333 0.083333333333333 0.022395833333333 0.024074074074074
20 0.84791666666667 0.64398148148148 0.01875 0.028703703703704
20 0.091666666666667 0.65231481481481 0.01875 0.028703703703704
20 0.85833333333333 0.57083333333333 0.019791666666667 0.026851851851852
20 0.23151041666667 0.17638888888889 0.021354166666667 0.025
20 0.52760416666667 0.85601851851852 0.019791666666667 0.026851851851852
20 0.3859375 0.57685185185185 0.01875 0.027777777777778
20 0.47005208333333 0.65925925925926 0.0203125 0.025925925925926
20 0.91354166666667 0.69444444444444 0.01875 0.027777777777778
20 0.95338541666667 0.51342592592593 0.019270833333333 0.026851851851852
20 0.59401041666667 0.67268518518519 0.019270833333333 0.026851851851852
20 0.58333333333333 0.64351851851852 0.019791666666667 0.025925925925926
20 0.37838541666667 0.21018518518519 0.021354166666667 0.024074074074074
20 0.58932291666667 0.5712962962963 0.019270833333333 0.025925925925926
20 0.21744791666667 0.80694444444444 0.018229166666667 0.026851851851852
20 0.059114583333333 0.080555555555556 0.0203125 0.024074074074074
20 0.94088541666667 0.27824074074074 0.018229166666667 0.026851851851852
20 0.57161458333333 0.21527777777778 0.019270833333333 0.025
20 0.43489583333333 0.27175925925926 0.020833333333333 0.023148148148148
20 0.8171875 0.1125 0.01875 0.025
20 0.63411458333333 0.31851851851852 0.018229166666667 0.025925925925926
20 0.3015625 0.58611111111111 0.017708333333333 0.025925925925926
20 0.58880208333333 0.065277777777778 0.018229166666667 0.025
20 0.71328125 0.67685185185185 0.0171875 0.025925925925926
20 0.21171875 0.85833333333333 0.0171875 0.025925925925926
20 0.42916666666667 0.98472222222222 0.017708333333333 0.025
20 0.26640625 0.83148148148148 0.0171875 0.025925925925926
20 0.64453125 0.60972222222222 0.0171875 0.025
20 0.446875 0.25 0.01875 0.022222222222222
20 0.38151041666667 0.25740740740741 0.019270833333333 0.022222222222222
20 0.16354166666667 0.011574074074074 0.019791666666667 0.021296296296296
20 0.41171875 0.13611111111111 0.018229166666667 0.022222222222222
20 0.92552083333333 0.66342592592593 0.016666666666667 0.025
20 0.13723958333333 0.73564814814815 0.016145833333333 0.025
20 0.088020833333333 0.5412037037037 0.015625 0.025
20 0.87994791666667 0.74722222222222 0.016145833333333 0.024074074074074
20 0.39505208333333 0.91203703703704 0.016145833333333 0.024074074074074
20 0.08828125 0.80555555555556 0.016145833333333 0.024074074074074
20 0.39427083333333 0.77407407407407 0.015625 0.024074074074074
20 0.61302083333333 0.8662037037037 0.015625 0.023148148148148
20 0.99427083333333 0.56898148148148 0.011458333333333 0.028703703703704
20 0.55442708333333 0.10972222222222 0.015104166666667 0.021296296296296