19 0.12161458333333 0.96435185185185 0.028645833333333 0.037962962962963
19 0.31744791666667 0.7787037037037 0.028645833333333 0.037037037037037
19 0.71145833333333 0.51712962962963 0.029166666666667 0.036111111111111
19 0.62161458333333 0.95787037037037 0.027604166666667 0.032407407407407
19 0.79895833333333 0.4537037037037 0.028125 0.033333333333333
19 0.65911458333333 0.45 0.028645833333333 0.035185185185185
19 0.73098958333333 0.73981481481481 0.030729166666667 0.031481481481481
19 0.95234375 0.72407407407407 0.025520833333333 0.031481481481481
19 0.7515625 0.45925925925926 0.027083333333333 0.02962962962963
19 0.64505208333333 0.83472222222222 0.0234375 0.032407407407407
19 0.70911458333333 0.04537037037037 0.0265625 0.025925925925926
19 0.59583333333333 0.55555555555556 0.027083333333333 0.027777777777778
19 0.52994791666667 0.6 0.024479166666667 0.027777777777778
19 0.97630208333333 0.15277777777778 0.0265625 0.025925925925926
19 0.50963541666667 0.70324074074074 0.024479166666667 0.025
19 0.58932291666667 0.35740740740741 0.021354166666667 0.022222222222222
19 0.21145833333333 0.039814814814815 0.025 0.025925925925926
19 0.48125 0.43796296296296 0.026041666666667 0.025925925925926
19 0.91119791666667 0.34444444444444 0.021354166666667 0.02037037037037
19 0.18411458333333 0.077314814814815 0.031770833333333 0.037962962962963
19 0.54322916666667 0.091203703703704 0.033333333333333 0.034259259259259
19 0.12161458333333 0.96481481481481 0.0265625 0.038888888888889
19 0.71171875 0.51666666666667 0.0265625 0.037037037037037
19 0.65911458333333 0.45046296296296 0.0265625 0.036111111111111
19 0.31770833333333 0.77916666666667 0.026041666666667 0.036111111111111
19 0.79869791666667 0.4537037037037 0.0265625 0.035185185185185
19 0.73098958333333 0.73935185185185 0.028645833333333 0.032407407407407
19 0.95182291666667 0.72407407407407 0.0234375 0.035185185185185
19 0.64583333333333 0.8337962962963 0.021875 0.034259259259259
19 0.75182291666667 0.45925925925926 0.025520833333333 0.02962962962963
19 0.62109375 0.95740740740741 0.024479166666667 0.035185185185185
19 0.5953125 0.55601851851852 0.026041666666667 0.028703703703704
19 0.40260416666667 0.83842592592593 0.022916666666667 0.032407407407407
19 0.9765625 0.1537037037037 0.026041666666667 0.025925925925926
19 0.21119791666667 0.040277777777778 0.025520833333333 0.026851851851852
19 0.48098958333333 0.4375 0.024479166666667 0.025
19 0.41380208333333 0.72407407407407 0.022395833333333 0.027777777777778
19 0.5296875 0.59953703703704 0.021875 0.026851851851852
19 0.50989583333333 0.70324074074074 0.021875 0.026851851851852
19 0.58958333333333 0.35833333333333 0.020833333333333 0.022222222222222
19 0.91171875 0.34444444444444 0.021354166666667 0.018518518518519