20 0.76875 0.39444444444444 0.035416666666667 0.040740740740741
20 0.92942708333333 0.4962962962963 0.0296875 0.044444444444444
20 0.86536458333333 0.34398148148148 0.030729166666667 0.039814814814815
20 0.60208333333333 0.39305555555556 0.033333333333333 0.036111111111111
20 0.55911458333333 0.67222222222222 0.028645833333333 0.033333333333333
20 0.96640625 0.36018518518519 0.0296875 0.035185185185185
20 0.82708333333333 0.46759259259259 0.028125 0.033333333333333
20 0.57760416666667 0.62222222222222 0.027083333333333 0.031481481481481
20 0.63411458333333 0.59907407407407 0.0265625 0.031481481481481
20 0.70598958333333 0.3587962962963 0.0265625 0.030555555555556
20 0.86380208333333 0.54166666666667 0.025520833333333 0.031481481481481
20 0.98125 0.53194444444444 0.022916666666667 0.034259259259259
20 0.95182291666667 0.40787037037037 0.024479166666667 0.030555555555556
20 0.825 0.58425925925926 0.025 0.02962962962963
20 0.61328125 0.1087962962963 0.025520833333333 0.026851851851852
20 0.08515625 0.42453703703704 0.0234375 0.028703703703704
20 0.13411458333333 0.51064814814815 0.024479166666667 0.026851851851852
20 0.67161458333333 0.55787037037037 0.024479166666667 0.026851851851852
20 0.20651041666667 0.44166666666667 0.0234375 0.027777777777778
20 0.078385416666667 0.48611111111111 0.0234375 0.027777777777778
20 0.58723958333333 0.73333333333333 0.024479166666667 0.025925925925926
20 0.70885416666667 0.51388888888889 0.022916666666667 0.027777777777778
20 0.11223958333333 0.75787037037037 0.0234375 0.026851851851852
20 0.065104166666667 0.66481481481481 0.023958333333333 0.025925925925926
20 0.97447916666667 0.75185185185185 0.021875 0.027777777777778
20 0.51901041666667 0.3287037037037 0.024479166666667 0.024074074074074
20 0.20390625 0.60277777777778 0.022395833333333 0.025925925925926
20 0.05390625 0.47314814814815 0.022395833333333 0.025925925925926
20 0.30729166666667 0.8712962962963 0.023958333333333 0.024074074074074
20 0.28046875 0.47361111111111 0.022395833333333 0.025
20 0.72291666666667 0.55 0.021875 0.025925925925926
20 0.7140625 0.44722222222222 0.020833333333333 0.025925925925926
20 0.64114583333333 0.82222222222222 0.022916666666667 0.024074074074074
20 0.64557291666667 0.64212962962963 0.021354166666667 0.025
20 0.97447916666667 0.1662037037037 0.022916666666667 0.023148148148148
20 0.7609375 0.68009259259259 0.020833333333333 0.025
20 0.85885416666667 0.48657407407407 0.020833333333333 0.025
20 0.75052083333333 0.48101851851852 0.020833333333333 0.025
20 0.50494791666667 0.37685185185185 0.0234375 0.022222222222222
20 0.63098958333333 0.16944444444444 0.0234375 0.022222222222222
20 0.10130208333333 0.37268518518519 0.022395833333333 0.023148148148148
20 0.16067708333333 0.48148148148148 0.021354166666667 0.024074074074074
20 0.95338541666667 0.72777777777778 0.021354166666667 0.024074074074074
20 0.76796875 0.86481481481481 0.021354166666667 0.024074074074074
20 0.87161458333333 0.61527777777778 0.0203125 0.025
20 0.325 0.44814814814815 0.020833333333333 0.024074074074074
20 0.909375 0.7287037037037 0.020833333333333 0.024074074074074
20 0.38125 0.63472222222222 0.021875 0.023148148148148
20 0.91197916666667 0.34351851851852 0.020833333333333 0.024074074074074
20 0.44609375 0.48657407407407 0.021354166666667 0.023148148148148
20 0.30260416666667 0.22916666666667 0.020833333333333 0.023148148148148
20 0.80052083333333 0.35277777777778 0.021875 0.022222222222222
20 0.12161458333333 0.46898148148148 0.021354166666667 0.023148148148148
20 0.56692708333333 0.019444444444444 0.0234375 0.02037037037037
20 0.79791666666667 0.28425925925926 0.019791666666667 0.024074074074074
20 0.88697916666667 0.37592592592593 0.019791666666667 0.024074074074074
20 0.20494791666667 0.38425925925926 0.021354166666667 0.022222222222222
20 0.16223958333333 0.59537037037037 0.021354166666667 0.022222222222222
20 0.48229166666667 0.76157407407407 0.021875 0.021296296296296
20 0.28463541666667 0.60509259259259 0.0203125 0.023148148148148
20 0.25208333333333 0.97592592592593 0.020833333333333 0.022222222222222
20 0.34166666666667 0.62962962962963 0.020833333333333 0.022222222222222
20 0.80286458333333 0.85416666666667 0.021354166666667 0.021296296296296
20 0.021614583333333 0.23796296296296 0.0203125 0.022222222222222
20 0.58723958333333 0.46805555555556 0.019270833333333 0.023148148148148
20 0.3703125 0.46759259259259 0.019791666666667 0.022222222222222
20 0.9171875 0.61990740740741 0.01875 0.023148148148148
20 0.11432291666667 0.5537037037037 0.019270833333333 0.022222222222222
20 0.90859375 0.64444444444444 0.019270833333333 0.022222222222222
20 0.23203125 0.46203703703704 0.019270833333333 0.022222222222222
20 0.96302083333333 0.6462962962963 0.017708333333333 0.024074074074074
20 0.59739583333333 0.97916666666667 0.021875 0.019444444444444
20 0.82317708333333 0.71527777777778 0.018229166666667 0.023148148148148
20 0.018229166666667 0.49861111111111 0.019791666666667 0.021296296296296
20 0.128125 0.43564814814815 0.019791666666667 0.021296296296296
20 0.63125 0.70462962962963 0.01875 0.022222222222222
20 0.65260416666667 0.48703703703704 0.01875 0.022222222222222
20 0.23828125 0.60324074074074 0.019270833333333 0.021296296296296
20 0.3796875 0.97361111111111 0.01875 0.021296296296296
20 0.055208333333333 0.5962962962963 0.017708333333333 0.022222222222222
20 0.9609375 0.46296296296296 0.017708333333333 0.022222222222222
20 0.55677083333333 0.5587962962963 0.019791666666667 0.019444444444444
20 0.9453125 0.79074074074074 0.01875 0.02037037037037
20 0.95052083333333 0.87824074074074 0.017708333333333 0.021296296296296
20 0.78098958333333 0.53935185185185 0.0171875 0.021296296296296
20 0.721875 0.8787037037037 0.017708333333333 0.02037037037037
20 0.17317708333333 0.3462962962963 0.019270833333333 0.018518518518519
20 0.79557291666667 0.76574074074074 0.0171875 0.02037037037037
20 0.1796875 0.69166666666667 0.016666666666667 0.02037037037037
20 0.52604166666667 0.72962962962963 0.01875 0.018518518518519
20 0.97864583333333 0.6037037037037 0.016666666666667 0.02037037037037
20 0.026822916666667 0.93842592592593 0.0171875 0.019444444444444
20 0.85234375 0.70138888888889 0.016145833333333 0.019444444444444
20 0.684375 0.6337962962963 0.015625 0.019444444444444
20 0.87786458333333 0.68425925925926 0.016145833333333 0.018518518518519
20 0.94296875 0.67407407407407 0.0140625 0.018518518518519
20 0.84270833333333 0.74537037037037 0.0125 0.014814814814815
20 0.8375 0.77916666666667 0.013541666666667 0.017592592592593
20 0.75755208333333 0.79259259259259 0.0140625 0.018518518518519