20 0.30859375 0.53564814814815 0.024479166666667 0.039814814814815
20 0.042708333333333 0.76296296296296 0.027083333333333 0.02962962962963
20 0.011979166666667 0.90138888888889 0.020833333333333 0.032407407407407
20 0.91692708333333 0.23611111111111 0.021354166666667 0.031481481481481
20 0.4546875 0.66712962962963 0.021875 0.030555555555556
20 0.10729166666667 0.57083333333333 0.023958333333333 0.026851851851852
20 0.060677083333333 0.80972222222222 0.022395833333333 0.026851851851852
20 0.94010416666667 0.18472222222222 0.020833333333333 0.028703703703704
20 0.70260416666667 0.37685185185185 0.019791666666667 0.027777777777778
20 0.22838541666667 0.62546296296296 0.0203125 0.026851851851852
20 0.0088541666666667 0.73009259259259 0.017708333333333 0.030555555555556
20 0.48385416666667 0.43101851851852 0.01875 0.028703703703704
20 0.13723958333333 0.66296296296296 0.019270833333333 0.027777777777778
20 0.60442708333333 0.33888888888889 0.019270833333333 0.027777777777778
20 0.68880208333333 0.56990740740741 0.018229166666667 0.028703703703704
20 0.246875 0.78703703703704 0.01875 0.027777777777778
20 0.54322916666667 0.90740740740741 0.01875 0.027777777777778
20 0.18958333333333 0.65046296296296 0.020833333333333 0.025
20 0.18098958333333 0.69861111111111 0.018229166666667 0.026851851851852
20 0.13151041666667 0.33287037037037 0.019270833333333 0.026851851851852
20 0.050520833333333 0.65277777777778 0.020833333333333 0.024074074074074
20 0.7390625 0.19027777777778 0.017708333333333 0.026851851851852
20 0.259375 0.70833333333333 0.019791666666667 0.024074074074074
20 0.23984375 0.58240740740741 0.018229166666667 0.025925925925926
20 0.10625 0.70231481481481 0.01875 0.025
20 0.04609375 0.50740740740741 0.018229166666667 0.025925925925926
20 0.86875 0.18425925925926 0.017708333333333 0.025925925925926
20 0.28463541666667 0.38472222222222 0.019270833333333 0.023148148148148
20 0.14140625 0.52731481481481 0.0203125 0.021296296296296
20 0.00859375 0.6125 0.0171875 0.025
20 0.33359375 0.74861111111111 0.018229166666667 0.023148148148148
20 0.3984375 0.94027777777778 0.016666666666667 0.025
20 0.3234375 0.6662037037037 0.016666666666667 0.025
20 0.16536458333333 0.23009259259259 0.0171875 0.023148148148148
20 0.60104166666667 0.55972222222222 0.015625 0.025
20 0.34270833333333 0.55046296296296 0.016666666666667 0.023148148148148
20 0.031510416666667 0.22222222222222 0.018229166666667 0.02037037037037
20 0.29010416666667 0.62407407407407 0.016666666666667 0.022222222222222
20 0.12369791666667 0.20648148148148 0.015104166666667 0.022222222222222
20 0.52083333333333 0.51064814814815 0.015625 0.021296296296296
20 0.36145833333333 0.43425925925926 0.017708333333333 0.018518518518519
20 0.41015625 0.62824074074074 0.016145833333333 0.019444444444444
20 0.084375 0.15092592592593 0.015625 0.018518518518519
20 0.65963541666667 0.54212962962963 0.015104166666667 0.019444444444444
20 0.16276041666667 0.76481481481481 0.015104166666667 0.018518518518519
20 0.346875 0.4587962962963 0.015625 0.017592592592593
20 0.67421875 0.61990740740741 0.0140625 0.019444444444444
20 0.52630208333333 0.44166666666667 0.0140625 0.018518518518519
49 0.49557291666667 0.49768518518519 0.99010416666667 0.9787037037037