20 0.68333333333333 0.47361111111111 0.030208333333333 0.032407407407407
20 0.24505208333333 0.18611111111111 0.0265625 0.033333333333333
20 0.07734375 0.36342592592593 0.0265625 0.032407407407407
20 0.68802083333333 0.21574074074074 0.025 0.033333333333333
20 0.96692708333333 0.15 0.024479166666667 0.033333333333333
20 0.659375 0.01712962962963 0.025 0.032407407407407
20 0.81848958333333 0.28425925925926 0.0234375 0.033333333333333
20 0.54479166666667 0.43564814814815 0.023958333333333 0.032407407407407
20 0.37734375 0.14074074074074 0.025520833333333 0.02962962962963
20 0.35703125 0.3875 0.0234375 0.030555555555556
20 0.24921875 0.58888888888889 0.025520833333333 0.027777777777778
20 0.67864583333333 0.62731481481481 0.026041666666667 0.028703703703704
20 0.68385416666667 0.17268518518519 0.021875 0.030555555555556
20 0.30390625 0.17592592592593 0.022395833333333 0.02962962962963
20 0.14192708333333 0.45324074074074 0.0234375 0.026851851851852
20 0.5984375 0.71342592592593 0.021875 0.028703703703704
20 0.015625 0.15694444444444 0.021875 0.028703703703704
20 0.22890625 0.51898148148148 0.0203125 0.030555555555556
20 0.56458333333333 0.64305555555556 0.022916666666667 0.026851851851852
20 0.53411458333333 0.33148148148148 0.0203125 0.02962962962963
20 0.54088541666667 0.27083333333333 0.0203125 0.028703703703704
20 0.8921875 0.43333333333333 0.021875 0.025925925925926
20 0.859375 0.012037037037037 0.022916666666667 0.024074074074074
20 0.74635416666667 0.42962962962963 0.019791666666667 0.027777777777778
20 0.72604166666667 0.5962962962963 0.020833333333333 0.025925925925926
20 0.6234375 0.59537037037037 0.019791666666667 0.027777777777778
20 0.38151041666667 0.75740740740741 0.019270833333333 0.027777777777778
20 0.41145833333333 0.34583333333333 0.019791666666667 0.026851851851852
20 0.84635416666667 0.61990740740741 0.019791666666667 0.026851851851852
20 0.73541666666667 0.48009259259259 0.020833333333333 0.025
20 0.5796875 0.20277777777778 0.01875 0.027777777777778
20 0.77630208333333 0.03287037037037 0.019270833333333 0.026851851851852
20 0.26510416666667 0.34675925925926 0.01875 0.026851851851852
20 0.87213541666667 0.69583333333333 0.018229166666667 0.026851851851852
20 0.21901041666667 0.39259259259259 0.018229166666667 0.025925925925926
20 0.403125 0.28009259259259 0.01875 0.025
20 0.69270833333333 0.74166666666667 0.01875 0.025925925925926
20 0.0109375 0.75555555555556 0.01875 0.025925925925926
20 0.73697916666667 0.27268518518519 0.017708333333333 0.026851851851852
20 0.140625 0.59074074074074 0.01875 0.024074074074074
20 0.35104166666667 0.011111111111111 0.020833333333333 0.022222222222222
20 0.98046875 0.46759259259259 0.018229166666667 0.024074074074074
20 0.86067708333333 0.33009259259259 0.0171875 0.025
20 0.26197916666667 0.50416666666667 0.016666666666667 0.026851851851852
20 0.37916666666667 0.42592592592593 0.017708333333333 0.024074074074074
20 0.97239583333333 0.52685185185185 0.017708333333333 0.024074074074074
20 0.42942708333333 0.45324074074074 0.0171875 0.023148148148148
20 0.41744791666667 0.89027777777778 0.018229166666667 0.023148148148148
20 0.87291666666667 0.15694444444444 0.016666666666667 0.025
20 0.57135416666667 0.38425925925926 0.016666666666667 0.024074074074074
20 0.11015625 0.11203703703704 0.016145833333333 0.024074074074074
20 0.21692708333333 0.26018518518519 0.016145833333333 0.024074074074074
20 0.87786458333333 0.58842592592593 0.018229166666667 0.021296296296296
20 0.54270833333333 0.7 0.016666666666667 0.022222222222222
20 0.14036458333333 0.12268518518519 0.016145833333333 0.023148148148148
20 0.9359375 0.6125 0.015625 0.023148148148148
20 0.0125 0.36435185185185 0.015625 0.023148148148148
20 0.21484375 0.23564814814815 0.015104166666667 0.023148148148148
20 0.58645833333333 0.17685185185185 0.015625 0.022222222222222
20 0.6203125 0.55925925925926 0.015625 0.022222222222222