43 0.93125 0.066666666666667 0.0421875 0.063888888888889
43 0.759375 0.033333333333333 0.04375 0.052777777777778
43 0.982421875 0.047916666666667 0.03359375 0.068055555555556
43 0.8875 0.36805555555556 0.040625 0.05
43 0.875390625 0.080555555555556 0.03828125 0.05
43 0.8546875 0.17222222222222 0.0328125 0.041666666666667
43 0.84921875 0.26041666666667 0.034375 0.043055555555556
43 0.91953125 0.32847222222222 0.0296875 0.040277777777778
43 0.79921875 0.077777777777778 0.0296875 0.038888888888889
43 0.833203125 0.015277777777778 0.03515625 0.030555555555556
43 0.83671875 0.13194444444444 0.0265625 0.036111111111111