20 0.80885416666667 0.21157407407407 0.021875 0.028703703703704
20 0.85859375 0.016203703703704 0.0234375 0.025
20 0.69661458333333 0.036574074074074 0.021354166666667 0.025
20 0.8109375 0.47222222222222 0.017708333333333 0.025925925925926
20 0.81354166666667 0.54583333333333 0.017708333333333 0.023148148148148
20 0.53255208333333 0.4837962962963 0.0203125 0.021296296296296
20 0.80885416666667 0.6212962962963 0.016666666666667 0.024074074074074
20 0.8046875 0.064814814814815 0.019791666666667 0.02037037037037
20 0.94557291666667 0.58287037037037 0.0171875 0.023148148148148
20 0.99166666666667 0.28796296296296 0.014583333333333 0.024074074074074
20 0.86979166666667 0.425 0.015625 0.022222222222222
20 0.62421875 0.45833333333333 0.0171875 0.02037037037037
20 0.75546875 0.34768518518519 0.016145833333333 0.021296296296296
20 0.81276041666667 0.33842592592593 0.015104166666667 0.021296296296296
20 0.97161458333333 0.57268518518519 0.016145833333333 0.019444444444444
20 0.82369791666667 0.29074074074074 0.015104166666667 0.02037037037037
20 0.86640625 0.14027777777778 0.015104166666667 0.019444444444444
20 0.7890625 0.27546296296296 0.014583333333333 0.019444444444444