19 0.94088541666667 0.78240740740741 0.030729166666667 0.044444444444444
19 0.79036458333333 0.67685185185185 0.028645833333333 0.042592592592593
19 0.88125 0.72592592592593 0.03125 0.044444444444444
19 0.45130208333333 0.24166666666667 0.028645833333333 0.042592592592593
19 0.26822916666667 0.032407407407407 0.032291666666667 0.031481481481481
19 0.67838541666667 0.41527777777778 0.027604166666667 0.036111111111111
19 0.47864583333333 0.38842592592593 0.029166666666667 0.032407407407407
43 0.29244791666667 0.61527777777778 0.027604166666667 0.030555555555556
43 0.48255208333333 0.68935185185185 0.027604166666667 0.028703703703704
43 0.31770833333333 0.65138888888889 0.026041666666667 0.030555555555556
19 0.80729166666667 0.44166666666667 0.025 0.031481481481481
43 0.17135416666667 0.96203703703704 0.026041666666667 0.02962962962963
19 0.51875 0.16157407407407 0.026041666666667 0.028703703703704
43 0.090885416666667 0.85277777777778 0.025520833333333 0.027777777777778
19 0.78489583333333 0.27777777777778 0.023958333333333 0.027777777777778
43 0.30208333333333 0.72037037037037 0.023958333333333 0.027777777777778
19 0.7078125 0.48287037037037 0.023958333333333 0.026851851851852
43 0.42864583333333 0.6587962962963 0.023958333333333 0.025
19 0.70677083333333 0.56342592592593 0.021875 0.026851851851852
19 0.87838541666667 0.37731481481481 0.021354166666667 0.025
43 0.41640625 0.96435185185185 0.021354166666667 0.025
43 0.29817708333333 0.87962962962963 0.021354166666667 0.024074074074074
43 0.88125 0.72638888888889 0.029166666666667 0.04537037037037
43 0.45208333333333 0.24166666666667 0.029166666666667 0.042592592592593
43 0.94088541666667 0.78287037037037 0.027604166666667 0.043518518518519
43 0.26822916666667 0.033333333333333 0.030208333333333 0.031481481481481
43 0.67838541666667 0.4162037037037 0.0265625 0.036111111111111
43 0.79036458333333 0.67638888888889 0.027604166666667 0.041666666666667
43 0.478125 0.38888888888889 0.025 0.033333333333333
43 0.2921875 0.61574074074074 0.026041666666667 0.031481481481481
43 0.059375 0.39027777777778 0.026041666666667 0.030555555555556
43 0.31796875 0.65138888888889 0.024479166666667 0.032407407407407
43 0.48151041666667 0.68935185185185 0.0265625 0.028703703703704
43 0.80729166666667 0.44166666666667 0.023958333333333 0.031481481481481
43 0.64895833333333 0.96666666666667 0.023958333333333 0.02962962962963
43 0.090364583333333 0.85277777777778 0.025520833333333 0.027777777777778
43 0.21067708333333 0.061111111111111 0.0234375 0.02962962962963
43 0.51848958333333 0.16157407407407 0.025520833333333 0.026851851851852
43 0.17135416666667 0.96157407407407 0.022916666666667 0.028703703703704
43 0.78463541666667 0.27777777777778 0.0234375 0.027777777777778
43 0.7078125 0.48240740740741 0.022916666666667 0.027777777777778
43 0.30208333333333 0.72037037037037 0.022916666666667 0.027777777777778
43 0.15026041666667 0.68981481481481 0.024479166666667 0.025925925925926
43 0.52994791666667 0.79074074074074 0.0203125 0.02962962962963
43 0.87864583333333 0.37731481481481 0.021875 0.026851851851852
43 0.70677083333333 0.56435185185185 0.020833333333333 0.026851851851852
43 0.41692708333333 0.96481481481481 0.021354166666667 0.025925925925926
43 0.42890625 0.65833333333333 0.022395833333333 0.024074074074074
43 0.29817708333333 0.88009259259259 0.021354166666667 0.025
43 0.10677083333333 0.13240740740741 0.021875 0.024074074074074
43 0.3703125 0.52592592592593 0.019791666666667 0.025925925925926
43 0.5703125 0.98935185185185 0.021875 0.023148148148148
43 0.0067708333333333 0.052777777777778 0.013541666666667 0.025925925925926