20 0.39322916666667 0.1625 0.025 0.036111111111111
20 0.21276041666667 0.23009259259259 0.0265625 0.030555555555556
20 0.53046875 0.12407407407407 0.0265625 0.027777777777778
20 0.69296875 0.21805555555556 0.022395833333333 0.032407407407407
20 0.56067708333333 0.27685185185185 0.022395833333333 0.031481481481481
20 0.31901041666667 0.48240740740741 0.022395833333333 0.031481481481481
20 0.35130208333333 0.52916666666667 0.022395833333333 0.030555555555556
20 0.440625 0.10694444444444 0.021875 0.028703703703704
20 0.53203125 0.51990740740741 0.024479166666667 0.026851851851852
20 0.10651041666667 0.76574074074074 0.022395833333333 0.027777777777778
20 0.26354166666667 0.66203703703704 0.020833333333333 0.027777777777778
20 0.53567708333333 0.70787037037037 0.021354166666667 0.026851851851852
20 0.72630208333333 0.18796296296296 0.019270833333333 0.02962962962963
20 0.79296875 0.32962962962963 0.019270833333333 0.02962962962963
20 0.047916666666667 0.12916666666667 0.020833333333333 0.026851851851852
20 0.665625 0.31435185185185 0.020833333333333 0.026851851851852
20 0.65026041666667 0.64027777777778 0.021354166666667 0.025
20 0.37760416666667 0.04537037037037 0.01875 0.027777777777778
20 0.77239583333333 0.46574074074074 0.017708333333333 0.027777777777778
20 0.81302083333333 0.38703703703704 0.017708333333333 0.027777777777778
20 0.44895833333333 0.3787037037037 0.01875 0.025925925925926
20 0.5734375 0.43981481481481 0.01875 0.025925925925926
20 0.78229166666667 0.16342592592593 0.01875 0.025
20 0.49505208333333 0.38935185185185 0.019270833333333 0.025
20 0.75520833333333 0.50925925925926 0.017708333333333 0.025925925925926
20 0.98723958333333 0.3337962962963 0.018229166666667 0.025
20 0.50390625 0.11666666666667 0.019270833333333 0.024074074074074
20 0.259375 0.090740740740741 0.016666666666667 0.025925925925926
20 0.83619791666667 0.40787037037037 0.0171875 0.025
20 0.94765625 0.3837962962963 0.0171875 0.025
20 0.094791666666667 0.1537037037037 0.017708333333333 0.024074074074074
20 0.53567708333333 0.42083333333333 0.018229166666667 0.023148148148148
20 0.11145833333333 0.29953703703704 0.016666666666667 0.025
20 0.82864583333333 0.036574074074074 0.016666666666667 0.025
20 0.27786458333333 0.15509259259259 0.016145833333333 0.025
20 0.83489583333333 0.0097222222222222 0.01875 0.019444444444444
20 0.71328125 0.30324074074074 0.016145833333333 0.023148148148148
20 0.59609375 0.49722222222222 0.016145833333333 0.022222222222222
20 0.58645833333333 0.31342592592593 0.016666666666667 0.021296296296296
20 0.86901041666667 0.43611111111111 0.015104166666667 0.022222222222222
20 0.020572916666667 0.011574074074074 0.015104166666667 0.021296296296296
20 0.61354166666667 0.097222222222222 0.015625 0.022222222222222
20 0.71041666666667 0.073611111111111 0.014583333333333 0.021296296296296
20 0.3796875 0.0092592592592593 0.016666666666667 0.018518518518519
20 0.20703125 0.029166666666667 0.0140625 0.021296296296296