20 0.27447916666667 0.31342592592593 0.03125 0.037962962962963
20 0.76458333333333 0.24722222222222 0.029166666666667 0.044444444444444
20 0.13385416666667 0.22592592592593 0.027083333333333 0.037037037037037
20 0.64375 0.51944444444444 0.030208333333333 0.033333333333333
20 0.93307291666667 0.016666666666667 0.027604166666667 0.033333333333333
20 0.15833333333333 0.17314814814815 0.027083333333333 0.033333333333333
20 0.71744791666667 0.31898148148148 0.025520833333333 0.032407407407407
20 0.8625 0.1875 0.026041666666667 0.034259259259259
20 0.77630208333333 0.41898148148148 0.024479166666667 0.032407407407407
20 0.59791666666667 0.097685185185185 0.025 0.030555555555556
20 0.43151041666667 0.035648148148148 0.0234375 0.032407407407407
20 0.10234375 0.4587962962963 0.022395833333333 0.032407407407407
20 0.81953125 0.16944444444444 0.024479166666667 0.02962962962963
20 0.71015625 0.15324074074074 0.0234375 0.028703703703704
20 0.30338541666667 0.019444444444444 0.0234375 0.027777777777778
20 0.5609375 0.033796296296296 0.022916666666667 0.028703703703704
20 0.33125 0.37222222222222 0.020833333333333 0.02962962962963
20 0.54557291666667 0.066666666666667 0.022395833333333 0.027777777777778
20 0.9703125 0.10416666666667 0.022916666666667 0.026851851851852
20 0.63359375 0.043055555555556 0.022395833333333 0.026851851851852
20 0.81432291666667 0.24398148148148 0.0203125 0.028703703703704
20 0.59947916666667 0.2125 0.020833333333333 0.028703703703704
20 0.25598958333333 0.11111111111111 0.022395833333333 0.025925925925926
20 0.47578125 0.1162037037037 0.021354166666667 0.026851851851852
20 0.89505208333333 0.46342592592593 0.019270833333333 0.026851851851852
20 0.90234375 0.19305555555556 0.0203125 0.026851851851852
20 0.92135416666667 0.24444444444444 0.019791666666667 0.025925925925926
20 0.030208333333333 0.43611111111111 0.019791666666667 0.025925925925926
20 0.725 0.075925925925926 0.020833333333333 0.024074074074074
20 0.82109375 0.12314814814815 0.019270833333333 0.025925925925926
20 0.20442708333333 0.31388888888889 0.0203125 0.024074074074074
20 0.14817708333333 0.46574074074074 0.0203125 0.024074074074074
20 0.66145833333333 0.44814814814815 0.01875 0.025925925925926
20 0.036197916666667 0.38518518518519 0.018229166666667 0.025925925925926
20 0.765625 0.31805555555556 0.01875 0.025
20 0.16223958333333 0.46712962962963 0.0203125 0.023148148148148
20 0.27057291666667 0.19953703703704 0.018229166666667 0.025
20 0.14348958333333 0.26157407407407 0.018229166666667 0.025
20 0.75260416666667 0.56944444444444 0.01875 0.024074074074074
20 0.081770833333333 0.14537037037037 0.01875 0.024074074074074
20 0.95208333333333 0.34722222222222 0.01875 0.024074074074074
20 0.15963541666667 0.41805555555556 0.019270833333333 0.023148148148148
20 0.38567708333333 0.18564814814815 0.019270833333333 0.023148148148148
20 0.228125 0.40972222222222 0.01875 0.023148148148148
20 0.019010416666667 0.10694444444444 0.0203125 0.021296296296296
20 0.49973958333333 0.62777777777778 0.019270833333333 0.022222222222222
20 0.85703125 0.026851851851852 0.019270833333333 0.022222222222222
20 0.40807291666667 0.13101851851852 0.018229166666667 0.023148148148148
20 0.13046875 0.10231481481481 0.018229166666667 0.023148148148148
20 0.14453125 0.035648148148148 0.018229166666667 0.023148148148148
20 0.41588541666667 0.40416666666667 0.018229166666667 0.023148148148148
20 0.64947916666667 0.13981481481481 0.01875 0.022222222222222
20 0.42161458333333 0.24722222222222 0.0171875 0.024074074074074
20 0.64166666666667 0.34861111111111 0.017708333333333 0.023148148148148
20 0.06171875 0.25185185185185 0.0171875 0.024074074074074
20 0.97161458333333 0.30185185185185 0.018229166666667 0.022222222222222
20 0.53932291666667 0.40231481481481 0.0171875 0.023148148148148
20 0.038802083333333 0.10555555555556 0.018229166666667 0.022222222222222
20 0.95755208333333 0.49675925925926 0.0171875 0.023148148148148
20 0.24479166666667 0.052777777777778 0.017708333333333 0.022222222222222
20 0.30286458333333 0.045833333333333 0.0171875 0.023148148148148
20 0.07265625 0.30277777777778 0.0171875 0.022222222222222
20 0.51067708333333 0.65740740740741 0.0171875 0.022222222222222
20 0.19401041666667 0.15092592592593 0.0171875 0.022222222222222
20 0.037239583333333 0.3287037037037 0.0171875 0.022222222222222
20 0.010416666666667 0.25 0.016666666666667 0.022222222222222
20 0.3359375 0.51203703703704 0.016666666666667 0.022222222222222
20 0.2546875 0.48796296296296 0.016666666666667 0.022222222222222
20 0.33567708333333 0.056018518518519 0.0171875 0.021296296296296
20 0.44505208333333 0.3837962962963 0.0171875 0.021296296296296
20 0.32135416666667 0.22222222222222 0.016666666666667 0.022222222222222
20 0.41015625 0.45694444444444 0.0171875 0.021296296296296
20 0.43932291666667 0.21157407407407 0.0171875 0.021296296296296
20 0.11328125 0.53611111111111 0.016145833333333 0.022222222222222
20 0.82786458333333 0.46388888888889 0.016145833333333 0.022222222222222
20 0.35 0.33194444444444 0.016666666666667 0.021296296296296
20 0.46770833333333 0.43009259259259 0.016666666666667 0.021296296296296
20 0.159375 0.62731481481481 0.016666666666667 0.021296296296296
20 0.18671875 0.4962962962963 0.015104166666667 0.02037037037037
20 0.20494791666667 0.21296296296296 0.016145833333333 0.02037037037037
20 0.030989583333333 0.13148148148148 0.016145833333333 0.02037037037037
20 0.38984375 0.41157407407407 0.015104166666667 0.019444444444444
20 0.15729166666667 0.34583333333333 0.015625 0.019444444444444
20 0.2109375 0.43564814814815 0.015625 0.019444444444444
20 0.30494791666667 0.49583333333333 0.015104166666667 0.019444444444444
20 0.4046875 0.55416666666667 0.014583333333333 0.019444444444444
20 0.66927083333333 0.36388888888889 0.014583333333333 0.018518518518519
20 0.023958333333333 0.47824074074074 0.013541666666667 0.017592592592593