43 0.39713541666667 0.57407407407407 0.0203125 0.024074074074074
43 0.44479166666667 0.57731481481481 0.01875 0.021296296296296
43 0.46380208333333 0.65509259259259 0.018229166666667 0.019444444444444
43 0.59010416666667 0.57731481481481 0.016666666666667 0.021296296296296
43 0.64791666666667 0.67083333333333 0.01875 0.017592592592593
43 0.45625 0.60416666666667 0.016666666666667 0.017592592592593
43 0.58932291666667 0.59027777777778 0.016145833333333 0.017592592592593
43 0.5171875 0.47361111111111 0.015625 0.017592592592593
43 0.41822916666667 0.36342592592593 0.015625 0.017592592592593
43 0.31536458333333 0.36898148148148 0.015104166666667 0.017592592592593
43 0.48541666666667 0.33796296296296 0.014583333333333 0.016666666666667
43 0.56796875 0.64583333333333 0.015104166666667 0.015740740740741
43 0.50026041666667 0.64490740740741 0.016145833333333 0.015740740740741
43 0.52864583333333 0.65185185185185 0.015625 0.014814814814815
43 0.48645833333333 0.45787037037037 0.014583333333333 0.015740740740741
43 0.4828125 0.41435185185185 0.014583333333333 0.015740740740741
43 0.41302083333333 0.62453703703704 0.014583333333333 0.015740740740741
43 0.66953125 0.69537037037037 0.015104166666667 0.014814814814815
43 0.51145833333333 0.67314814814815 0.014583333333333 0.014814814814815
43 0.51302083333333 0.51481481481481 0.013541666666667 0.014814814814815
43 0.48359375 0.62824074074074 0.0140625 0.013888888888889
43 0.37838541666667 0.59722222222222 0.013020833333333 0.014814814814815
43 0.44270833333333 0.54027777777778 0.013541666666667 0.013888888888889
43 0.43619791666667 0.45787037037037 0.013020833333333 0.013888888888889
43 0.50598958333333 0.43796296296296 0.013020833333333 0.012962962962963
43 0.42369791666667 0.53611111111111 0.013020833333333 0.012962962962963
43 0.44088541666667 0.62592592592593 0.013020833333333 0.012962962962963
43 0.53151041666667 0.70185185185185 0.013020833333333 0.012962962962963
43 0.49583333333333 0.52777777777778 0.0125 0.012962962962963
43 0.4984375 0.59814814814815 0.0125 0.012962962962963
43 0.5515625 0.71574074074074 0.011458333333333 0.011111111111111
43 0.67473958333333 0.67268518518519 0.0109375 0.010185185185185