20 0.077604166666667 0.15324074074074 0.034375 0.043518518518519
20 0.84296875 0.63055555555556 0.0296875 0.035185185185185
20 0.17265625 0.066666666666667 0.0296875 0.048148148148148
20 0.3578125 0.11990740740741 0.026041666666667 0.036111111111111
20 0.15026041666667 0.26805555555556 0.027604166666667 0.034259259259259
20 0.80807291666667 0.76342592592593 0.031770833333333 0.032407407407407
20 0.13177083333333 0.92638888888889 0.023958333333333 0.037962962962963
20 0.38151041666667 0.30416666666667 0.0265625 0.032407407407407
20 0.48072916666667 0.48194444444444 0.029166666666667 0.030555555555556
20 0.67578125 0.41527777777778 0.0265625 0.030555555555556
20 0.11588541666667 0.19074074074074 0.0265625 0.033333333333333
20 0.54114583333333 0.48472222222222 0.028125 0.028703703703704
20 0.43723958333333 0.4 0.025520833333333 0.031481481481481
20 0.29244791666667 0.88148148148148 0.024479166666667 0.031481481481481
20 0.22630208333333 0.078240740740741 0.024479166666667 0.030555555555556
20 0.97265625 0.61666666666667 0.024479166666667 0.027777777777778
20 0.08203125 0.76898148148148 0.0234375 0.030555555555556
20 0.11744791666667 0.028703703703704 0.022395833333333 0.031481481481481
20 0.037760416666667 0.3712962962963 0.0234375 0.031481481481481
20 0.083854166666667 0.063888888888889 0.022916666666667 0.02962962962963
20 0.2609375 0.11481481481481 0.022916666666667 0.02962962962963
20 0.29973958333333 0.24444444444444 0.025520833333333 0.025925925925926
20 0.21848958333333 0.16851851851852 0.0234375 0.027777777777778
20 0.72473958333333 0.40416666666667 0.0234375 0.026851851851852
20 0.22734375 0.038888888888889 0.022395833333333 0.027777777777778
20 0.28932291666667 0.11851851851852 0.022395833333333 0.027777777777778
20 0.46145833333333 0.23425925925926 0.021875 0.027777777777778
20 0.093489583333333 0.21018518518519 0.0234375 0.025925925925926
20 0.55833333333333 0.425 0.023958333333333 0.025925925925926
20 0.81796875 0.68657407407407 0.022395833333333 0.026851851851852
20 0.5625 0.30694444444444 0.021875 0.026851851851852
20 0.31640625 0.28842592592593 0.0234375 0.025
20 0.028125 0.14814814814815 0.020833333333333 0.027777777777778
20 0.36927083333333 0.22268518518519 0.022916666666667 0.025
20 0.19322916666667 0.093981481481481 0.020833333333333 0.026851851851852
20 0.58203125 0.10925925925926 0.0234375 0.024074074074074
20 0.42395833333333 0.36574074074074 0.021875 0.025925925925926
20 0.74140625 0.95 0.021354166666667 0.025925925925926
20 0.14869791666667 0.52962962962963 0.021354166666667 0.025925925925926
20 0.69010416666667 0.69166666666667 0.022916666666667 0.024074074074074
20 0.15390625 0.80231481481481 0.0203125 0.026851851851852
20 0.084895833333333 0.36481481481481 0.020833333333333 0.025925925925926
20 0.62864583333333 0.51157407407407 0.021875 0.025
20 0.63072916666667 0.40138888888889 0.021875 0.025
20 0.26432291666667 0.073611111111111 0.021354166666667 0.025
20 0.40833333333333 0.38564814814815 0.022916666666667 0.023148148148148
20 0.58307291666667 0.92268518518519 0.021354166666667 0.025
20 0.875 0.23981481481481 0.021875 0.024074074074074
20 0.013541666666667 0.42777777777778 0.019791666666667 0.025925925925926
20 0.88854166666667 0.62777777777778 0.022916666666667 0.022222222222222
20 0.61953125 0.34768518518519 0.0203125 0.025
20 0.15078125 0.58472222222222 0.0203125 0.025
20 0.53802083333333 0.079166666666667 0.021875 0.023148148148148
20 0.12578125 0.76388888888889 0.019270833333333 0.025925925925926
20 0.70911458333333 0.63703703703704 0.022395833333333 0.022222222222222
20 0.015625 0.97175925925926 0.019791666666667 0.025
20 0.25026041666667 0.32453703703704 0.021354166666667 0.023148148148148
20 0.21276041666667 0.37824074074074 0.021354166666667 0.023148148148148
20 0.48515625 0.86574074074074 0.0203125 0.024074074074074
20 0.51875 0.23888888888889 0.021875 0.022222222222222
20 0.20494791666667 0.49907407407407 0.0203125 0.024074074074074
20 0.42838541666667 0.19953703703704 0.019270833333333 0.025
20 0.59765625 0.43055555555556 0.0203125 0.024074074074074
20 0.29583333333333 0.61296296296296 0.019791666666667 0.024074074074074
20 0.33828125 0.66712962962963 0.019270833333333 0.025
20 0.070052083333333 0.48194444444444 0.0203125 0.023148148148148
20 0.086197916666667 0.023148148148148 0.018229166666667 0.025925925925926
20 0.17760416666667 0.52361111111111 0.01875 0.025
20 0.18229166666667 0.1212962962963 0.020833333333333 0.022222222222222
20 0.18802083333333 0.31064814814815 0.019791666666667 0.023148148148148
20 0.86666666666667 0.97731481481481 0.019791666666667 0.023148148148148
20 0.26848958333333 0.48888888888889 0.0203125 0.022222222222222
20 0.52890625 0.42685185185185 0.0203125 0.022222222222222
20 0.068489583333333 0.70416666666667 0.019270833333333 0.023148148148148
20 0.28489583333333 0.69166666666667 0.01875 0.024074074074074
20 0.40078125 0.52175925925926 0.019270833333333 0.023148148148148
20 0.7265625 0.76064814814815 0.020833333333333 0.021296296296296
20 0.03984375 0.89907407407407 0.018229166666667 0.024074074074074
20 0.13880208333333 0.675 0.018229166666667 0.024074074074074
20 0.5890625 0.72546296296296 0.01875 0.023148148148148
20 0.225 0.27731481481481 0.021875 0.019444444444444
20 0.20364583333333 0.54768518518519 0.01875 0.023148148148148
20 0.47942708333333 0.39398148148148 0.0203125 0.021296296296296
20 0.0072916666666667 0.20046296296296 0.014583333333333 0.028703703703704
20 0.10520833333333 0.24814814814815 0.01875 0.022222222222222
20 0.27265625 0.025 0.0203125 0.02037037037037
20 0.44609375 0.30324074074074 0.019270833333333 0.021296296296296
20 0.79166666666667 0.98148148148148 0.01875 0.022222222222222
20 0.27395833333333 0.81435185185185 0.017708333333333 0.023148148148148
20 0.1625 0.019444444444444 0.019791666666667 0.02037037037037
20 0.68177083333333 0.0083333333333333 0.023958333333333 0.016666666666667
20 0.5328125 0.68981481481481 0.019791666666667 0.02037037037037
20 0.11953125 0.30277777777778 0.019270833333333 0.02037037037037
20 0.52291666666667 0.29027777777778 0.01875 0.019444444444444
20 0.16510416666667 0.87407407407407 0.017708333333333 0.02037037037037
20 0.067447916666667 0.51990740740741 0.018229166666667 0.019444444444444
20 0.76302083333333 0.39490740740741 0.017708333333333 0.019444444444444
20 0.25416666666667 0.15231481481481 0.017708333333333 0.019444444444444
20 0.3671875 0.5125 0.015625 0.019444444444444
20 0.084114583333333 0.27916666666667 0.0171875 0.019444444444444