20 0.08359375 0.91527777777778 0.0265625 0.032407407407407
20 0.22317708333333 0.64444444444444 0.0203125 0.033333333333333
20 0.10234375 0.33009259259259 0.021354166666667 0.030555555555556
20 0.41432291666667 0.96666666666667 0.022395833333333 0.027777777777778
20 0.61510416666667 0.35740740740741 0.022916666666667 0.025925925925926
20 0.390625 0.37037037037037 0.019791666666667 0.027777777777778
20 0.68229166666667 0.94722222222222 0.021875 0.024074074074074
20 0.17786458333333 0.67962962962963 0.018229166666667 0.027777777777778
20 0.04609375 0.91759259259259 0.019270833333333 0.025925925925926
20 0.097395833333333 0.86712962962963 0.017708333333333 0.026851851851852
20 0.049739583333333 0.46574074074074 0.018229166666667 0.025925925925926
20 0.35416666666667 0.3625 0.01875 0.025
20 0.58645833333333 0.76435185185185 0.019791666666667 0.023148148148148
20 0.13385416666667 0.56064814814815 0.016666666666667 0.026851851851852
20 0.49010416666667 0.54351851851852 0.019791666666667 0.022222222222222
20 0.34270833333333 0.91805555555556 0.01875 0.023148148148148
20 0.1453125 0.6037037037037 0.016666666666667 0.025925925925926
20 0.65677083333333 0.79768518518519 0.01875 0.023148148148148
20 0.11536458333333 0.64305555555556 0.0171875 0.025
20 0.8 0.49074074074074 0.017708333333333 0.024074074074074
20 0.44557291666667 0.8125 0.0171875 0.025
20 0.3796875 0.71435185185185 0.019791666666667 0.021296296296296
20 0.024479166666667 0.81712962962963 0.016666666666667 0.025
20 0.32265625 0.87546296296296 0.019270833333333 0.021296296296296
20 0.840625 0.3962962962963 0.016666666666667 0.024074074074074
20 0.23776041666667 0.84305555555556 0.016145833333333 0.025
20 0.13229166666667 0.45740740740741 0.016666666666667 0.024074074074074
20 0.1640625 0.43148148148148 0.016666666666667 0.024074074074074
20 0.14505208333333 0.3337962962963 0.0171875 0.023148148148148
20 0.634375 0.74444444444444 0.017708333333333 0.022222222222222
20 0.19140625 0.84722222222222 0.016145833333333 0.024074074074074
20 0.16119791666667 0.83796296296296 0.016145833333333 0.024074074074074
20 0.453125 0.525 0.016666666666667 0.022222222222222
20 0.33203125 0.34675925925926 0.0171875 0.021296296296296
20 0.03203125 0.73842592592593 0.0171875 0.021296296296296
20 0.34088541666667 0.55555555555556 0.016145833333333 0.022222222222222
20 0.074739583333333 0.76527777777778 0.016145833333333 0.021296296296296
20 0.75338541666667 0.43657407407407 0.016145833333333 0.021296296296296
20 0.083072916666667 0.64583333333333 0.015104166666667 0.023148148148148
20 0.50546875 0.41666666666667 0.018229166666667 0.018518518518519
20 0.13958333333333 0.86527777777778 0.014583333333333 0.023148148148148
20 0.054947916666667 0.89537037037037 0.015104166666667 0.022222222222222
20 0.48541666666667 0.74444444444444 0.017708333333333 0.018518518518519
20 0.78203125 0.6462962962963 0.0171875 0.018518518518519
20 0.46276041666667 0.46990740740741 0.016145833333333 0.019444444444444
20 0.44609375 0.70324074074074 0.0171875 0.017592592592593
20 0.47395833333333 0.65787037037037 0.015625 0.019444444444444
20 0.11302083333333 0.4962962962963 0.014583333333333 0.02037037037037
20 0.35546875 0.67453703703704 0.015104166666667 0.019444444444444
20 0.24479166666667 0.56944444444444 0.014583333333333 0.018518518518519
20 0.90104166666667 0.76435185185185 0.014583333333333 0.017592592592593
20 0.50729166666667 0.63796296296296 0.015625 0.016666666666667
20 0.8890625 0.50972222222222 0.015625 0.015740740740741
20 0.91145833333333 0.22731481481481 0.013541666666667 0.017592592592593
49 0.50338541666667 0.51712962962963 0.9921875 0.95833333333333