20 0.69583333333333 0.62453703703704 0.03125 0.043518518518519
20 0.76015625 0.41898148148148 0.0328125 0.036111111111111
20 0.84921875 0.46805555555556 0.0296875 0.037962962962963
20 0.71276041666667 0.40277777777778 0.028645833333333 0.037037037037037
20 0.60729166666667 0.56157407407407 0.028125 0.036111111111111
20 0.57682291666667 0.51944444444444 0.028645833333333 0.035185185185185
20 0.74114583333333 0.625 0.028125 0.035185185185185
20 0.51171875 0.53194444444444 0.028645833333333 0.034259259259259
20 0.50911458333333 0.13518518518519 0.030729166666667 0.031481481481481
20 0.90963541666667 0.25 0.027604166666667 0.033333333333333
20 0.72447916666667 0.16064814814815 0.028125 0.030555555555556
20 0.63489583333333 0.52546296296296 0.027083333333333 0.030555555555556
20 0.39453125 0.33611111111111 0.028645833333333 0.027777777777778
20 0.87578125 0.22916666666667 0.027604166666667 0.028703703703704
20 0.47994791666667 0.7625 0.028645833333333 0.026851851851852
20 0.853125 0.58009259259259 0.027083333333333 0.026851851851852
20 0.54088541666667 0.80601851851852 0.0265625 0.026851851851852
20 0.50859375 0.59722222222222 0.0265625 0.025925925925926
20 0.77239583333333 0.6662037037037 0.023958333333333 0.028703703703704
20 0.054427083333333 0.55046296296296 0.025520833333333 0.026851851851852
20 0.63177083333333 0.051388888888889 0.025 0.026851851851852
20 0.070052083333333 0.37407407407407 0.024479166666667 0.027777777777778
20 0.59166666666667 0.1337962962963 0.025 0.026851851851852
20 0.3515625 0.94444444444444 0.023958333333333 0.027777777777778
20 0.32265625 0.81666666666667 0.027604166666667 0.024074074074074
20 0.01328125 0.64074074074074 0.0234375 0.027777777777778
20 0.16979166666667 0.44398148148148 0.023958333333333 0.026851851851852
20 0.6859375 0.53240740740741 0.021875 0.027777777777778
20 0.9453125 0.38287037037037 0.020833333333333 0.028703703703704
20 0.93203125 0.61481481481481 0.021354166666667 0.027777777777778
20 0.13645833333333 0.53888888888889 0.023958333333333 0.024074074074074
20 0.063541666666667 0.61898148148148 0.022916666666667 0.025
20 0.24453125 0.46481481481481 0.0234375 0.024074074074074
20 0.89348958333333 0.59259259259259 0.021354166666667 0.025925925925926
20 0.12135416666667 0.7212962962963 0.022916666666667 0.024074074074074
20 0.90755208333333 0.73657407407407 0.0203125 0.026851851851852
20 0.88671875 0.7 0.0203125 0.025925925925926
20 0.82916666666667 0.55833333333333 0.019791666666667 0.025925925925926
20 0.75338541666667 0.75092592592593 0.0203125 0.025925925925926
20 0.0796875 0.70787037037037 0.021875 0.023148148148148
20 0.54114583333333 0.68240740740741 0.020833333333333 0.024074074074074
20 0.53203125 0.76064814814815 0.0234375 0.021296296296296
20 0.10885416666667 0.675 0.020833333333333 0.024074074074074
20 0.39192708333333 0.62638888888889 0.021354166666667 0.023148148148148
20 0.77317708333333 0.78425925925926 0.0203125 0.024074074074074
20 0.70442708333333 0.7 0.0203125 0.024074074074074
20 0.92421875 0.58703703703704 0.0203125 0.024074074074074
20 0.84921875 0.68518518518519 0.019270833333333 0.024074074074074
20 0.58567708333333 0.71527777777778 0.022395833333333 0.021296296296296
20 0.909375 0.55462962962963 0.019791666666667 0.024074074074074
20 0.95182291666667 0.69722222222222 0.019270833333333 0.024074074074074
20 0.6421875 0.69027777777778 0.019791666666667 0.023148148148148
20 0.26197916666667 0.58055555555556 0.019791666666667 0.022222222222222
20 0.85442708333333 0.76944444444444 0.018229166666667 0.024074074074074
20 0.64401041666667 0.82453703703704 0.0203125 0.021296296296296
20 0.66041666666667 0.6625 0.01875 0.023148148148148
20 0.090104166666667 0.57037037037037 0.020833333333333 0.02037037037037
20 0.84505208333333 0.87546296296296 0.018229166666667 0.023148148148148
20 0.85755208333333 0.64027777777778 0.018229166666667 0.023148148148148
20 0.8140625 0.52546296296296 0.017708333333333 0.023148148148148
20 0.74817708333333 0.8787037037037 0.018229166666667 0.022222222222222
20 0.81354166666667 0.72916666666667 0.017708333333333 0.021296296296296
20 0.85520833333333 0.74074074074074 0.016666666666667 0.022222222222222
20 0.484375 0.69027777777778 0.01875 0.019444444444444
20 0.80338541666667 0.79675925925926 0.0171875 0.021296296296296
20 0.62994791666667 0.7625 0.0171875 0.019444444444444
20 0.65052083333333 0.56527777777778 0.016666666666667 0.019444444444444
20 0.37005208333333 0.69027777777778 0.018229166666667 0.017592592592593
20 0.68645833333333 0.82314814814815 0.016666666666667 0.018518518518519
49 0.49765625 0.4912037037037 0.98802083333333 0.9787037037037