20 0.176953125 0.15208333333333 0.04453125 0.059722222222222
20 0.315625 0.25555555555556 0.034375 0.047222222222222
20 0.358984375 0.15902777777778 0.03515625 0.045833333333333
20 0.241796875 0.13958333333333 0.03046875 0.043055555555556
20 0.20078125 0.025694444444444 0.03125 0.040277777777778
20 0.26640625 0.19166666666667 0.0296875 0.041666666666667
20 0.4796875 0.17152777777778 0.025 0.034722222222222
20 0.427734375 0.12708333333333 0.02421875 0.034722222222222
20 0.32578125 0.11736111111111 0.025 0.031944444444444
20 0.075 0.23055555555556 0.0234375 0.033333333333333
20 0.56171875 0.14375 0.0234375 0.031944444444444
49 0.4984375 0.50138888888889 0.990625 0.98611111111111