20 0.10442708333333 0.59259259259259 0.019270833333333 0.031481481481481
20 0.056510416666667 0.63935185185185 0.0203125 0.028703703703704
20 0.54088541666667 0.93333333333333 0.019270833333333 0.02962962962963
20 0.33255208333333 0.29212962962963 0.0203125 0.026851851851852
20 0.009375 0.41157407407407 0.017708333333333 0.030555555555556
20 0.011197916666667 0.52824074074074 0.018229166666667 0.028703703703704
20 0.76171875 0.97916666666667 0.0203125 0.025
20 0.27265625 0.93055555555556 0.019270833333333 0.025925925925926
20 0.16588541666667 0.45324074074074 0.018229166666667 0.026851851851852
20 0.1578125 0.74675925925926 0.017708333333333 0.026851851851852
20 0.56822916666667 0.64074074074074 0.017708333333333 0.025925925925926
20 0.19270833333333 0.87824074074074 0.016666666666667 0.026851851851852
20 0.3015625 0.29583333333333 0.017708333333333 0.025
20 0.083854166666667 0.60833333333333 0.016666666666667 0.025925925925926
20 0.67291666666667 0.75092592592593 0.016666666666667 0.025925925925926
20 0.87291666666667 0.75185185185185 0.01875 0.022222222222222
20 0.61067708333333 0.33564814814815 0.0171875 0.023148148148148
20 0.0096354166666667 0.67222222222222 0.016145833333333 0.024074074074074
20 0.30208333333333 0.33148148148148 0.015625 0.024074074074074
20 0.13020833333333 0.16759259259259 0.016666666666667 0.022222222222222
20 0.40078125 0.55416666666667 0.015104166666667 0.023148148148148
20 0.094270833333333 0.77222222222222 0.016666666666667 0.022222222222222
20 0.36536458333333 0.67222222222222 0.016145833333333 0.022222222222222
20 0.35598958333333 0.45740740740741 0.016145833333333 0.022222222222222
20 0.48958333333333 0.7037037037037 0.015625 0.022222222222222
20 0.28229166666667 0.57037037037037 0.016666666666667 0.02037037037037
20 0.31588541666667 0.86435185185185 0.016145833333333 0.021296296296296
20 0.50442708333333 0.64305555555556 0.016145833333333 0.021296296296296
20 0.11666666666667 0.42083333333333 0.015625 0.021296296296296
20 0.89010416666667 0.6912037037037 0.015625 0.021296296296296
20 0.42578125 0.88518518518519 0.016145833333333 0.02037037037037
20 0.44244791666667 0.47314814814815 0.016145833333333 0.02037037037037
20 0.62578125 0.56898148148148 0.015104166666667 0.021296296296296
20 0.26953125 0.43518518518519 0.016145833333333 0.02037037037037
20 0.25 0.64537037037037 0.015625 0.02037037037037
20 0.40963541666667 0.48055555555556 0.0171875 0.018518518518519
20 0.62161458333333 0.68888888888889 0.0140625 0.022222222222222
20 0.20911458333333 0.65925925925926 0.0140625 0.022222222222222
20 0.196875 0.026388888888889 0.015625 0.019444444444444
20 0.39765625 0.60925925925926 0.015104166666667 0.02037037037037
20 0.0234375 0.57268518518519 0.015625 0.019444444444444
20 0.19921875 0.30601851851852 0.0140625 0.021296296296296
20 0.61927083333333 0.50462962962963 0.014583333333333 0.02037037037037
20 0.47109375 0.45324074074074 0.015104166666667 0.019444444444444
20 0.095833333333333 0.35833333333333 0.014583333333333 0.02037037037037
20 0.4375 0.63472222222222 0.014583333333333 0.019444444444444
20 0.30572916666667 0.6337962962963 0.014583333333333 0.019444444444444
20 0.51614583333333 0.42407407407407 0.014583333333333 0.018518518518519
20 0.55963541666667 0.9625 0.013020833333333 0.021296296296296
20 0.23255208333333 0.70740740740741 0.013020833333333 0.018518518518519
20 0.3265625 0.63009259259259 0.013541666666667 0.019444444444444
20 0.28333333333333 0.69351851851852 0.013541666666667 0.018518518518519