43 0.5234375 0.18055555555556 0.046875 0.058333333333333
43 0.925390625 0.056944444444444 0.04140625 0.061111111111111
43 0.88515625 0.30138888888889 0.0359375 0.047222222222222
43 0.60859375 0.1125 0.034375 0.044444444444444
43 0.36875 0.12638888888889 0.028125 0.041666666666667
43 0.765625 0.34027777777778 0.0296875 0.038888888888889
43 0.643359375 0.19305555555556 0.02734375 0.038888888888889
43 0.4109375 0.13055555555556 0.028125 0.036111111111111
43 0.230859375 0.17638888888889 0.02578125 0.038888888888889
43 0.651171875 0.25416666666667 0.02734375 0.036111111111111
43 0.04296875 0.21458333333333 0.0234375 0.0375
43 0.500390625 0.49097222222222 0.99453125 0.95138888888889