43 0.23984375 0.51435185185185 0.0359375 0.04537037037037
43 0.26276041666667 0.47314814814815 0.0265625 0.035185185185185
43 0.21171875 0.60046296296296 0.030729166666667 0.041666666666667
43 0.16354166666667 0.61481481481481 0.027083333333333 0.031481481481481
43 0.39453125 0.45231481481481 0.025520833333333 0.032407407407407
43 0.29140625 0.36527777777778 0.022395833333333 0.036111111111111
43 0.25598958333333 0.41805555555556 0.0234375 0.032407407407407
43 0.079166666666667 0.51666666666667 0.022916666666667 0.02962962962963
43 0.11510416666667 0.44583333333333 0.020833333333333 0.032407407407407
43 0.29140625 0.60416666666667 0.022395833333333 0.026851851851852
43 0.30260416666667 0.43611111111111 0.020833333333333 0.027777777777778
43 0.19192708333333 0.40138888888889 0.019270833333333 0.025
43 0.04296875 0.6162037037037 0.018229166666667 0.025
43 0.41145833333333 0.40185185185185 0.01875 0.024074074074074
43 0.22265625 0.5587962962963 0.018229166666667 0.023148148148148
43 0.34166666666667 0.35092592592593 0.01875 0.022222222222222
43 0.067447916666667 0.47453703703704 0.0171875 0.023148148148148
43 0.23020833333333 0.43425925925926 0.017708333333333 0.022222222222222
43 0.11145833333333 0.53796296296296 0.016666666666667 0.022222222222222
43 0.0390625 0.50740740740741 0.015625 0.022222222222222
43 0.16354166666667 0.46203703703704 0.015625 0.022222222222222
43 0.28151041666667 0.40092592592593 0.016145833333333 0.02037037037037
43 0.21015625 0.44583333333333 0.016145833333333 0.021296296296296
43 0.19114583333333 0.54259259259259 0.015625 0.02037037037037
43 0.38203125 0.37824074074074 0.015104166666667 0.019444444444444
43 0.14036458333333 0.57083333333333 0.015104166666667 0.019444444444444