20 0.57265625 0.036111111111111 0.0265625 0.035185185185185
20 0.083854166666667 0.091666666666667 0.023958333333333 0.027777777777778
20 0.31848958333333 0.47175925925926 0.0296875 0.043518518518519
20 0.43541666666667 0.1837962962963 0.022916666666667 0.028703703703704
20 0.69036458333333 0.17037037037037 0.024479166666667 0.025925925925926
20 0.8125 0.49398148148148 0.021875 0.028703703703704
20 0.23802083333333 0.099537037037037 0.022916666666667 0.026851851851852
20 0.97239583333333 0.68055555555556 0.021875 0.027777777777778
20 0.38359375 0.10787037037037 0.022395833333333 0.025
20 0.26145833333333 0.37962962962963 0.021875 0.027777777777778
20 0.80625 0.36157407407407 0.022916666666667 0.025
20 0.33151041666667 0.50509259259259 0.021354166666667 0.025
20 0.98645833333333 0.27777777777778 0.01875 0.027777777777778
20 0.40104166666667 0.063888888888889 0.021875 0.024074074074074
20 0.590625 0.46435185185185 0.020833333333333 0.025
20 0.334375 0.17037037037037 0.020833333333333 0.024074074074074
20 0.42734375 0.23657407407407 0.021354166666667 0.023148148148148
20 0.33255208333333 0.11018518518519 0.022395833333333 0.022222222222222
20 0.76328125 0.33009259259259 0.022395833333333 0.021296296296296
20 0.01328125 0.081018518518519 0.019270833333333 0.025
20 0.74010416666667 0.59722222222222 0.019791666666667 0.024074074074074
20 0.76953125 0.43888888888889 0.018229166666667 0.024074074074074
20 0.78776041666667 0.49722222222222 0.019270833333333 0.022222222222222
20 0.0091145833333333 0.014351851851852 0.018229166666667 0.023148148148148
20 0.13151041666667 0.083796296296296 0.018229166666667 0.023148148148148
20 0.64713541666667 0.28888888888889 0.018229166666667 0.022222222222222
20 0.86171875 0.6787037037037 0.018229166666667 0.022222222222222
20 0.43984375 0.042592592592593 0.018229166666667 0.022222222222222
20 0.87994791666667 0.043518518518519 0.018229166666667 0.022222222222222
20 0.77135416666667 0.39305555555556 0.01875 0.021296296296296
20 0.33515625 0.21527777777778 0.018229166666667 0.021296296296296
20 0.028385416666667 0.059722222222222 0.0171875 0.021296296296296
20 0.91927083333333 0.30416666666667 0.017708333333333 0.021296296296296
20 0.59505208333333 0.49212962962963 0.0171875 0.021296296296296
20 0.43307291666667 0.5162037037037 0.016145833333333 0.019444444444444
20 0.13776041666667 0.17824074074074 0.016145833333333 0.019444444444444
20 0.37760416666667 0.65787037037037 0.017708333333333 0.019444444444444
20 0.50963541666667 0.53518518518519 0.016145833333333 0.018518518518519
20 0.27682291666667 0.22685185185185 0.015104166666667 0.018518518518519
20 0.60494791666667 0.67037037037037 0.015104166666667 0.018518518518519