19 0.10911458333333 0.13657407407407 0.033854166666667 0.026851851851852
19 0.22057291666667 0.28333333333333 0.030729166666667 0.027777777777778
19 0.0375 0.56944444444444 0.026041666666667 0.031481481481481
19 0.39921875 0.032407407407407 0.027604166666667 0.02962962962963
19 0.43229166666667 0.44490740740741 0.023958333333333 0.032407407407407
19 0.52161458333333 0.92314814814815 0.025520833333333 0.02962962962963
19 0.2765625 0.59675925925926 0.022916666666667 0.032407407407407
19 0.85859375 0.61111111111111 0.025520833333333 0.027777777777778
19 0.94791666666667 0.29398148148148 0.022916666666667 0.030555555555556
19 0.56354166666667 0.36990740740741 0.027083333333333 0.026851851851852
19 0.023958333333333 0.61666666666667 0.022916666666667 0.031481481481481
19 0.91848958333333 0.50138888888889 0.0234375 0.028703703703704
19 0.56692708333333 0.31111111111111 0.025520833333333 0.025925925925926
19 0.35104166666667 0.40138888888889 0.022916666666667 0.028703703703704
19 0.40625 0.41296296296296 0.021875 0.02962962962963
19 0.79322916666667 0.27453703703704 0.023958333333333 0.026851851851852
19 0.50364583333333 0.56018518518519 0.022916666666667 0.027777777777778
19 0.82916666666667 0.66759259259259 0.022916666666667 0.027777777777778
19 0.53776041666667 0.57361111111111 0.0234375 0.026851851851852
19 0.13567708333333 0.3875 0.0234375 0.026851851851852
19 0.95442708333333 0.59722222222222 0.022395833333333 0.027777777777778
19 0.371875 0.49259259259259 0.020833333333333 0.02962962962963
19 0.73958333333333 0.46944444444444 0.022916666666667 0.025925925925926
19 0.75104166666667 0.52731481481481 0.021875 0.026851851851852
19 0.89348958333333 0.62175925925926 0.0234375 0.025
19 0.81588541666667 0.64814814814815 0.022395833333333 0.025925925925926
19 0.067447916666667 0.64675925925926 0.021354166666667 0.026851851851852
19 0.27916666666667 0.77268518518519 0.022916666666667 0.025
19 0.88515625 0.33148148148148 0.0234375 0.024074074074074
19 0.32395833333333 0.50694444444444 0.020833333333333 0.026851851851852
19 0.51979166666667 0.2962962962963 0.022916666666667 0.024074074074074
19 0.84895833333333 0.12824074074074 0.025 0.021296296296296
19 0.64401041666667 0.4162037037037 0.022395833333333 0.023148148148148
19 0.92057291666667 0.68287037037037 0.019270833333333 0.026851851851852
19 0.71588541666667 0.32592592592593 0.021354166666667 0.024074074074074
19 0.71770833333333 0.67638888888889 0.021875 0.023148148148148
19 0.303125 0.33287037037037 0.021875 0.023148148148148
19 0.89479166666667 0.43935185185185 0.021875 0.023148148148148
19 0.36588541666667 0.58333333333333 0.019270833333333 0.025925925925926
19 0.54166666666667 0.85601851851852 0.019791666666667 0.025
19 0.44765625 0.51203703703704 0.0203125 0.024074074074074
19 0.58177083333333 0.16712962962963 0.022916666666667 0.021296296296296
19 0.16770833333333 0.23009259259259 0.020833333333333 0.023148148148148
19 0.69505208333333 0.95555555555556 0.021354166666667 0.022222222222222
19 0.38567708333333 0.54212962962963 0.019270833333333 0.025
19 0.76927083333333 0.42037037037037 0.019791666666667 0.024074074074074
19 0.9484375 0.3537037037037 0.019791666666667 0.024074074074074
19 0.64557291666667 0.30740740740741 0.021354166666667 0.022222222222222
19 0.36692708333333 0.34722222222222 0.021354166666667 0.022222222222222
19 0.2140625 0.47268518518519 0.01875 0.025
19 0.64973958333333 0.34953703703704 0.0203125 0.023148148148148
19 0.38307291666667 0.64398148148148 0.0203125 0.023148148148148
19 0.95260416666667 0.86157407407407 0.021875 0.021296296296296
19 0.15598958333333 0.43518518518519 0.019270833333333 0.024074074074074
19 0.68098958333333 0.65 0.019270833333333 0.024074074074074
19 0.53098958333333 0.48148148148148 0.019270833333333 0.024074074074074
19 0.97916666666667 0.51805555555556 0.019791666666667 0.023148148148148
19 0.15182291666667 0.1787037037037 0.019270833333333 0.024074074074074
19 0.92578125 0.079166666666667 0.021354166666667 0.021296296296296
19 0.50364583333333 0.69537037037037 0.020833333333333 0.022222222222222
19 0.5734375 0.58194444444444 0.019791666666667 0.023148148148148
19 0.7234375 0.5712962962963 0.01875 0.024074074074074
19 0.78645833333333 0.36990740740741 0.01875 0.023148148148148
19 0.71432291666667 0.22314814814815 0.0203125 0.022222222222222
19 0.020572916666667 0.38148148148148 0.019270833333333 0.022222222222222
19 0.72135416666667 0.51064814814815 0.01875 0.023148148148148
19 0.8796875 0.11018518518519 0.020833333333333 0.02037037037037
19 0.41666666666667 0.525 0.01875 0.022222222222222
19 0.81901041666667 0.53425925925926 0.0171875 0.024074074074074
19 0.015104166666667 0.19074074074074 0.019791666666667 0.02037037037037
19 0.035416666666667 0.93472222222222 0.020833333333333 0.019444444444444
19 0.24088541666667 0.82546296296296 0.019270833333333 0.021296296296296
19 0.13229166666667 0.036111111111111 0.019791666666667 0.02037037037037
19 0.57604166666667 0.91157407407407 0.01875 0.021296296296296
19 0.20026041666667 0.51064814814815 0.0171875 0.023148148148148
19 0.23723958333333 0.56759259259259 0.016145833333333 0.024074074074074
19 0.81666666666667 0.46203703703704 0.017708333333333 0.022222222222222
19 0.56848958333333 0.80648148148148 0.019270833333333 0.02037037037037
19 0.67942708333333 0.70509259259259 0.018229166666667 0.021296296296296
19 0.67890625 0.3162037037037 0.018229166666667 0.021296296296296
19 0.125 0.98055555555556 0.01875 0.02037037037037
19 0.39765625 0.61111111111111 0.0171875 0.022222222222222
19 0.22213541666667 0.8787037037037 0.0171875 0.02037037037037
19 0.196875 0.43194444444444 0.017708333333333 0.021296296296296
19 0.66067708333333 0.73611111111111 0.0171875 0.02037037037037
19 0.92604166666667 0.58981481481481 0.016666666666667 0.02037037037037
19 0.13020833333333 0.60138888888889 0.015625 0.021296296296296
19 0.84609375 0.49583333333333 0.015104166666667 0.019444444444444
19 0.296875 0.65601851851852 0.015625 0.021296296296296
19 0.93151041666667 0.76851851851852 0.016145833333333 0.02037037037037
19 0.86510416666667 0.76944444444444 0.014583333333333 0.018518518518519
19 0.23333333333333 0.65925925925926 0.014583333333333 0.018518518518519
43 0.49895833333333 0.50231481481481 0.99583333333333 0.99351851851852