20 0.43723958333333 0.36851851851852 0.0234375 0.025925925925926
20 0.53541666666667 0.40277777777778 0.019791666666667 0.022222222222222
20 0.61796875 0.24305555555556 0.021354166666667 0.030555555555556
20 0.959375 0.3625 0.01875 0.019444444444444
20 0.95208333333333 0.39953703703704 0.017708333333333 0.017592592592593
20 0.79427083333333 0.30972222222222 0.016666666666667 0.017592592592593
20 0.54739583333333 0.64444444444444 0.01875 0.018518518518519
20 0.66588541666667 0.22962962962963 0.015104166666667 0.016666666666667
20 0.80494791666667 0.27638888888889 0.015104166666667 0.015740740740741
20 0.62916666666667 0.46712962962963 0.014583333333333 0.015740740740741
20 0.6015625 0.49444444444444 0.014583333333333 0.014814814814815
20 0.64348958333333 0.42407407407407 0.013020833333333 0.014814814814815
20 0.72395833333333 0.34398148148148 0.013541666666667 0.013888888888889
20 0.64505208333333 0.29259259259259 0.013020833333333 0.014814814814815
20 0.75572916666667 0.49305555555556 0.013541666666667 0.013888888888889
20 0.66770833333333 0.51898148148148 0.013541666666667 0.013888888888889
20 0.70963541666667 0.62222222222222 0.0140625 0.012962962962963
20 0.65234375 0.3087962962963 0.013020833333333 0.013888888888889
20 0.71979166666667 0.59907407407407 0.0125 0.012962962962963
20 0.63333333333333 0.5 0.011458333333333 0.012962962962963
20 0.64791666666667 0.44768518518519 0.011458333333333 0.012037037037037