43 0.65625 0.42962962962963 0.028125 0.038888888888889
43 0.068489583333333 0.68240740740741 0.038020833333333 0.033333333333333
43 0.81692708333333 0.69259259259259 0.027604166666667 0.042592592592593
43 0.69661458333333 0.93518518518519 0.0296875 0.035185185185185
43 0.409375 0.6912037037037 0.026041666666667 0.036111111111111
43 0.23072916666667 0.21851851851852 0.028125 0.033333333333333
43 0.15442708333333 0.016666666666667 0.0265625 0.031481481481481
43 0.29401041666667 0.13287037037037 0.0265625 0.030555555555556
43 0.83854166666667 0.55416666666667 0.025 0.032407407407407
43 0.540625 0.74953703703704 0.026041666666667 0.032407407407407
43 0.890625 0.93842592592593 0.025 0.032407407407407
43 0.23151041666667 0.68564814814815 0.024479166666667 0.032407407407407
43 0.628125 0.72083333333333 0.023958333333333 0.032407407407407
43 0.3 0.67638888888889 0.023958333333333 0.032407407407407
43 0.66484375 0.49768518518519 0.0234375 0.032407407407407
43 0.353125 0.74768518518519 0.025 0.030555555555556
43 0.846875 0.78287037037037 0.022916666666667 0.032407407407407
43 0.47109375 0.41481481481481 0.0234375 0.031481481481481
43 0.4828125 0.19722222222222 0.022916666666667 0.031481481481481
43 0.13984375 0.25601851851852 0.0234375 0.030555555555556
43 0.37421875 0.97268518518519 0.024479166666667 0.028703703703704
43 0.2234375 0.9875 0.026041666666667 0.026851851851852
43 0.72734375 0.44166666666667 0.0234375 0.02962962962963
43 0.20677083333333 0.086111111111111 0.021875 0.031481481481481
43 0.73958333333333 0.56759259259259 0.026041666666667 0.025925925925926
43 0.24427083333333 0.7375 0.023958333333333 0.026851851851852
43 0.99244791666667 0.30972222222222 0.016145833333333 0.039814814814815
43 0.02578125 0.23194444444444 0.025520833333333 0.023148148148148
43 0.023958333333333 0.93796296296296 0.021875 0.025925925925926
43 0.20755208333333 0.73518518518519 0.0234375 0.024074074074074
43 0.48880208333333 0.53287037037037 0.0203125 0.025
43 0.96354166666667 0.26203703703704 0.020833333333333 0.024074074074074
43 0.068229166666667 0.68240740740741 0.036458333333333 0.035185185185185
43 0.81666666666667 0.69305555555556 0.027083333333333 0.039814814814815
43 0.23046875 0.21851851851852 0.027604166666667 0.033333333333333
43 0.69635416666667 0.93518518518519 0.029166666666667 0.035185185185185
43 0.890625 0.93842592592593 0.025 0.034259259259259
43 0.54036458333333 0.75 0.025520833333333 0.033333333333333
43 0.83828125 0.55416666666667 0.024479166666667 0.032407407407407
43 0.29453125 0.13287037037037 0.0265625 0.030555555555556
43 0.29973958333333 0.67638888888889 0.0234375 0.032407407407407
43 0.47083333333333 0.41527777777778 0.023958333333333 0.032407407407407
43 0.23151041666667 0.68564814814815 0.0234375 0.032407407407407
43 0.35286458333333 0.74768518518519 0.024479166666667 0.030555555555556
43 0.4828125 0.19768518518519 0.022916666666667 0.032407407407407
43 0.66458333333333 0.49768518518519 0.022916666666667 0.032407407407407
43 0.13958333333333 0.25648148148148 0.022916666666667 0.031481481481481
43 0.22369791666667 0.9875 0.025520833333333 0.026851851851852
43 0.72708333333333 0.44166666666667 0.022916666666667 0.02962962962963
43 0.73958333333333 0.56805555555556 0.025 0.026851851851852
43 0.20677083333333 0.086574074074074 0.021875 0.030555555555556
43 0.24401041666667 0.73657407407407 0.022395833333333 0.026851851851852
43 0.2078125 0.73564814814815 0.022916666666667 0.025
43 0.02578125 0.23194444444444 0.024479166666667 0.023148148148148
43 0.023958333333333 0.93888888888889 0.021875 0.025925925925926
19 0.068229166666667 0.68240740740741 0.036458333333333 0.035185185185185
19 0.65625 0.42962962962963 0.028125 0.038888888888889
19 0.81666666666667 0.69305555555556 0.027083333333333 0.039814814814815
19 0.69635416666667 0.93518518518519 0.029166666666667 0.035185185185185
19 0.409375 0.6912037037037 0.026041666666667 0.036111111111111
19 0.23046875 0.21851851851852 0.027604166666667 0.033333333333333
19 0.890625 0.93842592592593 0.025 0.034259259259259
19 0.83828125 0.55416666666667 0.024479166666667 0.032407407407407
19 0.29453125 0.13287037037037 0.0265625 0.030555555555556
19 0.54036458333333 0.75 0.025520833333333 0.033333333333333
19 0.15442708333333 0.016666666666667 0.0265625 0.031481481481481
19 0.628125 0.72083333333333 0.023958333333333 0.032407407407407
19 0.47083333333333 0.41527777777778 0.023958333333333 0.032407407407407
19 0.29973958333333 0.67638888888889 0.0234375 0.032407407407407
19 0.23151041666667 0.68564814814815 0.0234375 0.032407407407407
19 0.35286458333333 0.74768518518519 0.024479166666667 0.030555555555556
19 0.846875 0.78287037037037 0.022916666666667 0.032407407407407
19 0.66458333333333 0.49768518518519 0.022916666666667 0.032407407407407
19 0.4828125 0.19768518518519 0.022916666666667 0.032407407407407
19 0.13958333333333 0.25648148148148 0.022916666666667 0.031481481481481
19 0.37421875 0.97268518518519 0.024479166666667 0.028703703703704
19 0.72708333333333 0.44166666666667 0.022916666666667 0.02962962962963
19 0.22369791666667 0.9875 0.025520833333333 0.026851851851852
19 0.73958333333333 0.56805555555556 0.025 0.026851851851852
19 0.99244791666667 0.30972222222222 0.016145833333333 0.039814814814815
19 0.20677083333333 0.086574074074074 0.021875 0.030555555555556
19 0.24401041666667 0.73657407407407 0.022395833333333 0.026851851851852
19 0.023958333333333 0.93888888888889 0.021875 0.025925925925926
19 0.2078125 0.73564814814815 0.022916666666667 0.025
19 0.02578125 0.23194444444444 0.024479166666667 0.023148148148148
19 0.48880208333333 0.53287037037037 0.0203125 0.025
19 0.96354166666667 0.26203703703704 0.020833333333333 0.024074074074074