20 0.48125 0.75138888888889 0.022916666666667 0.030555555555556
20 0.088020833333333 0.79305555555556 0.029166666666667 0.036111111111111
20 0.36432291666667 0.41111111111111 0.0265625 0.033333333333333
20 0.2046875 0.68287037037037 0.035416666666667 0.04537037037037
20 0.65911458333333 0.63472222222222 0.0234375 0.032407407407407
20 0.20052083333333 0.73518518518519 0.025 0.033333333333333
20 0.31328125 0.21759259259259 0.022395833333333 0.02962962962963
20 0.30885416666667 0.61342592592593 0.021875 0.028703703703704
20 0.20833333333333 0.092592592592593 0.020833333333333 0.02962962962963
20 0.15963541666667 0.7912037037037 0.024479166666667 0.026851851851852
20 0.24609375 0.43009259259259 0.021354166666667 0.030555555555556
20 0.72630208333333 0.66111111111111 0.024479166666667 0.027777777777778
20 0.72421875 0.61805555555556 0.021354166666667 0.028703703703704
20 0.56640625 0.63564814814815 0.0203125 0.028703703703704
20 0.06640625 0.75972222222222 0.021354166666667 0.028703703703704
20 0.86328125 0.18657407407407 0.0203125 0.028703703703704
20 0.34791666666667 0.73842592592593 0.021875 0.026851851851852
20 0.81536458333333 0.37453703703704 0.021354166666667 0.026851851851852
20 0.11380208333333 0.76574074074074 0.0203125 0.027777777777778
20 0.34921875 0.80694444444444 0.0203125 0.026851851851852
20 0.079166666666667 0.41851851851852 0.020833333333333 0.025925925925926
20 0.055729166666667 0.85277777777778 0.019791666666667 0.027777777777778
20 0.26328125 0.575 0.0203125 0.027777777777778
20 0.61848958333333 0.98055555555556 0.019270833333333 0.027777777777778
20 0.80755208333333 0.53287037037037 0.019270833333333 0.026851851851852
20 0.027864583333333 0.80925925925926 0.0203125 0.025925925925926
20 0.01171875 0.37361111111111 0.019270833333333 0.026851851851852
20 0.43203125 0.64166666666667 0.0203125 0.025925925925926
20 0.06640625 0.58564814814815 0.019270833333333 0.026851851851852
20 0.98020833333333 0.11111111111111 0.019791666666667 0.025925925925926
20 0.28828125 0.89675925925926 0.019270833333333 0.025
20 0.29921875 0.098148148148148 0.019270833333333 0.025925925925926
20 0.44557291666667 0.59953703703704 0.019270833333333 0.025
20 0.0625 0.65787037037037 0.01875 0.026851851851852
20 0.4109375 0.7037037037037 0.019791666666667 0.024074074074074
20 0.8 0.60740740740741 0.020833333333333 0.024074074074074
20 0.25989583333333 0.53611111111111 0.019791666666667 0.024074074074074
20 0.10546875 0.33148148148148 0.019270833333333 0.024074074074074
20 0.33697916666667 0.33796296296296 0.017708333333333 0.025925925925926
20 0.47447916666667 0.41990740740741 0.019791666666667 0.023148148148148
20 0.038020833333333 0.94537037037037 0.020833333333333 0.022222222222222
20 0.54765625 0.68888888888889 0.018229166666667 0.025925925925926
20 0.38333333333333 0.49583333333333 0.019791666666667 0.023148148148148
20 0.59010416666667 0.925 0.01875 0.024074074074074
20 0.49322916666667 0.093055555555556 0.020833333333333 0.021296296296296
20 0.59557291666667 0.74490740740741 0.018229166666667 0.025
20 0.76822916666667 0.48518518518519 0.01875 0.024074074074074
20 0.51380208333333 0.43981481481481 0.018229166666667 0.024074074074074
20 0.23489583333333 0.27222222222222 0.017708333333333 0.024074074074074
20 0.95182291666667 0.62268518518519 0.018229166666667 0.023148148148148
20 0.42213541666667 0.033796296296296 0.018229166666667 0.023148148148148
20 0.67916666666667 0.46481481481481 0.017708333333333 0.024074074074074
20 0.67005208333333 0.43287037037037 0.0171875 0.023148148148148
20 0.67239583333333 0.5962962962963 0.016666666666667 0.022222222222222
20 0.44427083333333 0.55462962962963 0.01875 0.02037037037037
20 0.3125 0.7037037037037 0.016666666666667 0.022222222222222
20 0.85052083333333 0.59907407407407 0.017708333333333 0.022222222222222
20 0.19817708333333 0.9037037037037 0.0171875 0.022222222222222
20 0.24010416666667 0.91064814814815 0.016666666666667 0.023148148148148
20 0.56979166666667 0.66898148148148 0.015625 0.023148148148148
20 0.32682291666667 0.14305555555556 0.0171875 0.021296296296296
20 0.134375 0.51990740740741 0.016666666666667 0.021296296296296
20 0.098697916666667 0.49490740740741 0.0171875 0.021296296296296
20 0.32421875 0.17175925925926 0.016145833333333 0.021296296296296
20 0.38828125 0.55601851851852 0.0171875 0.019444444444444
20 0.04140625 0.59907407407407 0.016145833333333 0.02037037037037
20 0.87734375 0.59907407407407 0.015104166666667 0.018518518518519
20 0.088802083333333 0.37314814814815 0.016145833333333 0.02037037037037
20 0.62760416666667 0.4337962962963 0.015625 0.019444444444444