20 0.92291666666667 0.82175925925926 0.030208333333333 0.047222222222222
20 0.75885416666667 0.79074074074074 0.030208333333333 0.035185185185185
20 0.97447916666667 0.81481481481481 0.029166666666667 0.033333333333333
20 0.64401041666667 0.31018518518519 0.0265625 0.037037037037037
20 0.81953125 0.32407407407407 0.027604166666667 0.035185185185185
20 0.7703125 0.91157407407407 0.027083333333333 0.032407407407407
20 0.84765625 0.72453703703704 0.024479166666667 0.032407407407407
20 0.89609375 0.4212962962963 0.022395833333333 0.031481481481481
20 0.28854166666667 0.89537037037037 0.021875 0.031481481481481
20 0.01875 0.37962962962963 0.021875 0.031481481481481
20 0.80104166666667 0.88148148148148 0.023958333333333 0.027777777777778
20 0.46328125 0.11666666666667 0.0203125 0.031481481481481
20 0.29895833333333 0.65555555555556 0.020833333333333 0.02962962962963
20 0.92682291666667 0.73009259259259 0.021354166666667 0.028703703703704
20 0.075260416666667 0.38935185185185 0.021354166666667 0.028703703703704
20 0.14557291666667 0.63703703703704 0.0203125 0.02962962962963
20 0.092447916666667 0.044444444444444 0.021354166666667 0.027777777777778
20 0.0828125 0.19351851851852 0.020833333333333 0.027777777777778
20 0.30729166666667 0.48194444444444 0.021875 0.026851851851852
20 0.14479166666667 0.11666666666667 0.020833333333333 0.027777777777778
20 0.37708333333333 0.83333333333333 0.021875 0.025925925925926
20 0.36328125 0.66018518518519 0.0203125 0.027777777777778
20 0.83307291666667 0.91851851851852 0.021354166666667 0.025925925925926
20 0.47109375 0.21805555555556 0.019270833333333 0.028703703703704
20 0.21458333333333 0.36712962962963 0.021875 0.025
20 0.68229166666667 0.87731481481481 0.021875 0.025
20 0.64895833333333 0.11805555555556 0.01875 0.028703703703704
20 0.0375 0.51712962962963 0.01875 0.028703703703704
20 0.8453125 0.25138888888889 0.01875 0.028703703703704
20 0.75885416666667 0.18009259259259 0.01875 0.028703703703704
20 0.017708333333333 0.59583333333333 0.01875 0.028703703703704
20 0.15494791666667 0.16111111111111 0.019270833333333 0.027777777777778
20 0.26822916666667 0.41064814814815 0.019791666666667 0.026851851851852
20 0.78854166666667 0.9837962962963 0.020833333333333 0.025
20 0.84401041666667 0.61157407407407 0.019270833333333 0.026851851851852
20 0.04375 0.065277777777778 0.01875 0.026851851851852
20 0.44739583333333 0.66666666666667 0.020833333333333 0.024074074074074
20 0.26588541666667 0.011111111111111 0.022395833333333 0.022222222222222
20 0.92734375 0.64583333333333 0.018229166666667 0.026851851851852
20 0.18697916666667 0.34583333333333 0.019791666666667 0.025
20 0.89401041666667 0.63472222222222 0.018229166666667 0.026851851851852
20 0.68229166666667 0.3037037037037 0.01875 0.025925925925926
20 0.036458333333333 0.038888888888889 0.01875 0.025925925925926
20 0.63515625 0.36064814814815 0.019270833333333 0.025
20 0.66979166666667 0.080092592592593 0.017708333333333 0.026851851851852
20 0.94635416666667 0.5162037037037 0.017708333333333 0.026851851851852
20 0.696875 0.57731481481481 0.01875 0.025
20 0.096875 0.30416666666667 0.01875 0.025
20 0.0546875 0.84351851851852 0.017708333333333 0.025925925925926
20 0.23255208333333 0.18425925925926 0.019270833333333 0.024074074074074
20 0.63177083333333 0.89027777777778 0.019791666666667 0.023148148148148
20 0.24140625 0.08287037037037 0.018229166666667 0.025
20 0.44114583333333 0.92314814814815 0.019791666666667 0.022222222222222
20 0.57447916666667 0.21898148148148 0.017708333333333 0.025
20 0.50598958333333 0.36018518518519 0.018229166666667 0.024074074074074
20 0.42578125 0.15092592592593 0.018229166666667 0.024074074074074
20 0.18854166666667 0.26805555555556 0.01875 0.023148148148148
20 0.34114583333333 0.29305555555556 0.01875 0.023148148148148
20 0.045572916666667 0.26111111111111 0.0171875 0.024074074074074
20 0.1203125 0.41203703703704 0.017708333333333 0.024074074074074
20 0.52317708333333 0.20046296296296 0.0171875 0.025
20 0.84088541666667 0.49074074074074 0.0171875 0.024074074074074
20 0.76119791666667 0.6162037037037 0.019270833333333 0.021296296296296
20 0.48645833333333 0.47916666666667 0.01875 0.021296296296296
20 0.64609375 0.21666666666667 0.016145833333333 0.024074074074074
20 0.95390625 0.66481481481481 0.016145833333333 0.024074074074074
20 0.2296875 0.097222222222222 0.016666666666667 0.022222222222222
20 0.84270833333333 0.05787037037037 0.015625 0.023148148148148
20 0.8265625 0.80555555555556 0.017708333333333 0.02037037037037
20 0.056770833333333 0.16759259259259 0.017708333333333 0.02037037037037
20 0.49895833333333 0.30138888888889 0.015625 0.021296296296296
20 0.51354166666667 0.24305555555556 0.015625 0.021296296296296
20 0.65234375 0.56018518518519 0.016145833333333 0.02037037037037
20 0.16067708333333 0.2462962962963 0.0171875 0.018518518518519
20 0.39609375 0.15416666666667 0.015104166666667 0.019444444444444