43 0.36822916666667 0.66481481481481 0.023958333333333 0.033333333333333
43 0.71302083333333 0.275 0.026041666666667 0.02962962962963
43 0.13489583333333 0.10833333333333 0.025 0.033333333333333
43 0.1890625 0.57546296296296 0.023958333333333 0.028703703703704
43 0.0921875 0.72175925925926 0.021875 0.030555555555556
43 0.2515625 0.79074074074074 0.020833333333333 0.031481481481481
19 0.56614583333333 0.38101851851852 0.021875 0.028703703703704
43 0.67265625 0.5662037037037 0.021354166666667 0.028703703703704
43 0.29817708333333 0.021296296296296 0.0203125 0.02962962962963
19 0.19765625 0.15509259259259 0.0203125 0.028703703703704
43 0.07578125 0.94583333333333 0.021354166666667 0.026851851851852
43 0.52526041666667 0.31805555555556 0.024479166666667 0.023148148148148
43 0.021875 0.62314814814815 0.019791666666667 0.027777777777778
43 0.63567708333333 0.43935185185185 0.0203125 0.026851851851852
43 0.01171875 0.2587962962963 0.0203125 0.026851851851852
43 0.84348958333333 0.020833333333333 0.0203125 0.026851851851852
43 0.59010416666667 0.082407407407407 0.020833333333333 0.025925925925926
43 0.5625 0.19305555555556 0.019791666666667 0.026851851851852
19 0.2375 0.20138888888889 0.020833333333333 0.025
43 0.22083333333333 0.3037037037037 0.01875 0.027777777777778
43 0.25364583333333 0.61805555555556 0.019791666666667 0.025
19 0.26223958333333 0.11342592592593 0.018229166666667 0.026851851851852
43 0.30494791666667 0.18842592592593 0.019270833333333 0.026851851851852
43 0.2875 0.23194444444444 0.020833333333333 0.023148148148148
43 0.44244791666667 0.83657407407407 0.019270833333333 0.025
43 0.74505208333333 0.46898148148148 0.018229166666667 0.025
43 0.99010416666667 0.04537037037037 0.017708333333333 0.025925925925926
43 0.098177083333333 0.31157407407407 0.018229166666667 0.025
19 0.17135416666667 0.051388888888889 0.016666666666667 0.026851851851852
43 0.32291666666667 0.75231481481481 0.01875 0.023148148148148
43 0.47005208333333 0.49305555555556 0.0203125 0.021296296296296
43 0.57005208333333 0.11157407407407 0.018229166666667 0.023148148148148
19 0.490625 0.082407407407407 0.017708333333333 0.024074074074074
43 0.71328125 0.12268518518519 0.0171875 0.023148148148148
19 0.32890625 0.6287037037037 0.016145833333333 0.024074074074074
19 0.90494791666667 0.91388888888889 0.015104166666667 0.024074074074074
19 0.19453125 0.81944444444444 0.016145833333333 0.022222222222222
43 0.63151041666667 0.71203703703704 0.016145833333333 0.022222222222222
19 0.49635416666667 0.54027777777778 0.016666666666667 0.021296296296296
43 0.13515625 0.10787037037037 0.024479166666667 0.032407407407407
43 0.71328125 0.275 0.024479166666667 0.02962962962963
43 0.36875 0.66666666666667 0.022916666666667 0.031481481481481
43 0.93671875 0.13888888888889 0.022395833333333 0.02962962962963
43 0.18880208333333 0.57546296296296 0.024479166666667 0.028703703703704
43 0.45182291666667 0.68611111111111 0.0234375 0.025925925925926
43 0.091927083333333 0.72222222222222 0.0203125 0.02962962962963
43 0.22239583333333 0.6875 0.020833333333333 0.028703703703704
43 0.010677083333333 0.25787037037037 0.021354166666667 0.026851851851852
43 0.52604166666667 0.31805555555556 0.022916666666667 0.025
43 0.56588541666667 0.38148148148148 0.0203125 0.027777777777778
43 0.29817708333333 0.021759259259259 0.019270833333333 0.028703703703704
43 0.06875 0.21481481481481 0.019791666666667 0.027777777777778
43 0.038541666666667 0.4212962962963 0.019791666666667 0.027777777777778
43 0.12369791666667 0.74583333333333 0.0203125 0.026851851851852
43 0.67265625 0.5662037037037 0.0203125 0.026851851851852
43 0.3453125 0.12592592592593 0.020833333333333 0.025925925925926
43 0.19739583333333 0.15509259259259 0.019791666666667 0.026851851851852
43 0.3046875 0.18842592592593 0.019791666666667 0.026851851851852
43 0.033072916666667 0.14259259259259 0.0203125 0.025925925925926
43 0.2375 0.20138888888889 0.020833333333333 0.025
43 0.56223958333333 0.19212962962963 0.019270833333333 0.026851851851852
43 0.2203125 0.30416666666667 0.01875 0.026851851851852
43 0.26197916666667 0.11342592592593 0.01875 0.026851851851852
43 0.63567708333333 0.43981481481481 0.019270833333333 0.025925925925926
43 0.825 0.41712962962963 0.019791666666667 0.025
43 0.20182291666667 0.25092592592593 0.019270833333333 0.025925925925926
43 0.33958333333333 0.49490740740741 0.019791666666667 0.025
43 0.79270833333333 0.0625 0.019791666666667 0.025
43 0.659375 0.49675925925926 0.020833333333333 0.023148148148148
43 0.022135416666667 0.62314814814815 0.018229166666667 0.025925925925926
43 0.03984375 0.50925925925926 0.018229166666667 0.025925925925926
43 0.71536458333333 0.021296296296296 0.018229166666667 0.025925925925926
43 0.28723958333333 0.23287037037037 0.0203125 0.023148148148148
43 0.84348958333333 0.020833333333333 0.018229166666667 0.025
43 0.013802083333333 0.15787037037037 0.018229166666667 0.025
43 0.59010416666667 0.08287037037037 0.017708333333333 0.025
43 0.098177083333333 0.31203703703704 0.018229166666667 0.024074074074074
43 0.76171875 0.32314814814815 0.018229166666667 0.024074074074074
43 0.82734375 0.19259259259259 0.018229166666667 0.024074074074074
43 0.253125 0.61805555555556 0.01875 0.023148148148148
43 0.403125 0.4412037037037 0.01875 0.023148148148148
43 0.44479166666667 0.2662037037037 0.01875 0.023148148148148
43 0.73958333333333 0.30046296296296 0.01875 0.023148148148148
43 0.99010416666667 0.046296296296296 0.016666666666667 0.025925925925926
43 0.95026041666667 0.022685185185185 0.0171875 0.025
43 0.91119791666667 0.14027777777778 0.0171875 0.025
43 0.3953125 0.35833333333333 0.017708333333333 0.024074074074074
43 0.22604166666667 0.33518518518519 0.017708333333333 0.024074074074074
43 0.44244791666667 0.83657407407407 0.018229166666667 0.023148148148148
43 0.52942708333333 0.56435185185185 0.018229166666667 0.023148148148148
43 0.46979166666667 0.49305555555556 0.019791666666667 0.021296296296296
43 0.32291666666667 0.75277777777778 0.01875 0.022222222222222
43 0.49088541666667 0.082407407407407 0.0171875 0.024074074074074
43 0.97265625 0.31944444444444 0.0171875 0.024074074074074
43 0.66822916666667 0.1125 0.017708333333333 0.023148148148148
43 0.65989583333333 0.065277777777778 0.017708333333333 0.023148148148148
43 0.17083333333333 0.050925925925926 0.015625 0.025925925925926
43 0.27838541666667 0.83611111111111 0.018229166666667 0.022222222222222
43 0.0796875 0.52407407407407 0.016666666666667 0.024074074074074
43 0.32864583333333 0.87222222222222 0.016666666666667 0.024074074074074
43 0.57005208333333 0.11157407407407 0.0171875 0.023148148148148
43 0.71848958333333 0.31805555555556 0.0171875 0.023148148148148
43 0.25286458333333 0.87361111111111 0.0171875 0.023148148148148
43 0.42135416666667 0.52685185185185 0.017708333333333 0.022222222222222
43 0.53020833333333 0.27222222222222 0.017708333333333 0.022222222222222
43 0.71302083333333 0.12361111111111 0.016666666666667 0.023148148148148
43 0.060416666666667 0.55324074074074 0.016666666666667 0.023148148148148
43 0.16953125 0.33518518518519 0.0171875 0.022222222222222
43 0.28645833333333 0.63009259259259 0.017708333333333 0.021296296296296
43 0.83619791666667 0.49490740740741 0.016145833333333 0.023148148148148
43 0.74505208333333 0.46898148148148 0.016145833333333 0.023148148148148
43 0.32864583333333 0.6287037037037 0.016666666666667 0.022222222222222
43 0.31796875 0.26805555555556 0.0171875 0.021296296296296
43 0.50677083333333 0.66157407407407 0.01875 0.019444444444444
43 0.88567708333333 0.29259259259259 0.016145833333333 0.022222222222222
43 0.045833333333333 0.69212962962963 0.015625 0.023148148148148
43 0.82265625 0.061111111111111 0.016145833333333 0.022222222222222
43 0.86484375 0.65 0.016145833333333 0.022222222222222
43 0.096614583333333 0.39351851851852 0.0171875 0.02037037037037
43 0.21197916666667 0.3625 0.016666666666667 0.021296296296296
43 0.90494791666667 0.91342592592593 0.015104166666667 0.023148148148148
43 0.19479166666667 0.81944444444444 0.015625 0.022222222222222
43 0.6875 0.3037037037037 0.015625 0.022222222222222
43 0.36328125 0.19861111111111 0.016145833333333 0.021296296296296
43 0.8359375 0.25231481481481 0.014583333333333 0.023148148148148
43 0.8859375 0.5537037037037 0.016666666666667 0.02037037037037
43 0.78125 0.20972222222222 0.015625 0.021296296296296
43 0.71354166666667 0.51527777777778 0.015625 0.021296296296296
43 0.871875 0.45416666666667 0.015625 0.021296296296296
43 0.13697916666667 0.38287037037037 0.015625 0.021296296296296
43 0.49609375 0.53981481481481 0.016145833333333 0.02037037037037
43 0.82317708333333 0.98425925925926 0.016145833333333 0.02037037037037
43 0.72239583333333 0.375 0.015625 0.02037037037037
43 0.803125 0.63703703703704 0.015625 0.02037037037037
43 0.63177083333333 0.71203703703704 0.015625 0.02037037037037
43 0.87057291666667 0.875 0.0140625 0.022222222222222
43 0.94817708333333 0.46342592592593 0.0140625 0.021296296296296
43 0.91380208333333 0.78981481481481 0.0140625 0.02037037037037
43 0.86380208333333 0.75185185185185 0.013020833333333 0.018518518518519