20 0.4875 0.075694444444444 0.0421875 0.045833333333333
20 0.97421875 0.12152777777778 0.034375 0.051388888888889
20 0.895703125 0.092361111111111 0.03359375 0.043055555555556
20 0.49765625 0.42430555555556 0.0328125 0.043055555555556
20 0.821484375 0.088194444444444 0.03515625 0.040277777777778
20 0.68984375 0.17291666666667 0.0328125 0.040277777777778
20 0.94375 0.3875 0.0296875 0.038888888888889
20 0.921875 0.13680555555556 0.028125 0.0375
20 0.948828125 0.0375 0.02890625 0.036111111111111
20 0.154296875 0.025 0.02578125 0.038888888888889
20 0.98671875 0.1625 0.0265625 0.036111111111111
20 0.2265625 0.15833333333333 0.0265625 0.038888888888889
20 0.56484375 0.61041666666667 0.025 0.0375
20 0.36875 0.059722222222222 0.025 0.030555555555556
20 0.013671875 0.55763888888889 0.01953125 0.029166666666667
49 0.4984375 0.49652777777778 0.9875 0.98472222222222