19 0.18880208333333 0.43981481481481 0.0203125 0.02962962962963
19 0.0390625 0.38611111111111 0.020833333333333 0.027777777777778
19 0.57317708333333 0.4587962962963 0.019270833333333 0.025
19 0.20885416666667 0.51157407407407 0.01875 0.025
19 0.97578125 0.18981481481481 0.0203125 0.022222222222222
19 0.28385416666667 0.36018518518519 0.020833333333333 0.025925925925926
19 0.90625 0.12685185185185 0.01875 0.024074074074074
19 0.79453125 0.28287037037037 0.0171875 0.023148148148148
19 0.20885416666667 0.42268518518519 0.016666666666667 0.023148148148148
19 0.13567708333333 0.42175925925926 0.016145833333333 0.023148148148148
19 0.51354166666667 0.50324074074074 0.016666666666667 0.021296296296296
19 0.089322916666667 0.4537037037037 0.0171875 0.02037037037037
43 0.8875 0.48055555555556 0.015625 0.022222222222222
19 0.68671875 0.25787037037037 0.016145833333333 0.021296296296296
19 0.53125 0.51157407407407 0.016666666666667 0.019444444444444
19 0.71380208333333 0.25277777777778 0.0140625 0.02037037037037
19 0.8375 0.21851851851852 0.013541666666667 0.02037037037037
43 0.9265625 0.40092592592593 0.0125 0.018518518518519
19 0.92161458333333 0.17638888888889 0.0140625 0.019444444444444
19 0.27109375 0.50972222222222 0.013020833333333 0.017592592592593
19 0.80807291666667 0.2087962962963 0.013020833333333 0.017592592592593