20 0.0703125 0.71342592592593 0.034375 0.032407407407407
20 0.22734375 0.64212962962963 0.022395833333333 0.032407407407407
20 0.57942708333333 0.20416666666667 0.025520833333333 0.026851851851852
20 0.011458333333333 0.9712962962963 0.022916666666667 0.02962962962963
20 0.29453125 0.034722222222222 0.025520833333333 0.025
20 0.067447916666667 0.57083333333333 0.0234375 0.026851851851852
20 0.46041666666667 0.87407407407407 0.026041666666667 0.024074074074074
20 0.25052083333333 0.46064814814815 0.022916666666667 0.026851851851852
20 0.097135416666667 0.25787037037037 0.024479166666667 0.025
20 0.41276041666667 0.16851851851852 0.021354166666667 0.027777777777778
20 0.36510416666667 0.51759259259259 0.023958333333333 0.024074074074074
20 0.18671875 0.31435185185185 0.021354166666667 0.026851851851852
20 0.84192708333333 0.1875 0.021354166666667 0.026851851851852
20 0.4734375 0.40324074074074 0.022916666666667 0.025
20 0.091927083333333 0.55555555555556 0.0234375 0.024074074074074
20 0.709375 0.069444444444444 0.019791666666667 0.027777777777778
20 0.29973958333333 0.61296296296296 0.021354166666667 0.024074074074074
20 0.42760416666667 0.4087962962963 0.021875 0.025
20 0.28046875 0.18240740740741 0.021354166666667 0.024074074074074
20 0.21510416666667 0.17175925925926 0.021875 0.023148148148148
20 0.20859375 0.8087962962963 0.0234375 0.021296296296296
20 0.27395833333333 0.45046296296296 0.021875 0.023148148148148
20 0.23567708333333 0.75833333333333 0.022395833333333 0.022222222222222
20 0.32838541666667 0.36157407407407 0.021354166666667 0.023148148148148
20 0.70963541666667 0.66018518518519 0.0203125 0.024074074074074
20 0.1453125 0.225 0.019791666666667 0.024074074074074
20 0.8375 0.62453703703704 0.01875 0.025
20 0.22447916666667 0.23194444444444 0.021875 0.021296296296296
20 0.73854166666667 0.6125 0.021875 0.021296296296296
20 0.25520833333333 0.28472222222222 0.019791666666667 0.023148148148148
20 0.025520833333333 0.65509259259259 0.019791666666667 0.023148148148148
20 0.053385416666667 0.22037037037037 0.0203125 0.022222222222222
20 0.75651041666667 0.27222222222222 0.0203125 0.022222222222222
20 0.40963541666667 0.55185185185185 0.0203125 0.022222222222222
20 0.85364583333333 0.018981481481481 0.020833333333333 0.021296296296296
20 0.027604166666667 0.50138888888889 0.020833333333333 0.021296296296296
20 0.14192708333333 0.73888888888889 0.021354166666667 0.02037037037037
20 0.78125 0.30601851851852 0.01875 0.023148148148148
20 0.31979166666667 0.76574074074074 0.020833333333333 0.02037037037037
20 0.16901041666667 0.52731481481481 0.0203125 0.021296296296296
20 0.67265625 0.44398148148148 0.018229166666667 0.023148148148148
20 0.91015625 0.25138888888889 0.018229166666667 0.023148148148148
20 0.61302083333333 0.30416666666667 0.019791666666667 0.021296296296296
20 0.019791666666667 0.35509259259259 0.019791666666667 0.021296296296296
20 0.015625 0.55416666666667 0.020833333333333 0.019444444444444
20 0.79453125 0.74907407407407 0.018229166666667 0.022222222222222
20 0.56666666666667 0.63842592592593 0.020833333333333 0.019444444444444
20 0.031770833333333 0.80138888888889 0.020833333333333 0.019444444444444
20 0.19114583333333 0.67037037037037 0.019791666666667 0.02037037037037
20 0.55104166666667 0.38842592592593 0.01875 0.021296296296296
20 0.628125 0.86342592592593 0.01875 0.021296296296296
20 0.16067708333333 0.65231481481481 0.0203125 0.019444444444444
20 0.18984375 0.275 0.019270833333333 0.02037037037037
20 0.54088541666667 0.42592592592593 0.018229166666667 0.02037037037037
20 0.81380208333333 0.48981481481481 0.018229166666667 0.02037037037037
20 0.39635416666667 0.57407407407407 0.019791666666667 0.018518518518519
20 0.015104166666667 0.62175925925926 0.01875 0.019444444444444
20 0.89739583333333 0.15555555555556 0.017708333333333 0.02037037037037
20 0.1578125 0.98981481481481 0.020833333333333 0.016666666666667
20 0.24947916666667 0.89444444444444 0.020833333333333 0.016666666666667
20 0.92760416666667 0.16296296296296 0.017708333333333 0.018518518518519
20 0.34479166666667 0.58194444444444 0.017708333333333 0.017592592592593
20 0.2203125 0.57314814814815 0.01875 0.016666666666667
20 0.28307291666667 0.66527777777778 0.018229166666667 0.017592592592593
20 0.18046875 0.8587962962963 0.019270833333333 0.015740740740741
20 0.15338541666667 0.32916666666667 0.0171875 0.017592592592593
20 0.91276041666667 0.38333333333333 0.016145833333333 0.018518518518519
20 0.51901041666667 0.5412037037037 0.015104166666667 0.017592592592593
20 0.71484375 0.9912037037037 0.016145833333333 0.015740740740741
20 0.98697916666667 0.3462962962963 0.013541666666667 0.018518518518519
20 0.6140625 0.1537037037037 0.013541666666667 0.014814814814815