43 0.03515625 0.16666666666667 0.0359375 0.047222222222222
43 0.5078125 0.51875 0.9828125 0.9375
43 0.086328125 0.12361111111111 0.03359375 0.041666666666667
43 0.733984375 0.17291666666667 0.03046875 0.043055555555556
43 0.1375 0.16388888888889 0.0265625 0.038888888888889
43 0.9703125 0.40486111111111 0.0265625 0.040277777777778
43 0.84453125 0.18333333333333 0.0265625 0.033333333333333
43 0.921484375 0.23472222222222 0.02421875 0.033333333333333
43 0.39609375 0.22430555555556 0.0234375 0.029166666666667
43 0.39765625 0.29444444444444 0.025 0.030555555555556
43 0.306640625 0.23333333333333 0.02109375 0.027777777777778