20 0.58828125 0.80972222222222 0.025520833333333 0.032407407407407
20 0.42161458333333 0.36944444444444 0.025520833333333 0.031481481481481
20 0.35208333333333 0.053703703703704 0.026041666666667 0.031481481481481
20 0.58828125 0.12592592592593 0.0234375 0.031481481481481
20 0.63098958333333 0.16712962962963 0.022395833333333 0.032407407407407
20 0.74505208333333 0.37777777777778 0.021354166666667 0.02962962962963
20 0.24036458333333 0.22777777777778 0.021354166666667 0.02962962962963
20 0.30755208333333 0.86898148148148 0.0203125 0.028703703703704
20 0.35234375 0.12268518518519 0.0203125 0.028703703703704
20 0.70078125 0.24444444444444 0.0203125 0.024074074074074
20 0.71380208333333 0.16712962962963 0.0203125 0.023148148148148
20 0.50208333333333 0.31064814814815 0.032291666666667 0.04537037037037
20 0.66796875 0.31064814814815 0.031770833333333 0.04537037037037
20 0.8421875 0.8962962962963 0.029166666666667 0.042592592592593
20 0.12161458333333 0.61666666666667 0.028645833333333 0.042592592592593
20 0.51848958333333 0.047685185185185 0.0265625 0.039814814814815
20 0.071875 0.05 0.027083333333333 0.038888888888889
20 0.065625 0.38148148148148 0.026041666666667 0.038888888888889