19 0.25677083333333 0.36851851851852 0.033333333333333 0.046296296296296
19 0.51510416666667 0.75601851851852 0.036458333333333 0.043518518518519
19 0.19010416666667 0.30462962962963 0.029166666666667 0.042592592592593
19 0.8609375 0.20972222222222 0.027083333333333 0.039814814814815
19 0.068489583333333 0.2625 0.0296875 0.043518518518519
19 0.15208333333333 0.83055555555556 0.029166666666667 0.040740740740741
19 0.82604166666667 0.46435185185185 0.025 0.036111111111111
19 0.65859375 0.9037037037037 0.025520833333333 0.038888888888889
19 0.46197916666667 0.34166666666667 0.027083333333333 0.037037037037037
19 0.05390625 0.58842592592593 0.0265625 0.036111111111111
19 0.21588541666667 0.92361111111111 0.027604166666667 0.032407407407407
19 0.70442708333333 0.30231481481481 0.0234375 0.037962962962963
19 0.525 0.67962962962963 0.023958333333333 0.037037037037037
19 0.60182291666667 0.72777777777778 0.0234375 0.035185185185185
19 0.61796875 0.81388888888889 0.022395833333333 0.037037037037037
19 0.68854166666667 0.71527777777778 0.023958333333333 0.034259259259259
19 0.30260416666667 0.061574074074074 0.022916666666667 0.034259259259259
19 0.96744791666667 0.77453703703704 0.0234375 0.034259259259259
19 0.81484375 0.01712962962963 0.0234375 0.034259259259259
19 0.38567708333333 0.65925925925926 0.024479166666667 0.033333333333333
19 0.56848958333333 0.41666666666667 0.0234375 0.033333333333333
19 0.95026041666667 0.28611111111111 0.021354166666667 0.035185185185185
19 0.78802083333333 0.20972222222222 0.022916666666667 0.036111111111111
19 0.62057291666667 0.175 0.022395833333333 0.031481481481481
19 0.42369791666667 0.95185185185185 0.022395833333333 0.031481481481481
19 0.59609375 0.049074074074074 0.022395833333333 0.033333333333333
19 0.94765625 0.075925925925926 0.0203125 0.035185185185185
19 0.1046875 0.077777777777778 0.021875 0.033333333333333
19 0.37708333333333 0.62037037037037 0.021875 0.031481481481481
19 0.45078125 0.039814814814815 0.022395833333333 0.031481481481481
19 0.50104166666667 0.21527777777778 0.022916666666667 0.030555555555556
19 0.40260416666667 0.096296296296296 0.021875 0.031481481481481
19 0.9328125 0.70416666666667 0.020833333333333 0.032407407407407
19 0.40416666666667 0.19212962962963 0.020833333333333 0.032407407407407
19 0.50598958333333 0.090740740740741 0.021354166666667 0.031481481481481
19 0.66848958333333 0.31018518518519 0.021354166666667 0.031481481481481
19 0.79635416666667 0.34537037037037 0.020833333333333 0.031481481481481
19 0.90286458333333 0.73240740740741 0.021354166666667 0.031481481481481
19 0.36614583333333 0.099074074074074 0.019791666666667 0.02962962962963
19 0.30286458333333 0.2462962962963 0.019270833333333 0.02962962962963
19 0.28567708333333 0.33333333333333 0.0203125 0.02962962962963
19 0.7796875 0.84444444444444 0.020833333333333 0.02962962962963
19 0.53098958333333 0.0375 0.021354166666667 0.028703703703704
19 0.97786458333333 0.18148148148148 0.019270833333333 0.02962962962963
19 0.95546875 0.34305555555556 0.018229166666667 0.030555555555556
19 0.58645833333333 0.10694444444444 0.019791666666667 0.028703703703704
19 0.8765625 0.27407407407407 0.019791666666667 0.027777777777778
19 0.96067708333333 0.10231481481481 0.018229166666667 0.030555555555556
19 0.7984375 0.4662037037037 0.01875 0.028703703703704
19 0.27265625 0.31759259259259 0.019270833333333 0.027777777777778
19 0.37083333333333 0.15555555555556 0.017708333333333 0.027777777777778
19 0.29791666666667 0.13842592592593 0.019791666666667 0.026851851851852
19 0.052864583333333 0.39074074074074 0.018229166666667 0.027777777777778
19 0.80260416666667 0.79212962962963 0.016666666666667 0.026851851851852
19 0.48046875 0.36388888888889 0.018229166666667 0.025925925925926
19 0.86588541666667 0.39444444444444 0.0171875 0.027777777777778
19 0.72447916666667 0.17083333333333 0.016666666666667 0.026851851851852
19 0.79505208333333 0.82175925925926 0.016145833333333 0.026851851851852
19 0.75260416666667 0.525 0.016666666666667 0.025925925925926
19 0.61666666666667 0.40509259259259 0.016666666666667 0.025
19 0.26875 0.43009259259259 0.015625 0.025
19 0.58177083333333 0.56944444444444 0.015625 0.024074074074074
19 0.0072916666666667 0.54722222222222 0.014583333333333 0.025925925925926
19 0.75598958333333 0.1337962962963 0.016145833333333 0.025
19 0.89166666666667 0.69953703703704 0.025 0.036111111111111
19 0.99401041666667 0.52731481481481 0.011979166666667 0.028703703703704
19 0.68723958333333 0.57222222222222 0.015104166666667 0.022222222222222
19 0.64765625 0.46157407407407 0.0140625 0.021296296296296