6 0.19609375 0.4462962962963 0.015104166666667 0.022222222222222
6 0.17682291666667 0.45740740740741 0.013020833333333 0.02037037037037
5 0.34921875 0.50185185185185 0.0828125 0.14259259259259
5 0.2265625 0.41203703703704 0.0375 0.07962962962963
6 0.58671875 0.90601851851852 0.0546875 0.086111111111111
6 0.27682291666667 0.51666666666667 0.0140625 0.027777777777778
6 0.20286458333333 0.56574074074074 0.0203125 0.037037037037037
5 0.68177083333333 0.78240740740741 0.13125 0.17592592592593
6 0.25520833333333 0.43101851851852 0.0125 0.023148148148148
6 0.30911458333333 0.42731481481481 0.013020833333333 0.030555555555556
6 0.14947916666667 0.40231481481481 0.010416666666667 0.019444444444444
6 0.54765625 0.69537037037037 0.055729166666667 0.11851851851852
6 0.56588541666667 0.7625 0.0421875 0.039814814814815
6 0.17864583333333 0.53287037037037 0.015625 0.023148148148148