6 0.90572916666667 0.66990740740741 0.040625 0.078703703703704
6 0.70234375 0.59814814814815 0.0359375 0.077777777777778
6 0.88255208333333 0.51944444444444 0.027604166666667 0.053703703703704
6 0.75885416666667 0.8787037037037 0.038541666666667 0.068518518518519
6 0.84479166666667 0.52824074074074 0.030208333333333 0.060185185185185
6 0.82265625 0.74351851851852 0.0390625 0.064814814814815
6 0.728125 0.82824074074074 0.045833333333333 0.080555555555556
6 0.95755208333333 0.59537037037037 0.033854166666667 0.066666666666667
6 0.82682291666667 0.32777777777778 0.030729166666667 0.062962962962963
6 0.82135416666667 0.61527777777778 0.035416666666667 0.063888888888889
6 0.80494791666667 0.69490740740741 0.036979166666667 0.073148148148148
6 0.90390625 0.46805555555556 0.033854166666667 0.076851851851852
6 0.765625 0.31064814814815 0.0375 0.075
6 0.66302083333333 0.71712962962963 0.046875 0.091666666666667
6 0.63489583333333 0.85185185185185 0.051041666666667 0.096296296296296
6 0.78489583333333 0.36064814814815 0.036458333333333 0.067592592592593
6 0.87630208333333 0.59212962962963 0.0328125 0.063888888888889
6 0.84765625 0.67453703703704 0.0453125 0.084259259259259
6 0.86067708333333 0.58101851851852 0.034895833333333 0.067592592592593
6 0.80572916666667 0.26435185185185 0.035416666666667 0.065740740740741
6 0.71901041666667 0.98657407407407 0.028645833333333 0.026851851851852
6 0.90208333333333 0.54722222222222 0.030208333333333 0.059259259259259
6 0.7984375 0.1125 0.038541666666667 0.073148148148148
6 0.90234375 0.4462962962963 0.025520833333333 0.061111111111111
6 0.88671875 0.38703703703704 0.030729166666667 0.059259259259259
6 0.86588541666667 0.4912037037037 0.0296875 0.060185185185185
6 0.93151041666667 0.54027777777778 0.030729166666667 0.058333333333333
6 0.81380208333333 0.425 0.033854166666667 0.066666666666667
6 0.85026041666667 0.24861111111111 0.030729166666667 0.060185185185185
6 0.72473958333333 0.7375 0.0359375 0.065740740740741
6 0.77786458333333 0.7787037037037 0.0359375 0.072222222222222
6 0.41276041666667 0.68425925925926 0.0203125 0.037037037037037
6 0.74270833333333 0.37361111111111 0.0375 0.076851851851852
6 0.87005208333333 0.81712962962963 0.065104166666667 0.093518518518519
6 0.83020833333333 0.16851851851852 0.036458333333333 0.07037037037037
6 0.76197916666667 0.4712962962963 0.038541666666667 0.07962962962963
6 0.81015625 0.525 0.0359375 0.068518518518519
6 0.78072916666667 0.19490740740741 0.0375 0.071296296296296
6 0.87578125 0.31898148148148 0.030729166666667 0.060185185185185
6 0.7734375 0.66435185185185 0.033333333333333 0.065740740740741
6 0.85703125 0.4537037037037 0.0359375 0.068518518518519
6 0.7484375 0.64907407407407 0.028125 0.053703703703704
6 0.76041666666667 0.56759259259259 0.041666666666667 0.083333333333333
6 0.71640625 0.47824074074074 0.0390625 0.082407407407407
6 0.75442708333333 0.68981481481481 0.0484375 0.1