6 0.46588541666667 0.29166666666667 0.024479166666667 0.044444444444444
6 0.38619791666667 0.64907407407407 0.022395833333333 0.040740740740741
6 0.309375 0.41805555555556 0.01875 0.034259259259259
6 0.37395833333333 0.83240740740741 0.019791666666667 0.035185185185185
6 0.47630208333333 0.9087962962963 0.021354166666667 0.034259259259259
6 0.49583333333333 0.49027777777778 0.022916666666667 0.041666666666667
6 0.39088541666667 0.17083333333333 0.0203125 0.036111111111111
6 0.52447916666667 0.62638888888889 0.025 0.043518518518519
6 0.4734375 0.23657407407407 0.025 0.04537037037037
6 0.56458333333333 0.67962962962963 0.01875 0.031481481481481
6 0.43619791666667 0.33935185185185 0.022395833333333 0.039814814814815
6 0.38229166666667 0.4662037037037 0.01875 0.034259259259259
6 0.55703125 0.73055555555556 0.0234375 0.040740740740741
6 0.4875 0.56527777777778 0.023958333333333 0.043518518518519
6 0.48151041666667 0.75740740740741 0.021354166666667 0.037037037037037
6 0.3421875 0.60185185185185 0.019791666666667 0.035185185185185
6 0.52213541666667 0.76342592592593 0.022395833333333 0.039814814814815
6 0.36770833333333 0.55138888888889 0.01875 0.034259259259259
6 0.44296875 0.82916666666667 0.021354166666667 0.036111111111111
6 0.44895833333333 0.39722222222222 0.027083333333333 0.05
6 0.34348958333333 0.33888888888889 0.022395833333333 0.040740740740741
6 0.42109375 0.19722222222222 0.0234375 0.040740740740741
6 0.39140625 0.39490740740741 0.021354166666667 0.037962962962963
6 0.34192708333333 0.17916666666667 0.0203125 0.034259259259259
6 0.50182291666667 0.32222222222222 0.024479166666667 0.044444444444444
6 0.32317708333333 0.44351851851852 0.018229166666667 0.033333333333333
6 0.44322916666667 0.21990740740741 0.022916666666667 0.039814814814815
6 0.42239583333333 0.55694444444444 0.020833333333333 0.037962962962963
6 0.40390625 0.68611111111111 0.0203125 0.037037037037037
6 0.3046875 0.54907407407407 0.019791666666667 0.037037037037037
6 0.31223958333333 0.37592592592593 0.0203125 0.037037037037037
6 0.41041666666667 0.24814814814815 0.022916666666667 0.040740740740741
6 0.4546875 0.34490740740741 0.021875 0.039814814814815
6 0.42161458333333 0.61203703703704 0.028645833333333 0.051851851851852
6 0.5109375 0.88842592592593 0.020833333333333 0.034259259259259
6 0.32265625 0.34398148148148 0.0171875 0.032407407407407
6 0.41067708333333 0.48055555555556 0.0203125 0.037037037037037
6 0.30833333333333 0.4837962962963 0.01875 0.034259259259259
6 0.44114583333333 0.45833333333333 0.021875 0.040740740740741
6 0.70807291666667 0.51944444444444 0.021354166666667 0.035185185185185
6 0.37005208333333 0.14351851851852 0.024479166666667 0.042592592592593
6 0.553125 0.48657407407407 0.027083333333333 0.047222222222222
6 0.59765625 0.46527777777778 0.031770833333333 0.05462962962963
6 0.45885416666667 0.49074074074074 0.025 0.044444444444444
6 0.39739583333333 0.3537037037037 0.020833333333333 0.037037037037037
6 0.41145833333333 0.41342592592593 0.020833333333333 0.037962962962963
6 0.40911458333333 0.30972222222222 0.022395833333333 0.039814814814815
6 0.51223958333333 0.725 0.0203125 0.035185185185185
6 0.68072916666667 0.50694444444444 0.01875 0.030555555555556
6 0.44505208333333 0.57083333333333 0.022395833333333 0.039814814814815
6 0.47239583333333 0.82314814814815 0.01875 0.033333333333333
6 0.45625 0.5375 0.022916666666667 0.039814814814815
6 0.51614583333333 0.48333333333333 0.027083333333333 0.048148148148148
6 0.33203125 0.23148148148148 0.0203125 0.038888888888889
6 0.55442708333333 0.27824074074074 0.024479166666667 0.043518518518519
6 0.34453125 0.49166666666667 0.0171875 0.031481481481481
6 0.54791666666667 0.9875 0.020833333333333 0.025
6 0.37083333333333 0.32175925925926 0.020833333333333 0.037962962962963
6 0.39375 0.56435185185185 0.039583333333333 0.075
6 0.60260416666667 0.30185185185185 0.026041666666667 0.044444444444444
6 0.36796875 0.68194444444444 0.025520833333333 0.047222222222222
6 0.46796875 0.61759259259259 0.024479166666667 0.044444444444444
6 0.38125 0.28703703703704 0.019791666666667 0.035185185185185
6 0.33229166666667 0.31435185185185 0.020833333333333 0.036111111111111
6 0.38619791666667 0.50694444444444 0.019270833333333 0.034259259259259
6 0.36171875 0.25648148148148 0.021354166666667 0.037037037037037
6 0.3359375 0.4287037037037 0.019791666666667 0.037037037037037
6 0.5921875 0.39074074074074 0.032291666666667 0.055555555555556
6 0.734375 0.85 0.033333333333333 0.055555555555556
6 0.65494791666667 0.31666666666667 0.027604166666667 0.046296296296296
6 0.43125 0.48796296296296 0.020833333333333 0.038888888888889
6 0.72734375 0.75416666666667 0.030729166666667 0.049074074074074
6 0.36588541666667 0.21018518518519 0.019270833333333 0.033333333333333
6 0.35416666666667 0.29907407407407 0.021875 0.038888888888889
6 0.55390625 0.34814814814815 0.025520833333333 0.046296296296296
6 0.38932291666667 0.21944444444444 0.019270833333333 0.033333333333333
6 0.42109375 0.375 0.021354166666667 0.038888888888889
6 0.49635416666667 0.3912037037037 0.021875 0.039814814814815
6 0.33020833333333 0.27361111111111 0.020833333333333 0.037962962962963
6 0.34635416666667 0.13333333333333 0.020833333333333 0.033333333333333
6 0.43567708333333 0.27037037037037 0.0234375 0.042592592592593
6 0.50651041666667 0.67268518518519 0.0234375 0.041666666666667
6 0.4546875 0.65138888888889 0.020833333333333 0.037962962962963
6 0.53098958333333 0.41944444444444 0.0265625 0.05
6 0.51354166666667 0.25833333333333 0.026041666666667 0.044444444444444
6 0.42239583333333 0.75416666666667 0.020833333333333 0.037962962962963
6 0.38463541666667 0.4912037037037 0.021354166666667 0.05462962962963
6 0.36901041666667 0.38194444444444 0.0203125 0.036111111111111
6 0.53203125 0.56851851851852 0.025520833333333 0.046296296296296
6 0.39427083333333 0.44907407407407 0.01875 0.033333333333333