14 0.68307291666667 0.4412037037037 0.072395833333333 0.071296296296296
6 0.45677083333333 0.68657407407407 0.034375 0.056481481481481
6 0.3796875 0.60277777777778 0.030208333333333 0.053703703703704
6 0.41510416666667 0.88333333333333 0.03125 0.051851851851852
6 0.47317708333333 0.36527777777778 0.0359375 0.063888888888889
6 0.40026041666667 0.69305555555556 0.0328125 0.058333333333333
6 0.29010416666667 0.95972222222222 0.032291666666667 0.052777777777778
6 0.31354166666667 0.85185185185185 0.034375 0.053703703703704
14 0.23880208333333 0.6 0.0609375 0.088888888888889
6 0.65208333333333 0.82361111111111 0.035416666666667 0.058333333333333
14 0.13020833333333 0.58518518518519 0.26041666666667 0.5037037037037
6 0.50208333333333 0.54027777777778 0.034375 0.062037037037037
6 0.40078125 0.55277777777778 0.031770833333333 0.059259259259259
6 0.52708333333333 0.99027777777778 0.01875 0.019444444444444
6 0.34947916666667 0.92592592592593 0.0375 0.061111111111111
6 0.29166666666667 0.6837962962963 0.029166666666667 0.05462962962963
14 0.61041666666667 0.4625 0.05625 0.082407407407407
6 0.48255208333333 0.62592592592593 0.0328125 0.057407407407407
6 0.44713541666667 0.53240740740741 0.031770833333333 0.057407407407407
6 0.50494791666667 0.8462962962963 0.040104166666667 0.061111111111111
6 0.32265625 0.72222222222222 0.0296875 0.051851851851852
6 0.42890625 0.60138888888889 0.031770833333333 0.058333333333333
6 0.465625 0.79768518518519 0.034375 0.058333333333333
6 0.5625 0.8337962962963 0.035416666666667 0.05462962962963
6 0.51588541666667 0.68194444444444 0.034895833333333 0.060185185185185
6 0.57265625 0.63611111111111 0.034895833333333 0.061111111111111
6 0.56614583333333 0.52824074074074 0.034375 0.060185185185185
6 0.540625 0.89861111111111 0.033333333333333 0.05462962962963
6 0.55182291666667 0.85833333333333 0.040104166666667 0.085185185185185
6 0.37421875 0.83425925925926 0.034895833333333 0.055555555555556
6 0.34947916666667 0.65138888888889 0.034375 0.058333333333333
6 0.44505208333333 0.33055555555556 0.031770833333333 0.057407407407407
6 0.44765625 0.42962962962963 0.0328125 0.059259259259259
6 0.4421875 0.83425925925926 0.032291666666667 0.051851851851852
6 0.33802083333333 0.56064814814815 0.030208333333333 0.056481481481481
6 0.48984375 0.75092592592593 0.033854166666667 0.061111111111111
6 0.34244791666667 0.78333333333333 0.034895833333333 0.057407407407407
6 0.27291666666667 0.74814814814815 0.036458333333333 0.062962962962963
6 0.40234375 0.76435185185185 0.030729166666667 0.052777777777778
6 0.63255208333333 0.64768518518519 0.0328125 0.058333333333333
14 0.7796875 0.37453703703704 0.072916666666667 0.14351851851852
6 0.39947916666667 0.45092592592593 0.034375 0.062962962962963
6 0.42604166666667 0.49444444444444 0.033333333333333 0.061111111111111
6 0.43463541666667 0.7087962962963 0.030729166666667 0.05462962962963
6 0.52734375 0.76435185185185 0.0359375 0.060185185185185
1 0.9 0.38287037037037 0.19895833333333 0.38425925925926
6 0.603125 0.58935185185185 0.035416666666667 0.062037037037037
6 0.42005208333333 0.39398148148148 0.0296875 0.052777777777778
6 0.36614583333333 0.74675925925926 0.03125 0.05462962962963
6 0.61067708333333 0.68935185185185 0.036979166666667 0.063888888888889
6 0.50651041666667 0.40462962962963 0.033854166666667 0.059259259259259
6 0.31119791666667 0.62824074074074 0.0296875 0.050925925925926
6 0.66510416666667 0.70462962962963 0.0375 0.064814814814815
6 0.54140625 0.58287037037037 0.036979166666667 0.062037037037037
6 0.553125 0.6912037037037 0.035416666666667 0.062037037037037
6 0.48151041666667 0.48055555555556 0.031770833333333 0.055555555555556
6 0.37083333333333 0.49537037037037 0.027083333333333 0.048148148148148
6 0.52994791666667 0.45694444444444 0.033854166666667 0.056481481481481
6 0.5890625 0.79259259259259 0.036458333333333 0.061111111111111
6 0.62552083333333 0.82083333333333 0.033333333333333 0.056481481481481