5 0.76536458333333 0.40092592592593 0.1609375 0.1962962962963
6 0.26822916666667 0.50416666666667 0.0125 0.019444444444444
6 0.71796875 0.43796296296296 0.0265625 0.044444444444444
6 0.73203125 0.38148148148148 0.047395833333333 0.068518518518519
5 0.43541666666667 0.43055555555556 0.020833333333333 0.033333333333333
6 0.34609375 0.46064814814815 0.0140625 0.025
6 0.40807291666667 0.44768518518519 0.0140625 0.019444444444444
6 0.746875 0.54490740740741 0.048958333333333 0.075
6 0.34661458333333 0.50555555555556 0.013020833333333 0.022222222222222
6 0.22473958333333 0.67083333333333 0.013020833333333 0.019444444444444
6 0.57213541666667 0.91018518518519 0.068229166666667 0.098148148148148
6 0.37708333333333 0.44583333333333 0.016666666666667 0.025