6 0.41119791666667 0.37453703703704 0.0328125 0.056481481481481
6 0.59244791666667 0.64953703703704 0.021354166666667 0.034259259259259
6 0.66432291666667 0.57175925925926 0.028645833333333 0.04537037037037
6 0.42005208333333 0.61851851851852 0.021354166666667 0.035185185185185
6 0.51588541666667 0.61898148148148 0.0265625 0.043518518518519
6 0.37291666666667 0.56481481481481 0.025 0.040740740740741
6 0.45833333333333 0.48425925925926 0.027083333333333 0.046296296296296
6 0.42135416666667 0.53935185185185 0.021875 0.037962962962963
6 0.44609375 0.65833333333333 0.016145833333333 0.027777777777778
6 0.56197916666667 0.60509259259259 0.026041666666667 0.041666666666667
6 0.42526041666667 0.43009259259259 0.028645833333333 0.049074074074074
6 0.4828125 0.37592592592593 0.0375 0.064814814814815
6 0.51041666666667 0.53611111111111 0.027083333333333 0.044444444444444
6 0.4296875 0.58240740740741 0.023958333333333 0.038888888888889
6 0.5296875 0.81481481481481 0.016666666666667 0.025925925925926
6 0.59505208333333 0.033796296296296 0.0140625 0.026851851851852
6 0.38645833333333 0.5 0.028125 0.046296296296296
6 0.67291666666667 0.66018518518519 0.023958333333333 0.038888888888889
6 0.49375 0.66111111111111 0.020833333333333 0.033333333333333
6 0.44947916666667 0.41203703703704 0.029166666666667 0.05
6 0.54192708333333 0.50046296296296 0.027604166666667 0.047222222222222
6 0.59088541666667 0.60787037037037 0.024479166666667 0.039814814814815
6 0.46979166666667 0.55509259259259 0.025 0.043518518518519
6 0.4046875 0.55925925925926 0.020833333333333 0.037037037037037
6 0.57604166666667 0.68564814814815 0.019791666666667 0.034259259259259
6 0.43645833333333 0.72037037037037 0.014583333333333 0.024074074074074
6 0.33411458333333 0.55787037037037 0.024479166666667 0.041666666666667
6 0.34244791666667 0.48888888888889 0.027604166666667 0.046296296296296
6 0.37526041666667 0.51481481481481 0.0265625 0.044444444444444
6 0.67473958333333 0.61435185185185 0.0265625 0.039814814814815
6 0.60989583333333 0.51851851851852 0.030208333333333 0.05
6 0.58203125 0.54861111111111 0.0265625 0.04537037037037
6 0.36119791666667 0.42916666666667 0.025520833333333 0.04537037037037
6 0.4515625 0.62592592592593 0.027083333333333 0.048148148148148
6 0.34739583333333 0.45 0.026041666666667 0.044444444444444
6 0.44114583333333 0.57777777777778 0.029166666666667 0.046296296296296
6 0.57708333333333 0.75046296296296 0.019791666666667 0.030555555555556
6 0.54973958333333 0.75787037037037 0.0171875 0.026851851851852
6 0.71692708333333 0.63194444444444 0.027604166666667 0.039814814814815
6 0.51953125 0.60416666666667 0.031770833333333 0.058333333333333
6 0.61901041666667 0.59351851851852 0.024479166666667 0.038888888888889
6 0.40260416666667 0.45972222222222 0.029166666666667 0.047222222222222
6 0.53828125 0.42314814814815 0.031770833333333 0.053703703703704
6 0.40052083333333 0.61666666666667 0.020833333333333 0.035185185185185
6 0.38932291666667 0.58194444444444 0.0203125 0.036111111111111
6 0.48333333333333 0.59861111111111 0.027083333333333 0.04537037037037
6 0.571875 0.66203703703704 0.019791666666667 0.033333333333333
6 0.52838541666667 0.86898148148148 0.025520833333333 0.034259259259259
6 0.55286458333333 0.57037037037037 0.027604166666667 0.044444444444444
6 0.47135416666667 0.84305555555556 0.015625 0.025
6 0.31380208333333 0.5125 0.034895833333333 0.058333333333333
6 0.38828125 0.40555555555556 0.031770833333333 0.053703703703704
6 0.35755208333333 0.54675925925926 0.022395833333333 0.039814814814815
6 0.4390625 0.33657407407407 0.035416666666667 0.060185185185185
6 0.49453125 0.4412037037037 0.030729166666667 0.050925925925926
6 0.56614583333333 0.47222222222222 0.030208333333333 0.053703703703704
6 0.43567708333333 0.52083333333333 0.025520833333333 0.041666666666667
6 0.47317708333333 0.70740740740741 0.021354166666667 0.033333333333333
6 0.69375 0.61111111111111 0.041666666666667 0.061111111111111