6 0.70729166666667 0.23611111111111 0.021875 0.035185185185185
6 0.31979166666667 0.26759259259259 0.029166666666667 0.055555555555556
6 0.34661458333333 0.22453703703704 0.0328125 0.058333333333333
6 0.58463541666667 0.62268518518519 0.0296875 0.052777777777778
6 0.53828125 0.52222222222222 0.031770833333333 0.057407407407407
6 0.44348958333333 0.30787037037037 0.0359375 0.060185185185185
6 0.52682291666667 0.41712962962963 0.031770833333333 0.060185185185185
6 0.4265625 0.53935185185185 0.027083333333333 0.049074074074074
6 0.33880208333333 0.61018518518519 0.024479166666667 0.046296296296296
6 0.40052083333333 0.45925925925926 0.028125 0.051851851851852
6 0.31901041666667 0.55740740740741 0.025520833333333 0.046296296296296
6 0.384375 0.32777777777778 0.030208333333333 0.055555555555556
6 0.65703125 0.49583333333333 0.0359375 0.062037037037037
6 0.54739583333333 0.31898148148148 0.038541666666667 0.069444444444444
6 0.35182291666667 0.29212962962963 0.031770833333333 0.058333333333333
6 0.30885416666667 0.13055555555556 0.03125 0.055555555555556
6 0.3875 0.61759259259259 0.027083333333333 0.048148148148148
6 0.65703125 0.41851851851852 0.0390625 0.068518518518519
6 0.4203125 0.60231481481481 0.026041666666667 0.04537037037037
6 0.35598958333333 0.34490740740741 0.028645833333333 0.052777777777778
6 0.48515625 0.26064814814815 0.034895833333333 0.063888888888889
6 0.44765625 0.36990740740741 0.030729166666667 0.05462962962963
6 0.31171875 0.49907407407407 0.024479166666667 0.046296296296296
6 0.48307291666667 0.54907407407407 0.031770833333333 0.057407407407407
6 0.52109375 0.67546296296296 0.027604166666667 0.047222222222222
6 0.38619791666667 0.56944444444444 0.027604166666667 0.05
6 0.31536458333333 0.36898148148148 0.027604166666667 0.049074074074074
6 0.39114583333333 0.52453703703704 0.028125 0.050925925925926
6 0.584375 0.55740740740741 0.033333333333333 0.057407407407407
6 0.60833333333333 0.36944444444444 0.034375 0.061111111111111
6 0.471875 0.6462962962963 0.035416666666667 0.064814814814815
6 0.34791666666667 0.52361111111111 0.026041666666667 0.049074074074074
6 0.34765625 0.46944444444444 0.0265625 0.048148148148148
6 0.43046875 0.49305555555556 0.028645833333333 0.052777777777778
6 0.65260416666667 0.82777777777778 0.025 0.042592592592593
6 0.43046875 0.42731481481481 0.0296875 0.05462962962963
6 0.52369791666667 0.84166666666667 0.022395833333333 0.038888888888889
6 0.34375 0.13888888888889 0.034375 0.062962962962963
6 0.39296875 0.16990740740741 0.033854166666667 0.058333333333333
6 0.49765625 0.4337962962963 0.030729166666667 0.05462962962963
6 0.315625 0.20972222222222 0.03125 0.05462962962963
6 0.60442708333333 0.51111111111111 0.033854166666667 0.062962962962963
6 0.65104166666667 0.54768518518519 0.034375 0.060185185185185
6 0.5703125 0.39953703703704 0.034375 0.060185185185185
6 0.38854166666667 0.24768518518519 0.032291666666667 0.058333333333333
6 0.60833333333333 0.41851851851852 0.033333333333333 0.061111111111111
6 0.34973958333333 0.39444444444444 0.028645833333333 0.05
6 0.41875 0.65787037037037 0.027083333333333 0.047222222222222
6 0.3890625 0.3875 0.029166666666667 0.052777777777778
6 0.42786458333333 0.2212962962963 0.0328125 0.061111111111111
6 0.49635416666667 0.4962962962963 0.032291666666667 0.053703703703704
6 0.48567708333333 0.34675925925926 0.033854166666667 0.060185185185185
6 0.528125 0.6 0.033333333333333 0.059259259259259
6 0.32239583333333 0.30833333333333 0.025 0.044444444444444
6 0.31744791666667 0.45601851851852 0.0265625 0.049074074074074