15 0.11354166666667 0.78888888888889 0.22708333333333 0.41851851851852
1 0.91953125 0.15416666666667 0.15885416666667 0.30833333333333
15 0.10572916666667 0.79537037037037 0.16770833333333 0.20740740740741
15 0.91510416666667 0.35601851851852 0.096875 0.10648148148148
15 0.21067708333333 0.72916666666667 0.080729166666667 0.093518518518519
15 0.77604166666667 0.72037037037037 0.069791666666667 0.1
15 0.71380208333333 0.3287037037037 0.069270833333333 0.081481481481481
15 0.6203125 0.3962962962963 0.064583333333333 0.07037037037037
6 0.38229166666667 0.44861111111111 0.065625 0.058333333333333
6 0.5375 0.4587962962963 0.051041666666667 0.060185185185185
15 0.10677083333333 0.79444444444444 0.046875 0.064814814814815
15 0.828125 0.55509259259259 0.051041666666667 0.058333333333333
15 0.60052083333333 0.21481481481481 0.048958333333333 0.059259259259259
6 0.33723958333333 0.58842592592593 0.043229166666667 0.063888888888889
6 0.6421875 0.50740740740741 0.044791666666667 0.061111111111111
6 0.37083333333333 0.62037037037037 0.044791666666667 0.061111111111111
15 0.77630208333333 0.26527777777778 0.0484375 0.056481481481481
6 0.50078125 0.25972222222222 0.044270833333333 0.060185185185185
15 0.78307291666667 0.022685185185185 0.0578125 0.04537037037037
6 0.48984375 0.71712962962963 0.043229166666667 0.060185185185185
6 0.35677083333333 0.87916666666667 0.04375 0.058333333333333
6 0.59973958333333 0.44444444444444 0.044270833333333 0.057407407407407
6 0.55260416666667 0.70092592592593 0.04375 0.057407407407407
6 0.47135416666667 0.21944444444444 0.04375 0.057407407407407
6 0.65703125 0.61481481481481 0.0421875 0.059259259259259
6 0.69791666666667 0.7787037037037 0.041666666666667 0.059259259259259
6 0.4140625 0.34351851851852 0.042708333333333 0.057407407407407
6 0.50755208333333 0.37916666666667 0.0421875 0.058333333333333
6 0.57109375 0.49953703703704 0.043229166666667 0.056481481481481
6 0.53307291666667 0.30462962962963 0.0421875 0.057407407407407
6 0.42057291666667 0.44074074074074 0.0421875 0.057407407407407
6 0.52291666666667 0.775 0.041666666666667 0.057407407407407
6 0.47005208333333 0.32314814814815 0.041145833333333 0.055555555555556
6 0.35885416666667 0.45231481481481 0.042708333333333 0.056481481481481
6 0.61770833333333 0.71574074074074 0.039583333333333 0.057407407407407
6 0.54427083333333 0.59074074074074 0.039583333333333 0.057407407407407
6 0.59270833333333 0.76296296296296 0.040625 0.055555555555556
6 0.37317708333333 0.6912037037037 0.040104166666667 0.056481481481481
6 0.42421875 0.58888888888889 0.038020833333333 0.059259259259259
6 0.5828125 0.61759259259259 0.040625 0.055555555555556
6 0.446875 0.38981481481481 0.041666666666667 0.053703703703704
6 0.45 0.5087962962963 0.039583333333333 0.056481481481481
6 0.340625 0.52546296296296 0.040625 0.05462962962963
6 0.37682291666667 0.53842592592593 0.0390625 0.056481481481481
6 0.39765625 0.49305555555556 0.0390625 0.056481481481481
6 0.684375 0.5712962962963 0.039583333333333 0.055555555555556
6 0.47265625 0.4337962962963 0.040104166666667 0.05462962962963
6 0.71848958333333 0.64675925925926 0.040104166666667 0.05462962962963
6 0.45494791666667 0.61574074074074 0.0390625 0.055555555555556
6 0.46302083333333 0.7712962962963 0.040625 0.053703703703704
6 0.30286458333333 0.64675925925926 0.041145833333333 0.052777777777778
6 0.60598958333333 0.56712962962963 0.0390625 0.05462962962963
6 0.50833333333333 0.52916666666667 0.039583333333333 0.052777777777778
6 0.55755208333333 0.37824074074074 0.0390625 0.05462962962963
6 0.31276041666667 0.7375 0.038020833333333 0.05462962962963
6 0.440625 0.28333333333333 0.038541666666667 0.053703703703704
6 0.66822916666667 0.76388888888889 0.038541666666667 0.053703703703704
6 0.4359375 0.80740740740741 0.039583333333333 0.051851851851852
6 0.39583333333333 0.84259259259259 0.038541666666667 0.051851851851852
6 0.4796875 0.58333333333333 0.036458333333333 0.051851851851852
6 0.52239583333333 0.67685185185185 0.036458333333333 0.051851851851852
6 0.32890625 0.57361111111111 0.036979166666667 0.050925925925926
6 0.38880208333333 0.65231481481481 0.036979166666667 0.050925925925926
6 0.4046875 0.77546296296296 0.035416666666667 0.049074074074074
6 0.35677083333333 0.60972222222222 0.036458333333333 0.047222222222222
6 0.42083333333333 0.68148148148148 0.032291666666667 0.046296296296296
15 0.75755208333333 0.32268518518519 0.0390625 0.043518518518519
6 0.5640625 0.82037037037037 0.035416666666667 0.051851851851852
6 0.3859375 0.38194444444444 0.033333333333333 0.047222222222222
15 0.6640625 0.35648148148148 0.036458333333333 0.040740740740741
6 0.528125 0.81712962962963 0.028125 0.036111111111111
15 0.98932291666667 0.41481481481481 0.021354166666667 0.048148148148148
6 0.47421875 0.98611111111111 0.033854166666667 0.02962962962963