6 0.53541666666667 0.66666666666667 0.025 0.044444444444444
6 0.32786458333333 0.18564814814815 0.028645833333333 0.04537037037037
6 0.60130208333333 0.66805555555556 0.030729166666667 0.052777777777778
6 0.57786458333333 0.68703703703704 0.0265625 0.046296296296296
6 0.50286458333333 0.47314814814815 0.027604166666667 0.048148148148148
6 0.47213541666667 0.40833333333333 0.027604166666667 0.048148148148148
6 0.47578125 0.34074074074074 0.028645833333333 0.05
6 0.55989583333333 0.35648148148148 0.032291666666667 0.055555555555556
6 0.65729166666667 0.4787037037037 0.030208333333333 0.053703703703704
6 0.44375 0.5337962962963 0.022916666666667 0.041666666666667
6 0.39583333333333 0.23333333333333 0.023958333333333 0.042592592592593
6 0.36328125 0.20277777777778 0.031770833333333 0.053703703703704
6 0.30572916666667 0.41435185185185 0.020833333333333 0.037962962962963
6 0.3484375 0.51481481481481 0.020833333333333 0.037037037037037
6 0.67135416666667 0.2875 0.019791666666667 0.032407407407407
6 0.51848958333333 0.63842592592593 0.024479166666667 0.043518518518519
6 0.35390625 0.4712962962963 0.0234375 0.040740740740741
6 0.32239583333333 0.22777777777778 0.030208333333333 0.048148148148148
6 0.61276041666667 0.61527777777778 0.027604166666667 0.049074074074074
6 0.35572916666667 0.25231481481481 0.026041666666667 0.04537037037037
6 0.51432291666667 0.53518518518519 0.0265625 0.046296296296296
6 0.54036458333333 0.76388888888889 0.022395833333333 0.037037037037037
6 0.55598958333333 0.52083333333333 0.0265625 0.04537037037037
6 0.47161458333333 0.28333333333333 0.031770833333333 0.053703703703704
6 0.62057291666667 0.40648148148148 0.030729166666667 0.053703703703704
6 0.53802083333333 0.46203703703704 0.022916666666667 0.040740740740741
6 0.40911458333333 0.49398148148148 0.021354166666667 0.037962962962963
6 0.51666666666667 0.73148148148148 0.020833333333333 0.035185185185185
6 0.56276041666667 0.7037037037037 0.022395833333333 0.037037037037037
6 0.53098958333333 0.51666666666667 0.022395833333333 0.040740740740741
6 0.51927083333333 0.32546296296296 0.029166666666667 0.050925925925926
6 0.30546875 0.44768518518519 0.0203125 0.037962962962963
6 0.3109375 0.37083333333333 0.023958333333333 0.043518518518519
6 0.59322916666667 0.54351851851852 0.023958333333333 0.042592592592593
6 0.43255208333333 0.37731481481481 0.027604166666667 0.047222222222222
6 0.36354166666667 0.20231481481481 0.03125 0.049074074074074
6 0.51276041666667 0.68611111111111 0.024479166666667 0.042592592592593
6 0.403125 0.59861111111111 0.022916666666667 0.041666666666667
6 0.59270833333333 0.36712962962963 0.023958333333333 0.041666666666667
6 0.37447916666667 0.59537037037037 0.021875 0.038888888888889
6 0.41484375 0.46296296296296 0.0234375 0.042592592592593
6 0.31380208333333 0.53657407407407 0.0234375 0.041666666666667
6 0.65130208333333 0.60277777777778 0.031770833333333 0.055555555555556
6 0.5 0.64814814814815 0.022916666666667 0.040740740740741
6 0.46770833333333 0.67268518518519 0.019791666666667 0.034259259259259
6 0.39505208333333 0.52638888888889 0.0203125 0.036111111111111
6 0.57734375 0.41805555555556 0.027604166666667 0.049074074074074
6 0.55182291666667 0.58888888888889 0.0265625 0.044444444444444
6 0.56510416666667 0.62916666666667 0.023958333333333 0.041666666666667
6 0.32838541666667 0.18518518518519 0.027604166666667 0.044444444444444
6 0.50989583333333 0.43148148148148 0.026041666666667 0.044444444444444
6 0.36510416666667 0.47037037037037 0.025 0.042592592592593
6 0.34583333333333 0.41296296296296 0.026041666666667 0.048148148148148
6 0.35 0.36851851851852 0.026041666666667 0.044444444444444
6 0.30885416666667 0.4837962962963 0.020833333333333 0.037962962962963
6 0.46119791666667 0.57314814814815 0.022395833333333 0.038888888888889
6 0.47135416666667 0.2837962962963 0.03125 0.052777777777778
6 0.45338541666667 0.66018518518519 0.022395833333333 0.037037037037037
6 0.47604166666667 0.34166666666667 0.029166666666667 0.05
6 0.50520833333333 0.58703703703704 0.027083333333333 0.046296296296296
6 0.38177083333333 0.5337962962963 0.022916666666667 0.039814814814815
6 0.55989583333333 0.35648148148148 0.03125 0.053703703703704
6 0.51197916666667 0.36527777777778 0.026041666666667 0.04537037037037
6 0.63880208333333 0.53981481481481 0.027604166666667 0.05
6 0.35625 0.58472222222222 0.019791666666667 0.034259259259259
6 0.30859375 0.51388888888889 0.019270833333333 0.037037037037037
6 0.48541666666667 0.69675925925926 0.025 0.043518518518519
6 0.58333333333333 0.59907407407407 0.025 0.042592592592593
6 0.55625 0.73055555555556 0.023958333333333 0.040740740740741
6 0.37395833333333 0.56481481481481 0.019791666666667 0.035185185185185
6 0.3140625 0.32685185185185 0.023958333333333 0.042592592592593
6 0.39895833333333 0.29212962962963 0.026041666666667 0.04537037037037
6 0.40807291666667 0.62777777777778 0.0234375 0.040740740740741
6 0.38072916666667 0.44675925925926 0.022916666666667 0.039814814814815
6 0.61171875 0.46666666666667 0.0390625 0.066666666666667
6 0.53151041666667 0.58981481481481 0.0234375 0.042592592592593
6 0.44583333333333 0.62083333333333 0.030208333333333 0.050925925925926
6 0.41432291666667 0.5912037037037 0.025520833333333 0.043518518518519
6 0.60182291666667 0.66805555555556 0.030729166666667 0.052777777777778
6 0.55260416666667 0.4125 0.029166666666667 0.050925925925926
6 0.38671875 0.39537037037037 0.0265625 0.048148148148148
6 0.33098958333333 0.46851851851852 0.022395833333333 0.038888888888889
6 0.42109375 0.63935185185185 0.0234375 0.039814814814815
6 0.475 0.65138888888889 0.023958333333333 0.041666666666667
6 0.31458333333333 0.28240740740741 0.026041666666667 0.046296296296296
6 0.34739583333333 0.54166666666667 0.027083333333333 0.046296296296296
6 0.41302083333333 0.54259259259259 0.017708333333333 0.031481481481481
6 0.48255208333333 0.6037037037037 0.024479166666667 0.042592592592593
6 0.47395833333333 0.55648148148148 0.023958333333333 0.040740740740741
6 0.35833333333333 0.30740740740741 0.028125 0.05
6 0.46458333333333 0.45231481481481 0.025 0.043518518518519
6 0.43567708333333 0.25740740740741 0.0296875 0.05
6 0.66197916666667 0.41296296296296 0.030208333333333 0.053703703703704
6 0.42838541666667 0.56203703703704 0.022395833333333 0.040740740740741
6 0.39088541666667 0.34212962962963 0.027604166666667 0.049074074074074
6 0.42994791666667 0.31064814814815 0.028645833333333 0.049074074074074
6 0.54635416666667 0.65509259259259 0.028125 0.049074074074074
6 0.425 0.42222222222222 0.026041666666667 0.046296296296296
6 0.3390625 0.57962962962963 0.021875 0.038888888888889
6 0.44791666666667 0.49907407407407 0.025 0.044444444444444
6 0.49140625 0.52268518518519 0.0265625 0.047222222222222
6 0.32916666666667 0.50601851851852 0.020833333333333 0.037962962962963
6 0.56171875 0.4837962962963 0.0265625 0.047222222222222