6 0.7125 0.25972222222222 0.023958333333333 0.041666666666667
6 0.5703125 0.53148148148148 0.032291666666667 0.059259259259259
6 0.57421875 0.60555555555556 0.0296875 0.053703703703704
6 0.43020833333333 0.5162037037037 0.028125 0.052777777777778
6 0.45677083333333 0.36759259259259 0.03125 0.057407407407407
6 0.52578125 0.64907407407407 0.030729166666667 0.053703703703704
6 0.35390625 0.39212962962963 0.0328125 0.058333333333333
6 0.4078125 0.2337962962963 0.035416666666667 0.062037037037037
6 0.62447916666667 0.51018518518519 0.045833333333333 0.090740740740741
6 0.32135416666667 0.45833333333333 0.026041666666667 0.046296296296296
6 0.50130208333333 0.33657407407407 0.036979166666667 0.065740740740741
6 0.359375 0.11851851851852 0.036458333333333 0.064814814814815
6 0.32916666666667 0.29212962962963 0.029166666666667 0.050925925925926
6 0.3265625 0.18240740740741 0.03125 0.055555555555556
6 0.4015625 0.31111111111111 0.03125 0.057407407407407
6 0.62109375 0.47962962962963 0.034895833333333 0.061111111111111
6 0.59010416666667 0.40231481481481 0.039583333333333 0.069444444444444
6 0.4765625 0.60787037037037 0.0375 0.065740740740741
6 0.45234375 0.29444444444444 0.034895833333333 0.062962962962963
6 0.36041666666667 0.2037037037037 0.034375 0.061111111111111
6 0.49375 0.47731481481481 0.03125 0.056481481481481
6 0.31875 0.54259259259259 0.028125 0.051851851851852
6 0.31666666666667 0.36388888888889 0.030208333333333 0.055555555555556
6 0.44947916666667 0.20601851851852 0.036458333333333 0.062037037037037
6 0.434375 0.48425925925926 0.03125 0.061111111111111
6 0.48385416666667 0.53055555555556 0.035416666666667 0.064814814814815
6 0.325 0.10416666666667 0.032291666666667 0.056481481481481
6 0.36197916666667 0.27268518518519 0.032291666666667 0.056481481481481
6 0.35182291666667 0.45972222222222 0.0296875 0.056481481481481
6 0.403125 0.45277777777778 0.028125 0.051851851851852
6 0.56015625 0.29861111111111 0.044270833333333 0.075
6 0.38776041666667 0.54675925925926 0.030729166666667 0.05462962962963
6 0.50963541666667 0.24861111111111 0.0390625 0.071296296296296
6 0.534375 0.41296296296296 0.034375 0.064814814814815
6 0.42552083333333 0.57083333333333 0.028125 0.050925925925926
6 0.36770833333333 0.32592592592593 0.03125 0.055555555555556
6 0.44166666666667 0.42546296296296 0.032291666666667 0.060185185185185
6 0.53020833333333 0.50324074074074 0.035416666666667 0.063888888888889
6 0.40026041666667 0.37824074074074 0.030729166666667 0.056481481481481
6 0.41015625 0.16574074074074 0.034895833333333 0.061111111111111
6 0.59583333333333 0.34166666666667 0.0375 0.066666666666667
6 0.34661458333333 0.59305555555556 0.027604166666667 0.049074074074074
6 0.33307291666667 0.23796296296296 0.0296875 0.055555555555556
6 0.31354166666667 0.4962962962963 0.027083333333333 0.05
6 0.41640625 0.63425925925926 0.031770833333333 0.053703703703704
6 0.39088541666667 0.59861111111111 0.028645833333333 0.050925925925926
6 0.63020833333333 0.39027777777778 0.046875 0.080555555555556
6 0.35182291666667 0.51111111111111 0.027604166666667 0.05
6 0.53645833333333 0.87638888888889 0.025 0.043518518518519
6 0.52291666666667 0.56527777777778 0.034375 0.062037037037037
6 0.39895833333333 0.50416666666667 0.028125 0.052777777777778
6 0.58385416666667 0.4912037037037 0.0375 0.071296296296296
6 0.50494791666667 0.42083333333333 0.033854166666667 0.062037037037037