6 0.53828125 0.68287037037037 0.021354166666667 0.036111111111111
6 0.37265625 0.34583333333333 0.028645833333333 0.050925925925926
6 0.45703125 0.32037037037037 0.0296875 0.051851851851852
6 0.60520833333333 0.34027777777778 0.035416666666667 0.058333333333333
6 0.46822916666667 0.62083333333333 0.022916666666667 0.039814814814815
6 0.32864583333333 0.44351851851852 0.020833333333333 0.038888888888889
6 0.4078125 0.37824074074074 0.027083333333333 0.049074074074074
6 0.6015625 0.78796296296296 0.027083333333333 0.042592592592593
6 0.55755208333333 0.32592592592593 0.030729166666667 0.055555555555556
6 0.6015625 0.65740740740741 0.028125 0.048148148148148
6 0.453125 0.6875 0.021875 0.036111111111111
6 0.34583333333333 0.55925925925926 0.022916666666667 0.042592592592593
6 0.44322916666667 0.35972222222222 0.030208333333333 0.052777777777778
6 0.440625 0.6162037037037 0.023958333333333 0.041666666666667
6 0.50833333333333 0.46898148148148 0.025 0.043518518518519
6 0.55026041666667 0.76944444444444 0.025520833333333 0.040740740740741
6 0.42682291666667 0.58333333333333 0.0203125 0.035185185185185
6 0.6515625 0.65601851851852 0.032291666666667 0.052777777777778
6 0.39296875 0.20601851851852 0.0296875 0.052777777777778
6 0.45833333333333 0.25138888888889 0.032291666666667 0.058333333333333
6 0.37604166666667 0.54861111111111 0.025 0.04537037037037
6 0.36328125 0.11712962962963 0.030729166666667 0.052777777777778
6 0.49114583333333 0.21944444444444 0.030208333333333 0.053703703703704
6 0.4125 0.58194444444444 0.019791666666667 0.036111111111111
6 0.5796875 0.525 0.032291666666667 0.057407407407407
6 0.71223958333333 0.25740740740741 0.0203125 0.033333333333333
6 0.47760416666667 0.37685185185185 0.029166666666667 0.051851851851852
6 0.52369791666667 0.56388888888889 0.031770833333333 0.053703703703704
6 0.56588541666667 0.25462962962963 0.038020833333333 0.064814814814815
6 0.5890625 0.39722222222222 0.034375 0.061111111111111
6 0.52578125 0.23564814814815 0.036979166666667 0.065740740740741
6 0.4953125 0.33425925925926 0.028125 0.05
6 0.56484375 0.57222222222222 0.0265625 0.046296296296296
6 0.66510416666667 0.60925925925926 0.03125 0.051851851851852
6 0.34635416666667 0.24074074074074 0.026041666666667 0.048148148148148
6 0.54557291666667 0.65324074074074 0.025520833333333 0.043518518518519
6 0.41770833333333 0.5375 0.022916666666667 0.041666666666667
6 0.4328125 0.2337962962963 0.026041666666667 0.047222222222222
6 0.51640625 0.34861111111111 0.028645833333333 0.052777777777778
6 0.40130208333333 0.44490740740741 0.025520833333333 0.04537037037037
6 0.3265625 0.47916666666667 0.019791666666667 0.037962962962963
6 0.41927083333333 0.28703703703704 0.028125 0.05
6 0.58463541666667 0.68240740740741 0.0265625 0.044444444444444
6 0.48854166666667 0.26851851851852 0.030208333333333 0.053703703703704
6 0.33932291666667 0.28240740740741 0.0265625 0.048148148148148
6 0.54895833333333 0.37083333333333 0.029166666666667 0.052777777777778
6 0.45703125 0.19583333333333 0.031770833333333 0.05462962962963
6 0.59947916666667 0.58611111111111 0.028125 0.05
6 0.46875 0.46435185185185 0.026041666666667 0.047222222222222
6 0.34609375 0.33703703703704 0.022395833333333 0.038888888888889
6 0.72265625 0.32175925925926 0.0390625 0.067592592592593
6 0.58671875 0.46111111111111 0.0328125 0.059259259259259
6 0.5171875 0.57314814814815 0.026041666666667 0.046296296296296
6 0.69296875 0.53796296296296 0.034895833333333 0.061111111111111
6 0.35338541666667 0.17685185185185 0.0296875 0.057407407407407
6 0.39635416666667 0.60462962962963 0.020833333333333 0.037037037037037
6 0.49947916666667 0.49953703703704 0.028125 0.050925925925926
6 0.553125 0.43009259259259 0.029166666666667 0.052777777777778
6 0.41458333333333 0.33101851851852 0.029166666666667 0.05462962962963
6 0.63046875 0.72314814814815 0.025520833333333 0.044444444444444
6 0.35104166666667 0.51666666666667 0.020833333333333 0.038888888888889
6 0.54791666666667 0.72361111111111 0.022916666666667 0.037962962962963
6 0.38515625 0.63194444444444 0.0234375 0.037962962962963
6 0.46119791666667 0.525 0.025520833333333 0.046296296296296
6 0.59192708333333 0.93287037037037 0.0234375 0.034259259259259
6 0.490625 0.53611111111111 0.025 0.044444444444444
6 0.65234375 0.40509259259259 0.041145833333333 0.069444444444444
6 0.38671875 0.25787037037037 0.0296875 0.052777777777778
6 0.49244791666667 0.675 0.031770833333333 0.046296296296296
6 0.37890625 0.49259259259259 0.0234375 0.042592592592593
6 0.55598958333333 0.625 0.028645833333333 0.048148148148148
6 0.61666666666667 0.94444444444444 0.023958333333333 0.037037037037037
6 0.7328125 0.3875 0.040625 0.069444444444444
6 0.51015625 0.40462962962963 0.034895833333333 0.061111111111111
6 0.46979166666667 0.4212962962963 0.026041666666667 0.046296296296296
6 0.70208333333333 0.50277777777778 0.035416666666667 0.059259259259259
6 0.61875 0.57268518518519 0.028125 0.049074074074074
6 0.61796875 0.28287037037037 0.030729166666667 0.05462962962963
6 0.43151041666667 0.17777777777778 0.0265625 0.046296296296296
6 0.32057291666667 0.53425925925926 0.021354166666667 0.038888888888889
6 0.34739583333333 0.47083333333333 0.021875 0.039814814814815
6 0.45104166666667 0.3375 0.03125 0.078703703703704
6 0.59479166666667 0.80833333333333 0.03125 0.061111111111111
6 0.70052083333333 0.8662037037037 0.017708333333333 0.026851851851852
6 0.52630208333333 0.29398148148148 0.0328125 0.056481481481481
6 0.35989583333333 0.43055555555556 0.023958333333333 0.044444444444444
6 0.3375 0.4087962962963 0.023958333333333 0.041666666666667
6 0.44140625 0.40787037037037 0.028645833333333 0.049074074074074
6 0.515625 0.62916666666667 0.028125 0.047222222222222
6 0.43932291666667 0.45509259259259 0.025520833333333 0.04537037037037
6 0.43645833333333 0.5162037037037 0.023958333333333 0.043518518518519
6 0.6203125 0.50092592592593 0.044791666666667 0.074074074074074
6 0.52317708333333 0.7337962962963 0.025520833333333 0.039814814814815
6 0.38125 0.30185185185185 0.029166666666667 0.051851851851852
6 0.36640625 0.38657407407407 0.022395833333333 0.039814814814815
6 0.33723958333333 0.36064814814815 0.0265625 0.047222222222222
6 0.63463541666667 0.68888888888889 0.028645833333333 0.044444444444444
6 0.39947916666667 0.1462962962963 0.035416666666667 0.062962962962963
6 0.48489583333333 0.57268518518519 0.027083333333333 0.047222222222222
6 0.53046875 0.47268518518519 0.033854166666667 0.060185185185185
6 0.67161458333333 0.30462962962963 0.036979166666667 0.064814814814815
6 0.53567708333333 0.55046296296296 0.028645833333333 0.050925925925926