6 0.41822916666667 0.39027777777778 0.0375 0.067592592592593
6 0.48463541666667 0.66666666666667 0.031770833333333 0.057407407407407
6 0.40494791666667 0.80787037037037 0.030729166666667 0.050925925925926
14 0.665625 0.31527777777778 0.029166666666667 0.032407407407407
6 0.45026041666667 0.60324074074074 0.0328125 0.060185185185185
6 0.55833333333333 0.62685185185185 0.036458333333333 0.064814814814815
6 0.51796875 0.70092592592593 0.036979166666667 0.061111111111111
6 0.27734375 0.5875 0.0328125 0.062037037037037
6 0.33619791666667 0.45694444444444 0.033854166666667 0.062037037037037
6 0.36458333333333 0.6537037037037 0.033333333333333 0.062962962962963
6 0.36640625 0.37407407407407 0.027604166666667 0.053703703703704
6 0.2671875 0.7712962962963 0.035416666666667 0.057407407407407
14 0.66901041666667 0.30925925925926 0.028645833333333 0.038888888888889
6 0.55520833333333 0.51666666666667 0.0375 0.066666666666667
6 0.51875 0.7 0.038541666666667 0.066666666666667
6 0.40572916666667 0.80740740740741 0.033333333333333 0.057407407407407
6 0.509375 0.31666666666667 0.039583333333333 0.07037037037037
1 0.91223958333333 0.099537037037037 0.17552083333333 0.19907407407407
6 0.52916666666667 0.80231481481481 0.032291666666667 0.05462962962963
14 0.12135416666667 0.83240740740741 0.24270833333333 0.33518518518519
14 0.77161458333333 0.32592592592593 0.046354166666667 0.07962962962963
6 0.48255208333333 0.53148148148148 0.0359375 0.066666666666667
6 0.45598958333333 0.72638888888889 0.038020833333333 0.067592592592593
6 0.52890625 0.80138888888889 0.030729166666667 0.050925925925926
6 0.58411458333333 0.71435185185185 0.033854166666667 0.058333333333333
6 0.52109375 0.6037037037037 0.0359375 0.062962962962963
6 0.55833333333333 0.75324074074074 0.035416666666667 0.062037037037037
14 0.775 0.19166666666667 0.038541666666667 0.037037037037037
14 0.59270833333333 0.39583333333333 0.040625 0.062037037037037
14 0.84192708333333 0.55277777777778 0.034895833333333 0.051851851851852
6 0.31927083333333 0.64212962962963 0.029166666666667 0.05462962962963
6 0.34479166666667 0.55648148148148 0.036458333333333 0.064814814814815
6 0.48203125 0.38009259259259 0.036979166666667 0.067592592592593
6 0.28828125 0.83055555555556 0.033854166666667 0.059259259259259
6 0.44791666666667 0.32314814814815 0.0375 0.068518518518519
6 0.65416666666667 0.79166666666667 0.036458333333333 0.059259259259259
6 0.36484375 0.65509259259259 0.030729166666667 0.056481481481481
6 0.3421875 0.7162037037037 0.035416666666667 0.063888888888889
6 0.375 0.49768518518519 0.034375 0.065740740740741
14 0.71614583333333 0.27083333333333 0.060416666666667 0.089814814814815
6 0.39635416666667 0.70555555555556 0.033333333333333 0.059259259259259
6 0.2890625 0.82916666666667 0.03125 0.056481481481481
6 0.65416666666667 0.7912037037037 0.034375 0.056481481481481
14 0.8421875 0.55231481481481 0.041666666666667 0.060185185185185
14 0.94453125 0.25185185185185 0.036979166666667 0.059259259259259
6 0.44505208333333 0.21064814814815 0.034895833333333 0.060185185185185
6 0.37552083333333 0.78796296296296 0.032291666666667 0.051851851851852
6 0.55130208333333 0.39583333333333 0.036979166666667 0.062037037037037
6 0.39557291666667 0.61064814814815 0.031770833333333 0.060185185185185
6 0.42161458333333 0.52037037037037 0.033854166666667 0.061111111111111
6 0.52161458333333 0.47222222222222 0.038020833333333 0.068518518518519
6 0.31875 0.64212962962963 0.032291666666667 0.058333333333333
6 0.33697916666667 0.83518518518519 0.036458333333333 0.059259259259259
6 0.47552083333333 0.25972222222222 0.041666666666667 0.073148148148148
6 0.41276041666667 0.27361111111111 0.033854166666667 0.062037037037037
6 0.48697916666667 0.76388888888889 0.04375 0.077777777777778
6 0.39635416666667 0.44351851851852 0.033333333333333 0.061111111111111
6 0.59010416666667 0.45787037037037 0.0375 0.063888888888889
6 0.44583333333333 0.21111111111111 0.0375 0.066666666666667
14 0.58541666666667 0.40185185185185 0.034375 0.048148148148148
6 0.45 0.60185185185185 0.033333333333333 0.062962962962963
6 0.31484375 0.51805555555556 0.0328125 0.060185185185185
6 0.39661458333333 0.70462962962963 0.031770833333333 0.055555555555556
6 0.50885416666667 0.31574074074074 0.0375 0.062962962962963
6 0.36640625 0.37361111111111 0.030729166666667 0.056481481481481
6 0.33619791666667 0.83472222222222 0.0328125 0.05462962962963
14 0.77473958333333 0.19351851851852 0.0515625 0.068518518518519
6 0.67708333333333 0.65833333333333 0.0375 0.064814814814815
6 0.42552083333333 0.63055555555556 0.029166666666667 0.055555555555556
14 0.86692708333333 0.3837962962963 0.081770833333333 0.097222222222222
14 0.87421875 0.37546296296296 0.080729166666667 0.125
6 0.3953125 0.61018518518519 0.03125 0.055555555555556
6 0.25130208333333 0.65509259259259 0.0359375 0.063888888888889
14 0.23802083333333 0.79444444444444 0.064583333333333 0.098148148148148
6 0.375 0.78888888888889 0.033333333333333 0.055555555555556
6 0.58984375 0.45787037037037 0.041145833333333 0.071296296296296
6 0.44453125 0.44675925925926 0.0359375 0.063888888888889
6 0.61979166666667 0.53009259259259 0.038541666666667 0.069444444444444
14 0.14088541666667 0.88703703703704 0.0359375 0.061111111111111
6 0.61640625 0.76481481481481 0.0328125 0.055555555555556
6 0.61979166666667 0.64675925925926 0.034375 0.060185185185185
6 0.55052083333333 0.39398148148148 0.034375 0.058333333333333
6 0.61979166666667 0.64814814814815 0.0375 0.066666666666667
6 0.43151041666667 0.7875 0.033854166666667 0.060185185185185
6 0.328125 0.53842592592593 0.039583333333333 0.063888888888889
6 0.58411458333333 0.7162037037037 0.036979166666667 0.065740740740741
14 0.24036458333333 0.79166666666667 0.055729166666667 0.068518518518519
6 0.3453125 0.55648148148148 0.032291666666667 0.055555555555556
6 0.52109375 0.47175925925926 0.038020833333333 0.065740740740741
14 0.67473958333333 0.40462962962963 0.041145833333333 0.064814814814815
6 0.65052083333333 0.60509259259259 0.036458333333333 0.063888888888889
6 0.67682291666667 0.65648148148148 0.0359375 0.059259259259259
6 0.34140625 0.71574074074074 0.033854166666667 0.061111111111111
6 0.58307291666667 0.5875 0.034895833333333 0.063888888888889
6 0.42161458333333 0.52083333333333 0.034895833333333 0.065740740740741
6 0.38932291666667 0.33703703703704 0.0328125 0.061111111111111
14 0.625 0.36296296296296 0.058333333333333 0.087037037037037
6 0.38958333333333 0.33703703703704 0.035416666666667 0.064814814814815
14 0.65026041666667 0.20416666666667 0.1046875 0.13425925925926
6 0.41302083333333 0.27314814814815 0.035416666666667 0.064814814814815
6 0.27786458333333 0.5875 0.0296875 0.056481481481481
6 0.55885416666667 0.75416666666667 0.034375 0.05462962962963
6 0.61953125 0.52916666666667 0.0359375 0.067592592592593
6 0.45572916666667 0.72638888888889 0.036458333333333 0.063888888888889
14 0.11119791666667 0.85416666666667 0.2203125 0.28981481481481
6 0.25026041666667 0.65601851851852 0.033854166666667 0.060185185185185
6 0.44765625 0.32268518518519 0.0359375 0.063888888888889
6 0.42578125 0.63055555555556 0.0328125 0.059259259259259
6 0.47526041666667 0.25833333333333 0.0390625 0.066666666666667
6 0.52057291666667 0.6037037037037 0.0390625 0.07037037037037
6 0.43046875 0.78657407407407 0.031770833333333 0.052777777777778
6 0.39635416666667 0.44398148148148 0.034375 0.065740740740741
6 0.41744791666667 0.39166666666667 0.0359375 0.064814814814815
6 0.484375 0.6662037037037 0.032291666666667 0.062037037037037
6 0.44479166666667 0.4462962962963 0.036458333333333 0.068518518518519
6 0.55520833333333 0.51759259259259 0.036458333333333 0.064814814814815
6 0.48723958333333 0.76342592592593 0.043229166666667 0.075
14 0.93776041666667 0.37685185185185 0.052604166666667 0.075925925925926
6 0.375 0.49675925925926 0.032291666666667 0.060185185185185
6 0.55859375 0.62638888888889 0.036979166666667 0.062037037037037
6 0.61614583333333 0.76574074074074 0.032291666666667 0.053703703703704
14 0.6265625 0.36018518518519 0.041666666666667 0.07037037037037
6 0.48229166666667 0.53055555555556 0.033333333333333 0.061111111111111
6 0.31484375 0.51944444444444 0.030729166666667 0.057407407407407
6 0.58151041666667 0.58703703703704 0.033854166666667 0.059259259259259
6 0.26848958333333 0.76990740740741 0.028645833333333 0.050925925925926
14 0.23697916666667 0.79351851851852 0.067708333333333 0.098148148148148
6 0.33489583333333 0.45648148148148 0.03125 0.057407407407407
14 0.71692708333333 0.27407407407407 0.050520833333333 0.066666666666667
6 0.65078125 0.60694444444444 0.0328125 0.056481481481481
6 0.48255208333333 0.3787037037037 0.0359375 0.061111111111111