6 0.74869791666667 0.73564814814815 0.0390625 0.071296296296296
6 0.4296875 0.33425925925926 0.036458333333333 0.059259259259259
6 0.27630208333333 0.3962962962963 0.030729166666667 0.055555555555556
6 0.54583333333333 0.5712962962963 0.039583333333333 0.074074074074074
6 0.29635416666667 0.32175925925926 0.033333333333333 0.058333333333333
6 0.39817708333333 0.30231481481481 0.0296875 0.050925925925926
6 0.41848958333333 0.42824074074074 0.036979166666667 0.065740740740741
6 0.37760416666667 0.37685185185185 0.032291666666667 0.057407407407407
6 0.75130208333333 0.85138888888889 0.034895833333333 0.058333333333333
6 0.4 0.52175925925926 0.036458333333333 0.063888888888889
6 0.50729166666667 0.71944444444444 0.036458333333333 0.066666666666667
6 0.53567708333333 0.58425925925926 0.0296875 0.055555555555556
6 0.35989583333333 0.28148148148148 0.0375 0.062962962962963
6 0.42161458333333 0.82731481481481 0.036979166666667 0.060185185185185
6 0.47447916666667 0.37824074074074 0.036458333333333 0.063888888888889
6 0.40026041666667 0.66111111111111 0.033854166666667 0.059259259259259
6 0.75078125 0.85092592592593 0.0359375 0.055555555555556
6 0.33776041666667 0.36481481481481 0.0328125 0.055555555555556
6 0.32135416666667 0.25740740740741 0.034375 0.059259259259259
6 0.48385416666667 0.63657407407407 0.03125 0.056481481481481
6 0.53515625 0.39675925925926 0.036979166666667 0.065740740740741
6 0.49869791666667 0.9 0.0359375 0.059259259259259
6 0.45208333333333 0.89398148148148 0.021875 0.034259259259259
6 0.84739583333333 0.67268518518519 0.030208333333333 0.05462962962963