6 0.53671875 0.6625 0.059895833333333 0.086111111111111
6 0.48802083333333 0.40509259259259 0.047916666666667 0.073148148148148
6 0.31614583333333 0.51805555555556 0.044791666666667 0.073148148148148
6 0.50989583333333 0.53194444444444 0.048958333333333 0.063888888888889
6 0.43671875 0.3337962962963 0.0453125 0.063888888888889
6 0.48307291666667 0.61851851851852 0.044270833333333 0.061111111111111
6 0.56848958333333 0.54259259259259 0.043229166666667 0.061111111111111
6 0.32786458333333 0.14583333333333 0.040104166666667 0.065740740740741
6 0.5375 0.4787037037037 0.04375 0.059259259259259
6 0.37135416666667 0.20694444444444 0.042708333333333 0.060185185185185
6 0.3390625 0.63055555555556 0.041666666666667 0.059259259259259
6 0.28515625 0.5875 0.0421875 0.056481481481481
6 0.38046875 0.35185185185185 0.041145833333333 0.057407407407407
6 0.41302083333333 0.58148148148148 0.041666666666667 0.055555555555556
6 0.33880208333333 0.27824074074074 0.0390625 0.058333333333333
6 0.35208333333333 0.56388888888889 0.039583333333333 0.055555555555556
6 0.41640625 0.4087962962963 0.040104166666667 0.05462962962963
6 0.459375 0.68518518518519 0.040625 0.053703703703704
6 0.2984375 0.10138888888889 0.038541666666667 0.056481481481481
6 0.35989583333333 0.43101851851852 0.039583333333333 0.05462962962963
6 0.28359375 0.50138888888889 0.038020833333333 0.056481481481481
6 0.39401041666667 0.27361111111111 0.0390625 0.05462962962963
6 0.27864583333333 0.36111111111111 0.036458333333333 0.057407407407407
6 0.29270833333333 0.30277777777778 0.0375 0.055555555555556
6 0.3921875 0.46666666666667 0.0375 0.055555555555556
6 0.27630208333333 0.18796296296296 0.036979166666667 0.055555555555556
6 0.25364583333333 0.39351851851852 0.035416666666667 0.057407407407407
6 0.45989583333333 0.46157407407407 0.039583333333333 0.050925925925926
6 0.42447916666667 0.5037037037037 0.0375 0.053703703703704
6 0.30130208333333 0.4125 0.0359375 0.05462962962963
6 0.3046875 0.22638888888889 0.036458333333333 0.05462962962963
6 0.31666666666667 0.34444444444444 0.036458333333333 0.053703703703704
6 0.259375 0.24490740740741 0.035416666666667 0.05462962962963
6 0.37734375 0.55138888888889 0.0359375 0.052777777777778
6 0.29479166666667 0.63101851851852 0.0375 0.050925925925926
6 0.33359375 0.47037037037037 0.0359375 0.05
6 0.38880208333333 0.63472222222222 0.036979166666667 0.050925925925926
6 0.26744791666667 0.54814814814815 0.033854166666667 0.05
6 0.22916666666667 0.33888888888889 0.032291666666667 0.051851851851852
6 0.22291666666667 0.40648148148148 0.033333333333333 0.05
6 0.24427083333333 0.44444444444444 0.033333333333333 0.05
6 0.37942708333333 0.68472222222222 0.034895833333333 0.047222222222222
6 0.24244791666667 0.29398148148148 0.033854166666667 0.049074074074074
6 0.365625 0.86296296296296 0.033333333333333 0.048148148148148
6 0.29817708333333 0.47546296296296 0.031770833333333 0.049074074074074
6 0.21015625 0.48842592592593 0.031770833333333 0.047222222222222
6 0.44713541666667 0.74074074074074 0.031770833333333 0.042592592592593
6 0.4234375 0.82407407407407 0.032291666666667 0.044444444444444
6 0.24114583333333 0.4962962962963 0.032291666666667 0.046296296296296
6 0.24453125 0.54305555555556 0.0296875 0.043518518518519
6 0.21666666666667 0.44398148148148 0.029166666666667 0.043518518518519
6 0.58645833333333 0.48796296296296 0.027083333333333 0.035185185185185
6 0.29479166666667 0.56990740740741 0.028125 0.039814814814815