6 0.63515625 0.80138888888889 0.040104166666667 0.073148148148148
6 0.759375 0.5837962962963 0.033333333333333 0.062037037037037
6 0.7828125 0.61990740740741 0.029166666666667 0.056481481481481
6 0.63619791666667 0.55277777777778 0.036979166666667 0.072222222222222
6 0.73072916666667 0.9337962962963 0.048958333333333 0.071296296296296
6 0.62161458333333 0.24490740740741 0.0453125 0.084259259259259
6 0.54505208333333 0.67407407407407 0.043229166666667 0.081481481481481
6 0.49635416666667 0.60694444444444 0.040625 0.073148148148148
6 0.81145833333333 0.64537037037037 0.034375 0.062962962962963
6 0.62213541666667 0.64768518518519 0.038020833333333 0.073148148148148
6 0.50755208333333 0.9 0.040104166666667 0.07037037037037
6 0.41848958333333 0.94351851851852 0.0484375 0.081481481481481
6 0.63151041666667 0.39074074074074 0.041145833333333 0.075925925925926
6 0.6953125 0.64490740740741 0.036458333333333 0.069444444444444
6 0.7859375 0.47731481481481 0.032291666666667 0.062037037037037
6 0.83020833333333 0.5787037037037 0.029166666666667 0.055555555555556
6 0.5828125 0.78009259259259 0.040625 0.071296296296296
6 0.603125 0.48472222222222 0.042708333333333 0.080555555555556
6 0.81380208333333 0.76203703703704 0.047395833333333 0.092592592592593
6 0.72994791666667 0.69351851851852 0.0359375 0.064814814814815
6 0.5328125 0.95046296296296 0.045833333333333 0.075
6 0.67265625 0.42777777777778 0.0390625 0.07037037037037
6 0.70234375 0.76851851851852 0.036979166666667 0.062962962962963
6 0.81041666666667 0.54490740740741 0.032291666666667 0.063888888888889
6 0.52526041666667 0.7962962962963 0.0421875 0.07962962962963
6 0.43333333333333 0.85972222222222 0.045833333333333 0.080555555555556
6 0.72682291666667 0.53842592592593 0.033854166666667 0.062037037037037
6 0.9078125 0.6912037037037 0.034375 0.063888888888889
6 0.75859375 0.87407407407407 0.0359375 0.062962962962963
6 0.53880208333333 0.50601851851852 0.040104166666667 0.076851851851852
6 0.72682291666667 0.7837962962963 0.031770833333333 0.058333333333333
6 0.58385416666667 0.96944444444444 0.034375 0.057407407407407
6 0.74453125 0.40972222222222 0.0359375 0.065740740740741
6 0.76588541666667 0.6787037037037 0.033854166666667 0.059259259259259
6 0.5984375 0.88009259259259 0.032291666666667 0.060185185185185
6 0.56119791666667 0.85185185185185 0.041145833333333 0.072222222222222
6 0.84244791666667 0.62083333333333 0.0296875 0.05462962962963
6 0.6609375 0.29027777777778 0.042708333333333 0.080555555555556
6 0.56822916666667 0.44537037037037 0.041666666666667 0.077777777777778
6 0.48255208333333 0.72175925925926 0.043229166666667 0.076851851851852
6 0.83697916666667 0.60138888888889 0.03125 0.086111111111111
6 0.65416666666667 0.73564814814815 0.036458333333333 0.065740740740741
6 0.70234375 0.35601851851852 0.0359375 0.067592592592593
6 0.59453125 0.3337962962963 0.043229166666667 0.078703703703704
6 0.69869791666667 0.93703703703704 0.0453125 0.072222222222222
6 0.6671875 0.85046296296296 0.0375 0.065740740740741
6 0.44791666666667 0.6662037037037 0.023958333333333 0.041666666666667
6 0.57369791666667 0.56898148148148 0.040104166666667 0.073148148148148
6 0.64869791666667 0.94537037037037 0.034895833333333 0.061111111111111