6 0.66197916666667 0.87731481481481 0.026041666666667 0.036111111111111
6 0.57265625 0.38935185185185 0.034895833333333 0.060185185185185
6 0.33203125 0.50555555555556 0.025520833333333 0.044444444444444
6 0.34635416666667 0.47777777777778 0.028125 0.048148148148148
6 0.36692708333333 0.52592592592593 0.0234375 0.038888888888889
6 0.6015625 0.44953703703704 0.03125 0.056481481481481
6 0.48229166666667 0.67777777777778 0.021875 0.037037037037037
6 0.60963541666667 0.63287037037037 0.024479166666667 0.037962962962963
6 0.41380208333333 0.54351851851852 0.0234375 0.040740740740741
6 0.60911458333333 0.63240740740741 0.022395833333333 0.035185185185185
6 0.58463541666667 0.64212962962963 0.021354166666667 0.034259259259259
6 0.69765625 0.6462962962963 0.027604166666667 0.040740740740741
6 0.46067708333333 0.61712962962963 0.019270833333333 0.030555555555556
6 0.34036458333333 0.57037037037037 0.025520833333333 0.042592592592593
6 0.44244791666667 0.63287037037037 0.022395833333333 0.037962962962963
6 0.47213541666667 0.31018518518519 0.040104166666667 0.068518518518519
6 0.34010416666667 0.56990740740741 0.025 0.039814814814815
6 0.38411458333333 0.50185185185185 0.0265625 0.044444444444444
6 0.61015625 0.57824074074074 0.027604166666667 0.043518518518519
6 0.47734375 0.75972222222222 0.019270833333333 0.032407407407407
6 0.571875 0.58055555555556 0.027083333333333 0.042592592592593
6 0.3734375 0.5162037037037 0.029166666666667 0.047222222222222
6 0.60260416666667 0.67175925925926 0.019791666666667 0.030555555555556
6 0.62161458333333 0.69398148148148 0.019270833333333 0.030555555555556
6 0.36015625 0.43611111111111 0.030729166666667 0.051851851851852
6 0.50625 0.5875 0.028125 0.047222222222222
6 0.50833333333333 0.63472222222222 0.022916666666667 0.037962962962963
6 0.39895833333333 0.56388888888889 0.023958333333333 0.040740740740741
6 0.54401041666667 0.77037037037037 0.011979166666667 0.018518518518519
6 0.54947916666667 0.60740740740741 0.027083333333333 0.042592592592593
6 0.4296875 0.43611111111111 0.034375 0.057407407407407
6 0.68151041666667 0.58935185185185 0.0296875 0.047222222222222
6 0.68229166666667 0.54259259259259 0.033333333333333 0.053703703703704
6 0.5296875 0.71157407407407 0.013541666666667 0.021296296296296
6 0.4875 0.46018518518519 0.029166666666667 0.05
6 0.42916666666667 0.43611111111111 0.032291666666667 0.053703703703704
6 0.72005208333333 0.57592592592593 0.027604166666667 0.044444444444444
6 0.434375 0.61527777777778 0.023958333333333 0.039814814814815
6 0.3796875 0.55925925925926 0.025 0.040740740740741
6 0.57239583333333 0.54305555555556 0.028125 0.047222222222222
6 0.4953125 0.54074074074074 0.026041666666667 0.044444444444444
6 0.38229166666667 0.40833333333333 0.03125 0.053703703703704
6 0.3140625 0.51898148148148 0.025 0.043518518518519
6 0.63828125 0.49305555555556 0.033854166666667 0.058333333333333
6 0.52005208333333 0.35185185185185 0.038020833333333 0.064814814814815
6 0.44244791666667 0.53333333333333 0.025520833333333 0.044444444444444
6 0.45677083333333 0.40416666666667 0.033333333333333 0.05462962962963
6 0.471875 0.56296296296296 0.027083333333333 0.046296296296296
6 0.76510416666667 0.60787037037037 0.028125 0.041666666666667
6 0.53854166666667 0.5037037037037 0.028125 0.05
6 0.82942708333333 0.62083333333333 0.0296875 0.04537037037037
6 0.71953125 0.57592592592593 0.028645833333333 0.046296296296296
6 0.56432291666667 0.71296296296296 0.016145833333333 0.025925925925926
6 0.409375 0.59351851851852 0.025 0.040740740740741
6 0.44635416666667 0.5787037037037 0.022916666666667 0.038888888888889
6 0.50859375 0.63472222222222 0.0203125 0.032407407407407
6 0.45677083333333 0.40555555555556 0.034375 0.059259259259259
6 0.64192708333333 0.56203703703704 0.0265625 0.044444444444444
6 0.48072916666667 0.38611111111111 0.03125 0.051851851851852
6 0.49557291666667 0.53981481481481 0.025520833333333 0.042592592592593
6 0.41510416666667 0.38148148148148 0.033333333333333 0.053703703703704
6 0.48307291666667 0.67685185185185 0.0203125 0.033333333333333
6 0.44270833333333 0.34907407407407 0.035416666666667 0.059259259259259
6 0.41536458333333 0.38148148148148 0.033854166666667 0.059259259259259
6 0.60833333333333 0.525 0.029166666666667 0.05
6 0.39869791666667 0.47592592592593 0.027604166666667 0.046296296296296
6 0.47526041666667 0.60694444444444 0.022395833333333 0.036111111111111
6 0.50625 0.58611111111111 0.027083333333333 0.044444444444444
6 0.48776041666667 0.46157407407407 0.028645833333333 0.049074074074074
6 0.60234375 0.45 0.030729166666667 0.055555555555556
6 0.46067708333333 0.61666666666667 0.022395833333333 0.035185185185185
6 0.39817708333333 0.56388888888889 0.024479166666667 0.040740740740741
6 0.52942708333333 0.71203703703704 0.013020833333333 0.02037037037037
6 0.3984375 0.47638888888889 0.027083333333333 0.04537037037037
6 0.32291666666667 0.51388888888889 0.032291666666667 0.046296296296296
6 0.53802083333333 0.57037037037037 0.026041666666667 0.044444444444444
6 0.44635416666667 0.57824074074074 0.022916666666667 0.039814814814815
6 0.53854166666667 0.56944444444444 0.026041666666667 0.042592592592593
6 0.31328125 0.51990740740741 0.0234375 0.039814814814815
6 0.48072916666667 0.38611111111111 0.03125 0.055555555555556
6 0.52786458333333 0.41481481481481 0.0359375 0.059259259259259
6 0.51979166666667 0.35324074074074 0.040625 0.069444444444444
6 0.56171875 0.45925925925926 0.028645833333333 0.05
6 0.6390625 0.49212962962963 0.034375 0.056481481481481
6 0.68203125 0.54351851851852 0.034895833333333 0.051851851851852
6 0.56145833333333 0.4587962962963 0.030208333333333 0.050925925925926
6 0.58489583333333 0.64212962962963 0.019791666666667 0.032407407407407
6 0.60833333333333 0.525 0.028125 0.046296296296296
6 0.38385416666667 0.50231481481481 0.025 0.041666666666667
6 0.3796875 0.5587962962963 0.023958333333333 0.039814814814815
6 0.5640625 0.71342592592593 0.017708333333333 0.028703703703704
6 0.36041666666667 0.43518518518519 0.029166666666667 0.05
6 0.47734375 0.75972222222222 0.019270833333333 0.030555555555556
6 0.44244791666667 0.34814814814815 0.033854166666667 0.055555555555556
6 0.62109375 0.69305555555556 0.018229166666667 0.028703703703704
6 0.68098958333333 0.58888888888889 0.028645833333333 0.042592592592593
6 0.60260416666667 0.67222222222222 0.01875 0.02962962962963
6 0.47526041666667 0.60787037037037 0.0234375 0.039814814814815
6 0.34609375 0.47731481481481 0.027604166666667 0.04537037037037
6 0.36692708333333 0.52546296296296 0.024479166666667 0.041666666666667
6 0.46588541666667 0.49305555555556 0.027604166666667 0.049074074074074
6 0.64166666666667 0.56064814814815 0.027083333333333 0.043518518518519
6 0.57239583333333 0.58009259259259 0.026041666666667 0.041666666666667
6 0.54973958333333 0.60833333333333 0.0234375 0.037037037037037
6 0.53854166666667 0.50416666666667 0.028125 0.047222222222222
6 0.471875 0.5625 0.027083333333333 0.043518518518519
6 0.40963541666667 0.59305555555556 0.0234375 0.039814814814815
6 0.43515625 0.6162037037037 0.022395833333333 0.037962962962963
6 0.38255208333333 0.40787037037037 0.031770833333333 0.050925925925926
6 0.66145833333333 0.87777777777778 0.029166666666667 0.038888888888889
6 0.44296875 0.6337962962963 0.019270833333333 0.032407407407407
6 0.83020833333333 0.62037037037037 0.027083333333333 0.040740740740741
6 0.61015625 0.57777777777778 0.025520833333333 0.042592592592593
6 0.46588541666667 0.49351851851852 0.0265625 0.046296296296296
6 0.57317708333333 0.38935185185185 0.034895833333333 0.056481481481481
6 0.76536458333333 0.60694444444444 0.028645833333333 0.041666666666667
6 0.41458333333333 0.54537037037037 0.025 0.042592592592593
6 0.69765625 0.64583333333333 0.0265625 0.039814814814815
6 0.528125 0.41527777777778 0.033333333333333 0.05462962962963
6 0.44192708333333 0.53333333333333 0.024479166666667 0.040740740740741
6 0.40703125 0.55231481481481 0.028645833333333 0.050925925925926
6 0.3328125 0.50555555555556 0.026041666666667 0.044444444444444