5 0.65520833333333 0.43564814814815 0.18125 0.16944444444444
5 0.37786458333333 0.28518518518519 0.1390625 0.11851851851852
6 0.5671875 0.68009259259259 0.064583333333333 0.063888888888889
6 0.60078125 0.83148148148148 0.055729166666667 0.055555555555556
6 0.36953125 0.38472222222222 0.0484375 0.043518518518519
6 0.30026041666667 0.78657407407407 0.0453125 0.04537037037037
6 0.58619791666667 0.62546296296296 0.044270833333333 0.041666666666667
6 0.070572916666667 0.66666666666667 0.041145833333333 0.040740740740741
6 0.65130208333333 0.61064814814815 0.034895833333333 0.037962962962963
6 0.29869791666667 0.96388888888889 0.036979166666667 0.035185185185185
6 0.24166666666667 0.46851851851852 0.033333333333333 0.037037037037037
6 0.28828125 0.57175925925926 0.0359375 0.034259259259259
6 0.13567708333333 0.48240740740741 0.031770833333333 0.031481481481481
6 0.33515625 0.41157407407407 0.027604166666667 0.026851851851852