6 0.50338541666667 0.20925925925926 0.038020833333333 0.048148148148148
6 0.46614583333333 0.28287037037037 0.0375 0.04537037037037
6 0.44270833333333 0.46666666666667 0.034375 0.040740740740741
6 0.41067708333333 0.3712962962963 0.038020833333333 0.042592592592593
6 0.453125 0.39953703703704 0.033333333333333 0.043518518518519
6 0.47838541666667 0.17592592592593 0.0328125 0.038888888888889
6 0.41197916666667 0.55601851851852 0.032291666666667 0.047222222222222
6 0.37135416666667 0.40925925925926 0.03125 0.040740740740741
6 0.51692708333333 0.38055555555556 0.027604166666667 0.037037037037037
6 0.49661458333333 0.6375 0.0296875 0.039814814814815
6 0.40729166666667 0.69351851851852 0.030208333333333 0.035185185185185
6 0.46067708333333 0.21296296296296 0.028645833333333 0.035185185185185
6 0.54765625 0.48194444444444 0.027604166666667 0.039814814814815
6 0.57864583333333 0.275 0.028125 0.037037037037037
6 0.44583333333333 0.13009259259259 0.025 0.039814814814815
6 0.490625 0.39768518518519 0.027083333333333 0.036111111111111
6 0.45520833333333 0.67314814814815 0.026041666666667 0.037037037037037
6 0.44348958333333 0.31666666666667 0.027604166666667 0.035185185185185
6 0.50390625 0.75185185185185 0.027604166666667 0.035185185185185
6 0.43828125 0.60324074074074 0.025520833333333 0.037962962962963
6 0.54244791666667 0.27083333333333 0.0265625 0.036111111111111
6 0.4625 0.34305555555556 0.026041666666667 0.034259259259259
6 0.42135416666667 0.44907407407407 0.028125 0.033333333333333
6 0.38411458333333 0.25601851851852 0.022395833333333 0.039814814814815
6 0.45078125 0.98009259259259 0.0265625 0.036111111111111
6 0.52682291666667 0.31944444444444 0.025520833333333 0.035185185185185
6 0.41588541666667 0.19907407407407 0.024479166666667 0.035185185185185
6 0.48515625 0.18287037037037 0.0265625 0.032407407407407
6 0.41276041666667 0.26157407407407 0.0265625 0.032407407407407
6 0.45364583333333 0.56805555555556 0.022916666666667 0.036111111111111
6 0.45208333333333 0.74027777777778 0.023958333333333 0.034259259259259
6 0.44453125 0.26157407407407 0.025520833333333 0.032407407407407
6 0.36354166666667 0.36990740740741 0.025 0.032407407407407
6 0.47395833333333 0.46898148148148 0.025 0.032407407407407
6 0.43619791666667 0.53657407407407 0.024479166666667 0.032407407407407
6 0.4359375 0.85694444444444 0.025 0.032407407407407
6 0.49427083333333 0.475 0.025 0.031481481481481
6 0.4796875 0.24212962962963 0.025 0.032407407407407
6 0.44609375 0.18518518518519 0.025520833333333 0.031481481481481
6 0.44244791666667 0.11944444444444 0.0234375 0.033333333333333
6 0.41901041666667 0.20972222222222 0.025520833333333 0.030555555555556
6 0.52317708333333 0.2412037037037 0.022395833333333 0.034259259259259
6 0.41041666666667 0.44583333333333 0.025 0.030555555555556
6 0.47161458333333 0.16898148148148 0.025520833333333 0.030555555555556
6 0.48567708333333 0.72777777777778 0.024479166666667 0.031481481481481
6 0.503125 0.41990740740741 0.023958333333333 0.030555555555556
6 0.39661458333333 0.30231481481481 0.0234375 0.032407407407407
6 0.39088541666667 0.60324074074074 0.0234375 0.030555555555556
6 0.42578125 0.92638888888889 0.0234375 0.030555555555556
6 0.5125 0.28055555555556 0.023958333333333 0.02962962962963
6 0.41744791666667 0.14166666666667 0.022395833333333 0.031481481481481
6 0.4203125 0.38101851851852 0.022916666666667 0.030555555555556
6 0.42161458333333 0.41481481481481 0.0234375 0.02962962962963
6 0.48541666666667 0.31805555555556 0.023958333333333 0.028703703703704
6 0.41484375 0.60462962962963 0.022395833333333 0.02962962962963
6 0.440625 0.50833333333333 0.020833333333333 0.031481481481481
6 0.43151041666667 0.2375 0.022395833333333 0.030555555555556
6 0.3859375 0.49305555555556 0.022916666666667 0.028703703703704
6 0.48697916666667 0.9462962962963 0.021875 0.02962962962963
6 0.42526041666667 0.5162037037037 0.021354166666667 0.028703703703704
6 0.3890625 0.96296296296296 0.021875 0.02962962962963
6 0.49505208333333 0.26296296296296 0.022395833333333 0.027777777777778
6 0.38333333333333 0.80416666666667 0.020833333333333 0.028703703703704
6 0.43046875 0.29490740740741 0.022395833333333 0.026851851851852
6 0.4046875 0.1837962962963 0.021875 0.026851851851852
6 0.42005208333333 0.26944444444444 0.022395833333333 0.025925925925926
6 0.42786458333333 0.10694444444444 0.021354166666667 0.026851851851852
6 0.43255208333333 0.35138888888889 0.021354166666667 0.026851851851852
6 0.45286458333333 0.14212962962963 0.021354166666667 0.026851851851852
6 0.37083333333333 0.74444444444444 0.021875 0.025925925925926
6 0.39921875 0.21388888888889 0.021354166666667 0.025925925925926
6 0.36953125 0.31527777777778 0.0203125 0.026851851851852
6 0.38723958333333 0.24675925925926 0.0203125 0.026851851851852
6 0.34296875 0.58842592592593 0.021354166666667 0.025
6 0.40859375 0.49490740740741 0.0203125 0.026851851851852
6 0.71041666666667 0.70324074074074 0.020833333333333 0.025
6 0.69505208333333 0.67546296296296 0.0203125 0.025
6 0.37786458333333 0.27175925925926 0.0203125 0.025
6 0.4296875 0.17175925925926 0.019791666666667 0.025
6 0.609375 0.3212962962963 0.0125 0.014814814814815
6 0.35338541666667 0.48888888888889 0.0203125 0.024074074074074