6 0.55859375 0.75277777777778 0.0328125 0.059259259259259
6 0.5515625 0.60648148148148 0.033333333333333 0.059259259259259
6 0.34140625 0.69074074074074 0.0359375 0.062962962962963
6 0.4234375 0.86666666666667 0.032291666666667 0.059259259259259
6 0.45494791666667 0.69305555555556 0.031770833333333 0.058333333333333
6 0.45416666666667 0.55231481481481 0.0375 0.069444444444444
6 0.45963541666667 0.42361111111111 0.036979166666667 0.069444444444444
6 0.58723958333333 0.52083333333333 0.033854166666667 0.060185185185185
6 0.34635416666667 0.8212962962963 0.033333333333333 0.059259259259259
6 0.37135416666667 0.99074074074074 0.021875 0.018518518518519
6 0.49557291666667 0.36064814814815 0.038020833333333 0.071296296296296
6 0.41588541666667 0.78657407407407 0.0328125 0.058333333333333
6 0.62734375 0.69398148148148 0.030729166666667 0.05462962962963
6 0.58776041666667 0.65138888888889 0.031770833333333 0.056481481481481
6 0.68567708333333 0.675 0.030729166666667 0.053703703703704
6 0.36822916666667 0.88287037037037 0.034375 0.060185185185185
6 0.45963541666667 0.94166666666667 0.0328125 0.055555555555556
6 0.62317708333333 0.92407407407407 0.030729166666667 0.05
6 0.41770833333333 0.6087962962963 0.0375 0.069444444444444
6 0.47838541666667 0.75694444444444 0.030729166666667 0.056481481481481
6 0.41666666666667 0.58564814814815 0.027083333333333 0.05462962962963
6 0.52890625 0.67453703703704 0.0328125 0.060185185185185
6 0.34114583333333 0.97453703703704 0.033333333333333 0.050925925925926
6 0.559375 0.83935185185185 0.03125 0.052777777777778
6 0.59114583333333 0.95509259259259 0.026041666666667 0.041666666666667
6 0.39479166666667 0.81018518518519 0.033333333333333 0.059259259259259
6 0.52135416666667 0.51203703703704 0.0375 0.068518518518519
6 0.40338541666667 0.94398148148148 0.0359375 0.056481481481481
6 0.36510416666667 0.725 0.036458333333333 0.064814814814815
6 0.3078125 0.9587962962963 0.03125 0.052777777777778
6 0.65963541666667 0.73240740740741 0.0328125 0.057407407407407
6 0.5640625 0.45972222222222 0.032291666666667 0.060185185185185
6 0.60859375 0.93472222222222 0.036979166666667 0.050925925925926
6 0.40598958333333 0.79907407407407 0.043229166666667 0.066666666666667
6 0.2953125 0.77824074074074 0.0375 0.065740740740741
6 0.52526041666667 0.92962962962963 0.033854166666667 0.055555555555556
6 0.66588541666667 0.79675925925926 0.030729166666667 0.052777777777778
6 0.65 0.82777777777778 0.039583333333333 0.066666666666667
6 0.52057291666667 0.80046296296296 0.0328125 0.056481481481481
6 0.42734375 0.5125 0.038020833333333 0.069444444444444
6 0.65520833333333 0.64074074074074 0.035416666666667 0.064814814814815
6 0.52473958333333 0.40462962962963 0.041145833333333 0.077777777777778
6 0.596875 0.75185185185185 0.033333333333333 0.057407407407407
6 0.71145833333333 0.74444444444444 0.03125 0.051851851851852
6 0.45026041666667 0.81574074074074 0.033854166666667 0.061111111111111
6 0.2703125 0.86851851851852 0.038541666666667 0.064814814814815
6 0.48880208333333 0.47546296296296 0.033854166666667 0.063888888888889
6 0.35911458333333 0.61064814814815 0.033854166666667 0.062037037037037
6 0.39348958333333 0.6712962962963 0.0359375 0.066666666666667
6 0.61927083333333 0.57314814814815 0.034375 0.061111111111111
6 0.39713541666667 0.54953703703704 0.0328125 0.063888888888889
6 0.6578125 0.84398148148148 0.035416666666667 0.058333333333333
6 0.48697916666667 0.8712962962963 0.035416666666667 0.059259259259259
6 0.48229166666667 0.60277777777778 0.034375 0.062962962962963