6 0.32838541666667 0.55046296296296 0.030729166666667 0.058333333333333
6 0.54583333333333 0.38425925925926 0.045833333333333 0.083333333333333
6 0.25833333333333 0.64490740740741 0.032291666666667 0.056481481481481
6 0.54088541666667 0.53472222222222 0.038020833333333 0.067592592592593
6 0.22135416666667 0.51944444444444 0.033333333333333 0.057407407407407
6 0.2578125 0.2537037037037 0.042708333333333 0.074074074074074
6 0.25833333333333 0.58240740740741 0.03125 0.053703703703704
6 0.30963541666667 0.58472222222222 0.031770833333333 0.056481481481481
6 0.23072916666667 0.38472222222222 0.038541666666667 0.063888888888889
6 0.340625 0.46527777777778 0.038541666666667 0.069444444444444
6 0.30963541666667 0.63240740740741 0.040104166666667 0.068518518518519
6 0.21171875 0.45138888888889 0.036979166666667 0.063888888888889
6 0.64895833333333 0.46157407407407 0.059375 0.10277777777778
6 0.3765625 0.24490740740741 0.048958333333333 0.084259259259259
6 0.34088541666667 0.64166666666667 0.027604166666667 0.046296296296296
6 0.44192708333333 0.73703703703704 0.027604166666667 0.046296296296296
6 0.42578125 0.58703703703704 0.0359375 0.062962962962963
6 0.41614583333333 0.36666666666667 0.042708333333333 0.075925925925926
6 0.42786458333333 0.30462962962963 0.043229166666667 0.07037037037037
6 0.28723958333333 0.44537037037037 0.041145833333333 0.07037037037037
6 0.41588541666667 0.45416666666667 0.040104166666667 0.073148148148148
6 0.53046875 0.57222222222222 0.031770833333333 0.053703703703704
6 0.27265625 0.17268518518519 0.050520833333333 0.089814814814815
6 0.60651041666667 0.7162037037037 0.033854166666667 0.05462962962963
6 0.3578125 0.59583333333333 0.028125 0.049074074074074
6 0.32630208333333 0.20046296296296 0.0546875 0.09537037037037
6 0.34739583333333 0.40138888888889 0.04375 0.076851851851852
6 0.284375 0.4962962962963 0.034375 0.061111111111111
6 0.56640625 0.47175925925926 0.0421875 0.075
6 0.46927083333333 0.60972222222222 0.0375 0.062037037037037
6 0.21119791666667 0.59444444444444 0.034895833333333 0.057407407407407
6 0.44635416666667 0.66111111111111 0.029166666666667 0.051851851851852
6 0.64583333333333 0.84166666666667 0.017708333333333 0.027777777777778
6 0.51145833333333 0.42916666666667 0.036458333333333 0.063888888888889
6 0.40338541666667 0.62083333333333 0.030729166666667 0.052777777777778
6 0.37369791666667 0.54768518518519 0.034895833333333 0.060185185185185
6 0.29869791666667 0.36111111111111 0.044270833333333 0.077777777777778
6 0.46067708333333 0.47916666666667 0.038020833333333 0.065740740740741
6 0.25807291666667 0.35462962962963 0.0453125 0.07962962962963
6 0.209375 0.56296296296296 0.033333333333333 0.059259259259259
6 0.39375 0.51574074074074 0.0375 0.066666666666667
6 0.51640625 0.62314814814815 0.030729166666667 0.053703703703704
6 0.365625 0.32685185185185 0.04375 0.074074074074074
6 0.52708333333333 0.27546296296296 0.025 0.041666666666667
6 0.49973958333333 0.51481481481481 0.036979166666667 0.064814814814815
6 0.30442708333333 0.27222222222222 0.0453125 0.07962962962963
6 0.38854166666667 0.64814814814815 0.030208333333333 0.051851851851852
6 0.49010416666667 0.55787037037037 0.0375 0.065740740740741
6 0.26458333333333 0.53796296296296 0.036458333333333 0.062962962962963
6 0.34609375 0.68472222222222 0.033854166666667 0.056481481481481
6 0.47708333333333 0.41111111111111 0.042708333333333 0.072222222222222
6 0.4484375 0.55092592592593 0.034375 0.061111111111111
6 0.59557291666667 0.41296296296296 0.038020833333333 0.068518518518519
6 0.51536458333333 0.70972222222222 0.030729166666667 0.049074074074074
6 0.59583333333333 0.55555555555556 0.034375 0.061111111111111
6 0.4984375 0.93703703703704 0.022916666666667 0.033333333333333
6 0.48697916666667 0.33842592592593 0.045833333333333 0.078703703703704