6 0.4265625 0.23981481481481 0.023958333333333 0.042592592592593
6 0.42083333333333 0.40601851851852 0.019791666666667 0.036111111111111
6 0.41510416666667 0.50092592592593 0.019791666666667 0.037037037037037
6 0.35651041666667 0.57453703703704 0.024479166666667 0.043518518518519
6 0.36614583333333 0.18518518518519 0.016666666666667 0.027777777777778
6 0.33671875 0.43703703703704 0.018229166666667 0.031481481481481
6 0.30338541666667 0.46759259259259 0.018229166666667 0.033333333333333
6 0.37838541666667 0.21018518518519 0.018229166666667 0.02962962962963
6 0.45651041666667 0.56018518518519 0.022395833333333 0.038888888888889
6 0.43046875 0.19027777777778 0.0234375 0.037962962962963
6 0.47916666666667 0.30509259259259 0.020833333333333 0.034259259259259
6 0.31276041666667 0.67453703703704 0.018229166666667 0.032407407407407
6 0.3359375 0.5537037037037 0.017708333333333 0.031481481481481
6 0.40234375 0.1875 0.018229166666667 0.028703703703704
6 0.4484375 0.42638888888889 0.020833333333333 0.037962962962963
6 0.30677083333333 0.98472222222222 0.01875 0.030555555555556
6 0.31979166666667 0.78101851851852 0.017708333333333 0.030555555555556
6 0.36848958333333 0.50185185185185 0.024479166666667 0.042592592592593
6 0.40859375 0.21712962962963 0.0203125 0.032407407407407
6 0.34921875 0.75462962962963 0.0203125 0.035185185185185
6 0.46380208333333 0.25509259259259 0.0171875 0.030555555555556
6 0.34088541666667 0.34212962962963 0.019270833333333 0.034259259259259
6 0.39375 0.81990740740741 0.017708333333333 0.032407407407407
6 0.44973958333333 0.34212962962963 0.021354166666667 0.037962962962963
6 0.35911458333333 0.68425925925926 0.015104166666667 0.027777777777778
6 0.634375 0.78935185185185 0.019791666666667 0.034259259259259
6 0.42369791666667 0.47083333333333 0.016145833333333 0.028703703703704
6 0.34713541666667 0.26064814814815 0.018229166666667 0.032407407407407
6 0.30442708333333 0.81435185185185 0.0171875 0.030555555555556
6 0.43619791666667 0.27083333333333 0.0203125 0.034259259259259
6 0.38489583333333 0.43148148148148 0.017708333333333 0.031481481481481
6 0.61510416666667 0.75648148148148 0.016666666666667 0.02962962962963
6 0.38020833333333 0.22222222222222 0.01875 0.042592592592593
6 0.36484375 0.40277777777778 0.0203125 0.038888888888889
6 0.42291666666667 0.18240740740741 0.023958333333333 0.038888888888889
6 0.34401041666667 0.4712962962963 0.0171875 0.031481481481481
6 0.25338541666667 0.64537037037037 0.015104166666667 0.027777777777778
6 0.39010416666667 0.45324074074074 0.017708333333333 0.032407407407407
6 0.44765625 0.21435185185185 0.0265625 0.037962962962963
6 0.41015625 0.70787037037037 0.0203125 0.036111111111111
6 0.38854166666667 0.31990740740741 0.019791666666667 0.034259259259259
6 0.2671875 0.91944444444444 0.020833333333333 0.038888888888889
6 0.41145833333333 0.28472222222222 0.023958333333333 0.037962962962963
6 0.36640625 0.38842592592593 0.019270833333333 0.036111111111111
6 0.42135416666667 0.33518518518519 0.01875 0.035185185185185
6 0.39296875 0.38703703703704 0.024479166666667 0.042592592592593
6 0.45286458333333 0.2212962962963 0.0203125 0.033333333333333
6 0.24609375 0.75092592592593 0.015104166666667 0.027777777777778
6 0.38307291666667 0.23240740740741 0.018229166666667 0.02962962962963
6 0.38880208333333 0.17314814814815 0.018229166666667 0.027777777777778
6 0.39583333333333 0.53703703703704 0.017708333333333 0.031481481481481
6 0.37734375 0.28703703703704 0.019270833333333 0.035185185185185
6 0.33697916666667 0.30462962962963 0.016666666666667 0.027777777777778
6 0.40052083333333 0.12175925925926 0.022916666666667 0.034259259259259
6 0.39453125 0.11481481481481 0.018229166666667 0.02962962962963
6 0.40260416666667 0.34351851851852 0.01875 0.033333333333333
6 0.38177083333333 0.14490740740741 0.017708333333333 0.028703703703704
6 0.33958333333333 0.64768518518519 0.017708333333333 0.032407407407407
6 0.40911458333333 0.14398148148148 0.021354166666667 0.034259259259259
6 0.35338541666667 0.51018518518519 0.0171875 0.031481481481481
6 0.45260416666667 0.29537037037037 0.019791666666667 0.033333333333333
6 0.50911458333333 0.30787037037037 0.019270833333333 0.032407407407407
6 0.35859375 0.22037037037037 0.018229166666667 0.02962962962963
6 0.36640625 0.26018518518519 0.0203125 0.035185185185185
6 0.44166666666667 0.20787037037037 0.019791666666667 0.032407407407407
6 0.30546875 0.57268518518519 0.0171875 0.030555555555556
6 0.29973958333333 0.49583333333333 0.019270833333333 0.034259259259259
6 0.34296875 0.84722222222222 0.018229166666667 0.031481481481481
6 0.36927083333333 0.76064814814815 0.016666666666667 0.028703703703704
6 0.315625 0.3625 0.015625 0.026851851851852
6 0.40494791666667 0.78472222222222 0.019270833333333 0.034259259259259
6 0.36119791666667 0.46666666666667 0.0171875 0.031481481481481
6 0.36822916666667 0.61944444444444 0.023958333333333 0.048148148148148
6 0.33255208333333 0.61064814814815 0.024479166666667 0.047222222222222
6 0.39479166666667 0.25925925925926 0.019791666666667 0.033333333333333