6 0.51223958333333 0.91111111111111 0.052604166666667 0.068518518518519
6 0.35260416666667 0.40185185185185 0.029166666666667 0.038888888888889
5 0.74973958333333 0.49814814814815 0.22447916666667 0.17592592592593
6 0.28828125 0.70509259259259 0.033854166666667 0.049074074074074
6 0.38046875 0.34398148148148 0.025520833333333 0.039814814814815
6 0.71822916666667 0.58148148148148 0.035416666666667 0.042592592592593
6 0.024739583333333 0.71851851851852 0.0265625 0.038888888888889
5 0.40286458333333 0.1337962962963 0.1546875 0.11574074074074
6 0.38125 0.3912037037037 0.029166666666667 0.050925925925926
6 0.39869791666667 0.35185185185185 0.0265625 0.046296296296296
6 0.39401041666667 0.20925925925926 0.022395833333333 0.031481481481481
6 0.70885416666667 0.70185185185185 0.020833333333333 0.055555555555556
6 0.62734375 0.77268518518519 0.0421875 0.062037037037037
6 0.37161458333333 0.29027777777778 0.0265625 0.037962962962963
6 0.3046875 0.58194444444444 0.030208333333333 0.047222222222222
6 0.66692708333333 0.79351851851852 0.0421875 0.059259259259259
6 0.3328125 0.425 0.026041666666667 0.027777777777778
6 0.15572916666667 0.54305555555556 0.036458333333333 0.043518518518519