6 0.61666666666667 0.68333333333333 0.038541666666667 0.057407407407407
6 0.30494791666667 0.67546296296296 0.033854166666667 0.052777777777778
6 0.49869791666667 0.54722222222222 0.038020833333333 0.064814814814815
6 0.70651041666667 0.59166666666667 0.0328125 0.053703703703704
6 0.24322916666667 0.49537037037037 0.045833333333333 0.085185185185185
6 0.31744791666667 0.19537037037037 0.0546875 0.088888888888889
6 0.50833333333333 0.25185185185185 0.048958333333333 0.081481481481481
6 0.23177083333333 0.62777777777778 0.033333333333333 0.055555555555556
6 0.33411458333333 0.62592592592593 0.0328125 0.053703703703704
6 0.57447916666667 0.75277777777778 0.030208333333333 0.044444444444444
6 0.62265625 0.5587962962963 0.038020833333333 0.063888888888889
6 0.59947916666667 0.4625 0.044791666666667 0.076851851851852
6 0.57864583333333 0.7125 0.03125 0.047222222222222
6 0.57864583333333 0.57037037037037 0.0375 0.062962962962963
6 0.40572916666667 0.68657407407407 0.028125 0.043518518518519
6 0.73567708333333 0.67083333333333 0.033854166666667 0.056481481481481
6 0.29661458333333 0.50416666666667 0.038020833333333 0.065740740740741
6 0.44453125 0.69861111111111 0.031770833333333 0.047222222222222
6 0.30442708333333 0.31203703703704 0.043229166666667 0.07037037037037
6 0.53802083333333 0.62222222222222 0.035416666666667 0.057407407407407
6 0.51666666666667 0.85972222222222 0.029166666666667 0.04537037037037
6 0.47838541666667 0.58194444444444 0.034895833333333 0.058333333333333
6 0.56692708333333 0.81111111111111 0.0265625 0.038888888888889
6 0.38463541666667 0.58009259259259 0.036979166666667 0.060185185185185
6 0.38229166666667 0.60787037037037 0.039583333333333 0.062037037037037
6 0.65208333333333 0.73888888888889 0.032291666666667 0.048148148148148
6 0.40651041666667 0.64675925925926 0.043229166666667 0.075
6 0.24947916666667 0.67685185185185 0.029166666666667 0.048148148148148
6 0.59557291666667 0.79722222222222 0.031770833333333 0.05
6 0.50130208333333 0.72314814814815 0.0359375 0.051851851851852
6 0.74140625 0.59074074074074 0.043229166666667 0.072222222222222
6 0.35729166666667 0.4412037037037 0.029166666666667 0.05462962962963
6 0.28072916666667 0.59953703703704 0.035416666666667 0.058333333333333
6 0.35859375 0.72453703703704 0.028645833333333 0.04537037037037
6 0.60234375 0.77685185185185 0.0359375 0.07037037037037
6 0.28541666666667 0.54675925925926 0.03125 0.052777777777778
6 0.48333333333333 0.42731481481481 0.040625 0.069444444444444
6 0.28203125 0.68194444444444 0.027604166666667 0.047222222222222
6 0.51640625 0.64953703703704 0.038020833333333 0.058333333333333
6 0.66822916666667 0.46574074074074 0.040625 0.066666666666667
6 0.62421875 0.62638888888889 0.0328125 0.052777777777778
6 0.4359375 0.75416666666667 0.029166666666667 0.04537037037037
6 0.46171875 0.2212962962963 0.053645833333333 0.085185185185185
6 0.48151041666667 0.79768518518519 0.0296875 0.04537037037037
6 0.24817708333333 0.30833333333333 0.046354166666667 0.077777777777778
6 0.56458333333333 0.30694444444444 0.048958333333333 0.082407407407407
6 0.3875 0.7412037037037 0.030208333333333 0.047222222222222
6 0.6109375 0.75555555555556 0.03125 0.048148148148148
6 0.24713541666667 0.20092592592593 0.047395833333333 0.077777777777778
6 0.46588541666667 0.64861111111111 0.038020833333333 0.063888888888889
6 0.540625 0.39351851851852 0.041666666666667 0.07037037037037
6 0.38671875 0.31851851851852 0.041145833333333 0.066666666666667
6 0.36979166666667 0.64259259259259 0.028125 0.046296296296296
6 0.61171875 0.33796296296296 0.041145833333333 0.068518518518519
6 0.24869791666667 0.3837962962963 0.038020833333333 0.060185185185185
6 0.43802083333333 0.57175925925926 0.034375 0.056481481481481
6 0.25104166666667 0.44166666666667 0.034375 0.059259259259259
6 0.68229166666667 0.70092592592593 0.036458333333333 0.055555555555556
6 0.82838541666667 0.40555555555556 0.0421875 0.07037037037037
6 0.709375 0.37962962962963 0.046875 0.07962962962963
6 0.76822916666667 0.50046296296296 0.042708333333333 0.069444444444444
6 0.359375 0.53055555555556 0.054166666666667 0.087037037037037
6 0.36015625 0.68472222222222 0.031770833333333 0.049074074074074
6 0.4203125 0.42685185185185 0.040625 0.068518518518519
6 0.48828125 0.73009259259259 0.025520833333333 0.039814814814815
6 0.31796875 0.72638888888889 0.028645833333333 0.04537037037037
6 0.38489583333333 0.21018518518519 0.045833333333333 0.075925925925926
6 0.30390625 0.3962962962963 0.043229166666667 0.072222222222222
6 0.49322916666667 0.34305555555556 0.045833333333333 0.076851851851852
6 0.24296875 0.56388888888889 0.0359375 0.057407407407407
6 0.39609375 0.48611111111111 0.0390625 0.068518518518519
6 0.315625 0.66527777777778 0.0375 0.058333333333333
6 0.33645833333333 0.40740740740741 0.034375 0.055555555555556
6 0.44010416666667 0.50972222222222 0.036458333333333 0.062037037037037
6 0.43567708333333 0.32314814814815 0.044270833333333 0.074074074074074
6 0.62578125 0.8712962962963 0.025520833333333 0.038888888888889
6 0.52786458333333 0.48888888888889 0.033854166666667 0.061111111111111