6 0.528125 0.92037037037037 0.014583333333333 0.022222222222222
14 0.48020833333333 0.31759259259259 0.045833333333333 0.087037037037037
5 0.4453125 0.60740740740741 0.125 0.092592592592593
6 0.51458333333333 0.83564814814815 0.014583333333333 0.023148148148148
14 0.2890625 0.24537037037037 0.23854166666667 0.48333333333333
6 0.47005208333333 0.73333333333333 0.015104166666667 0.025925925925926
6 0.46640625 0.75787037037037 0.013020833333333 0.023148148148148
6 0.47760416666667 0.68287037037037 0.01875 0.030555555555556
6 0.49322916666667 0.80509259259259 0.015625 0.023148148148148
14 0.59661458333333 0.061111111111111 0.074479166666667 0.096296296296296
14 0.45390625 0.059259259259259 0.052604166666667 0.090740740740741
14 0.46953125 0.20787037037037 0.0578125 0.10277777777778